ax1-or-sg_mean,ax1-or-sg_std,ax1-or-sg_var,ax1-or-sg_skew,ax1-or-sg_kur,ax1-or-sg_max,ax1-or-sg_min,ax1-or-sg_mad,ax1-or-sg_iqr,ax1-or-sg_rms,ax1-or-sg_n5,ax1-or-sg_n25,ax1-or-sg_n50,ax1-or-sg_n75,ax1-or-sg_n95,ax1-wa-sg_mean,ax1-wa-sg_std,ax1-wa-sg_var,ax1-wa-sg_skew,ax1-wa-sg_kur,ax1-wa-sg_max,ax1-wa-sg_min,ax1-wa-sg_mad,ax1-wa-sg_iqr,ax1-wa-sg_rms,ax1-wa-sg_n5,ax1-wa-sg_n25,ax1-wa-sg_n50,ax1-wa-sg_n75,ax1-wa-sg_n95,ax1-wd-sg_mean,ax1-wd-sg_std,ax1-wd-sg_var,ax1-wd-sg_skew,ax1-wd-sg_kur,ax1-wd-sg_max,ax1-wd-sg_min,ax1-wd-sg_mad,ax1-wd-sg_iqr,ax1-wd-sg_rms,ax1-wd-sg_n5,ax1-wd-sg_n25,ax1-wd-sg_n50,ax1-wd-sg_n75,ax1-wd-sg_n95,ax1-waa-sg_mean,ax1-waa-sg_std,ax1-waa-sg_var,ax1-waa-sg_skew,ax1-waa-sg_kur,ax1-waa-sg_max,ax1-waa-sg_min,ax1-waa-sg_mad,ax1-waa-sg_iqr,ax1-waa-sg_rms,ax1-waa-sg_n5,ax1-waa-sg_n25,ax1-waa-sg_n50,ax1-waa-sg_n75,ax1-waa-sg_n95,ax1-wad-sg_mean,ax1-wad-sg_std,ax1-wad-sg_var,ax1-wad-sg_skew,ax1-wad-sg_kur,ax1-wad-sg_max,ax1-wad-sg_min,ax1-wad-sg_mad,ax1-wad-sg_iqr,ax1-wad-sg_rms,ax1-wad-sg_n5,ax1-wad-sg_n25,ax1-wad-sg_n50,ax1-wad-sg_n75,ax1-wad-sg_n95,ax1-wda-sg_mean,ax1-wda-sg_std,ax1-wda-sg_var,ax1-wda-sg_skew,ax1-wda-sg_kur,ax1-wda-sg_max,ax1-wda-sg_min,ax1-wda-sg_mad,ax1-wda-sg_iqr,ax1-wda-sg_rms,ax1-wda-sg_n5,ax1-wda-sg_n25,ax1-wda-sg_n50,ax1-wda-sg_n75,ax1-wda-sg_n95,ax1-wdd-sg_mean,ax1-wdd-sg_std,ax1-wdd-sg_var,ax1-wdd-sg_skew,ax1-wdd-sg_kur,ax1-wdd-sg_max,ax1-wdd-sg_min,ax1-wdd-sg_mad,ax1-wdd-sg_iqr,ax1-wdd-sg_rms,ax1-wdd-sg_n5,ax1-wdd-sg_n25,ax1-wdd-sg_n50,ax1-wdd-sg_n75,ax1-wdd-sg_n95,ax2-or-sg_mean,ax2-or-sg_std,ax2-or-sg_var,ax2-or-sg_skew,ax2-or-sg_kur,ax2-or-sg_max,ax2-or-sg_min,ax2-or-sg_mad,ax2-or-sg_iqr,ax2-or-sg_rms,ax2-or-sg_n5,ax2-or-sg_n25,ax2-or-sg_n50,ax2-or-sg_n75,ax2-or-sg_n95,ax2-wa-sg_mean,ax2-wa-sg_std,ax2-wa-sg_var,ax2-wa-sg_skew,ax2-wa-sg_kur,ax2-wa-sg_max,ax2-wa-sg_min,ax2-wa-sg_mad,ax2-wa-sg_iqr,ax2-wa-sg_rms,ax2-wa-sg_n5,ax2-wa-sg_n25,ax2-wa-sg_n50,ax2-wa-sg_n75,ax2-wa-sg_n95,ax2-wd-sg_mean,ax2-wd-sg_std,ax2-wd-sg_var,ax2-wd-sg_skew,ax2-wd-sg_kur,ax2-wd-sg_max,ax2-wd-sg_min,ax2-wd-sg_mad,ax2-wd-sg_iqr,ax2-wd-sg_rms,ax2-wd-sg_n5,ax2-wd-sg_n25,ax2-wd-sg_n50,ax2-wd-sg_n75,ax2-wd-sg_n95,ax2-waa-sg_mean,ax2-waa-sg_std,ax2-waa-sg_var,ax2-waa-sg_skew,ax2-waa-sg_kur,ax2-waa-sg_max,ax2-waa-sg_min,ax2-waa-sg_mad,ax2-waa-sg_iqr,ax2-waa-sg_rms,ax2-waa-sg_n5,ax2-waa-sg_n25,ax2-waa-sg_n50,ax2-waa-sg_n75,ax2-waa-sg_n95,ax2-wad-sg_mean,ax2-wad-sg_std,ax2-wad-sg_var,ax2-wad-sg_skew,ax2-wad-sg_kur,ax2-wad-sg_max,ax2-wad-sg_min,ax2-wad-sg_mad,ax2-wad-sg_iqr,ax2-wad-sg_rms,ax2-wad-sg_n5,ax2-wad-sg_n25,ax2-wad-sg_n50,ax2-wad-sg_n75,ax2-wad-sg_n95,ax2-wda-sg_mean,ax2-wda-sg_std,ax2-wda-sg_var,ax2-wda-sg_skew,ax2-wda-sg_kur,ax2-wda-sg_max,ax2-wda-sg_min,ax2-wda-sg_mad,ax2-wda-sg_iqr,ax2-wda-sg_rms,ax2-wda-sg_n5,ax2-wda-sg_n25,ax2-wda-sg_n50,ax2-wda-sg_n75,ax2-wda-sg_n95,ax2-wdd-sg_mean,ax2-wdd-sg_std,ax2-wdd-sg_var,ax2-wdd-sg_skew,ax2-wdd-sg_kur,ax2-wdd-sg_max,ax2-wdd-sg_min,ax2-wdd-sg_mad,ax2-wdd-sg_iqr,ax2-wdd-sg_rms,ax2-wdd-sg_n5,ax2-wdd-sg_n25,ax2-wdd-sg_n50,ax2-wdd-sg_n75,ax2-wdd-sg_n95,ax3-or-sg_mean,ax3-or-sg_std,ax3-or-sg_var,ax3-or-sg_skew,ax3-or-sg_kur,ax3-or-sg_max,ax3-or-sg_min,ax3-or-sg_mad,ax3-or-sg_iqr,ax3-or-sg_rms,ax3-or-sg_n5,ax3-or-sg_n25,ax3-or-sg_n50,ax3-or-sg_n75,ax3-or-sg_n95,ax3-wa-sg_mean,ax3-wa-sg_std,ax3-wa-sg_var,ax3-wa-sg_skew,ax3-wa-sg_kur,ax3-wa-sg_max,ax3-wa-sg_min,ax3-wa-sg_mad,ax3-wa-sg_iqr,ax3-wa-sg_rms,ax3-wa-sg_n5,ax3-wa-sg_n25,ax3-wa-sg_n50,ax3-wa-sg_n75,ax3-wa-sg_n95,ax3-wd-sg_mean,ax3-wd-sg_std,ax3-wd-sg_var,ax3-wd-sg_skew,ax3-wd-sg_kur,ax3-wd-sg_max,ax3-wd-sg_min,ax3-wd-sg_mad,ax3-wd-sg_iqr,ax3-wd-sg_rms,ax3-wd-sg_n5,ax3-wd-sg_n25,ax3-wd-sg_n50,ax3-wd-sg_n75,ax3-wd-sg_n95,ax3-waa-sg_mean,ax3-waa-sg_std,ax3-waa-sg_var,ax3-waa-sg_skew,ax3-waa-sg_kur,ax3-waa-sg_max,ax3-waa-sg_min,ax3-waa-sg_mad,ax3-waa-sg_iqr,ax3-waa-sg_rms,ax3-waa-sg_n5,ax3-waa-sg_n25,ax3-waa-sg_n50,ax3-waa-sg_n75,ax3-waa-sg_n95,ax3-wad-sg_mean,ax3-wad-sg_std,ax3-wad-sg_var,ax3-wad-sg_skew,ax3-wad-sg_kur,ax3-wad-sg_max,ax3-wad-sg_min,ax3-wad-sg_mad,ax3-wad-sg_iqr,ax3-wad-sg_rms,ax3-wad-sg_n5,ax3-wad-sg_n25,ax3-wad-sg_n50,ax3-wad-sg_n75,ax3-wad-sg_n95,ax3-wda-sg_mean,ax3-wda-sg_std,ax3-wda-sg_var,ax3-wda-sg_skew,ax3-wda-sg_kur,ax3-wda-sg_max,ax3-wda-sg_min,ax3-wda-sg_mad,ax3-wda-sg_iqr,ax3-wda-sg_rms,ax3-wda-sg_n5,ax3-wda-sg_n25,ax3-wda-sg_n50,ax3-wda-sg_n75,ax3-wda-sg_n95,ax3-wdd-sg_mean,ax3-wdd-sg_std,ax3-wdd-sg_var,ax3-wdd-sg_skew,ax3-wdd-sg_kur,ax3-wdd-sg_max,ax3-wdd-sg_min,ax3-wdd-sg_mad,ax3-wdd-sg_iqr,ax3-wdd-sg_rms,ax3-wdd-sg_n5,ax3-wdd-sg_n25,ax3-wdd-sg_n50,ax3-wdd-sg_n75,ax3-wdd-sg_n95,ax4-or-sg_mean,ax4-or-sg_std,ax4-or-sg_var,ax4-or-sg_skew,ax4-or-sg_kur,ax4-or-sg_max,ax4-or-sg_min,ax4-or-sg_mad,ax4-or-sg_iqr,ax4-or-sg_rms,ax4-or-sg_n5,ax4-or-sg_n25,ax4-or-sg_n50,ax4-or-sg_n75,ax4-or-sg_n95,ax4-wa-sg_mean,ax4-wa-sg_std,ax4-wa-sg_var,ax4-wa-sg_skew,ax4-wa-sg_kur,ax4-wa-sg_max,ax4-wa-sg_min,ax4-wa-sg_mad,ax4-wa-sg_iqr,ax4-wa-sg_rms,ax4-wa-sg_n5,ax4-wa-sg_n25,ax4-wa-sg_n50,ax4-wa-sg_n75,ax4-wa-sg_n95,ax4-wd-sg_mean,ax4-wd-sg_std,ax4-wd-sg_var,ax4-wd-sg_skew,ax4-wd-sg_kur,ax4-wd-sg_max,ax4-wd-sg_min,ax4-wd-sg_mad,ax4-wd-sg_iqr,ax4-wd-sg_rms,ax4-wd-sg_n5,ax4-wd-sg_n25,ax4-wd-sg_n50,ax4-wd-sg_n75,ax4-wd-sg_n95,ax4-waa-sg_mean,ax4-waa-sg_std,ax4-waa-sg_var,ax4-waa-sg_skew,ax4-waa-sg_kur,ax4-waa-sg_max,ax4-waa-sg_min,ax4-waa-sg_mad,ax4-waa-sg_iqr,ax4-waa-sg_rms,ax4-waa-sg_n5,ax4-waa-sg_n25,ax4-waa-sg_n50,ax4-waa-sg_n75,ax4-waa-sg_n95,ax4-wad-sg_mean,ax4-wad-sg_std,ax4-wad-sg_var,ax4-wad-sg_skew,ax4-wad-sg_kur,ax4-wad-sg_max,ax4-wad-sg_min,ax4-wad-sg_mad,ax4-wad-sg_iqr,ax4-wad-sg_rms,ax4-wad-sg_n5,ax4-wad-sg_n25,ax4-wad-sg_n50,ax4-wad-sg_n75,ax4-wad-sg_n95,ax4-wda-sg_mean,ax4-wda-sg_std,ax4-wda-sg_var,ax4-wda-sg_skew,ax4-wda-sg_kur,ax4-wda-sg_max,ax4-wda-sg_min,ax4-wda-sg_mad,ax4-wda-sg_iqr,ax4-wda-sg_rms,ax4-wda-sg_n5,ax4-wda-sg_n25,ax4-wda-sg_n50,ax4-wda-sg_n75,ax4-wda-sg_n95,ax4-wdd-sg_mean,ax4-wdd-sg_std,ax4-wdd-sg_var,ax4-wdd-sg_skew,ax4-wdd-sg_kur,ax4-wdd-sg_max,ax4-wdd-sg_min,ax4-wdd-sg_mad,ax4-wdd-sg_iqr,ax4-wdd-sg_rms,ax4-wdd-sg_n5,ax4-wdd-sg_n25,ax4-wdd-sg_n50,ax4-wdd-sg_n75,ax4-wdd-sg_n95,ax5-or-sg_mean,ax5-or-sg_std,ax5-or-sg_var,ax5-or-sg_skew,ax5-or-sg_kur,ax5-or-sg_max,ax5-or-sg_min,ax5-or-sg_mad,ax5-or-sg_iqr,ax5-or-sg_rms,ax5-or-sg_n5,ax5-or-sg_n25,ax5-or-sg_n50,ax5-or-sg_n75,ax5-or-sg_n95,ax5-wa-sg_mean,ax5-wa-sg_std,ax5-wa-sg_var,ax5-wa-sg_skew,ax5-wa-sg_kur,ax5-wa-sg_max,ax5-wa-sg_min,ax5-wa-sg_mad,ax5-wa-sg_iqr,ax5-wa-sg_rms,ax5-wa-sg_n5,ax5-wa-sg_n25,ax5-wa-sg_n50,ax5-wa-sg_n75,ax5-wa-sg_n95,ax5-wd-sg_mean,ax5-wd-sg_std,ax5-wd-sg_var,ax5-wd-sg_skew,ax5-wd-sg_kur,ax5-wd-sg_max,ax5-wd-sg_min,ax5-wd-sg_mad,ax5-wd-sg_iqr,ax5-wd-sg_rms,ax5-wd-sg_n5,ax5-wd-sg_n25,ax5-wd-sg_n50,ax5-wd-sg_n75,ax5-wd-sg_n95,ax5-waa-sg_mean,ax5-waa-sg_std,ax5-waa-sg_var,ax5-waa-sg_skew,ax5-waa-sg_kur,ax5-waa-sg_max,ax5-waa-sg_min,ax5-waa-sg_mad,ax5-waa-sg_iqr,ax5-waa-sg_rms,ax5-waa-sg_n5,ax5-waa-sg_n25,ax5-waa-sg_n50,ax5-waa-sg_n75,ax5-waa-sg_n95,ax5-wad-sg_mean,ax5-wad-sg_std,ax5-wad-sg_var,ax5-wad-sg_skew,ax5-wad-sg_kur,ax5-wad-sg_max,ax5-wad-sg_min,ax5-wad-sg_mad,ax5-wad-sg_iqr,ax5-wad-sg_rms,ax5-wad-sg_n5,ax5-wad-sg_n25,ax5-wad-sg_n50,ax5-wad-sg_n75,ax5-wad-sg_n95,ax5-wda-sg_mean,ax5-wda-sg_std,ax5-wda-sg_var,ax5-wda-sg_skew,ax5-wda-sg_kur,ax5-wda-sg_max,ax5-wda-sg_min,ax5-wda-sg_mad,ax5-wda-sg_iqr,ax5-wda-sg_rms,ax5-wda-sg_n5,ax5-wda-sg_n25,ax5-wda-sg_n50,ax5-wda-sg_n75,ax5-wda-sg_n95,ax5-wdd-sg_mean,ax5-wdd-sg_std,ax5-wdd-sg_var,ax5-wdd-sg_skew,ax5-wdd-sg_kur,ax5-wdd-sg_max,ax5-wdd-sg_min,ax5-wdd-sg_mad,ax5-wdd-sg_iqr,ax5-wdd-sg_rms,ax5-wdd-sg_n5,ax5-wdd-sg_n25,ax5-wdd-sg_n50,ax5-wdd-sg_n75,ax5-wdd-sg_n95,ax6-or-sg_mean,ax6-or-sg_std,ax6-or-sg_var,ax6-or-sg_skew,ax6-or-sg_kur,ax6-or-sg_max,ax6-or-sg_min,ax6-or-sg_mad,ax6-or-sg_iqr,ax6-or-sg_rms,ax6-or-sg_n5,ax6-or-sg_n25,ax6-or-sg_n50,ax6-or-sg_n75,ax6-or-sg_n95,ax6-wa-sg_mean,ax6-wa-sg_std,ax6-wa-sg_var,ax6-wa-sg_skew,ax6-wa-sg_kur,ax6-wa-sg_max,ax6-wa-sg_min,ax6-wa-sg_mad,ax6-wa-sg_iqr,ax6-wa-sg_rms,ax6-wa-sg_n5,ax6-wa-sg_n25,ax6-wa-sg_n50,ax6-wa-sg_n75,ax6-wa-sg_n95,ax6-wd-sg_mean,ax6-wd-sg_std,ax6-wd-sg_var,ax6-wd-sg_skew,ax6-wd-sg_kur,ax6-wd-sg_max,ax6-wd-sg_min,ax6-wd-sg_mad,ax6-wd-sg_iqr,ax6-wd-sg_rms,ax6-wd-sg_n5,ax6-wd-sg_n25,ax6-wd-sg_n50,ax6-wd-sg_n75,ax6-wd-sg_n95,ax6-waa-sg_mean,ax6-waa-sg_std,ax6-waa-sg_var,ax6-waa-sg_skew,ax6-waa-sg_kur,ax6-waa-sg_max,ax6-waa-sg_min,ax6-waa-sg_mad,ax6-waa-sg_iqr,ax6-waa-sg_rms,ax6-waa-sg_n5,ax6-waa-sg_n25,ax6-waa-sg_n50,ax6-waa-sg_n75,ax6-waa-sg_n95,ax6-wad-sg_mean,ax6-wad-sg_std,ax6-wad-sg_var,ax6-wad-sg_skew,ax6-wad-sg_kur,ax6-wad-sg_max,ax6-wad-sg_min,ax6-wad-sg_mad,ax6-wad-sg_iqr,ax6-wad-sg_rms,ax6-wad-sg_n5,ax6-wad-sg_n25,ax6-wad-sg_n50,ax6-wad-sg_n75,ax6-wad-sg_n95,ax6-wda-sg_mean,ax6-wda-sg_std,ax6-wda-sg_var,ax6-wda-sg_skew,ax6-wda-sg_kur,ax6-wda-sg_max,ax6-wda-sg_min,ax6-wda-sg_mad,ax6-wda-sg_iqr,ax6-wda-sg_rms,ax6-wda-sg_n5,ax6-wda-sg_n25,ax6-wda-sg_n50,ax6-wda-sg_n75,ax6-wda-sg_n95,ax6-wdd-sg_mean,ax6-wdd-sg_std,ax6-wdd-sg_var,ax6-wdd-sg_skew,ax6-wdd-sg_kur,ax6-wdd-sg_max,ax6-wdd-sg_min,ax6-wdd-sg_mad,ax6-wdd-sg_iqr,ax6-wdd-sg_rms,ax6-wdd-sg_n5,ax6-wdd-sg_n25,ax6-wdd-sg_n50,ax6-wdd-sg_n75,ax6-wdd-sg_n95,acc1-or-sg_mean,acc1-or-sg_std,acc1-or-sg_var,acc1-or-sg_skew,acc1-or-sg_kur,acc1-or-sg_max,acc1-or-sg_min,acc1-or-sg_mad,acc1-or-sg_iqr,acc1-or-sg_rms,acc1-or-sg_n5,acc1-or-sg_n25,acc1-or-sg_n50,acc1-or-sg_n75,acc1-or-sg_n95,acc1-wa-sg_mean,acc1-wa-sg_std,acc1-wa-sg_var,acc1-wa-sg_skew,acc1-wa-sg_kur,acc1-wa-sg_max,acc1-wa-sg_min,acc1-wa-sg_mad,acc1-wa-sg_iqr,acc1-wa-sg_rms,acc1-wa-sg_n5,acc1-wa-sg_n25,acc1-wa-sg_n50,acc1-wa-sg_n75,acc1-wa-sg_n95,acc1-wd-sg_mean,acc1-wd-sg_std,acc1-wd-sg_var,acc1-wd-sg_skew,acc1-wd-sg_kur,acc1-wd-sg_max,acc1-wd-sg_min,acc1-wd-sg_mad,acc1-wd-sg_iqr,acc1-wd-sg_rms,acc1-wd-sg_n5,acc1-wd-sg_n25,acc1-wd-sg_n50,acc1-wd-sg_n75,acc1-wd-sg_n95,acc1-waa-sg_mean,acc1-waa-sg_std,acc1-waa-sg_var,acc1-waa-sg_skew,acc1-waa-sg_kur,acc1-waa-sg_max,acc1-waa-sg_min,acc1-waa-sg_mad,acc1-waa-sg_iqr,acc1-waa-sg_rms,acc1-waa-sg_n5,acc1-waa-sg_n25,acc1-waa-sg_n50,acc1-waa-sg_n75,acc1-waa-sg_n95,acc1-wad-sg_mean,acc1-wad-sg_std,acc1-wad-sg_var,acc1-wad-sg_skew,acc1-wad-sg_kur,acc1-wad-sg_max,acc1-wad-sg_min,acc1-wad-sg_mad,acc1-wad-sg_iqr,acc1-wad-sg_rms,acc1-wad-sg_n5,acc1-wad-sg_n25,acc1-wad-sg_n50,acc1-wad-sg_n75,acc1-wad-sg_n95,acc1-wda-sg_mean,acc1-wda-sg_std,acc1-wda-sg_var,acc1-wda-sg_skew,acc1-wda-sg_kur,acc1-wda-sg_max,acc1-wda-sg_min,acc1-wda-sg_mad,acc1-wda-sg_iqr,acc1-wda-sg_rms,acc1-wda-sg_n5,acc1-wda-sg_n25,acc1-wda-sg_n50,acc1-wda-sg_n75,acc1-wda-sg_n95,acc1-wdd-sg_mean,acc1-wdd-sg_std,acc1-wdd-sg_var,acc1-wdd-sg_skew,acc1-wdd-sg_kur,acc1-wdd-sg_max,acc1-wdd-sg_min,acc1-wdd-sg_mad,acc1-wdd-sg_iqr,acc1-wdd-sg_rms,acc1-wdd-sg_n5,acc1-wdd-sg_n25,acc1-wdd-sg_n50,acc1-wdd-sg_n75,acc1-wdd-sg_n95,acc2-or-sg_mean,acc2-or-sg_std,acc2-or-sg_var,acc2-or-sg_skew,acc2-or-sg_kur,acc2-or-sg_max,acc2-or-sg_min,acc2-or-sg_mad,acc2-or-sg_iqr,acc2-or-sg_rms,acc2-or-sg_n5,acc2-or-sg_n25,acc2-or-sg_n50,acc2-or-sg_n75,acc2-or-sg_n95,acc2-wa-sg_mean,acc2-wa-sg_std,acc2-wa-sg_var,acc2-wa-sg_skew,acc2-wa-sg_kur,acc2-wa-sg_max,acc2-wa-sg_min,acc2-wa-sg_mad,acc2-wa-sg_iqr,acc2-wa-sg_rms,acc2-wa-sg_n5,acc2-wa-sg_n25,acc2-wa-sg_n50,acc2-wa-sg_n75,acc2-wa-sg_n95,acc2-wd-sg_mean,acc2-wd-sg_std,acc2-wd-sg_var,acc2-wd-sg_skew,acc2-wd-sg_kur,acc2-wd-sg_max,acc2-wd-sg_min,acc2-wd-sg_mad,acc2-wd-sg_iqr,acc2-wd-sg_rms,acc2-wd-sg_n5,acc2-wd-sg_n25,acc2-wd-sg_n50,acc2-wd-sg_n75,acc2-wd-sg_n95,acc2-waa-sg_mean,acc2-waa-sg_std,acc2-waa-sg_var,acc2-waa-sg_skew,acc2-waa-sg_kur,acc2-waa-sg_max,acc2-waa-sg_min,acc2-waa-sg_mad,acc2-waa-sg_iqr,acc2-waa-sg_rms,acc2-waa-sg_n5,acc2-waa-sg_n25,acc2-waa-sg_n50,acc2-waa-sg_n75,acc2-waa-sg_n95,acc2-wad-sg_mean,acc2-wad-sg_std,acc2-wad-sg_var,acc2-wad-sg_skew,acc2-wad-sg_kur,acc2-wad-sg_max,acc2-wad-sg_min,acc2-wad-sg_mad,acc2-wad-sg_iqr,acc2-wad-sg_rms,acc2-wad-sg_n5,acc2-wad-sg_n25,acc2-wad-sg_n50,acc2-wad-sg_n75,acc2-wad-sg_n95,acc2-wda-sg_mean,acc2-wda-sg_std,acc2-wda-sg_var,acc2-wda-sg_skew,acc2-wda-sg_kur,acc2-wda-sg_max,acc2-wda-sg_min,acc2-wda-sg_mad,acc2-wda-sg_iqr,acc2-wda-sg_rms,acc2-wda-sg_n5,acc2-wda-sg_n25,acc2-wda-sg_n50,acc2-wda-sg_n75,acc2-wda-sg_n95,acc2-wdd-sg_mean,acc2-wdd-sg_std,acc2-wdd-sg_var,acc2-wdd-sg_skew,acc2-wdd-sg_kur,acc2-wdd-sg_max,acc2-wdd-sg_min,acc2-wdd-sg_mad,acc2-wdd-sg_iqr,acc2-wdd-sg_rms,acc2-wdd-sg_n5,acc2-wdd-sg_n25,acc2-wdd-sg_n50,acc2-wdd-sg_n75,acc2-wdd-sg_n95,acc3-or-sg_mean,acc3-or-sg_std,acc3-or-sg_var,acc3-or-sg_skew,acc3-or-sg_kur,acc3-or-sg_max,acc3-or-sg_min,acc3-or-sg_mad,acc3-or-sg_iqr,acc3-or-sg_rms,acc3-or-sg_n5,acc3-or-sg_n25,acc3-or-sg_n50,acc3-or-sg_n75,acc3-or-sg_n95,acc3-wa-sg_mean,acc3-wa-sg_std,acc3-wa-sg_var,acc3-wa-sg_skew,acc3-wa-sg_kur,acc3-wa-sg_max,acc3-wa-sg_min,acc3-wa-sg_mad,acc3-wa-sg_iqr,acc3-wa-sg_rms,acc3-wa-sg_n5,acc3-wa-sg_n25,acc3-wa-sg_n50,acc3-wa-sg_n75,acc3-wa-sg_n95,acc3-wd-sg_mean,acc3-wd-sg_std,acc3-wd-sg_var,acc3-wd-sg_skew,acc3-wd-sg_kur,acc3-wd-sg_max,acc3-wd-sg_min,acc3-wd-sg_mad,acc3-wd-sg_iqr,acc3-wd-sg_rms,acc3-wd-sg_n5,acc3-wd-sg_n25,acc3-wd-sg_n50,acc3-wd-sg_n75,acc3-wd-sg_n95,acc3-waa-sg_mean,acc3-waa-sg_std,acc3-waa-sg_var,acc3-waa-sg_skew,acc3-waa-sg_kur,acc3-waa-sg_max,acc3-waa-sg_min,acc3-waa-sg_mad,acc3-waa-sg_iqr,acc3-waa-sg_rms,acc3-waa-sg_n5,acc3-waa-sg_n25,acc3-waa-sg_n50,acc3-waa-sg_n75,acc3-waa-sg_n95,acc3-wad-sg_mean,acc3-wad-sg_std,acc3-wad-sg_var,acc3-wad-sg_skew,acc3-wad-sg_kur,acc3-wad-sg_max,acc3-wad-sg_min,acc3-wad-sg_mad,acc3-wad-sg_iqr,acc3-wad-sg_rms,acc3-wad-sg_n5,acc3-wad-sg_n25,acc3-wad-sg_n50,acc3-wad-sg_n75,acc3-wad-sg_n95,acc3-wda-sg_mean,acc3-wda-sg_std,acc3-wda-sg_var,acc3-wda-sg_skew,acc3-wda-sg_kur,acc3-wda-sg_max,acc3-wda-sg_min,acc3-wda-sg_mad,acc3-wda-sg_iqr,acc3-wda-sg_rms,acc3-wda-sg_n5,acc3-wda-sg_n25,acc3-wda-sg_n50,acc3-wda-sg_n75,acc3-wda-sg_n95,acc3-wdd-sg_mean,acc3-wdd-sg_std,acc3-wdd-sg_var,acc3-wdd-sg_skew,acc3-wdd-sg_kur,acc3-wdd-sg_max,acc3-wdd-sg_min,acc3-wdd-sg_mad,acc3-wdd-sg_iqr,acc3-wdd-sg_rms,acc3-wdd-sg_n5,acc3-wdd-sg_n25,acc3-wdd-sg_n50,acc3-wdd-sg_n75,acc3-wdd-sg_n95,cur-or-sg_mean,cur-or-sg_std,cur-or-sg_var,cur-or-sg_skew,cur-or-sg_kur,cur-or-sg_max,cur-or-sg_min,cur-or-sg_mad,cur-or-sg_iqr,cur-or-sg_rms,cur-or-sg_n5,cur-or-sg_n25,cur-or-sg_n50,cur-or-sg_n75,cur-or-sg_n95,cur-wa-sg_mean,cur-wa-sg_std,cur-wa-sg_var,cur-wa-sg_skew,cur-wa-sg_kur,cur-wa-sg_max,cur-wa-sg_min,cur-wa-sg_mad,cur-wa-sg_iqr,cur-wa-sg_rms,cur-wa-sg_n5,cur-wa-sg_n25,cur-wa-sg_n50,cur-wa-sg_n75,cur-wa-sg_n95,cur-wd-sg_mean,cur-wd-sg_std,cur-wd-sg_var,cur-wd-sg_skew,cur-wd-sg_kur,cur-wd-sg_max,cur-wd-sg_min,cur-wd-sg_mad,cur-wd-sg_iqr,cur-wd-sg_rms,cur-wd-sg_n5,cur-wd-sg_n25,cur-wd-sg_n50,cur-wd-sg_n75,cur-wd-sg_n95,cur-waa-sg_mean,cur-waa-sg_std,cur-waa-sg_var,cur-waa-sg_skew,cur-waa-sg_kur,cur-waa-sg_max,cur-waa-sg_min,cur-waa-sg_mad,cur-waa-sg_iqr,cur-waa-sg_rms,cur-waa-sg_n5,cur-waa-sg_n25,cur-waa-sg_n50,cur-waa-sg_n75,cur-waa-sg_n95,cur-wad-sg_mean,cur-wad-sg_std,cur-wad-sg_var,cur-wad-sg_skew,cur-wad-sg_kur,cur-wad-sg_max,cur-wad-sg_min,cur-wad-sg_mad,cur-wad-sg_iqr,cur-wad-sg_rms,cur-wad-sg_n5,cur-wad-sg_n25,cur-wad-sg_n50,cur-wad-sg_n75,cur-wad-sg_n95,cur-wda-sg_mean,cur-wda-sg_std,cur-wda-sg_var,cur-wda-sg_skew,cur-wda-sg_kur,cur-wda-sg_max,cur-wda-sg_min,cur-wda-sg_mad,cur-wda-sg_iqr,cur-wda-sg_rms,cur-wda-sg_n5,cur-wda-sg_n25,cur-wda-sg_n50,cur-wda-sg_n75,cur-wda-sg_n95,cur-wdd-sg_mean,cur-wdd-sg_std,cur-wdd-sg_var,cur-wdd-sg_skew,cur-wdd-sg_kur,cur-wdd-sg_max,cur-wdd-sg_min,cur-wdd-sg_mad,cur-wdd-sg_iqr,cur-wdd-sg_rms,cur-wdd-sg_n5,cur-wdd-sg_n25,cur-wdd-sg_n50,cur-wdd-sg_n75,cur-wdd-sg_n95
-5.204568527918782,7.429624433985577,55.1993192300755,0.8103643694166555,0.1192378213960743,14.1,-21.3,4.892587321068486,6.500000000000001,8.258172588832487,-15.28,-9.8,-7.2,-3.3,9.0,-7.330566404263332,10.54779129714288,111.25590124808308,0.8397441114626549,0.13912901616258733,19.991880494916597,-30.381046291294773,7.015895878874009,9.419692738077709,11.71663997060881,-21.098720504155303,-14.011317758768385,-10.388044142166368,-4.591625020690676,12.625949848830519,0.00381540658705792,0.7317189925159149,0.5354126840085055,0.2308134907505932,66.05058437187564,7.361289160457732,-8.40816486406698,0.28029501123426565,0.3881327338862244,0.3200002954057835,-0.6989944177426252,-0.19700059885799773,0.018812932248328418,0.19113213502822662,0.5931725202184928,-10.261604185401046,15.067720865356195,227.03621207629044,0.8567224843866583,0.12452127399736623,28.117361747578098,-39.92189980541122,10.511544025045007,13.138074862543657,16.632562781393357,-30.39304036797548,-19.66523772172387,-15.252990693915702,-6.527162859180213,18.2114544654454,0.008258334415676277,1.0534162553739346,1.1096858070860425,7.831592131490437,95.79317320842333,13.147698388123038,-2.630665305614208,0.3253866723848078,0.4410127855505835,0.43006023840385477,-1.0039288050950075,-0.24426860497379022,-0.015345765089720853,0.19674418057679327,0.8121633562446119,0.006239968325195599,0.6699566358315612,0.44884189389474305,1.848756750589949,23.98664411315687,5.121522373216619,-3.372085628039972,0.2830187168120717,0.37044285609615507,0.33924242888643874,-0.696886483242378,-0.18288253208600003,0.02087302184522976,0.18756032401015504,0.5564214786025476,0.12083055311218163,0.7718640564500754,0.5957741216395652,4.443378262874417,30.40927075253059,7.003856305446448,-2.218068532317092,0.3026103217725367,0.4189480665633608,0.3697550228483329,-0.6299863901648137,-0.19642385570242285,0.022150397200053074,0.22252421086093793,0.8118678451920066,-151.63472081218276,15.035577184372798,226.06858126723182,-0.3491777561708179,-0.2995916724665011,-110.2,-202.5,16.012103959860518,21.69999999999999,151.63472081218276,-177.7,-162.2,-150.4,-140.5,-129.62,-214.30572267532736,20.35859592914085,414.4724282060304,-0.30457119555884915,-0.46375947444528665,-158.5734335412261,-275.5250570826803,23.472315561005725,31.15736644043602,214.30572267532736,-248.67888376961093,-229.630204719528,-212.8564668890491,-198.47283827909197,-184.83221031796847,0.09387400300526688,6.120311786653413,37.45821636584869,0.19154288194690047,0.8104056135632995,22.100867945667247,-19.98354973881102,5.790236172639547,7.61361796427161,4.771909996041325,-9.455920278137327,-3.9979337805723674,-0.0770552228822412,3.6156841836992424,10.26645411449817,-302.75090058208815,26.948637202363827,726.2290470646277,-0.2584782662890785,-0.8086115708582624,-226.84126164316785,-366.6236187138584,34.425813061104236,47.56754476956394,302.75090058208815,-348.3295633997094,-326.531379302548,-300.5972386592076,-278.96383453298404,-266.4294569309047,-0.4226720335045614,10.118467417789262,102.3833828848629,-0.16307711710824088,-0.07269473075644939,26.773911398793953,-31.90354238438483,10.598524412814225,14.566342237629552,8.141641044229816,-16.835918648399712,-7.464100159593614,0.03160938131357938,7.102242078035937,14.570976693947912,0.1398605245531412,3.7245901993736545,13.872572153270278,0.030969384386701555,3.3291369928625807,14.542795970730204,-13.120934544092359,2.175304948107932,2.855672841132363,2.464592788610369,-6.4571917816335365,-1.2151038442102151,0.12987563450708195,1.640568996922148,6.096043728172027,-0.8227466568706067,7.7140342499315135,59.50632440911645,0.0650411808635573,0.48167015319540596,23.043861611336627,-23.699255349192477,7.481282729494495,9.851387950989906,6.137665924674241,-13.328990015374433,-6.0084172202165265,-0.5671685861857912,3.8429707307733807,11.034811670256829,-1.2103553299492387,10.306837431689885,106.23089784328377,-2.26283675280712,7.136485674556122,24.8,-62.3,5.930408874022408,7.9,6.429847715736041,-22.959999999999997,-3.2,0.9,4.7,8.5,-1.7402907009790811,12.666687754830214,160.4449786783657,-1.9822291466880555,5.399090751023698,24.19140306998758,-67.2375491312384,8.538567780198333,12.719117365951874,8.406552227770069,-30.588497855676355,-6.482192252733416,1.1491183342081976,6.236925113218459,11.022471959792385,0.1662791861685914,7.1296690104862455,50.832180199087915,0.44948393769020323,8.616511785082917,35.42938899840904,-41.64574626391115,2.1778928424945696,2.9346467576837836,3.684375081594392,-9.457109070351425,-1.4115877697894452,0.05752000628014446,1.5230589878943384,11.039621810015541,-2.5443188099555063,13.30898485085868,177.12907776038585,-0.662534141835482,-0.3716325517183776,17.239178659263697,-43.860766469705055,14.445977577005582,20.668639980052298,10.660636660514577,-26.86896705120583,-12.770476612178609,0.6679107153646455,7.898163367873689,14.183468137799984,-1.2150426865074206,11.82506442784108,139.83214872259245,-1.0124777474819504,10.70236780323272,51.02788890480362,-67.52355330012793,3.654827446007565,5.107142154343196,5.940754303135211,-23.30307749929294,-2.783006577670213,-0.5317811675389815,2.324135576672983,12.07309593316509,0.22704370773667923,3.422475942217916,11.713341575060412,0.40912700426402415,5.514308326242366,15.208251829155962,-13.841670721051843,1.2039111224129146,1.5977717533659364,1.9375818082259608,-4.641490430160264,-0.7797815890810189,0.0928644602414796,0.8179901642849174,6.638307707863147,-1.2053105546874772,9.342996938552654,87.29159179380424,-1.416634857483029,6.666074047707726,30.501418787270783,-45.42049047327262,2.723581562319154,3.562582626969727,4.826858360688231,-22.523516952149564,-1.9037591242689995,-0.09729198048836499,1.6588235027007276,7.651382088810219,-0.9442639593908629,4.218986585484484,17.79984780849803,0.11451441275978569,-1.3509717083783963,7.2,-7.1,6.2269293177235285,8.1,3.8299492385786804,-6.7,-5.1,-1.3,3.0,5.779999999999995,-1.34039960965747,5.991620571140769,35.899517068517234,0.12680562208271517,-1.3493075538151234,10.199494070904935,-9.983396844353914,8.844839069062374,11.563576189683527,5.444000163814621,-9.467629976500216,-7.259388804675418,-1.8272825336675012,4.30418738500811,8.183877302873082,-0.009625473593414953,0.17076223826154963,0.029159742016094246,-16.05134635962234,319.08577252381826,0.44164613974139477,-3.4224460230327414,0.06558139780673447,0.0884281544451184,0.06055869909027441,-0.10772066004264344,-0.04756483265480266,-0.003414978106025812,0.04086332179031574,0.09645792846594879,-1.8882917760064042,8.537730746650695,72.89284630230463,0.13913238733326305,-1.3376855230298856,14.383707277397813,-14.124756814149139,12.385870876792408,16.512342603177252,7.752251015155023,-13.382914030003317,-10.46514514643267,-2.3686286572819863,6.047197456744583,11.81724031677814,0.01813848606977263,0.3405777826616393,0.1159932260427188,13.118373942234445,194.77250906081116,5.099242989988039,-1.033621402734348,0.07236384373411717,0.09486489662272926,0.09031544928773368,-0.13373661237596873,-0.04680977252737992,-0.002859143723924207,0.048055124095349344,0.1447276402485065,-0.013165542920783856,0.14658991710388608,0.02148860379652419,-7.097937460320698,67.56915221795491,0.30754550245385986,-1.4751186019689988,0.07090481630663802,0.09386359902221432,0.0677382877415461,-0.11400567590621827,-0.049902837962811156,-0.008828876166750209,0.043960761059403164,0.10282917156171308,0.012664555680328645,0.19001089810410587,0.036104141398328904,12.421243394542715,179.08773463113909,2.7904282744285815,-0.3327431178792501,0.06436843250938273,0.08032981376404268,0.063873633591438,-0.11313894184901668,-0.04260859584418775,0.0017847856276277411,0.03772121791985493,0.11616357378372386,0.03401015228426398,3.4969182458517727,12.22843721817104,-2.5180540902400446,6.769349290455127,3.7,-20.4,1.0378215529539214,1.5999999999999999,2.358477157360406,-8.4,0.3,1.3,1.9,2.5799999999999956,0.06362603819351903,3.8815184583511697,15.06618554252084,-1.6693271932035532,2.2365265229819773,4.853882559955381,-16.47660518158142,1.5481499526001727,3.9677888625642415,3.0106292757779074,-8.85624651774866,-1.4610677089645319,1.7207411244582502,2.5067211535997096,3.4543494013762164,-0.11238534907496944,3.039958914562959,9.241350202230805,0.4410978268280222,3.780588998965257,13.867183767301883,-11.400337096872192,0.5989245351097935,0.8355241906211563,1.684487675038194,-5.785558517340415,-0.5068183749967533,-0.024902053062008198,0.32870581562440304,5.598488717775121,0.1259126309342905,4.703960283789872,22.127242351472493,-1.0036411785797146,-0.465050996453932,5.958212528452578,-12.726615996371306,1.605985995023891,7.259649161134139,4.135142738614299,-8.78608349699858,-3.878889703355677,2.654520943004189,3.3807594577784625,4.510232261503779,0.04856069162577427,2.7851286450039456,7.756941569221515,0.04538129187883978,4.5082634318961725,9.771207953620628,-13.390201562451761,1.066456894493238,1.4014824201835283,1.6627371184549165,-4.16614448237477,-0.7693057466029536,-0.020833285440258364,0.6321766735805747,5.304459673953112,-0.15711544956598297,2.6944075173016437,7.259831869291608,-0.2822671571724586,5.54496314487066,11.735589211287424,-10.673889639147385,0.25857361334806495,0.33687082108333777,1.2820232795491433,-5.260370463775811,-0.18737058093646963,0.013027498859296506,0.14950024014686814,4.441534501070864,-0.117778686294838,3.314877253246992,10.988411204094323,-0.4196906336669953,3.399999662491366,11.181123437507226,-11.888615208131714,0.8364762512270717,1.145412006609102,1.8327694690672522,-6.600597114417896,-0.5777983855666394,0.02031331151881894,0.5676136210424626,6.525038849333592,3.2554314720812187,3.2605803478360698,10.631384204694786,-1.4951769044645538,1.584595389157644,6.9,-7.7,1.482602218505602,3.9,4.19005076142132,-4.5,1.6,4.8,5.5,6.2,4.598943076597894,4.56811940686283,20.867714915356814,-1.4957665019010546,1.6399445133431803,10.557383093287276,-11.521040242112559,2.2117035046413513,5.409965064935146,5.8896853313437205,-6.144998341396599,2.345055987192308,6.7291010916682055,7.755021052127454,8.647811159386459,0.011783999984625546,0.5055322150854581,0.2555628204892098,7.431725064808253,91.76210391844353,6.265670260913247,-3.0635881712722073,0.11481573665279048,0.15108556286941363,0.1749280092432829,-0.3477883822549007,-0.08591366241686159,-0.003222310063731429,0.06517190045255204,0.33030298706611183,6.489383018853682,6.399379361639984,40.95205621418378,-1.4644757721794113,1.4816684000248337,13.660927027351276,-15.188168642737093,3.0368479603654275,7.671666891007236,8.289823663577318,-8.055294631647776,3.20611208214107,9.72900174098963,10.877778973148306,12.244468253683802,-0.004551553337505161,0.5711829073712272,0.3262499136730479,2.2052780378502703,25.84317643698304,4.854735133190191,-2.4395920225712375,0.2174340499355138,0.2826037542638952,0.2958541197482938,-0.8063766458135992,-0.10931102391125681,0.006546825513474075,0.17329273035263842,0.5423702542032494,0.01637674154877541,0.46418637759213627,0.21546899314210932,5.940233792575708,49.06106112008724,4.193643569530747,-1.3463078445823575,0.14581269858058493,0.19443654347711392,0.18307642558322818,-0.31841884497556794,-0.10762821065392245,-0.0041923220587790425,0.08680833282319148,0.26774030782856456,0.07641065356391728,0.5326940930271067,0.2837629967459718,4.542320486297608,24.422025566534636,3.9692700085058013,-0.7159620617821931,0.18014606921305934,0.23354820434835727,0.23272203267769942,-0.32804922478235504,-0.11521405080586028,-0.005338884914217877,0.11833415354249698,0.45292991439930524,0.0013862308976783488,0.47278838805407863,0.22352885987877402,-0.25391500305360587,5.163717623644036,2.156655,-2.727804,0.08877377303745991,0.119516,0.2587803919647528,-0.8062945,-0.056795,0.004449,0.062721,0.78266825,0.001958426509083262,0.6576677070131213,0.43252681284789674,-0.15044213718656937,5.103392246478199,3.030568397097138,-3.4399918511828695,0.12453661670216143,0.16770893324341576,0.36091385678029847,-1.0572976305181987,-0.0802317726318301,0.0045266989898415395,0.08747716061158567,1.0991545619874343,0.00014037903099772657,0.12032255350310461,0.014477516881507472,-0.0005689905151144267,11.188528719085792,0.9405357983443845,-0.911664846288777,0.010822869465122483,0.01462366579071372,0.05535751466626339,-0.1755237460625876,-0.0071631836755048865,-2.4945701794474272e-05,0.007460482115208833,0.17667670048075507,0.0027634823181081967,0.9256978846887686,0.8569165737172607,-0.13234777738387138,5.123092490124687,4.140114551576211,-4.750740497564684,0.1755073168433989,0.23667532547867975,0.5073317893675944,-1.4806246089365653,-0.11368011891512403,0.007220587602539905,0.12299520656355573,1.5521375473772654,0.0021163260768116295,0.08902924077261702,0.007926205712548613,0.5064768928018422,12.400040948600935,0.7159684880222941,-0.6846327437496122,0.009834438952813837,0.013299068187555541,0.042226501331103505,-0.12166359890524239,-0.006778068779306096,-4.668508546168751e-05,0.006520999408249445,0.1359278637805429,0.0001984006367127796,0.0963237218526972,0.009278259391555778,-0.10891985635293175,8.459014608965036,0.6310087892222878,-0.6918885846991106,0.010418321802427367,0.01408384378049194,0.04727692271717486,-0.1528584466021578,-0.0069721386010471505,2.7029209415578243e-05,0.00711170517944479,0.15542720433422985,-0.000980750893484006,0.14024560896239718,0.019668830833233623,-0.278982150163585,13.891242379518246,1.2854724653373775,-1.2854079594649785,0.011109179516439934,0.01502599324020738,0.06232406895338495,-0.20054951182761677,-0.007293532745098618,0.00010471291536439992,0.007732460495108761,0.1969212580370202,0.004641480284070333,0.6841956828651226,0.46812373245127137,0.647031651018282,3.673765255176826,3.960405,-3.610782,0.13103979708261765,0.178093,0.3980500794069126,-1.087178,-0.098367,-0.008059,0.079726,1.334971,0.006560485758773035,0.9446562483734856,0.8923754275910685,0.64075349000916,3.4653087837788075,5.341805016148673,-4.5703360827522825,0.18374156559085825,0.25019894445883134,0.5538563329799011,-1.4968729916952195,-0.13857092235314158,-0.01139871946988602,0.11162802210568976,1.860703561272013,-0.0010282493442529607,0.20918502429774571,0.04375837439044846,0.06375097117094142,13.496036280534423,1.866889889608809,-1.7183419973513299,0.013057449171811808,0.017637347447769014,0.09309267592102057,-0.3005077276587502,-0.00876603989312205,-2.2654596209410282e-05,0.008871307554646962,0.2844990310198898,0.009268327301196195,1.3105758615462526,1.7176090888677025,0.6266429701387228,3.257228525146725,6.697462593745257,-5.857845085676272,0.253097819248178,0.34429109063403096,0.7700268167902123,-2.0874566063304396,-0.18885451563594946,-0.014095016148213655,0.1554365749980815,2.58516874777575,0.001625604598161701,0.25828273721417716,0.06670997234284769,0.3347061510513844,8.548334545927283,1.9575042398161433,-1.7302972451803502,0.03758830134617841,0.050680231236730974,0.1318770003985715,-0.4056220927309844,-0.025779242242461246,-0.0001230699752819836,0.024900988994269728,0.41488633729289215,-0.0014540559262536052,0.1997402194254437,0.0398961552561244,0.030425332671165733,12.609854076011624,1.6776768469230812,-1.6090612325970175,0.010486659034338876,0.014136861068282266,0.0919338423452097,-0.29655540371672295,-0.007063359792753274,-0.00018739589265730656,0.007073501275528993,0.2896841288029517,0.0008603904595557979,0.21817134510686503,0.0475987358257388,0.13027924051306175,12.648135395660871,1.5473259014937575,-1.9905947766749428,0.014837279768734363,0.02010691167228478,0.09521762927449375,-0.31052348819992803,-0.01047934252209284,-0.00012317614065234225,0.009627569150191941,0.3117248534471959,0.0029406129038747836,0.2321914079861117,0.053912849942572984,0.18236684519237503,4.3196156062636595,1.393721,-1.274557,0.04806299871951461,0.06489500000000001,0.1338370777572124,-0.39563974999999996,-0.031078,0.002791,0.033817,0.41455725,0.004159525194251644,0.30628959465523725,0.09381331579406953,-0.041028519381230866,4.198442004056199,1.5797980484567673,-1.6654614030844463,0.06488681144965575,0.0870770388925245,0.177573067789177,-0.5168220471873244,-0.03991070171904981,0.004753287904510094,0.04716633717347468,0.5356808902886603,-0.00047448839543466777,0.11831812906619157,0.013999179665723968,0.03324785005532837,8.889936801590569,0.8620783774676113,-0.88187107426405,0.010944195099793275,0.014777981250236251,0.05734493364680119,-0.18377065958717348,-0.007588419896883432,-9.728097416528489e-05,0.00718956135335282,0.18533405305344025,0.005885181652723293,0.4278584675206146,0.18306286822908882,-0.09535204194020858,4.166317690901728,2.006951221996175,-2.282833154509873,0.09164287241309772,0.12215611487936512,0.24923202267789396,-0.7178032698278434,-0.055980598511002705,0.007512659387681236,0.06617551636836241,0.7476950494037038,-0.001759146670958938,0.06719767155918654,0.004515527062976309,-0.6075977959875656,9.605364744833329,0.4986004022244326,-0.5265455524771538,0.009803544361317161,0.013209886666611154,0.033943884440618174,-0.11072264711481525,-0.006872910026104363,-5.920599291338183e-05,0.006336976640506791,0.09893127355618472,-0.0006714047180456672,0.13863377268691174,0.019219322929406316,0.06980878042667213,8.11974005379463,0.9692779357386584,-0.9458352640442016,0.011833736794803644,0.015945398569565256,0.06836517293749937,-0.22391338399858515,-0.008284154973236804,-0.0001267264677506799,0.0076612435963284535,0.2236532600628653,0.0007310706522465816,0.0936576141369267,0.008771748685821453,0.2106183269884685,13.065832784303534,0.7669793588450363,-0.7998108471667011,0.009551781972158979,0.012881796355240581,0.042605328265618775,-0.13144430731641088,-0.006435295703069186,-7.027075113906955e-05,0.006446500652171395,0.13758905290548282,0.0002161172896632206,1.0797287433615865,1.1658141592411908,-0.0015859264411878656,1.258533236897141,3.459736,-3.477376,0.774595165972672,1.04482875,0.7718311415120912,-1.9768945,-0.5212969999999999,1.7e-05,0.5235317500000001,1.9779815,0.0003758127070536679,1.5268072948733806,2.33114051567857,-0.001708893855490691,1.2619715969473848,4.902035286037903,-4.8992532819681,1.0901566393559783,1.4702960475379223,1.0910118755962759,-2.801095756712061,-0.7342923569448825,0.0001668146658413824,0.7360036905930398,2.7974776106853145,-1.1577126140169947e-05,0.015805023630110153,0.0002497987719483403,-0.10357084176759551,2.2080744599327486,0.14151767499591827,-0.20813290828575579,0.014780829614873228,0.01992872153719069,0.0127143425786407,-0.024057516459103846,-0.010032786391408118,-0.00011933796436067081,0.009895935145782575,0.024374816038214977,0.0007300329207235102,2.158404214883434,4.658708754826574,-0.001923162624619874,1.273312721399087,6.809326397313278,-6.850676502541306,1.489990480081623,2.012363676390134,1.5404771760807345,-3.927763419450893,-1.0042340020926268,-0.0017527957019697407,1.008129674297507,3.9680531635864273,1.2047547751077077e-05,0.05119062454189659,0.0026204800409894255,0.02010739076554039,0.18193357918418007,0.2064571609337036,-0.2207528715971419,0.03696251180350467,0.04988058292563586,0.03865596172949702,-0.09269510380189142,-0.024868709549493585,-0.00035060473901343814,0.025011873376142274,0.09318497405669568,-1.5521733566732724e-05,0.007079999992435588,5.012639989288792e-05,-1.875110433839704,47.22820754011741,0.06494644210308892,-0.17002281134522304,0.0063253915717473705,0.008525882727129327,0.005439911429616473,-0.010879642075423725,-0.004272753901586997,9.274381248910394e-05,0.004253128825542331,0.010712126955613157,-1.4703394977453218e-05,0.021204623270763747,0.00044963604805501543,-0.02853933963200073,-0.04089725841577163,0.10177474940040976,-0.13224151589278774,0.021847108752302277,0.029407463094421202,0.017199976311101015,-0.03653089489746976,-0.014807565747605377,0.00015619319703582754,0.014599897346815827,0.0358711181327207
-5.241260162601626,7.469639418749512,55.79551304613655,0.7709481792890475,-0.014058668389669293,14.3,-21.2,5.114977653844327,6.7,8.253048780487806,-15.485,-9.9,-7.55,-3.2,8.98499999999999,-7.370606246891526,10.606893719809067,112.50619438332502,0.8003352528087435,-0.011624067532225002,20.24215838661762,-28.786698317315672,7.389969617053675,9.482553694407692,11.70196616766853,-21.816647703328197,-13.969291945817554,-10.79129461850004,-4.486738251409863,12.653474235079168,-0.06707676369545225,0.689694526895741,0.47567854042994,-6.292002885328486,63.203699451496405,1.9027949731342542,-8.661539102688343,0.24185871659877675,0.32406425889458046,0.308024979695033,-0.6587691956315812,-0.16776793371328821,0.011189942999673907,0.15629632518129222,0.5050174773840267,-10.32877379711585,15.11540621896562,228.47550516434455,0.8271240557396456,0.02644936465277814,28.303545395046967,-41.69078713655816,10.711044158476247,13.550253295961104,16.61427345292199,-30.33879929060928,-19.816069036384334,-15.452547365374038,-6.26581574042323,17.89567869999918,0.12013036030172786,1.3187868973352168,1.7391988805830476,5.165475620129883,39.35495946987685,12.301649575787192,-4.220733785234091,0.3483547367082121,0.47981497755740765,0.5145646567731033,-0.8026855318933235,-0.25056817109917945,0.01879673190522646,0.22924680645822823,1.0683987219329907,-0.09161004620597563,0.5760261993294065,0.33180618231388115,-2.4787203219411764,10.603983347062686,1.754231569834023,-3.6732041016670873,0.25258159975070144,0.3381157495060706,0.32586192855250334,-1.127518095162578,-0.1856509773829236,0.00689923373811574,0.15246477212314696,0.5041887452968558,0.08356328769777233,0.7751802242236039,0.6009043800273568,4.732138562974621,37.311708831274096,7.345496071816627,-1.8693093393215467,0.29987667992131356,0.3847408640320801,0.360091639115925,-0.661460393755325,-0.1737138501375239,0.038280801789869034,0.2110270138945562,0.7198659172465172,-148.74918699186992,14.508199228969564,210.48784486747306,-0.4323535700312006,0.1304593884751868,-109.5,-204.8,15.270802850607675,20.5,148.74918699186992,-174.54,-158.5,-147.7,-138.0,-127.41500000000002,-210.27021299032324,19.226931240960905,369.67488494463845,-0.29621710528287304,-0.3131388492730163,-157.73174012325285,-273.43140322014386,20.69161362265456,27.59724826843953,210.27021299032324,-242.70449568629547,-223.52433037164093,-208.57746266615987,-195.9270821032014,-181.6968766325161,0.020847633504102493,7.112327784672037,50.585206516617845,0.07827089691994198,2.0174876108927426,33.513160142576474,-26.81892715059947,6.393694269240423,8.679443484479995,5.33010240000062,-11.071749626846744,-4.236520510933703,-0.039107756295791773,4.442922973546292,10.712311245916235,-297.0548829941772,24.87198928824117,618.6158511543834,-0.2699150725420327,-0.6538218363083481,-224.76350863396183,-358.25001028650803,31.472339000635632,41.864194795665526,297.0548829941772,-338.1891403554075,-316.8487476591512,-294.12627962812405,-274.98455286348565,-263.58961163279514,-0.049615533180127395,10.918506629056598,119.21378700875286,-0.12414352193712413,0.3002046889085368,33.94314295629836,-35.06987733995105,10.97709994124026,14.403900885350055,8.553009569269081,-17.30830205509063,-7.706595830226312,0.6123681859423478,6.697305055123742,16.413834833765307,0.01868069104266326,5.109988114137486,26.111978526626373,-0.6847554665597875,4.34586889334421,16.775154705223578,-22.608116365390195,3.6746268534332245,4.948157339184354,3.46618635306172,-7.197840943962081,-2.2189734078164847,-0.0458488298543592,2.729183931367869,7.887128339722911,-1.081643376026201,8.519743037611194,72.5860214269244,-0.545070200178086,0.76694533162821,22.08004457422709,-34.91209460277178,8.200202006638646,11.457381450928214,6.760667458958306,-14.980639574929235,-6.526446475726192,0.17135171391125179,4.930934975202023,10.66380023398849,-1.2565040650406503,10.506436198805805,110.38520159957697,-2.384949297049506,8.262750372024515,23.1,-67.3,6.2269293177235285,8.85,6.646138211382114,-20.019999999999992,-3.8499999999999996,1.0,5.0,8.68499999999999,-1.8025634460693112,12.841973319514217,164.916278739115,-1.9556688001061275,4.970226321367002,21.99861314983438,-64.80802056708308,9.311072515835923,13.525324679203294,8.722785625293486,-27.68126987102409,-6.8172696577141245,1.2414327424967488,6.708055021489169,11.32770233509805,0.20765831002235496,7.392650949028555,54.651288054172795,1.0107814417536747,11.003423775227132,43.74031901461602,-32.8226630635319,2.0584440392156926,2.810004922261811,3.703464565653066,-7.6546191297037005,-1.5399521706257053,0.04585990861858852,1.2700527516361058,8.76946357177051,-2.6224596881445117,13.47080454710933,181.4625751464214,-0.6046678639458735,-0.5290590606725027,17.587815386874162,-42.314826213024084,14.697800041580109,22.629748980563576,11.043523024083042,-26.188673751519985,-13.619928970770403,0.7264532497625203,9.009820009793172,14.397918037222396,0.654890070637654,12.0051533131598,144.12370607247175,0.5005778375042019,8.956925678659674,59.087755567490134,-58.791730549787516,3.550309141869179,4.586738351248371,5.793049692629747,-10.162126649935953,-2.260599369476054,0.31405575517241874,2.3261389817723166,20.132741594240255,0.2917440329780829,4.03801935574341,16.305600317358422,0.9973268402969809,8.586803427682804,21.537330629392542,-15.821812219339119,1.5531802418929082,2.110545845377228,2.206128956422041,-4.169921941878936,-0.9779471754105336,0.03229259470941774,1.1325986699666943,5.87956969844233,-1.9537001702172778,9.36290370229151,87.66396573838406,-1.9225757871848708,6.778181281518778,33.98372604336263,-42.21667448648172,2.7122489512755097,3.734101172710111,4.933857816610735,-26.69793932348881,-2.235379084938856,-0.11176410014562208,1.498722087771255,7.9321894879383965,-0.9548780487804875,3.964317032979758,15.71580953797343,0.09619174425403541,-1.2537422597148569,7.0,-7.0,5.189107764769607,7.199999999999999,3.551829268292683,-6.7,-4.6,-1.2,2.6,5.3,-1.3476472736623484,5.631526131144593,31.714086565764386,0.10734626118126504,-1.2524931069084695,9.885519968861846,-9.773096411404492,7.475434337029064,10.231024332686442,5.049829154226726,-9.4679173745753,-6.502756630698556,-1.6922253313297786,3.7282677019878845,7.5579835726875,-0.0072347480162628704,0.1378433442299742,0.019000787548503165,-13.409997483791985,245.50263679071188,0.3263625347996472,-2.585882340076878,0.058873541763137326,0.07935647415520579,0.05631107287604312,-0.10926704312389504,-0.04134666727271806,0.0023453828827811884,0.03800980688248773,0.10290808071013523,-1.9188792975002282,8.038747511984097,64.6214615614305,0.1274659384999775,-1.2437350028462348,13.919276384429672,-13.783660862736088,10.54921292119405,14.710696524583629,7.21480275520298,-13.398010097445422,-9.305222425430914,-2.366081810989331,5.405474099152714,10.933153653106801,0.02640929603925077,0.2744306282446381,0.07531216971874677,11.089494723062742,149.89905756117412,3.8568655714216247,-0.7454755860574345,0.0712262047004283,0.09634575629248612,0.08730678248997029,-0.12680892771931299,-0.039173011305229516,-0.00022759029376895334,0.05717274498725661,0.15452017433935925,-0.010010495276519498,0.1139830492171564,0.012992135508840699,-5.914306830605159,51.0756678118262,0.2263597787545324,-1.0790960548262087,0.054942879684935074,0.0777153004682749,0.057512849655095906,-0.14159079917579173,-0.03631579567289342,0.00012106577526280323,0.04139950479538148,0.09260888191228928,0.01392571783281981,0.15605724822840267,0.02435386472462129,10.221819594328165,135.7262806923082,2.14333218980319,-0.3104147306568508,0.059888094144879195,0.08113701585507532,0.06247161982266933,-0.09719675013097974,-0.03672240646578424,0.0005072855226260936,0.04441460938929109,0.12981104442564054,-0.0869918699186992,3.7014984737472756,13.701090951153411,-2.4558793771293104,5.982021379706461,3.6,-20.0,0.9636914420286413,1.5,2.4313008130081295,-9.2,0.3,1.25,1.8,2.5,-0.10924005802632758,4.033332501110808,16.26777106451676,-1.5507116590349679,1.6703039441198113,4.906076842440317,-16.52188641220889,1.5353671573585301,4.716245009665336,3.1475326238003065,-9.155237573846177,-2.2259467841795892,1.7140154731728792,2.4902982254857466,3.3460241497086107,-0.085151112565301,3.3161373352623724,10.996766826321027,0.984652898051717,5.321354642803104,17.735943535091916,-9.978025676752585,0.5404477704094501,0.7574364600694172,1.7788010710349063,-6.294656572726833,-0.477990572874941,-0.03081820083090389,0.27944588719447616,6.862745691754523,-0.10796085921625621,5.017022081010666,25.170510561348586,-1.0749280529816398,-0.28978065888124904,6.252325473341024,-14.174432161168589,1.638650409025464,7.079152103961442,4.263296265439629,-10.30509443441171,-3.7180768635277737,2.570122097575291,3.361075240433668,4.380135779967671,0.07209192900761198,2.6605859487697576,7.078717590791072,0.8313798543271255,2.9188106457802077,9.644355418236715,-8.25630911161415,1.048196394378169,1.5189370919845833,1.6303353431398653,-3.9215461178903626,-0.9177106552400187,0.016982156545196914,0.6012264367445646,6.013591908569101,-0.11909152841784341,2.882801070609052,8.310542012704698,-0.10477136226025895,5.81967217138401,11.451968106480512,-12.002312284693948,0.2658690229748663,0.3779796766312805,1.381446714394304,-5.4751754578613285,-0.20538332513234658,0.016681843259579963,0.17259635149893396,4.293814117087415,0.03379297970618062,3.6572502669549802,13.375479515142274,-0.7339370861009418,5.337603657189341,11.869068169003134,-17.925212845260866,0.687273105276334,0.9278254209687902,1.9988025155249614,-6.537981077406546,-0.4072003821433023,0.03172711360316333,0.5206250388254879,6.7917226824393975,3.2585365853658543,3.323754778243618,11.047345825897283,-1.6442474209520146,2.2826549346131735,7.0,-8.5,1.482602218505602,3.7,4.231300813008129,-4.3,1.8,4.8,5.5,6.2,4.60148876908411,4.667704227685574,21.78746275715378,-1.599267843108594,2.103454622263352,10.89876545315428,-11.887588665298765,2.108559393551723,5.1462919737365,5.9583024158264,-5.829324056579909,2.591942076535812,6.815380917450508,7.738234050272312,8.703022258001631,-0.03629625134686021,0.42660262495175966,0.1819897996157317,-7.991117113488895,80.15556375227021,0.7704747944578472,-4.983760535133838,0.10222428407231189,0.13778289030917892,0.15536876179376724,-0.33191302033882725,-0.06991915614624145,-0.0012603967285797768,0.06786373416293748,0.31647883528823484,6.490818059782735,6.495900893588443,42.19672841932313,-1.6541179475847885,2.440071217274385,13.835954159183581,-17.487821923305365,3.0481031674897645,6.9883661854332715,8.321792486082067,-7.626979153620492,3.883490429424562,9.62043699876166,10.871856614857833,12.224577794549216,0.10803252533209969,0.8946854806141813,0.8004621092218285,5.7180449174355585,39.62548118146784,7.448244365491941,-1.4410656372851902,0.2429876982446987,0.3126599932119385,0.35033274220031424,-0.5885623524209135,-0.13789522457207293,0.004672562832698235,0.17476476863986556,0.5943074996846176,-0.05075090168325823,0.3393819455844377,0.11518010498867821,-3.952409761041349,18.007165075388755,0.5732880887440924,-2.089250476855571,0.12090574865784476,0.15889204845505253,0.15826351928274443,-0.29560824446155276,-0.0738136231363416,0.002075808272051616,0.08507842531871093,0.2119347309427724,0.04977963326111596,0.49128000990879844,0.24135604813598907,5.679456080448871,39.973576321258314,4.172698219090116,-0.715681599561521,0.17118288877946636,0.230299106826591,0.2107818658867156,-0.35387494585643126,-0.11205575024204747,0.006873155712532685,0.11824335658454352,0.3926384939936032,0.0013629636460260601,0.47945832302023,0.2298802835133712,-0.240976020265905,5.269509129003902,2.23338,-2.79187,0.10176878148266152,0.13733099999999998,0.26524792282407594,-0.8026545,-0.066007,0.0043,0.071324,0.82513225,0.0019262457567409933,0.6682588784041085,0.44656992856591704,-0.15255007294105274,5.211453101334849,3.15254668533593,-3.6871770380007707,0.14379085279900355,0.19365089368583038,0.37019463877879005,-1.085591447965209,-0.09390420651098211,0.006055041134341381,0.09974668717484829,1.1608427208540917,-0.00010665095112613994,0.11461782949798587,0.013137246838829358,-0.008569439096251349,12.934452339166752,1.031579113625552,-1.0395360287919944,0.010558778918762517,0.01422862147635695,0.052160785105221645,-0.16075765423542385,-0.007152885292519815,-5.9569440551819104e-05,0.007075736183837135,0.16144729199047933,0.002720681893483651,0.9410518342131698,0.8855785546759714,-0.13684828007799138,5.207250444392729,4.366278884524905,-4.996413967299807,0.20276021543586195,0.273500696524325,0.5205670906606914,-1.555543692920848,-0.13209976846941845,0.008409229586273853,0.14140092805490656,1.6468933584920586,-0.0028603892895270712,0.08570694947789309,0.00734568118880612,-0.19059287297089159,16.1277267870124,0.7521063917057478,-0.82731929024729,0.010086071546580653,0.013789296468577232,0.04040160302964576,-0.12747005660525804,-0.007690267316270818,-0.0002957805913910408,0.006099029152306415,0.1100719290627929,-0.00015012059367934828,0.09154412272396145,0.008380326405299716,0.17642522177886377,12.952859486246131,1.16645915126303,-0.9281079710898255,0.010776299444576665,0.01452064229499278,0.04401824538785585,-0.14206559873494434,-0.007394566896809482,-8.127007539899201e-05,0.007126075398183298,0.1368314244337902,-0.0017221855464806643,0.1337348785800424,0.017885017748818687,-0.07685512117215738,14.660319259774099,1.2166202473902612,-1.2917785058922417,0.010423927613612272,0.014045669559675428,0.058908234606209475,-0.18983225976246493,-0.007365190277370431,-0.0001717060260523876,0.006680479282304997,0.17728905767931083,0.004342994311695468,0.7033705344232443,0.4947301086948402,0.7201622211546409,3.54049796038724,3.962748,-3.104081,0.14484875414577883,0.194316,0.4126623882809117,-1.09234575,-0.108101,-0.011904,0.086215,1.411355,0.006147262071888182,0.9769482183240098,0.9544278212864571,0.7237811938444307,3.3801658524387364,5.1804606167025735,-4.27175640617383,0.20455506277650604,0.27537196899888916,0.5765973065738084,-1.5287749634597536,-0.1543894026028984,-0.01720705819847681,0.12098256639599073,1.9579529851382766,5.2655180485862255e-05,0.18685970751055533,0.034916550290930284,0.2056139284996806,13.796206368718128,1.9559115404159197,-1.7424912787249975,0.012603422274855136,0.01698117794905154,0.08374220844265697,-0.26109848194067803,-0.008715839033203646,-0.0001362865333521592,0.008265338915847891,0.25790079695248824,0.008708911881962697,1.3552705758728778,1.836758333826802,0.7350020352544581,3.225414211558209,7.146495705961411,-5.808104663637782,0.2881837119388757,0.3828622130964222,0.8022589818162774,-2.1319451799120452,-0.21164160856563258,-0.025084464500071617,0.17122060453078963,2.7362471203875676,-0.0012007045833998958,0.2676735425700145,0.07164912539198139,0.39503569044455444,10.031998313660898,2.1207809932262407,-1.8269929610999451,0.03743635930378167,0.05065369320453934,0.13370416415989145,-0.42429216539156944,-0.0262240942050143,-0.0006665972822721524,0.024429598999525043,0.4043160971107545,7.464648732477288e-05,0.18461308323012068,0.03408199049973147,-0.05372480111651664,15.429904917902899,2.118733255991719,-2.1291629840348296,0.010208175280636398,0.0137526008305193,0.08375246300405259,-0.263212525933898,-0.007042660360308007,-0.00010009786228654651,0.006709940470211293,0.2633210272905913,-0.0034002643882421217,0.189005500520459,0.035723079226989224,-0.5019631817521075,13.428969219101852,1.5584671796530198,-1.8133568002966924,0.01438117748950177,0.019404631734627073,0.08480090775784409,-0.27492012817910144,-0.009830529027852244,4.54432589737067e-05,0.009574102706774827,0.2613712450470089,0.0028384802582372168,0.24564090505992747,0.06033945423866031,0.24423758348580285,5.136207889924112,1.837346,-1.287561,0.04671827850733002,0.063202,0.1383581323859387,-0.41414675,-0.029566,0.00267,0.033636,0.42890575,0.004017114160966927,0.32739834049311434,0.10718967335764522,-0.02397351347114186,4.441738764295379,1.602007609798315,-1.6431253367800926,0.06391163997462232,0.08603787282101596,0.1856925748556672,-0.5501089228343597,-0.03798992434254987,0.004604033981812033,0.04804794847846609,0.5724564267459311,-7.172927082881725e-05,0.11608243197069222,0.013475131012230388,0.010995562714876802,13.372821653197551,1.3792715015812587,-1.3484255897801878,0.010683635809671712,0.014441823952227813,0.05466967237886153,-0.17260425794333567,-0.007225252285571641,-8.210648847051672e-05,0.007216571666656174,0.17823674840911297,0.005689081117798478,0.4581558173388751,0.20990675296145272,-0.05752285058057743,4.46078664205211,2.077296674283595,-2.3206775280576757,0.08943492765861728,0.12096421330477086,0.26012902258451276,-0.7569393288064841,-0.053960194732060734,0.006710717216600848,0.06700401857271013,0.7891693365680301,0.0019636033673197514,0.06647310425181058,0.004418673588872077,0.028437349049911742,12.342757392916397,0.5846708025639905,-0.5954337372122763,0.009651363070963655,0.013061154252451251,0.033185272150833355,-0.09703597943863218,-0.0059684260500268045,0.00022251917994507546,0.0070927282024244465,0.10488592932706925,-0.0001008546359883475,0.13970515773566125,0.01951753109794599,-0.10352446723920669,15.307245443455454,1.6498863093509615,-1.8624304322937035,0.012010446511123896,0.016190916647132927,0.06609950067288854,-0.2116999845785857,-0.008153915142817283,-8.969247282350799e-05,0.008037001504315643,0.21045819025106388,0.0012412552417212523,0.08616747226519539,0.007424833276573216,0.0068069049667629855,12.802082214931684,0.6960618912472206,-0.7767412813618624,0.009064070677920437,0.012245270302218421,0.039192474438464235,-0.11725364476962757,-0.006048970608485728,0.00011295383196822305,0.006196299693732693,0.1312004518545026,-5.744329409912287e-05,1.0934808594208771,1.19570038991982,-0.0002573855735549684,1.3250097537741858,3.518018,-3.522231,0.7591879637179618,1.0242645,0.7747695768216352,-2.03541175,-0.5117459999999999,-0.001077,0.5125185,2.036602,-0.00014556625218189556,1.5462579324062942,2.3909135935293877,-0.0001334220871711399,1.3283963920344206,4.970808476757545,-4.92686071602687,1.0697533074397354,1.4431461878336027,1.0952098773815968,-2.878454291597693,-0.7202467147046818,-0.0018856037503683773,0.7228994731289209,2.8775762903578976,2.2016276546630465e-05,0.015644171150123534,0.0002447400909743575,0.11019499585053384,1.1023101078727926,0.17469863986212597,-0.04635623847950468,0.014788506245832158,0.01992357519687854,0.012528348629541424,-0.025167260193556654,-0.009936414181255427,-5.850302941348001e-05,0.009987161015623112,0.025554046709418327,-0.0003887207438197172,2.18601905354505,4.778679302461997,0.00015066126388944297,1.3393820287796752,6.970305086472949,-6.945138916426524,1.4627176903404713,1.9748610428684157,1.5469734768974197,-4.063409758421434,-0.9839633519689553,-0.006096924060677385,0.9908976908994602,4.0713108697422875,4.046597586780559e-06,0.046694876384653604,0.002180411480578081,0.015314914952388002,0.27899730349105045,0.20361273105129019,-0.20571639956297866,0.0394210247024238,0.05325390131573649,0.03584960356910793,-0.08426994429311563,-0.0269345473000306,5.01274062789242e-05,0.02631935401570589,0.08456127987682499,3.344949510676694e-05,0.006677269346138788,4.458592592088472e-05,1.2007093515453515,23.903305809530877,0.1518217387914595,-0.022658668824786947,0.006231881781697856,0.008415160140557699,0.005233154587275646,-0.0103612521567901,-0.004185379152455262,4.51730360191802e-05,0.0042297809881024365,0.010321078684698545,1.4218691336531438e-05,0.021094095947403774,0.0004449608838382764,0.010334062210625524,-0.08014461121392769,0.09356367087222157,-0.07443582959157356,0.02196565018992682,0.029597011146954177,0.016955390991716633,-0.03697248298019395,-0.014870086496808595,9.116494866884833e-05,0.014726924650145584,0.03668281537497757
-5.266056910569106,7.278725424251092,52.979843801639234,0.8381183174333373,0.03685813224703249,13.6,-21.4,5.040847542919047,6.8,8.21239837398374,-14.3,-10.0,-7.2,-3.2,8.9,-7.41116009320104,10.335077728963707,106.81383166372161,0.8686502943888348,0.044797153086749475,19.276716750531598,-29.026969124011547,7.251936500490092,9.50277029758741,11.64793632377916,-20.03779706673933,-14.09357100779418,-10.390279940905042,-4.59080071020677,12.564920784738957,-0.06396707850187071,0.7448078444529099,0.5547387251585901,-4.513717387776144,36.82237203679925,2.351444639114542,-7.874310710555109,0.31007749271376306,0.42831146940541576,0.3664178354969523,-0.7250731852423846,-0.2217086513212747,0.007822878537937838,0.20660281808414105,0.631256880542125,-10.404852088520522,14.747147327393188,217.47835429584003,0.8880543041349744,0.0657963057767379,27.354520155203517,-41.76275324450264,10.470591307408517,13.444210622195683,16.550627034593443,-28.129786047691027,-19.90860557900993,-14.982620249704066,-6.464394956814245,17.947620120546908,0.11608219379684909,1.2411739226899476,1.5405127063655524,5.910278359692077,49.35449839781112,12.45662304350903,-3.3470311482955024,0.29940136858163835,0.4009636775861415,0.4795698144892507,-0.8516840906635355,-0.1786494199357079,0.015844570561055038,0.2223142576504336,0.9063984894509232,-0.09082184418245691,0.7053809649480984,0.49756230571111054,-1.5326229950105217,8.077161804738463,3.2690744657419706,-3.328494350737093,0.34294999020995237,0.4634898282557367,0.4102601901857604,-1.653430781846021,-0.2627501978149319,-0.011654654777267074,0.2007396304408048,0.6437521490801752,0.1165458823987905,0.7640872272335956,0.5838292908215242,4.159669642930039,26.66371788707076,6.431456593612805,-2.3009343822300616,0.30705953512395795,0.42587865852671425,0.376417840065391,-0.5275726501978908,-0.18385244050819133,0.008161904028189613,0.2420262180185229,0.8459582556438253,-148.74552845528453,14.360277909264296,206.2175816313041,-0.24377161105354528,-0.24102169465279966,-109.4,-202.5,15.270802850607717,20.700000000000017,148.74552845528453,-172.77,-158.8,-148.0,-138.1,-126.5,-210.2385332791196,19.07227434948472,363.7516488620128,-0.11794181801716298,-0.46271845400037215,-154.31630948200348,-274.1649698464982,21.34050219900459,29.472654927243354,210.2385332791196,-239.62340728950556,-224.78831855589902,-208.96479170613736,-195.31566362865567,-181.1089090429024,0.008745558102843833,6.99681587921909,48.95543244769241,-0.09000949984519056,0.25307752970197583,21.999188007883802,-24.4177276241918,7.3750392087618675,9.725412931509378,5.575629360994886,-10.913993221089665,-4.814760912242369,-0.07179366700493084,4.910652019267008,10.696304297367098,-296.95126582302845,24.945166965585663,622.2613549409463,-0.21969205858635021,-0.609752502925871,-219.75413167418247,-364.1759768803594,29.669211497217205,40.74793037493123,296.95126582302845,-336.75751131869913,-316.21473496178,-294.9542539757275,-275.46680458684875,-261.7318896702627,-0.6605393944800024,10.290985524470624,105.90438306486392,0.1086015737813043,-0.5546397753644312,27.05738507845878,-25.862240258748773,11.392343089989902,15.266146817425687,8.409589937170937,-17.101263045871526,-9.008944359026714,-1.0845053227285302,6.257202458398973,16.93281651399542,0.0352824477079588,5.809658419733479,33.75213095398011,-0.4310005088741497,2.600784325771281,17.802168562665663,-23.732490503016564,4.605074909592706,6.184423077854161,4.094439861032036,-8.764966678742404,-3.0407870079767525,0.2641490219062954,3.143636069877408,9.472772112972692,-1.0860650907349887,7.857031065568942,61.73293716531543,-0.10083304494132418,0.02284580086498611,22.903623720620292,-26.05659876816253,8.415055998078389,11.215376651392718,6.404244198993088,-13.43588417284796,-6.581483035603776,-1.1054433688643788,4.633893615788942,10.924062634707726,-1.33119918699187,8.948622105460752,80.0778375863408,-1.8559480151464165,5.021978327314416,14.3,-56.8,6.523449761424649,9.399999999999999,6.215548780487804,-20.04,-4.6,0.8,4.8,8.3,-1.9085967556755854,11.476830182264,131.71763103252596,-1.5319031952054079,3.8036599596696536,21.022718557243394,-70.36095747750717,9.485647741959154,13.843661764237279,8.4206883339839,-23.345229482569884,-7.7029613085880175,1.1410445850567625,6.140700455649261,11.042674671189678,-0.03828627619413167,5.257481309588744,27.64110972067498,0.6932997305862467,7.283813667372456,24.02437018178089,-27.45589212944256,2.15881871583303,2.8668739137119683,2.99712380815933,-7.448450180906592,-1.6093010161803658,-0.07558302280896534,1.2575728975316025,7.196349962799032,-2.7699550590675184,13.329846316537953,177.68480282252042,-0.5224271421697445,-0.6763054859539182,16.480067963083233,-43.097343008777194,16.58753822758564,23.313212902948756,11.023400588644217,-24.436004502225813,-14.519464163293062,0.3549189013649329,8.793748739655692,14.490928639223256,-0.6032792943351188,9.07848195533057,82.41883461326277,0.9398349079473769,12.566130561053695,64.50257708100462,-31.502924921465215,3.904083043515241,5.217605931931486,5.175526781007743,-16.51056729573306,-2.8261998161442046,-0.3437909647082451,2.3914061157872806,9.85179469378491,-0.05290074052444107,3.9924494225925296,15.939652391959422,-0.09887917921435971,5.023068483908769,13.904133518818313,-18.993751245835274,1.7155975706800204,2.2755287309022973,2.3973093563092247,-5.396701186028086,-1.216299652507152,-0.3075318060795381,1.0592290783951452,7.022533758466514,-0.6984725027876019,6.171936145154997,38.09279577987073,-0.3817147380452534,5.629869908767027,27.451080886721602,-25.19302770869582,2.2529626833255953,3.0620956788194915,3.5346408100698543,-12.554960660929778,-1.8466650079990532,-0.11139700915822293,1.2154306708204383,6.2736455364873365,-1.3539634146341464,4.113840477988459,16.92368347833631,0.3177272922451368,-1.1436806342432329,7.2,-7.2,5.337367986620168,7.225,3.8033536585365852,-6.7,-5.125,-1.8,2.1,5.9,-1.908256406135539,5.843872982330633,34.15085143361392,0.3255458459708393,-1.1408459340918973,10.164008419917941,-9.95804307325521,7.620117538412904,10.362451420197953,5.402320589416822,-9.515350676075341,-7.322824089912801,-2.5542558357357525,3.0396273302851524,8.336510713284117,-0.0048251385171202196,0.09897509358028463,0.009796069149226098,-10.398622471838811,172.40286178150748,0.2110725550773225,-1.6998174142124096,0.055701973226977994,0.07475828376590234,0.04961728431450015,-0.10499707125029095,-0.037572276574603644,0.003093864699673654,0.03718600719129869,0.09130611343409509,-2.6999559324119855,8.339505292383507,69.54734852169251,0.34197702585115075,-1.1332944622638799,14.30661870185331,-14.011467220418274,10.996367302701413,14.619574554067409,7.7175635554975,-13.504868848312451,-10.366863212896812,-3.729706112381276,4.252711341170596,11.997081375242953,0.015741291332923155,0.18705313446364139,0.03498887511267311,10.346770565459495,137.0171520357569,2.571646170433022,-0.4524224310124713,0.07371849755227684,0.09857313040253954,0.07201636591672635,-0.1108497752915083,-0.04831760508243358,0.0026561582588804367,0.050255525320105965,0.1237221215899107,-0.007090174129459631,0.08989810143828127,0.008081668642207508,-3.8004917514578196,27.986096606156227,0.16414711351316308,-0.7545719528876046,0.06675390451786731,0.09085289793729025,0.056978876562755965,-0.11351374235556952,-0.04495552335419501,0.0019561471455424376,0.045897374583095236,0.09655587044366329,0.007887606957345883,0.10584261757992451,0.011202659696170146,9.001816559209496,112.31378832780065,1.3839620335810865,-0.19443411492023913,0.04685256545537698,0.06588810948676385,0.047604967389528255,-0.08806782354610568,-0.0302896192100148,-0.0006886982840777876,0.03559849027674906,0.09215661533929852,-0.05132113821138212,3.622092088851729,13.119551100122282,-2.300905198804931,5.131929890564383,4.0,-18.1,1.0378215529539212,1.7999999999999998,2.471239837398374,-8.485,0.1,1.3,1.9,2.6,-0.05804418196635717,3.925692115121177,15.411058582724582,-1.33638778438026,0.8365368220835885,4.931707291131325,-14.747109155036409,1.581609662954456,5.104112485417072,3.200958358366254,-8.588901277213065,-2.4684298079059372,1.8372515200032298,2.6356826775111344,3.4062954189018413,0.073894698870883,3.271862561985376,10.70508462452151,0.6943482704042964,3.8898861470966217,14.98719230344787,-10.360182669241661,0.5805487901867956,0.7746397744744052,1.7790960211597013,-6.1863705129709645,-0.42247950852786603,0.0011485185734766423,0.3521602659465392,6.608223189780688,-0.03317992568717332,5.013011420901234,25.13028350608621,-0.9865879548268384,-0.5189280813474397,5.895559634751376,-13.705831444048666,1.8281607048485113,7.750141465938528,4.372365478615214,-9.655698455044831,-4.2531692357377695,2.695743705030227,3.4969722302007584,4.559760860280702,0.16851127318144332,2.3307060695904296,5.432190782825669,0.7070146953395241,3.117580885450355,9.680748920843628,-7.485010933175281,1.1103918439311709,1.538001436125561,1.4632091327681147,-3.8736297304082683,-0.6288699159733625,0.015551492058856475,0.9091315201521986,4.700979273607361,0.10354978313098971,3.19152458607636,10.185829183529881,0.48611152523629686,5.245995128292877,15.358182481491776,-11.86132372149789,0.357710174575041,0.4791925823370442,1.6075246217370125,-4.630075774635826,-0.25214934544717515,0.014285274370730875,0.22704323688986908,6.08291327913599,-0.36049208330120547,3.285732371813745,10.796037219184777,-0.5296671325652286,3.402942215815755,11.253446547392663,-12.410341401785212,0.7243012310071181,1.1189588945823599,1.8673386178122338,-7.265511355956038,-0.7614087388245085,0.007313688573559714,0.3575501557578513,4.64957749843483,3.1326219512195124,3.442755271156973,11.85256385707912,-1.4446770782564893,1.1709362224533244,6.8,-7.4,1.482602218505602,4.0,4.258841463414635,-5.1,1.5,4.8,5.5,6.2,4.422307715315748,4.836673621650333,23.39341172236815,-1.4077050904017878,1.0382389739159201,10.261529692121883,-9.888209322318145,2.055788146881868,5.595380246979301,5.9990815584501584,-7.122415123212672,2.1345567202485087,6.782843172840349,7.729936967227809,8.7114348013741,-0.042247581299828016,0.4220672446305896,0.17814075899005796,-7.620117149867628,71.28268032469146,0.7247355430975393,-4.42428526178317,0.11559159157865019,0.15692073193137296,0.16123743671983187,-0.37558549790880397,-0.08201954517389698,-0.002698070592042079,0.07490118675747598,0.2712717315224244,6.23245464421149,6.740415821258718,45.43320544347484,-1.4468656288936035,1.2607038621538624,13.27230410798206,-14.678690898946359,2.9947595491418553,7.541721206660428,8.378514024475939,-10.083952283628099,3.3414240965669166,9.488422686672214,10.883145303227344,12.287525999941028,0.10239939586530837,0.858282283702215,0.7366484785170895,5.615193859768108,37.121267805087065,6.450037791725575,-1.2467924197592577,0.26222544867162473,0.33731005295916716,0.34112618382131493,-0.5532152755470623,-0.1509944067434133,0.007424878647493971,0.1863156462157539,0.5908201931392522,-0.058735929766743224,0.3289848531876964,0.10823103362693015,-3.7891806936351813,16.205811931366462,0.47087331171519986,-1.85634615007152,0.11375634023400011,0.1497840154901138,0.15434623563852856,-0.28808612620180185,-0.08493645842589137,0.003916669567840619,0.06484755706422243,0.2320237758913526,0.05310852822121333,0.49039303846553184,0.2404853321754566,5.332929823076627,34.10793983794764,3.6674968041034304,-0.6156452812023996,0.1775443998511817,0.2392015276713872,0.2173294260372614,-0.37708252518129404,-0.12095491615069537,-0.0024944028488160623,0.11824661152069182,0.41390399213981793,0.0015495188377893496,0.4491677997663333,0.2017517123469289,-0.03981154745076604,3.1227610438069204,2.106495,-2.421258,0.11348875201994832,0.152901,0.2722898054084803,-0.815194,-0.073554,0.003944,0.079347,0.80149325,0.0021909491539136476,0.6245837651202671,0.39010487965180907,0.04022893402691277,3.1414573614560517,2.97363030070995,-3.3513087220678233,0.15852659147865097,0.21382013744565087,0.37869542635555686,-1.1167896995167579,-0.10423284231720917,0.0046877918414375205,0.1095872951284417,1.1293929307232722,-0.0005112790289392789,0.11552413682414302,0.013345826188963315,-0.03148917155082608,9.302741987382593,0.973180878943161,-0.8058568663840279,0.012728760766311482,0.017166726619095646,0.057804462091774284,-0.1850493087485754,-0.008634963633823326,-1.8661206674006417e-05,0.00853176298527232,0.1798284389379226,0.003097787852365801,0.8791205618450509,0.7728529622587581,0.05880689889053643,3.128778346278703,4.120367790868058,-4.496664819315532,0.22357460453898284,0.301490337108282,0.5330751127223473,-1.5685700874984403,-0.14786455380369107,0.005873640937032571,0.15362578330459092,1.5913686840059993,0.000528445951549664,0.0845789329965108,0.007153595906828262,0.3425435762010156,7.2357324779973595,0.5915498680431036,-0.5761327728480594,0.01236349322551801,0.016687402398985595,0.044737126037182794,-0.13879914662982054,-0.008835248557997367,-0.00011461740937710862,0.007852153840988228,0.146385320391441,-0.0007224467760379839,0.10702681837337694,0.011454739851127814,-0.003837858621988427,8.009856164879237,0.8719931858167328,-0.6408928909114361,0.013385378561705706,0.01804736472564366,0.05484927759881968,-0.1732924993349425,-0.009111433254158441,-8.234617827534903e-05,0.00893593147148522,0.1636866162427305,-8.302050409164794e-05,0.12340951948337277,0.015229909499116961,-0.1628719845659394,8.507998723986491,0.837159808757173,-1.011344892994105,0.012590598244297944,0.017010800604274526,0.06157599648282743,-0.20250378121724477,-0.00814868731211154,7.462122110494563e-05,0.008862113292162986,0.19677306319813703,0.0057377482606222364,0.7102039394952029,0.5043896356745058,0.6799605272271805,2.510772836982208,3.873101,-2.787251,0.17469205420207806,0.259869,0.44210160114645775,-1.123605,-0.158212,-0.011844,0.101657,1.4068787500000002,0.008121769849307946,0.9812643617366775,0.962879747614489,0.6479708160323965,2.2742635515256593,5.362612228987082,-3.6727804311488517,0.24844865250893533,0.3798450776831441,0.6171298274609397,-1.5385091779131277,-0.2368158618000958,-0.016932103983333842,0.14302921588304826,1.9623565577430333,0.0011646994797330017,0.21393088352753772,0.04576642292687291,0.016059215467383797,9.439969425951759,1.7296086165441995,-1.593826998738756,0.016925829547117355,0.022831937630094147,0.1036593145612089,-0.31775729868861075,-0.011925732858843605,-0.0001489066698566071,0.010906204771250542,0.3372413785894391,0.01150698524208663,1.361855520687304,1.854650459226488,0.6169116016181122,2.114692766019952,6.987881776514128,-4.713211826408063,0.3446800730617321,0.5229349469326995,0.8609917486260706,-2.1386669295382763,-0.32308062945885985,-0.023756427841173367,0.19985431747383967,2.7057496350123698,0.001119996674397888,0.26571622754323365,0.07060511357980752,0.3350695994483576,6.342602177832159,1.8484959183251122,-1.7866944349724745,0.04584717076154803,0.061825700506875705,0.1451028359500261,-0.43836669433689207,-0.03360586762122829,-0.0002750002314580919,0.02821983288564742,0.4561630532175097,0.0016466298652461834,0.238312567452569,0.05679287980583526,-0.05117151848459077,9.518495783849916,1.678548335967875,-1.797436690692258,0.014662543883631165,0.019778694771249557,0.11373921535709326,-0.35189167571338453,-0.00941778127466436,6.73224162930641e-05,0.010360913496585194,0.3670158642867607,7.285505412545223e-05,0.18632218549730434,0.034715956808491884,-0.0033202884147526274,8.622514803255582,1.4255899935933822,-1.3563757422350264,0.018475930389144087,0.02495430684708789,0.0925528438074016,-0.29510412515672163,-0.012089349485379965,0.00016548554580969005,0.012864957361707924,0.29360660403397154,0.0023647364459808344,0.22700079657923883,0.05152936164760897,0.14578470327872417,3.413054342254121,1.272518,-1.215468,0.06868599557892752,0.09258075,0.13683556902813634,-0.39786275,-0.04582075,0.002307,0.04676,0.40835774999999996,0.0033465485362783767,0.2919189417546205,0.08521666855513753,0.01807021116092584,3.0702341191714666,1.458369258799072,-1.4236510275690808,0.09438393052172615,0.12706136850816305,0.17869487170668127,-0.50806826848096,-0.06091576502290463,0.0035904658139542457,0.06614560348525841,0.5240363280177323,0.0008292401140663774,0.13352119287597944,0.017827908947024504,-0.005218948663289982,8.361024752110904,1.0331256865078873,-1.1068078203393283,0.013478275004243671,0.018175197063930622,0.06734457643016781,-0.20911067107494385,-0.009122415486756626,-1.41156580697598e-05,0.009052781577173995,0.21905215403114087,0.00473909857684092,0.40748395884738386,0.16604317671793645,-0.01022633996184723,3.094154394516014,2.0489524388175706,-2.0062191673121226,0.1326866687048149,0.17858646697765307,0.24973778159524737,-0.7198872501605665,-0.0848286273118094,0.0048754109632608966,0.09375783966584367,0.7258910043358692,-0.0002710359686655876,0.06592125455218271,0.00434561180173367,-0.5615583111880651,6.8734357569969475,0.4077700944423722,-0.4791683750385094,0.011935958616721733,0.016163328344058134,0.03589774390866034,-0.10956798229680288,-0.007319757118851299,0.00015079768900761728,0.008843571225206834,0.10748557628837217,0.001171874143221909,0.17041161341430502,0.029040117986466545,-0.04507764979679873,7.649226225501005,1.1670695764720236,-1.362620199730099,0.015302625209999202,0.020631445673867085,0.0858483170351597,-0.27027205753610123,-0.010148547751048287,4.2928574416234074e-05,0.010482897922818799,0.2890071826947516,0.0001246000162036827,0.08127936243174752,0.00660633475731137,0.2212095469006898,9.132804189629852,0.6220864322749413,-0.5680074227846937,0.0108047237242192,0.014609438180250895,0.040827207558976765,-0.1283614163306947,-0.007673213206437754,-0.00019412898998547826,0.006936224973813141,0.12889220607730875,0.00011603564083490138,1.2698515411883862,1.6125229366585196,-0.0006808581767303439,0.9537206641125939,3.713634,-3.724432,0.7812794780748046,1.05394825,0.9022081690150091,-2.3691815,-0.52654625,0.0003015,0.527402,2.36663925,0.00020781919685303825,1.7956623588332963,3.2244033069307574,-0.0007399060822392524,0.9570903443476704,5.248749316152777,-5.242878838385559,1.1057830783881861,1.4918670658372575,1.2753629499567016,-3.339723552567892,-0.7455125609542744,-0.0007762602526572961,0.746354504882983,3.355753777967523,1.3985604457946423e-05,0.01630614911385684,0.00026589049892333414,-0.11206321508616697,23.972517932085257,0.32526439910397864,-0.3936662324414517,0.01483386137320754,0.020032837080911036,0.01256838946444454,-0.02529579141714651,-0.010050739546630789,-0.0002497729428178573,0.009982097534280247,0.025322673727035727,0.0004206661852074701,2.5386630227711797,6.444809943185704,-0.0008426475403411356,0.9673085758113475,7.331368657275747,-7.32479927385731,1.5455416687348618,2.0840459949953614,1.8015429055071408,-4.714140790428546,-1.0388236350012252,-0.0027155921270340805,1.0452223599941362,4.748447431052295,-3.8935562880631366e-05,0.04995438512089867,0.0024954405928070624,-0.08702599909463558,1.8753069785801282,0.31828805135529303,-0.5465883951720835,0.04035239329199529,0.0544581042978374,0.03738988701514986,-0.08893344820793743,-0.027469345849418215,0.0004983912297598647,0.026988758448419185,0.08958003158331256,1.8361449227509052e-05,0.007778468371643912,6.05045702086647e-05,2.092801084506156,84.53745880152243,0.2000907992756871,-0.15996126348310485,0.006580200288593643,0.00887814497015264,0.005727386062491303,-0.011337165095595349,-0.004430477505561409,1.5445614230801528e-05,0.004447667464591231,0.01126191520463098,9.405237579828446e-05,0.021706794047108117,0.0004711849078035684,0.552066555816779,8.035050124255973,0.36402789397156154,-0.058128526267686144,0.021126723053832928,0.02841098773131389,0.017043897969213587,-0.037139016136263886,-0.014392854695505275,0.0002687698664533807,0.014018133035808613,0.038129823455507736
-5.609683995922527,8.052719891908065,64.84629765753184,0.5213801040914461,0.24933495619043233,14.9,-26.4,5.040847542919047,6.300000000000001,8.748929663608562,-17.8,-9.8,-7.4,-3.5,9.2,-7.877589700386037,11.409304480474415,130.17222872817354,0.544450114175137,0.26194341738422455,20.998334850758035,-37.81396330266985,7.095754929924796,8.983585742404586,12.37188081417607,-25.077029212359246,-13.990536147016993,-10.35787782585733,-5.0069504046124065,13.04811783557674,-0.007923824543548808,0.8446805593995235,0.713485247427492,5.772767451799199,77.6326996864004,10.986088518510174,-5.53479204995491,0.3077650378950141,0.4141439343979769,0.3633236198059124,-0.7288170385436594,-0.23735244318809928,-0.020473340804883944,0.17679149120987767,0.5643931723303427,-10.975835478318189,16.249225357820354,264.037324729232,0.5814283383901706,0.2710429167583257,29.369410007514304,-49.740158723060205,10.08596473811297,12.325744865208131,17.512049494231956,-34.255612258897166,-19.29020802090387,-14.912280297285816,-6.9644631556957375,18.694749353362592,-0.06563507872881058,1.1947460558835963,1.4274181380494095,2.849007288597166,61.32404567672603,12.739219730432106,-7.766378567409275,0.3029166674002683,0.4110236256580611,0.44689721251796083,-0.8707216877901602,-0.21124195355579076,-0.00979392319718908,0.19978167210227035,0.5885964937576194,-0.011186776582271664,0.7585199465747167,0.575352509351711,2.526883908506566,24.57927103380668,5.567776868732519,-4.395964183929463,0.3058462385028785,0.4148519114577178,0.3651739757681744,-0.7341069310777666,-0.24615046717454353,-0.04270305825280758,0.1687014442831743,0.4994721144850023,-0.006498730128389813,0.913748302061197,0.8349359595197204,-4.532450381672249,59.131077830132014,4.808600523473019,-9.996241311660699,0.3236990003231356,0.42866593380516793,0.4129371467599932,-0.7317251339720549,-0.21112735358386747,0.010553270198994538,0.2175385802213005,0.746640081172793,-149.32405708460755,14.775011698676511,218.30097069602778,-0.277974699788172,-0.32314164765215647,-108.6,-202.6,15.715583516159414,21.19999999999999,149.32405708460755,-175.1,-159.7,-148.7,-138.5,-126.8,-211.03832601998343,19.777722362563637,391.1583018506498,-0.1616048780542437,-0.5955760153122469,-151.14253420217435,-272.78908579981146,22.120284298526858,30.15571450420822,211.03832601998343,-242.69924572683303,-226.51405402728057,-210.52747823496887,-196.35833952307235,-180.8559337118521,-0.07754283876722222,6.733380728975191,45.338416041334476,0.11911911973219384,0.8083513570317855,23.512803402740005,-22.637824665837684,6.110178520628523,8.231202891826605,5.2456650735214305,-10.209558217123893,-4.389247046647628,-0.24174791936304008,3.841955845178976,10.314384822792471,-298.12923170527864,25.918654357227854,671.7766436894464,-0.2312270756836721,-0.925014782222159,-237.20374415048187,-359.4338128666696,34.4479165010751,48.713984445784035,298.12923170527864,-340.47337064577874,-322.2310253587215,-295.20669986131213,-273.5170409129375,-263.3978875440396,-0.8008535455477286,10.50530021265745,110.3613325580607,-0.0940517875154047,-0.4981312590352127,21.871129579535044,-30.95381686547213,11.07611139055743,14.801616432568942,8.605751602372385,-17.372648335107808,-7.852816296122243,-0.5436417899012129,6.9488001364467,16.152905900245468,-0.10798857026802583,5.848810242732058,34.20858125548744,0.26971962778993014,2.298080846200871,21.90931062853354,-16.850425127818816,4.316020583074457,5.66124376693414,4.096007096478468,-9.5664528511819,-2.8640508330912935,0.08094620548155868,2.7971929338428465,8.807159248650466,0.15650404754190922,7.445909895392947,55.44157417031061,-0.05117258502626929,-0.12908412597868146,22.203775632951686,-19.274760346887014,7.066506068999385,10.00868649707675,5.881664062215334,-12.563947455785632,-5.078283562803156,0.5774691502441291,4.930402934273594,12.62174184432837,-1.6545361875637106,9.409088169282649,88.5309401773347,-1.874245661017764,4.931189421282576,22.2,-50.4,6.375189539574088,9.3,6.3713557594291546,-19.6,-5.0,0.6,4.3,8.2,-2.360098219991071,11.356107748633278,128.9611831985688,-1.3891867946093372,2.681637909824264,14.069749624808761,-54.17773476323929,9.967396835239825,14.737063883491405,8.417869132418854,-22.400887347968833,-9.006097822507737,0.38209413781963353,5.730966060983669,10.990879716790152,0.02529124106438203,6.854814084181991,46.98847612869979,0.17541561436285436,8.984513885440343,31.961344790230005,-40.128411135865086,2.192195608399426,2.9389904902318675,3.6318234496130386,-8.735923237408613,-1.5847413746334142,-0.15810112513514962,1.3542491155984533,9.421204023123789,-3.3965424521656087,13.528899844936259,183.03113101431634,-0.5120430097322846,-0.697849635012322,17.52946560860878,-41.8650960530035,15.651965126858029,22.51357142119617,11.245949662855779,-25.277374759288385,-14.599092299720374,0.45849712381495655,7.914479121475797,13.984585836475155,-1.5984984291393116,8.356438913064569,69.83007130777976,-1.4348263454978976,7.815835979143204,37.22672984372581,-43.325527871914126,3.9970800741559946,5.364734624209879,4.828427731218289,-18.494437230053755,-3.1323773526003498,-0.25842890532517987,2.2323572716095295,6.0551545223320105,0.03489108294189504,4.297899682340481,18.471941679462407,-0.2820455736639208,4.6742186801873675,15.90124184247801,-17.602056904407142,1.8426671757833253,2.536532611420742,2.5432048037646964,-7.239687942051829,-1.1818737599699642,-0.036543250528644156,1.3546588514507774,7.157395186401891,-1.5326058035819983,8.48723353309733,72.03313304533178,-1.0101372165602664,8.306421836869177,44.42213838141407,-38.322749985973495,2.6449472113711625,3.5430311895488957,4.566679889887313,-17.192334943740647,-2.1361481239821334,-0.2841938630252554,1.4068830655667621,7.925912665959845,-1.1556574923547398,4.145970754523892,17.189073497367414,0.18782210213773487,-1.3023268579704996,7.0,-6.9,5.930408874022408,7.9,3.7917431192660547,-6.7,-5.2,-1.4,2.7,5.8,-1.6374530651685653,5.88650907303669,34.65098906694327,0.1971814904177892,-1.2964831714396579,9.881165707443323,-10.097029752524518,8.322257276676162,11.134817239472076,5.385063734703678,-9.46322939170624,-7.360215721853284,-2.013370294852556,3.7746015176187915,8.206804178186815,0.0068806362010350565,0.1869539912227202,0.03495179483410494,16.033558789219427,318.7471755051006,3.737381735381708,-0.6685650332213622,0.06177812778790594,0.08400189138289699,0.06210888651581357,-0.10896084983342019,-0.042979412794908065,0.0013907086606804175,0.04102247858798893,0.11462216281121954,-2.304021894858294,8.387029294656964,70.34226038943409,0.21363646822377105,-1.2894067423541096,13.900281829916327,-13.80949740890094,12.006377564334668,15.980742503846503,7.68270849124539,-13.326740440673387,-10.4832099657457,-2.931551142649858,5.497532538100804,11.79817932949379,0.00691008280790329,0.31705349749346734,0.1005229202728401,8.739321906701882,139.27014314931193,4.299132202648584,-2.100704453412356,0.0735526204188106,0.09665724188509339,0.09030373577532212,-0.13360261556587844,-0.048152998626385425,-0.0020942928490030877,0.048504243258707974,0.13626934588566772,0.009598617950533187,0.13015738549695213,0.016940944999402203,7.654030290074564,85.9556124062387,1.585963133848907,-0.23129056272053247,0.055739727897293305,0.07526956909366014,0.06081369087271629,-0.11304859310637816,-0.03855022792323361,-0.0033835380831456013,0.036719341170426543,0.1337042204999366,-0.004473558578615194,0.22836088801061682,0.05214869517299748,-13.491137867537796,200.07218628505674,0.34963123682598496,-3.4320619232656684,0.06388464027271255,0.08477759039022215,0.06635650714179787,-0.10541688789237627,-0.03532331602053741,0.008998972216700613,0.04945427436968474,0.10370930065090969,-0.06513761467889907,3.6982525705883615,13.677072075863423,-2.235796953315592,4.841624479750939,3.9,-17.6,1.0378215529539216,2.3,2.563608562691132,-8.8,-0.3,1.4,2.0,2.7,-0.07528862970221442,4.209206936821582,17.717423036986926,-1.4987612975986908,1.458089617710086,4.966469850784232,-15.56337158975042,1.5429656742717082,4.423306840231377,3.32606333404456,-9.14416950262222,-1.7150937346154584,1.9058532373850867,2.7082131056159184,3.591385266542815,-0.03496400797597582,3.0799836935382534,9.48629955246154,0.49970552643238286,4.184057328210055,14.070886579779355,-10.07065959167058,0.5788558487030775,0.7791387863496497,1.6913006344457704,-5.900047650072275,-0.4000250359385347,-0.006104256977563213,0.37911375041111506,5.473261028734687,-0.0682806616355596,5.270226337622568,27.775285649770584,-0.9993419128335174,-0.4737090321615707,6.014949815464583,-13.968053718941402,1.8406261016319565,8.496945415041555,4.5896793969912455,-10.955993246415918,-4.775260045086518,2.86516767664194,3.7216853699550376,4.6078153196425635,0.34956700368448257,2.692621746971918,7.250211872266105,1.1890529229608218,4.795558154783265,12.244171161458649,-9.27142760268492,1.1001611666003597,1.5220705490561732,1.588525617131769,-3.2033341862655873,-0.6257036790891514,0.016611938282636407,0.8963668699670219,5.757607678544046,-0.04912923191116431,3.0179538732176416,9.108045580869366,0.09903143440685236,5.603810791723564,13.293864143190284,-11.341895518524042,0.35032870409380257,0.4850785564837794,1.4836959627522632,-5.437848255179628,-0.2956373940536744,-0.010525731105888371,0.189441162430105,5.460111272936308,-0.20435492224693474,3.0976127727371594,9.595204889824393,-0.5749895785911547,4.371162989790535,12.633415096021455,-12.05507895201435,0.6219831117714524,0.8069133975464519,1.659310552620488,-6.868440129189102,-0.3961661225925689,-0.017265611011172903,0.41074727495388297,4.904207619947474,3.3110091743119265,3.4926602960852913,12.198675943850594,-1.7505463114995652,2.3732821170443517,6.9,-8.5,1.334341996655041,3.3,4.42986748216106,-5.5,2.2,4.9,5.5,6.2,4.679044952726875,4.894925425435063,23.960294920570636,-1.7368073180699863,2.35616199701815,9.722173839659972,-13.05642559206815,1.9870555736245772,4.573475079899977,6.231697005294599,-7.823492212514375,3.213990403874523,6.9298624143588725,7.7874654837745,8.806738879535747,0.008697207103467703,0.5171838223077394,0.26747910605684333,4.109153992779319,87.7239845808243,6.306866367017562,-4.6776626178558445,0.10611147512005897,0.1343552054842661,0.16679115405146314,-0.306646670415823,-0.05993170585766998,-0.0013144574958209396,0.07442349962659611,0.29683505063763416,6.607891498841981,6.842732019624602,46.82298149239579,-1.6837086006714652,2.118707001482079,14.468440633952417,-16.050309818308328,2.7345002531471345,6.27953430698824,8.775605783842776,-9.7390346625237,4.720372806103728,9.839590117762423,10.999907113091968,12.20100790778131,-0.04470985167773263,0.7310826897228475,0.5344818992123933,-4.950399314318717,45.743114576438174,3.5270342762862477,-7.069626601493201,0.21134477752349695,0.28735530558223976,0.31007984558929835,-0.6857905855528202,-0.11641699599198657,0.02361300680357048,0.17093830959025316,0.5030613057419965,0.012065879233542028,0.5083657922723205,0.2584357787526641,1.3397818095223761,47.695698241561296,4.308882885245419,-3.840772388639865,0.10210285559331136,0.1363786113227237,0.1694943812440418,-0.2704871776662167,-0.05904498375909624,0.008683105822283259,0.07733362756362745,0.2649712005307936,-0.000836893229219136,0.5197407347814188,0.2701304313911291,2.2305033197876183,26.039558602434546,3.8700897236152456,-2.874748808045327,0.13634354957971706,0.18225691203129404,0.21906197300554103,-0.4695253951770594,-0.09928569893057454,-0.008733211326383203,0.0829712131007195,0.27957504495690383,0.002329753959155946,0.4587184144485041,0.21042258375414957,0.0592922278598562,3.551952499205022,2.131396,-2.586893,0.112344183107262,0.151549,0.27501931308113614,-0.7979,-0.07397,0.002339,0.077579,0.81722775,0.0032832446856326586,0.637281783564639,0.4061280716633275,0.15311623387599657,3.588415576560868,3.0192610045720523,-3.534080380864428,0.1573626886492843,0.21265881697534755,0.3825674888811483,-1.0869874208699173,-0.10510445960668305,0.002751164965383201,0.10755435736866449,1.1510913609587312,-1.106497114921443e-05,0.12109736009612526,0.014664570622250631,0.09991101948811815,8.974560668586511,0.9021382881528739,-0.8344390174971146,0.013169299163055776,0.0177529004790263,0.06002340801643665,-0.18861098157641226,-0.00886608104277357,-1.4999698616486408e-07,0.008886819436252729,0.19297942246685243,0.004610112233226123,0.8963306167198801,0.8034085744694407,0.17762932733934977,3.591191975277309,4.1364112958368136,-4.673827111224408,0.22144385600312766,0.2994659718321765,0.5373889246528704,-1.5185316684492614,-0.14842512037479796,0.0051715128588745735,0.15104085145737856,1.6329943035445824,-0.000997208105094402,0.09297360963776415,0.00864409208907535,-0.1260112698002731,9.552024652874739,0.7076782210070653,-0.7513606657044799,0.012237193399815863,0.016483220949710945,0.04682020096914285,-0.1456942727140491,-0.008531258214248275,-9.068365778459615e-05,0.00795196273546267,0.14166047120454744,-1.5164282611373086e-05,0.09980108887616113,0.009960257340867413,-0.19763435156214057,7.275043182154738,0.6447594020207741,-0.6724355826464263,0.013309409119117103,0.018008221093438588,0.0517023930347333,-0.15923186206593185,-0.008890628275689979,3.8807056363747406e-05,0.00911759281774861,0.16059215566055562,-0.000622783981006873,0.1391439578704324,0.019361041011848667,-0.20815575979868073,9.7360399577998,1.0879753117804696,-1.1648397758831786,0.01274140796520217,0.017134508932681085,0.06716965082455024,-0.21791665819071845,-0.008532404889017606,-8.555759572831986e-05,0.00860210404366348,0.21572928180397183,0.005974340444953932,0.7038000369440881,0.4953344920024998,0.6491155163293388,2.491409585705248,3.962628,-3.448431,0.17121683460190093,0.26378999999999997,0.43903546025983947,-1.102335,-0.165017,-0.011664,0.098773,1.40132075,0.008456232297868876,0.970286147839281,0.9414552086887911,0.642119152062162,2.2286331247530082,4.932964047805278,-4.0853643157834565,0.24214886942520578,0.37427985392115243,0.612379131760626,-1.5224932277932928,-0.2344552590934162,-0.01576243320730136,0.13982459482773624,1.9523959267528266,-8.2731135179207e-05,0.22155887872030341,0.04908833673979812,-0.032794850989613974,9.766263520423925,1.751378007239015,-2.1639344141448404,0.017196466589559443,0.023198959479438525,0.10761430719780063,-0.33522683390896013,-0.011408173271329829,1.5313763699091685e-05,0.011790786208108696,0.3408813341420545,0.011979547101113994,1.3434004496896048,1.8047247682262322,0.616538609835347,1.9946026452011667,6.601050586026651,-5.173416968620764,0.3375391490960841,0.5243087588534276,0.8529317274763961,-2.113877386902705,-0.32739289364767826,-0.01914176531558972,0.1969158652057494,2.69997281083115,-0.0015507484023383124,0.2787590835701062,0.07770662667284545,0.30139225651145685,7.589792848718277,2.083495868576433,-1.6776588330145665,0.045519600135190054,0.062085549183076225,0.14753645209879832,-0.45240331942168643,-0.03402667780901705,-0.0008916957398187268,0.02805887137405917,0.4490633922693892,-0.00011704252292559734,0.22088282511289228,0.04878922242985256,-0.00447610155668328,9.002654589554789,1.7722469244465773,-1.9170111243204868,0.01434358423526264,0.01926981749023428,0.11028290718204906,-0.3501713677713429,-0.010065786381906012,9.087931851279379e-05,0.009204031108328266,0.35067690239421584,-0.0002366384015419464,0.22217651533101157,0.049362403964631214,-0.01773777893753437,9.531123614195698,1.6922498051512125,-1.8828335124741,0.017919422616352498,0.02411155683200696,0.10623381664719354,-0.3601332230233522,-0.011901078354000835,0.00022819546871039628,0.012210478478006125,0.3435811608890774,0.0030559217084872416,0.23180094415806315,0.05373167771256951,0.16405515748124605,3.749672875312111,1.533854,-1.196477,0.056582031067047796,0.07687,0.13737796412346623,-0.4034415,-0.037489,0.003033,0.039381,0.41221375,0.004325486900030521,0.30213079653389574,0.09128301821420631,-0.04702916761532997,3.6133372805733597,1.5996794643131236,-1.5796372266870948,0.076251319263845,0.10295757115966954,0.1804415528018668,-0.5307890932926085,-0.047490955086790604,0.00482794034414394,0.055466616072878935,0.5371467403687039,7.321307322881565e-05,0.12714866530674795,0.016166783089287408,0.10065886214982923,7.874669329414276,1.10839066486377,-1.0337233268960566,0.013661998210643428,0.01843188863995597,0.06497520397240682,-0.20307410981584398,-0.009186155552446298,2.1666492217457323e-05,0.00924573308750967,0.20535802142707976,0.006128043423808665,0.42159661469840276,0.17774370552515348,-0.08371449374284713,3.5857239012693185,1.932270990512645,-2.181927100178545,0.10550555542329902,0.1420677856127685,0.25196289985741455,-0.7445319488629689,-0.06572539773842348,0.0067384265930563675,0.07634238787434501,0.7509976548116276,0.0006469107368454004,0.06910811696007153,0.004775931829766927,-0.2839894898556034,8.499734227105343,0.6034488997371663,-0.5343060978630128,0.011914336090276843,0.016054630037357756,0.03679182642835213,-0.10624862650254367,-0.007607050327340827,0.00014896480214266622,0.008447579710016927,0.11411822840188654,0.00010274523851099322,0.15835928064031252,0.025077661764917263,0.1965188884123987,7.8832864704625685,1.1514849695575464,-1.0374004144973072,0.015634698811650593,0.02109990794741554,0.08079845029662347,-0.2578632242830384,-0.010618559201134546,8.734264064488785e-05,0.010481348746280993,0.24936819896245996,0.0005069197332007896,0.08513182227820805,0.007247427164408401,0.11878994800080687,9.694881294331854,0.6771968163047067,-0.6486185030761312,0.010614485872427741,0.014291894233477598,0.0420100656760668,-0.13232500880870693,-0.006945313715800978,0.00014180504731152327,0.0073465805176766204,0.13447120346003713,-2.20807965015068e-05,1.2672200649824605,1.6058466930941515,-0.0004896473651975033,0.81459618361836,3.566603,-3.573798,0.7808510060336563,1.0537307500000002,0.9057802855262598,-2.3834210000000002,-0.52602,-0.00102,0.52771075,2.379273,-6.648291813209789e-05,1.7919318269671578,3.211019672497856,-0.00043029700788825993,0.8179728100887562,5.035123812709963,-4.999974827101061,1.1052244985261936,1.4908226635602215,1.2803717462272275,-3.3618997707000147,-0.7445106938379853,0.0006808764975039404,0.7463119697222363,3.3641944861786928,1.269448422958976e-05,0.016756960969107233,0.00028079574092018325,1.158724003987262,38.876511207087276,0.48106946693295904,-0.2536713375827529,0.015205120377059178,0.020535791545497863,0.012847484676369522,-0.026239731819604005,-0.010285504933088266,-0.00013248234706906246,0.010250286612409598,0.0266483596861581,-0.00019710489510346246,2.533378638494916,6.418007325982355,-0.00027628879551961803,0.8283761158513867,7.02994899522725,-7.040525425975108,1.5493375716098454,2.0910874044830523,1.8085430387474146,-4.7509008573005245,-1.0433214070037018,0.0001314910351400099,1.0477659974793505,4.747502733630546,3.766284801053042e-05,0.049606963071761344,0.0024608507852030936,0.11658556612606777,1.5283774917313835,0.5052381919814736,-0.2818685266995103,0.04265532937953274,0.05731495592495224,0.037463891100040385,-0.08798609437251967,-0.029150566360695795,0.000363870603068403,0.028164389564256445,0.08975267496078966,1.9067867770305488e-05,0.008433694976646349,7.112721095910985e-05,8.587313542717371,342.456833256012,0.33898714885196085,-0.09750089926826777,0.006788120221564243,0.009168564911584368,0.0058609259422255176,-0.011425551109433777,-0.004502920017716508,5.746905332446522e-05,0.00466564489386786,0.011329459956992135,7.717474657113422e-05,0.02214588913991252,0.0004904404057972954,0.3781889414659288,4.247305047522411,0.3033198517381006,-0.05759504795714462,0.02171218686319047,0.02922078525472445,0.01741625453084016,-0.03888095905799915,-0.014665474897668474,0.00023014667036114786,0.014555310357055977,0.03867128521689009
-5.3186991869918705,7.5948297517648165,57.68143895829202,0.8066574164747162,0.15951590486048772,14.4,-22.3,4.596066877367366,6.300000000000001,8.459959349593497,-15.584999999999999,-9.9,-7.1,-3.6,9.4,-7.478177254904786,10.775401394432583,116.10927521113965,0.8352664099083966,0.16541621453122968,20.10179652386643,-30.700303192968082,6.457641241766811,8.817983771008274,11.99170344896503,-21.947878466231536,-13.976325257944225,-10.216994337614445,-5.158341486935951,13.359390208056684,-0.10107316582850459,0.785910226111714,0.6176548835069654,-4.444386542459661,35.65801186643729,2.1982668375371563,-8.465899837771476,0.28296034274781096,0.3802648879385784,0.3816957705968395,-1.0013912668156826,-0.19401123483554403,-0.0023126087903495574,0.18625365310303432,0.5656720389433086,-10.474714014163933,15.352707863844941,235.7056387525663,0.8563921201889101,0.18431748388245062,28.34865007878901,-44.351707626796376,9.572995610278847,12.262042561446705,17.015081652690704,-30.15883384667721,-19.705041204385246,-14.906189496107915,-7.442998642938541,18.97976523538683,0.20236161442136533,1.2416271608614469,1.541638006588857,6.051631312638256,47.8843418741678,12.533734555708147,-2.183364647896539,0.3030669189018815,0.39925606311565587,0.47827721170644943,-0.6400956551670696,-0.1642773137350386,0.044423873836932026,0.23497874938061727,1.139177788232455,-0.1417796443305219,0.7106768899950721,0.5050616419730677,-1.5007630064720976,7.1967805310824655,3.265908888334406,-3.5101645281948763,0.2846851536753762,0.4056077288246419,0.4020762840980602,-1.6773925462492114,-0.23551991606952802,-0.004800149819989713,0.17008781275511387,0.5506413319653591,0.10724333717406552,0.8414389664685079,0.7080195342915907,3.7254849946704245,23.323349493634808,6.952927450317387,-2.1975346122389148,0.2983222985992837,0.40452689702888706,0.42332995888749814,-0.7672436566677119,-0.1946883487102342,0.011139700397494755,0.20983854831865287,1.2913208428428247,-149.05558943089432,14.515309735783868,210.69421672574194,-0.3180004713592005,-0.29327308168885,-110.0,-197.8,15.419063072458227,20.825000000000017,149.05558943089432,-173.855,-159.5,-147.2,-138.67499999999998,-126.9,-210.6966621612392,19.239383927188445,370.15389389775714,-0.1834040353619577,-0.6144421226437329,-159.62602766015257,-264.1417125804855,20.24869106325446,28.086954793810207,210.6966621612392,-243.33172471208158,-224.93802040698063,-209.33308975643493,-196.85106561317042,-181.12023223453946,-0.21219208075400084,7.114230207748397,50.612271448839806,0.17933877317463506,0.9406019832264034,24.106921062851317,-21.94779283125821,6.602105632917964,8.936341367548515,5.440670007885439,-11.087657267397423,-4.652257810520615,-0.075329236847411,4.2840835570279,10.17576451133789,-297.62608207823195,25.249289764860205,637.5266336298743,-0.21346556391282676,-0.8819353639781129,-230.27438236279838,-354.84404198084843,32.349041488095565,44.973950416097296,297.62608207823195,-340.0319360579037,-318.90496277702175,-294.98980079127205,-273.93101236092446,-263.20831972728297,-0.8465160774475055,10.081901252438838,101.6447328639278,-0.03938807413097688,-0.41907831527164063,27.120122339241405,-27.747842713781235,10.723221439305835,14.53042257863012,8.279784074624196,-16.983382811714122,-8.372105884360032,-1.0513750644736959,6.158316694270089,16.314178140986613,-0.28964587728330243,4.5332262472111085,20.55014020840371,0.29883550087577815,3.24084906213288,18.802655499889006,-16.119508832279223,2.684611136299305,3.510969246234912,3.020912663111408,-7.0961523221641905,-2.043928030875918,-0.38097597238907727,1.4670412153589938,7.269714399386368,0.6463241137731134,8.881582228057091,78.88250287373957,0.07327663060437864,-0.11600831518342192,28.091399695653333,-24.702331195463216,9.661063753230799,13.015761425498141,7.186154520266018,-13.830497666124533,-6.401460193888884,1.1340603949492778,6.614301231609256,14.573161722884938,-1.6018292682926825,9.42942207766829,88.91400071881816,-1.9276362329760646,5.05803566224095,19.9,-48.1,6.523449761424648,9.125,6.35609756097561,-19.884999999999998,-4.725,0.4,4.4,8.4,-2.28402405613331,11.203331648611561,125.51464002878144,-1.1957871033281133,1.5670937280119261,14.706886883476791,-47.20205474733263,9.70243980753595,14.764337602950537,8.430615849971122,-24.068106067875046,-8.943002818813884,0.4689598293798173,5.821334784136653,11.342139338372215,0.15208679404031253,7.16710552018407,51.36740153745298,0.2680690966691026,6.881540727690201,30.22710258535497,-31.956192274321374,2.207488564783279,3.0489662204326264,3.8575064654240334,-9.98098133416184,-1.5527617911946283,0.11261024641180772,1.4962044292379981,10.723686995619186,-3.2819613441246407,13.363595046142052,178.58567255727237,-0.4235356068027831,-0.9896717491550735,17.692057199985594,-37.96031971244694,16.968268470810393,23.278134060777138,11.235658652316808,-25.235786002443767,-14.94009089191098,0.0037056838436666656,8.338043168866157,14.150796144160292,-1.2636349837086234,8.244354767748563,67.96938553649846,-1.4806865056139642,7.21266962309061,32.175451732211606,-44.993537179180784,3.7836669666947986,5.056317695453966,4.723866021508662,-18.505260475881727,-2.7070253545910026,-0.21864240122987522,2.349292340862964,6.096833907107053,0.2102428923126248,3.806327823421226,14.488131499350565,0.515368862888234,3.827088565789187,16.046768948986184,-11.748035030820486,1.2344944604472767,1.6400127928064323,2.189990096448347,-6.730436571795424,-0.7958916839950712,0.05347305553715071,0.8441211088113612,8.003591466101451,1.3862304143791138,9.215032751407364,84.91682860951036,1.1053342016525867,6.1348816027404744,42.85326864321323,-30.427762681793336,2.9599778164402566,4.0073264994108335,5.104968002928415,-8.809355221582802,-1.5860400656403562,0.3622981622114338,2.4212864337704776,19.020392403411215,-1.1723577235772358,4.120271141385953,16.976634278537908,0.18170210605236264,-1.2698340667583674,7.2,-7.1,5.782148652171848,7.725,3.727235772357723,-6.7,-5.225,-1.3,2.5,5.58499999999999,-1.65252237158366,5.852180636204102,34.24801819876224,0.19206429361114988,-1.2655965540765708,10.199624382832656,-9.992625873546453,8.319797773013834,11.040319991321264,5.297079141536772,-9.48141293144914,-7.464039334400264,-1.795107101701512,3.5762806569210004,7.856636896327901,-0.002530229152691527,0.12778162627590237,0.01632814401371438,-12.694314294557701,230.63419158433018,0.3532270102493992,-2.356901472962656,0.06346051243242233,0.0849600488433042,0.05755433474204054,-0.1032826560042167,-0.0410993758472325,0.0032204435007698352,0.0438606729960717,0.09842039342397016,-2.341305483083716,8.34863781572809,69.69975337820507,0.2119818553932536,-1.2526411812129343,14.429181048770621,-14.033577594120596,11.794082173283863,16.061338397429694,7.570416383261661,-13.406599091851122,-10.80635048168012,-2.9935709829477903,5.254987915749574,11.384716064230975,0.017911387876642027,0.2564248572222504,0.06575370740145149,11.829437846725384,167.5081252241578,3.703246394286391,-0.7042083331695155,0.0832430805640023,0.11239164561477022,0.08529220785905871,-0.12103345153727602,-0.056391960750390185,-0.0002592161142023208,0.055999684864380034,0.1415580282947522,-0.0031086264006346532,0.10874740199516243,0.011825997440697457,-5.087577112828053,42.73266248098085,0.2331750878276343,-0.9562276700374037,0.06916980459938492,0.09222817410167243,0.0611303363033714,-0.10814061463217597,-0.04154417335598243,0.006179030241372877,0.05068400074569,0.10726568060189616,0.007786802523710991,0.14294236452947612,0.020432519577277635,9.969759493823613,131.95447565682693,1.9455024827357092,-0.25916837714522734,0.0678318935756528,0.09107438670603724,0.0629880227382119,-0.10673623635674903,-0.04918931054708582,-0.00331974028514851,0.041885076158951415,0.11376546187779532,-0.10833333333333332,3.8392828962166323,14.740093157181573,-2.326089551955345,5.260204615597182,4.3,-18.4,1.0378215529539216,2.1,2.6077235772357725,-9.169999999999998,-0.1,1.4,2.0,2.6,-0.13972476781482884,4.284327433010303,18.355461553244652,-1.5727171106372524,2.0506729132253962,4.8260426912376335,-20.561858672292505,1.5823091160373803,4.703000758135058,3.3731862753749717,-9.679195830978445,-2.028915086298218,1.875385874268327,2.6740856718368406,3.516731078058819,-0.10366054328849901,3.3118928818016635,10.968634460528527,0.6824682216817156,3.37606304412033,13.723348005498186,-8.911811012947286,0.5392722705551074,0.7519506634010527,1.8428656244494177,-6.410930020942798,-0.4398766528578764,-0.012116701476061129,0.3120740105431763,6.051856682556396,-0.15267326462865602,5.331248263190234,28.422208043768883,-0.9728221050910477,-0.5672980115323263,5.9746601348352835,-14.990465005627833,1.746430498661867,8.373064983783687,4.647903870432159,-10.537486495598001,-4.698600307252981,2.8456614377573177,3.674464676530705,4.524347015689341,0.09087305862180174,2.8152829396036476,7.925818030023356,0.28788836571996984,4.348241443316811,11.394383929523796,-11.173105868301981,0.9771697359379181,1.328012016215233,1.632829376133819,-3.64596969948646,-0.7036623131254736,-0.008639646094100312,0.6243497030897592,5.36967949926695,-0.14396987244363407,3.399100197705416,11.553882154040997,-0.2998024125440193,3.579942311533703,11.505326480531975,-12.489391916498937,0.22988392504567318,0.31579128337723084,1.7066953154502493,-8.460573292140015,-0.1718455812373699,-2.377833208828256e-05,0.1439457021398609,6.199960563984375,-0.05029399765501391,3.1742162330512858,10.075648694166295,-0.5155493645212985,4.583879668081275,11.965511421939945,-14.073282290975145,0.6395635403537024,0.857302796673926,1.7249536196242636,-6.0776251904122365,-0.39391822171164187,0.02098224836143754,0.46338457496228413,5.695475058210429,3.02520325203252,3.7936263084870006,14.391600568444709,-1.5892493390054319,1.6041499791460856,7.0,-8.1,1.482602218505602,4.025,4.435975609756097,-6.885,1.475,4.8,5.5,6.1,4.273304375498109,5.329126190662014,28.399585955999825,-1.554332914921054,1.486484071602944,11.482671220883779,-11.421906240391676,2.067925325738742,5.747463434775003,6.247530883962362,-9.124875695774193,2.013631742145905,6.841518450174435,7.761095176920908,8.667023956241465,-0.04749158974420092,0.4623589369382079,0.2137757865666297,-8.015221816697254,76.93428292538574,0.7367381395107495,-5.225670882812109,0.12018814982868385,0.16680479714306157,0.1685138272329452,-0.3795058903492315,-0.08159689427110353,0.008583069225730933,0.08520790287195804,0.26326048508163297,6.030346285769081,7.423175691384209,55.103537345157434,-1.6073572077359786,1.7556937642803403,14.687698832783429,-16.692124763310826,2.990129370639364,7.63297391730922,8.715958130716606,-12.866290219926064,3.271354149858625,9.67377629856131,10.904328067167846,12.21546987547627,0.09927752099434346,0.9596658077619663,0.9209584625874272,5.874352196130263,39.22760768511357,7.7217767008327085,-1.508982082209818,0.20276113532021015,0.27277738971814214,0.33790958850704894,-0.5939108487673954,-0.13100345324147078,0.00447663609525667,0.14177393647667136,0.5044393851469806,-0.0662693653846061,0.3722342602431931,0.13855834449879723,-3.744304855911694,16.184940233057606,0.5410793793354327,-2.177104463633824,0.11524727737348571,0.1556054935438106,0.17398004026299654,-0.41010438401886934,-0.08252678430151508,-0.003253447238951294,0.07307870924229551,0.2598692844955923,0.06990057247726501,0.5275022421014783,0.2782586154220867,5.7081764754961055,37.99786229530872,4.269750348097174,-0.6196518481448862,0.1694661959879599,0.24260027082094887,0.2181059672600838,-0.3128095289863786,-0.10917590460306086,-0.00829298510878717,0.133424366217888,0.40532474048539613,0.0017940809258392549,0.4544916639075363,0.20656267256144095,0.06897722626998082,3.333457137089563,2.009682,-2.389819,0.11075779873346098,0.149276,0.2720972355869463,-0.815001,-0.071935,0.003349,0.077341,0.8107795,0.0025492233364776745,0.6312161537924618,0.3984338328085487,0.1669178938582166,3.337834170736172,2.8089894201625456,-3.021172100888928,0.1546926579983766,0.20876706778006054,0.37740854128790785,-1.1141531029804923,-0.10136475645943599,0.0034661608053279842,0.10740231132062457,1.1328810978276063,-0.0009005467095135368,0.12099224450474658,0.014639123230296378,-0.11442351105386851,8.439818011721188,0.7209864173680973,-0.9461493617614036,0.013011146989740898,0.017597308542399232,0.060143332957976046,-0.19317993157023433,-0.009039907330632299,-1.1336786581688213e-05,0.008557401211766933,0.18921920082182736,0.003639210929267331,0.8869464327055616,0.7866739744891214,0.1975265023758207,3.316951457059141,3.877049729758629,-4.232068631543309,0.21811808524013865,0.2940036808574993,0.5300215957062406,-1.5643371254042284,-0.14400038400486775,0.004873773799830067,0.15000329685263153,1.5946149920853605,0.0007371946220686951,0.09997204563570727,0.009994409908587937,0.30647165313043184,8.973200083289012,0.7638065269896253,-0.7062829395262019,0.012374497651014128,0.01671294842521439,0.05004848200734371,-0.1518279945363691,-0.008265287402406908,5.8537850553023194e-05,0.00844766102280748,0.15638016467059418,-0.0012732982390449056,0.09174854381686036,0.008417795292514345,-0.3181286012298993,7.930357910576706,0.6611030683234481,-0.743160178861599,0.012942688412269268,0.017428312051858297,0.047738145026680945,-0.15074839285377115,-0.00895607255153145,-6.956502387605553e-05,0.008472239500326849,0.14602178127239085,-0.0010825671487731158,0.14440158335130426,0.020851817274363672,-0.11491488693260063,8.389020475230215,0.9050963584806667,-0.9098818030754987,0.012267589868370385,0.016552511224320113,0.07001983673640383,-0.2265976183979272,-0.00806805701668812,3.921913837720358e-06,0.008484454207631994,0.21805680319987672,0.005412917010594391,0.7202009166202358,0.5186893603006278,0.614628713985676,2.6690025151756247,4.205073,-3.023567,0.1649380142065297,0.236376,0.4428673763987576,-1.168834,-0.137543,-0.009411,0.098833,1.42911,0.0076443382593476585,0.9917379211235458,0.9835441041944522,0.6024155009906373,2.4751610728626963,5.7942232287182485,-3.631218077995127,0.23345382090664166,0.33369383319854407,0.6152298297277269,-1.607095792024081,-0.19411271463894003,-0.01345047941928465,0.13958111855960403,1.97209391046151,0.0010163845340810337,0.23173730951989324,0.05370218062351881,0.12847224276170344,9.97021573501531,1.779339793607494,-1.7247299335612902,0.016612359626188348,0.022375371632731456,0.11037462296950902,-0.3368104777780007,-0.011542194765742432,-9.636980023193607e-06,0.010833176866989024,0.35371423379091715,0.01078038051559211,1.3694160111184062,1.8753002115074466,0.5639641694324322,2.199515470561326,7.1983582106606105,-4.9575139767991985,0.3249076267195511,0.4588839371238384,0.8563623195067932,-2.2091060311979693,-0.2624662129727738,-0.01719439988566111,0.19641772415106462,2.710131941900358,0.0008616850288684253,0.30214114388675245,0.09128927082919523,0.46777371514381166,7.35984207612905,2.0805050111271433,-2.0044617118601633,0.04467851514382353,0.06078581227255726,0.1594603437050308,-0.475364495500522,-0.033081122083256025,-0.0008147373505239584,0.027704690189301235,0.5036652920769995,0.0014369488451347388,0.2066630904355702,0.04270963294838068,0.13393654885745918,9.580228819881142,1.6319586176650671,-1.5723552242880057,0.013991063588372382,0.018864475043033554,0.10132913829624812,-0.31256229155833376,-0.009621330107366112,1.108738977151049e-05,0.009243144935667443,0.3275628887761357,-0.0012106018822879564,0.25429483647609363,0.06466586385840321,-0.04260247267120931,8.339444142857158,1.645336796125489,-1.675888678862335,0.018006996697163345,0.02426254520722028,0.12074824313441845,-0.4052814257083006,-0.012437078225765563,1.4077438277870655e-05,0.011825466981454714,0.3972204077271655,0.003128143428498489,0.21865609446053372,0.04781048764473384,0.10515399413829651,3.340587201325275,1.250927,-1.107631,0.06012248516483918,0.08121,0.13146387010168917,-0.38612874999999997,-0.040332,0.002912,0.040878,0.39473474999999997,0.004420333480487693,0.2869539995082902,0.08234259783380381,-0.06769477427496626,3.1712188340998857,1.5001587500323006,-1.3931488194333905,0.08053331413157704,0.10855695921733077,0.17395384871053396,-0.5098258920151034,-0.049043552048318256,0.005534805797165649,0.05951340716901252,0.5137314433278508,0.0007444891966153251,0.11517711609905976,0.01326576807289629,0.21044009435436098,8.240277244763544,1.0435251186373165,-0.8860041474852276,0.013300682633675716,0.017920629046707843,0.05909248076260712,-0.18407871410044013,-0.008792433916046533,2.6799833575730236e-05,0.00912819513066131,0.1901234151654515,0.006241299157069413,0.39899781954148467,0.15919925999885917,-0.11296333212466751,3.2218886738093913,1.9037190417402612,-1.9290938711177776,0.11312527740818759,0.15310331610584482,0.2422449115134138,-0.7120789841542171,-0.06839495471297438,0.007215145975767475,0.08470836139287045,0.7066016562255424,-0.0004771734488283142,0.07378529228284982,0.005444269357265576,-0.48286740882878737,7.363556377284739,0.4675155386442559,-0.4815059569659163,0.011587249538595234,0.015558383345322259,0.03916972765508897,-0.1226586178013624,-0.007471331354989765,0.00010014091917199305,0.008087051990332493,0.12158792910281987,0.0010523879260203022,0.137592716019064,0.01893175550150279,0.32686816553366405,8.550916945432935,1.2135124809474507,-1.0866822598318104,0.014975656280859753,0.02021005036363215,0.0708264097054624,-0.21580551852644145,-0.009986428062238595,7.311654814871465e-05,0.010223622301393554,0.22452185642938363,0.0005888075753890176,0.08713590261883826,0.0075926655251996635,0.16699901573569742,7.532964458348566,0.524163673696355,-0.5728032216055245,0.010391999851947536,0.01402740259345474,0.04356131491361875,-0.13998553360752322,-0.007092140891955703,-6.280276468764852e-05,0.006935261701499037,0.1436147235898114,9.397396077096617e-05,1.2796151870292582,1.6374150268759236,-0.0025399276011650843,1.031929266902245,5.122168,-5.122415,0.7868970578807224,1.062005,0.906396673488491,-2.3814545000000003,-0.53046225,-0.002575,0.53154275,2.39109325,8.316610125244421e-05,1.8094716873181156,3.274187787205868,-0.002465279322804167,1.0356058321844106,7.244276426957377,-7.253766910944176,1.114259063740309,1.5042584014499472,1.2812909297475252,-3.3632337914791255,-0.7512383459747042,-0.0032661209846631227,0.7530200554752431,3.3823528583376508,1.660736548029433e-05,0.016391797315106177,0.00026869101921952207,0.48281325483777643,10.836526243763792,0.3511085891473044,-0.1595815669073099,0.015547202906167776,0.020886182191865263,0.012938464739773118,-0.025069566602624636,-0.010381349444031168,-0.00020469550938013808,0.010504832747834097,0.025257664447611093,-2.651646582362741e-05,2.5581840733001138,6.544305752886361,-0.002258429090273862,1.0465716028429863,10.205296815384054,-10.236803640776332,1.5521528811826972,2.0942783950127426,1.81010604076483,-4.773089091002077,-1.0425431168308223,-0.006603426503706966,1.05173527818192,4.773436369305663,-4.374030810794307e-06,0.05081061963242425,0.002581719067430897,-0.024913025856921085,2.7909833652064355,0.49887524332632494,-0.5798409984235113,0.04026889141840386,0.05443898355472132,0.038265495015753166,-0.08973901967784814,-0.027695638491778904,4.2835202705430314e-05,0.026743345062942417,0.091081981766228,2.343360694710086e-05,0.007763355734093421,6.0269692254081195e-05,1.3180316277925992,36.69932874756741,0.1554477885394277,-0.12719209616944144,0.006956666474244648,0.009384270482053973,0.005926916615086998,-0.011613276348997632,-0.004690226084340699,-1.5912933640440004e-05,0.004694044397713275,0.011459875022591721,-3.4665945783547956e-05,0.02184276658718757,0.00047710645218235773,-0.21237499944003796,2.382498785023486,0.10230675488862778,-0.27387839716861395,0.022979566238395522,0.031012169806923624,0.017420673232402335,-0.0372086157028746,-0.015641231033061333,7.373168427106782e-05,0.015370938773862291,0.037331976551646995
-5.614837398373984,7.428424272258732,55.181487168682665,0.9362058202739573,0.18724204925305132,14.1,-20.7,4.892587321068486,6.2,8.629268292682928,-15.069999999999999,-10.4,-8.0,-4.2,8.9,-7.898942494914344,10.544392217199354,111.18420723013429,0.964570186664109,0.20046296483290282,19.757455905757457,-28.87329596938866,6.949400135703831,8.863823309491943,12.232677325569242,-21.359494906971783,-14.732663838146252,-11.314643590730213,-5.868840528654308,12.69958813697366,-0.04751235722487992,0.7808543756644997,0.6097335559943956,-3.0055055613635115,29.202897865179075,3.6861908527597436,-7.94148016450668,0.293135463209877,0.39178522750049277,0.39036734165326525,-0.8962727211411037,-0.22725278367773394,-0.007606945949794053,0.16453244382275883,0.8434401328852991,-11.075996789192027,15.026152451926972,225.78525750855096,0.9884212289652382,0.23610343562055558,27.683258532373273,-41.3437139019102,9.881875056907878,12.483325781668096,17.361438569930545,-29.50096820037144,-20.74685607338595,-15.96724876381024,-8.263530291717853,18.274678051397075,0.1280573898852864,1.3981445830650934,1.954808275154264,3.42763734618549,28.31570373153451,11.872916204216974,-7.037789956298784,0.3360595473456178,0.44389303830702376,0.5670983558702428,-0.8806557447825238,-0.20374058823193952,0.01706500063498284,0.24015245007508426,0.9240980237781744,-0.0674318977131549,0.6712987158808189,0.45064196594323647,-0.4579628864528098,7.390712660240423,3.098996185319182,-3.2854801593726393,0.28488663830415556,0.3868725539873125,0.38739474337355034,-1.4020312853514725,-0.20620429357980857,-0.038170482980751375,0.18066826040750394,0.6448897273292438,0.07491208817499423,0.8644785527349873,0.7473231681387783,2.571054550896824,18.274414929181596,6.707295005231793,-3.1223191100840566,0.26779172030430637,0.4000314583988418,0.4288846084363859,-0.8078336628333986,-0.16716137806566211,-0.010828984042807712,0.2328700803331797,1.2875722379245613,-150.62520325203252,14.799591943923863,219.0279217066561,-0.4675656566091101,-0.2175321261477947,-113.1,-198.6,15.419063072458268,21.44999999999999,150.62520325203252,-176.785,-160.725,-148.9,-139.275,-130.13000000000002,-212.8986041398234,20.01851195349318,400.74082083214944,-0.33068947638411017,-0.5389965482992851,-163.34912723359943,-272.97038454217017,21.963375910818847,30.54466254575277,212.8986041398234,-245.57536865704387,-227.85838541007774,-211.13789658763983,-197.31372286432497,-184.92565902123997,0.14857505132985124,6.102730380897839,37.24331810193348,0.26975710336085945,2.447710231798604,26.451895449942832,-22.446794963058156,5.284243154818756,7.205256304166338,4.489766624586204,-8.813528581602844,-3.5991405529089855,-0.08412427942516132,3.6061157512573523,9.995221233995087,-300.7014704657059,26.814949719544106,719.0415284616785,-0.22287984244043949,-1.017036357118566,-236.31544840452588,-355.42521272677584,33.935025379078674,49.963756839952794,300.7014704657059,-344.7082644905364,-326.49314836492783,-297.6461341690229,-276.52939152497504,-264.463474893721,0.2643706260017318,9.10149103157219,82.83713899778898,0.2365618811747178,1.1575233751116327,35.74599765573433,-26.682894733523337,9.196694270054827,12.362060230049593,7.081821411907457,-13.205089205237776,-6.024504016568732,0.06131417681443452,6.337556213480862,14.138598723622026,0.2150032110840086,4.541699655954794,20.627035764899897,-0.22804858226805821,10.495624268339752,26.900921188637778,-23.7599560444473,2.065876166050697,2.752373354298183,2.687549029897012,-5.841547540467467,-1.2386037507439611,0.1584124780839839,1.5137696035542223,6.139083299649913,-0.5037103210525209,7.251966952714652,52.59102468326544,0.5778852649914703,1.4455811374408727,28.225847063358046,-20.509829617494443,6.086885766998354,8.405984182964826,5.615808751342874,-11.200500059529157,-4.989826914323528,-1.2222000219196034,3.4161572686412978,10.765913342909725,-1.4967479674796744,9.659310853899047,93.30228617225195,-2.023815163207259,5.540814069342671,22.1,-50.2,6.375189539574088,8.725,6.297357723577236,-22.77,-4.225,0.8,4.5,8.1,-2.14390771459647,12.44717403820703,154.93214153741513,-1.7786291100733207,4.171445780555897,25.86377764819529,-57.03506439134246,9.121056583444163,14.010901614292733,8.537952286427487,-27.885003178021332,-7.772522683507361,0.8378157589675577,6.238378930785371,10.70737382961634,-0.11559015872965257,5.546674116480577,30.76559375443559,-0.1967901735710424,7.388732296343436,21.672411990843504,-31.840838747978594,1.8943207681105076,2.6019892668958358,3.0480469797643486,-8.05394658359779,-1.547166079044124,-0.038700840951255255,1.0548231878517118,8.861672170000436,-3.1027169605902336,13.177973836869471,173.6589944452163,-0.5141197906581684,-0.8848581983610013,16.269571176068183,-34.013656863011796,14.285778913540442,22.691438702352716,10.83875773830629,-27.368441578312783,-14.140017074480141,0.6205835394785691,8.551421627872575,13.543856789583284,-0.04006983518934884,11.527841962284231,132.89114030740114,0.30420164274126826,10.54851690471974,50.552481019901435,-61.65868790709257,3.257135933510983,4.324657488626468,5.506588460384158,-18.51946640721617,-2.1357535245279777,-0.17995270350391257,2.1889039640984906,10.796963671440384,-0.16081400434033308,2.7016104025904593,7.298698767384983,0.2268382391445215,6.535397892937709,13.578473893725306,-10.978027131327508,1.0740369378836214,1.4402714726526662,1.5826711715419104,-3.886409360633215,-0.922972693936299,-0.1841676901711346,0.5172987787163672,3.857896317893149,0.20481333017025205,7.3032674123607215,53.337714896450066,0.5590774720277154,6.594577360436336,38.418178255745694,-28.6009897946689,2.619806021469287,3.2921148049182913,4.04410512652949,-11.695283333507774,-1.5389719755552838,-0.12311195323283344,1.7531428293630076,13.169633215955997,-0.813109756097561,4.438871268047212,19.703578134295064,0.13146730778436183,-1.4291529165216839,7.5,-7.2,6.671709983275209,8.9,4.031605691056911,-6.7,-5.3,-1.1,3.6,6.1,-1.1467001814208755,6.297757071319047,39.66174412934907,0.14157426411085072,-1.4264750132938986,10.54420862673355,-9.921217411939079,9.438187308360002,12.630984524659844,5.721464994474789,-9.443978207643617,-7.516331915936792,-1.6151216952964444,5.114652608723052,8.661304188196686,-0.007129886083273317,0.18951258822043787,0.03591502109400925,-16.820471614079242,338.01034339771655,0.5220084654607129,-3.847151494034012,0.05853554486000432,0.0783937082524987,0.05985348810109665,-0.11006787642181358,-0.039054052954647256,-0.0007773970955879395,0.03933965529785144,0.11120865890416477,-1.6335943502890438,8.964341793870446,80.35942379733241,0.154009034942533,-1.4169967036159612,14.839269943090631,-13.977478548872268,13.422774065576538,17.8192455348782,8.149399967415787,-13.399292094290718,-10.730575664512559,-2.2549655171276624,7.088669870365641,12.50632488429897,0.02355222703883612,0.4040688714010145,0.16327165283528958,12.326797843111354,177.6715021263557,5.915968448458812,-1.1410417363612075,0.0768233544854192,0.10372449231465214,0.10886093631591512,-0.13717564970061197,-0.05417270608275491,-0.0029801049907652866,0.049551786231897224,0.18710342697383664,-0.010699226993579667,0.15621615833187616,0.024403488123969797,-7.531572723278457,71.9568945551216,0.3169897785860053,-1.6153617410063974,0.06382378324719563,0.08694653608855854,0.06684315334220654,-0.10656784897068283,-0.042332149474154354,-0.0010651757210015504,0.044614386614404186,0.12348806187840639,0.015557992601829154,0.2151808462064998,0.046302796574145315,12.857097473583194,187.67227571201343,3.197722120211161,-0.34475686088913177,0.06878158542538904,0.09322045165473172,0.06750835462048964,-0.10383608459883903,-0.04373310517495835,0.0032992552328342173,0.049487346479773375,0.1173908984098449,-0.4685975609756098,3.3881968224944563,11.479877707961531,-2.528556978922231,6.695958056294554,3.2,-18.4,0.8895613311033613,1.425,2.0429878048780488,-8.285,-0.125,0.7,1.3,2.0,-0.6511172286048743,3.797005374754813,14.417249815916938,-1.6381209540596684,2.1193483084513005,3.3230702989003005,-15.726088927133597,1.4389898560944434,3.7349719162105828,2.71656404877408,-8.650542686746507,-1.9848931391956646,1.0069294858349354,1.7500787770149182,2.56350545560406,-0.09462687203849902,2.9015135218233805,8.418780717323916,0.7403690629415121,3.996317634230177,12.102855111805908,-8.885282036957316,0.4768649385928455,0.6502341719244552,1.5680091177504194,-5.400172945787503,-0.43089641963546965,-0.04936408041225954,0.21933775228898553,5.87479505608443,-0.8822497214739967,4.56489652004314,20.83828023870197,-1.038505014031931,-0.3131035681011647,4.445803010882142,-13.914303527682868,1.3809616522849617,7.221212578578907,3.6680430369775583,-9.445499198204242,-4.921542037872513,1.640820192321296,2.299670540706394,3.3619128996031407,-0.049117507857251774,2.7760799204412385,7.706619724677033,-0.2862476520289745,4.6258199945205645,10.24910609023718,-12.318295627072528,1.0074711027879892,1.357627605475926,1.612095476056826,-5.0738485770503665,-0.6644374079891089,0.04248160569038204,0.6931901974868171,4.858315884186382,-0.13233461978207636,2.4181162225414,5.847286065717889,-0.16105189252838595,7.41699311629989,10.719442248541188,-10.209737732988005,0.21635603718071603,0.2835329115621823,1.0979435375323143,-4.81339421692833,-0.14609575735793906,-0.00929244279956641,0.13743715420424327,2.453259795852503,-0.07758429043424414,3.278692182047535,10.749822424619628,-0.48006580367568324,2.8514612208552137,10.181292727852478,-11.617456505878982,0.6697189218708869,0.8839122891299028,1.850068588457068,-7.1418999497992095,-0.4876942657613166,0.04293491080171545,0.39621802336858625,5.824854569540361,3.053861788617886,3.3198475154158906,11.021387525613061,-1.6599668292543628,1.879496884739705,6.4,-8.4,1.334341996655041,3.3000000000000003,4.161178861788618,-5.284999999999999,1.9,4.6,5.2,5.8,4.326977978929088,4.663411030756879,21.747402441784935,-1.623488433242978,1.7239350590594382,9.773058474172682,-10.501986029731647,1.9044177953608386,4.701789927931991,5.875296648186431,-7.209330395602917,2.664436932413742,6.467112326857709,7.366226860345733,8.176497222486804,-0.04573299100023603,0.4199166957791023,0.17633003139403913,-8.270395969370476,78.19348968518965,0.5892490672584759,-4.648828520756507,0.10146273686048089,0.13687799287825503,0.1406030613456191,-0.28959728323556655,-0.07678012405277672,0.0010868527110071413,0.060097868825478296,0.2261028623006582,6.151200491110055,6.49806933917079,42.22490513667151,-1.6876645012841505,2.0346912942268673,13.065114706328222,-15.439328551157471,2.7837648290396,6.0242555821606,8.265334895281352,-10.381222442380796,4.237756222463818,9.087482932902411,10.262011804624418,11.549507645217814,0.0919265368130866,0.8729155761801364,0.7619816031378994,5.953384762625814,38.92412105629033,6.766998555296111,-1.286314774545139,0.17449146060444348,0.2513360820667895,0.30015634523279505,-0.4239241574039916,-0.13667623535549392,0.005357976053847385,0.11465984671129559,0.4454026289679298,-0.06364339283965513,0.329090395513911,0.10830048841950239,-4.008526164783447,17.140640604837742,0.38451053016394854,-1.894693843720437,0.1068206169520582,0.13750035045336972,0.14556401924509513,-0.27412788341446304,-0.08084720612657302,-0.005316688731295826,0.0566531443267967,0.18554112571737746,0.047948181138227096,0.4871133461853065,0.23727941203184624,5.8287445251573216,37.941409772415746,3.8377623877243257,-0.5137383112600212,0.12654285112715893,0.17074764289008348,0.1856649817306719,-0.32173786629298756,-0.08842196712818261,-0.008332332221281484,0.08232567576190089,0.2910225653717716,0.003003747668979374,0.39479286084564613,0.15586140297468973,-0.847385674527268,8.294573886799494,1.698144,-2.848686,0.06864003491015384,0.092416,0.19738171878629956,-0.6128315,-0.041046,0.007153,0.05137,0.611804,0.004250391934243534,0.5423817384797136,0.29417795023627646,-0.6861981686641286,7.912078249907749,2.340100680435717,-3.664243751111106,0.09637226561527545,0.12979009581925863,0.2725510528148348,-0.8311685702746755,-0.058466365774088994,0.00873326266177533,0.07132373004516963,0.8330392278819203,0.0004295361054403278,0.132346034680889,0.017515472895755075,0.08701377216032062,20.852722479017963,1.5580642822343191,-1.6160072513060963,0.008011639632499718,0.010799445111453362,0.05340299818482885,-0.16668337573482367,-0.0054692946002887054,-9.744056347661244e-05,0.005330150511164656,0.1709176837835828,0.006017619510439214,0.7619149061654031,0.5805143242370351,-0.661019444131207,7.888593689524885,3.279388680809079,-4.8905303217699245,0.1359067786765695,0.1832638506306543,0.38279818109854713,-1.172505742017563,-0.08290726433001447,0.012018928469827614,0.10035658630063983,1.1487028768269405,0.00037244551346686094,0.08792745353147081,0.00773123708452896,0.3046162436968453,15.596095858950658,0.7668864873573292,-0.7763691784601748,0.0075806776155259385,0.010220929485247712,0.03821642554481637,-0.12006553232793754,-0.005216578388127214,-0.00010882566726305243,0.005004351097120498,0.1255604551239768,0.000607586251727319,0.09534324614906128,0.009090334586240489,-0.044926984666318566,18.008034651427703,1.0401636062002118,-1.083460349341908,0.008041923285972813,0.010839036440943023,0.0407383490548021,-0.12967758915598948,-0.005433890357423128,4.155284896481526e-05,0.005405146083519895,0.13832945411971337,-0.0003355203244351883,0.16104008731548283,0.025933909722578332,-0.18237756423998133,17.369811691063916,1.6367489470291512,-1.3815280679011903,0.007996571150075868,0.010787085717414862,0.06535734375664351,-0.20853771574676414,-0.005470507977548107,-3.5573393653215066e-05,0.005316577739866754,0.21273702909824815,0.007796389680720812,0.5820238396766673,0.3387517499519709,0.3864432128683742,6.281632105948898,3.85868,-3.858755,0.08890572463490694,0.119811,0.29987328683326536,-0.97076275,-0.055226,0.003898,0.064585,1.086398,0.011018091250101206,0.7935942794721982,0.6297918804109974,0.43197875449711903,5.590172515024449,4.4177338551306615,-4.3747784024723515,0.1252084182705998,0.1685787638600988,0.4135529729595769,-1.3423735623170163,-0.07792131432382364,0.005027579515895853,0.09065744953627514,1.5086881377016723,-0.0015029465842778106,0.21828015288990874,0.04764622514564193,-0.1108577280039555,15.68370587428456,2.0878186438202775,-2.186224473620902,0.009447149552033221,0.012737325089569655,0.09038383506815788,-0.31087972385147206,-0.0064725769494645684,4.0734543935951354e-05,0.006264748140105086,0.2922843198134756,0.015560373665672856,1.067348354144711,1.1392325090954234,0.43073789582836236,4.971403828019182,5.679238702940416,-5.682195106266959,0.17635390900772427,0.2364625452846688,0.565455592503992,-1.8023157011155755,-0.10958353824467555,0.0046745703917830984,0.12687900703999327,2.100891887479156,-0.0008271183336484997,0.34657756105789206,0.1201160058288369,-0.3645763835725239,10.153000610131134,2.4479888748014735,-2.7914748383122867,0.026429996691857378,0.03562290701649488,0.15650403647213126,-0.5330154966919401,-0.01797494046115143,-7.047256775397255e-05,0.017647966555343446,0.5668101807082186,-0.00212497067827033,0.2242121395635251,0.05027108352765365,-0.3995904532510269,11.62705931777802,1.962986610365118,-1.9320005014768542,0.007905375288184753,0.010660686792203137,0.09695721509198084,-0.3481363033493718,-0.005208357422387581,8.088433053883996e-05,0.005452329369815556,0.32660885708885096,0.00042577880913666503,0.21213974112116057,0.04500326976295303,-0.17310366668814073,17.709312161995648,2.025669603746225,-1.8971652723058263,0.01049575182615406,0.014166453852990125,0.08547393479060329,-0.2708670597946639,-0.006847154607348955,0.00012639110781045176,0.00731929924564117,0.2665923520240982,0.007246070009104323,0.21667698961937845,0.04694891783051623,0.4618720896728198,8.439263141835017,1.780494,-1.225024,0.025376219571941888,0.034232,0.10691359005431197,-0.337896,-0.009547,0.006722,0.024685,0.345942,0.01024803818779376,0.28185052381525244,0.0794397177749322,0.24099179902854911,9.09959277893303,2.135373905351644,-1.6256941149869892,0.03397823631878774,0.04597624303411855,0.13665969805054162,-0.41881283810165226,-0.011731418198549936,0.009665992174284349,0.034244824835568614,0.4359299588261053,-0.0010776945603425596,0.12020034286435859,0.014448122424709359,-0.24707235320222837,13.63787584920436,1.296873743186549,-1.276513329359148,0.008089821857455493,0.010914897369942726,0.05299867472888822,-0.18623835057480878,-0.005453912323259746,-2.6460894077611575e-06,0.00546098504668298,0.18033901468135505,0.014494631436997524,0.3913671265403623,0.15316822773645997,0.16153707783417018,9.237812218282428,2.5739044361976156,-2.3074527766062882,0.046777484333269,0.0636592383435969,0.18855018562187573,-0.5609705544989695,-0.01544797458728604,0.01384631307101917,0.04821126375631085,0.5941082298147129,-0.0004690321216745079,0.07537311315411477,0.005681106186542988,0.4300172499881234,14.169052739678946,0.7090429716572395,-0.6546898939953633,0.0074811653694229025,0.010072533652929415,0.03388411536757305,-0.11563229987974527,-0.005215130594737582,-0.00013844077703618614,0.004857403058191833,0.10712502395974613,-0.0015241784403946398,0.14577045140325598,0.021249024502309012,-0.27314997210405145,11.041823876969406,1.2964612079195583,-1.2273449875211837,0.008842763658772082,0.01193488877677492,0.06557207150441961,-0.24362336711296007,-0.0059072831873615665,-3.4746306494404498e-06,0.0060276055894133524,0.22977511125905867,0.00034590482209884653,0.08741662589339468,0.00764166648258572,0.18874259722481193,18.724824197241624,0.8826669684538871,-0.8482147260173252,0.00691231860611791,0.009311477935249472,0.03593407590628098,-0.11400937898138627,-0.00458645223307875,0.00013183449582782931,0.004725025702170722,0.1142313057812386,1.2112124446676903e-05,0.9297580851003293,0.8644500968094313,0.00036596439687013813,1.5965300027019929,3.119113,-3.101202,0.7132851164308099,0.96213675,0.6595340958936364,-1.71213075,-0.48097125,5.2000000000000004e-05,0.4811655,1.710215,4.535227627313473e-05,1.3147306248769495,1.7285166159893341,0.000299239873472448,1.60022783363459,4.40925792502234,-4.357275727607434,0.9991685427018347,1.3481183674831083,0.9321812276016396,-2.433854449093582,-0.6751607887645593,-0.0009360026426413811,0.672957578718549,2.4147457456805137,-9.92670185606723e-06,0.015360489438317151,0.00023594463578465277,-0.10256952963670299,1.2899873002527658,0.05928272677030248,-0.2074877272699588,0.01607190972781923,0.021619989426130602,0.01243660069059735,-0.022694857431360245,-0.010685383478002663,-0.00018996323617085156,0.010934605948127939,0.022940429922612145,0.00014281561594359444,1.8585809305813226,3.454323075520535,0.00017890939574167895,1.6128588566168354,6.171155878739933,-6.101643643827526,1.3657245010359795,1.8423036213949633,1.3161038249604946,-3.414582081906081,-0.9214070264496663,-0.0016068108074740912,0.9208965949452969,3.4078906411133394,-1.024716575491086e-05,0.04601218689734966,0.002117121343076636,0.009172463419609003,0.13227033399268961,0.14329004159429723,-0.14687994806635757,0.040909105394822155,0.05514879401214819,0.0357010120655338,-0.08325568503885301,-0.027751205040308688,-4.905598448690096e-05,0.027397588971839505,0.08476551934186935,-1.3427435720847158e-05,0.005857667428384383,3.431226770155531e-05,-0.9671255507777887,20.019272379721162,0.0299309001016477,-0.13203129910539652,0.005360865062735218,0.007231913134679405,0.004458049692846375,-0.009240469104142366,-0.0036254741698292002,2.2134528345966694e-05,0.003606438964850205,0.00922376435470966,-3.9561146710184226e-05,0.020921008021304307,0.0004376885766274791,-0.04256721839272667,-0.1283423932433876,0.055820631188742545,-0.15081281011935696,0.022778946494513872,0.0307677674794806,0.01711955016594369,-0.03507618150322171,-0.015485638748307586,8.453667244487872e-05,0.015282128731173013,0.034767756107284976
-5.673170731707317,7.7811589536461465,60.54643466190759,1.015365232521808,0.23884101290932858,14.8,-21.2,5.189107764769607,6.6,8.957113821138211,-15.184999999999999,-10.7,-8.6,-4.1,9.784999999999991,-7.9784002486350705,11.045815871047314,122.01004825708071,1.0408797317673653,0.25605436428941575,20.973382089596157,-29.48488204997274,7.545214123462718,9.27352271964956,12.696655850497141,-21.54726145386502,-15.078991989916064,-12.266048491015951,-5.805469270266505,14.037871891741752,-0.09798990786425489,0.8051923796161173,0.6483347681918656,-3.8504090369868718,33.81344531675282,3.4853229298757786,-8.590202278910773,0.26937159170499503,0.35870766396517173,0.3697397208725803,-0.8938267327573679,-0.19775092134526673,-0.03071381240393678,0.160956742619905,0.5415075872988193,-11.181864551715515,15.763480372253253,248.48731344641357,1.0555991293537579,0.2714309906321928,29.584980177648063,-42.33496761410927,10.87786302784775,13.091714510803197,18.022559931113246,-29.62882405639016,-21.368570738224378,-17.4493259780908,-8.276856227421181,19.923880707816394,0.10721116694065912,1.2039343476356739,1.4494579134169356,6.090381938043979,51.110971017235194,12.293464759199223,-2.5700859442305823,0.27969186099776366,0.3797445122078283,0.45805781495460723,-0.8319571859821819,-0.1805125801079513,0.003643942763801755,0.199231932099877,0.7473373456732026,-0.13685467102239623,0.7381407567675937,0.5448517768014359,-2.10259473253492,8.461587819519757,2.277319626158459,-3.806771073881558,0.2917709241655152,0.38891355304313874,0.4017932270491713,-1.5001632736924344,-0.22607616394789481,-0.036693684275702215,0.16283738909524392,0.49362866423943175,0.10576577053928497,0.8505425338440518,0.72342260187786,3.1849584056803524,20.605322891038213,6.917886136380227,-2.695783667902655,0.2670223236504713,0.3511144741554514,0.40392884307090576,-0.5960556214464192,-0.16567394149276762,0.01671942086495288,0.18544053266268373,1.3496419542235185,-151.25843495934961,14.78292831281635,218.5349695018673,-0.3727322009981476,-0.4450385252942559,-111.3,-198.1,15.93797384893522,22.5,151.25843495934961,-177.4,-162.5,-149.5,-140.0,-130.7,-213.8064240498845,20.166471760793172,406.68658327886845,-0.27480441811517176,-0.6952172075411047,-157.6838084311423,-269.7634991296105,23.561011639918274,32.15699918514085,213.8064240498845,-247.39803029079016,-230.49859420414526,-211.53842825058734,-198.34159501900442,-185.5440863397583,0.22631706625864575,5.477055207550562,29.99813374655673,0.5322455996614951,1.3216870406173316,20.882980708147848,-15.528407982595013,4.858711488719996,6.551344850050494,4.159066486917841,-7.651981098466563,-3.3408850770740477,-0.048867707638256874,3.210459772976446,8.786802538410614,-302.0019336266736,27.236771550610502,741.8417245001456,-0.2681669828835646,-0.9739085019577547,-226.82438830085403,-356.75998016840936,34.71425580071934,49.70128832264214,302.0019336266736,-347.0323051391006,-327.64771054354907,-297.4955064556519,-277.9464222209069,-266.4914980351053,-0.4224068525736414,8.470614035761516,71.75130214283999,-0.25620879002039654,0.4277353656989167,23.34969856711038,-30.736301893798586,8.21134326239319,11.50885305144833,6.70356756215693,-13.264838934554207,-6.025013246770646,0.5794262063347766,5.483839804677684,12.415037598140533,0.3099711958737819,3.987661294015136,15.901442595786468,0.4775888647034877,4.499168861600851,17.800122627595417,-15.97285560890485,2.3550373223646,3.281088146357228,2.5716748055346548,-5.4371386846970395,-1.4704413582980287,-0.09127881019672668,1.8106467880591994,6.909101954010836,-0.7439594714575098,6.543666258677832,42.819568104958734,-0.32460463537897,0.6170233614821115,20.326187246178623,-23.536843185438784,6.062975638022947,8.136229904767148,5.093085054874298,-11.487665679278313,-4.598147071323405,-0.2872481038336774,3.5380828334437435,9.377423641943373,-1.5358739837398374,8.743351925588321,76.44620289468901,-1.8307044956731275,4.608706293797661,19.6,-48.4,6.375189539574088,9.25,5.998678861788617,-17.585,-4.95,0.4,4.3,7.8,-2.190344905650968,11.51000225877988,132.48015199711793,-1.629817059841282,3.542450451439282,23.800800477284284,-54.577671474874435,9.31399436230586,14.011936467904606,8.139813552903616,-25.107408976439597,-8.256496743019909,0.6639329098820628,5.755439724884697,10.179842132917896,0.16976140970840373,4.437939864978892,19.695310245168866,0.9520107461480928,5.663635957303574,20.866686768034697,-15.401310463055895,1.809004966356784,2.4090855283996486,2.593316513403424,-6.876848505748504,-1.163268381300802,0.003660832043427653,1.2458171470988466,6.380885608462904,-3.1424862180127073,12.864395566052151,165.49267327986226,-0.42882858096324367,-1.0580707964071996,15.612419681763777,-32.04639347024571,15.679091610224141,22.695778226119465,10.73451971298696,-25.138245091357376,-14.647815121514615,0.5217097137940708,8.047963104604852,13.458905212676544,-0.8009092698098058,9.804602206800364,96.13022443359459,-1.4206807147184863,10.69694232259249,39.19051698435678,-60.638713576916054,3.076750771673656,4.1740461955590495,4.9165168736995835,-13.08300375348653,-2.201174579429032,-0.34392558032766485,1.9728716161300175,8.341254037957613,0.23744594099698704,2.8516697700032205,8.13202047715022,0.2979937660895686,4.781740978917836,12.283907543530217,-10.600747695423571,1.3189990978890829,1.8172265577517122,1.7242317034826675,-3.7825795183561555,-0.7193179680071812,0.03778932967286021,1.0979085897445309,5.137291074209736,-0.36526319178600214,5.530757387417971,30.58927727847846,-1.0116336115185895,4.989061169591048,19.244082450569405,-23.123997509612433,2.3370775508386585,3.134049920295701,3.281713656832041,-12.218687547262004,-1.5514223144440005,-0.046466387096034165,1.5826276058517006,7.61157281526308,-0.936991869918699,4.388625529774021,19.26003404058431,0.1403379343764145,-1.4550500141036717,7.3,-7.1,6.597579872349928,8.8,4.048780487804878,-6.7,-5.3,-1.35,3.5,5.78499999999999,-1.3212839500464146,6.22689568344599,38.7742298525183,0.15031780325138364,-1.4510360459833227,10.336691477651438,-10.018232802262109,9.325157729306357,12.418168402859184,5.746057170211706,-9.472988279833807,-7.488270146862894,-1.790745128019424,4.929898255996289,8.210654544487817,-0.009458187624444898,0.18239664386964155,0.03326853569490885,-17.252443234957255,348.62026248239675,0.4259207006448137,-3.734032019647236,0.0615139126207706,0.08314233073253521,0.05815692378437307,-0.09880685705340751,-0.04191114706614399,5.069831953014026e-05,0.041231183666391225,0.09711021341995137,-1.8786807229531253,8.865699841219902,78.6006336746066,0.1636061150674719,-1.4396243349402706,14.613576401909603,-14.035712891093054,13.142308271665202,17.69386650394398,8.180456276771377,-13.40623396588402,-10.83156017680871,-2.7095033767114445,6.862306327135269,11.913996044886513,0.018953305629259832,0.36965929889876853,0.1366479972623291,13.457360390974875,199.93153375803269,5.570580050313368,-0.9392762897081454,0.07338507600474817,0.09416531768188224,0.09146683094716201,-0.13770237334559757,-0.05491436707557168,-0.004662722702092004,0.039250950606310564,0.13105873752524946,-0.012927857727298347,0.1557495246870807,0.024257914440251563,-8.013963675417088,78.90089710210117,0.35031378428043053,-1.661570914266961,0.05968608129808077,0.0797662089759086,0.0639955094573538,-0.11424892528903316,-0.0393958823903347,-0.0016909984173741777,0.04037032658557389,0.10235803303469566,0.007879792906339845,0.20324840739753333,0.04130991510963369,13.093449803598263,192.138593623887,3.0311700238069363,-0.3329365074283576,0.05868518139715367,0.0790157519334285,0.06262471774196646,-0.10171499433534752,-0.04469041536922821,-0.0022783050260458534,0.03432533656420028,0.1078363696872574,-0.3126016260162601,3.27030612858055,10.694902174631503,-2.205362793094422,4.676352185365945,3.2,-15.8,1.0378215529539214,1.8,2.149390243902439,-8.154999999999998,-0.3,0.9,1.5,2.1,-0.43009447502094045,3.6091513858248385,13.025973725801352,-1.4036085419178792,1.189010562221628,3.721712455037316,-14.258760954425506,1.5875332060397187,4.4967229145662895,2.782917389392489,-8.456895994782405,-2.4622339433822065,1.2066316783800821,2.0344889711840826,2.8600943838260307,0.041735994760775816,2.8736762057618876,8.258014935562038,0.5287377041291138,2.820722722109643,11.522021105290891,-8.810804539406965,0.6108017578775531,0.8154990184514281,1.6399586045905492,-5.369562027007284,-0.4224318356446407,-0.01005513236368108,0.3930671828067875,5.7463482009804245,-0.5680453539396627,4.622149219570524,21.364263407976406,-1.046116381589806,-0.2187518895730869,4.817238892688516,-14.32919884170834,1.4011634020720223,7.192277375749232,3.8441166836248115,-10.015098411913343,-4.517862675190077,2.007256353595299,2.674414700559155,3.7032995270240354,-0.08682360405664943,2.1070768657908876,4.439772918351149,0.10264622580850637,3.3660679274560907,9.303543931942258,-7.450538694222943,1.062844436847016,1.3932558705739204,1.3175541183916053,-4.126035310574849,-0.7778392280491654,0.010546169187540394,0.6154166425247551,3.4288178070932505,0.05833565915788743,2.3747366523465128,5.639374167997923,-0.2299714128617592,5.688155958031581,9.012037394260686,-10.316017805733159,0.23876835814978856,0.32902928682405597,1.1370366414514328,-4.175820399020527,-0.1368627327146611,0.013267771869264484,0.19216655410939487,4.518020929943673,-0.033066620564904683,3.2627261685151154,10.645382050713325,-0.37820520606241925,2.6836387098941596,9.802126376653938,-11.69199341798281,0.841567533901903,1.0976030114045767,1.8734302495767776,-6.3838440360796564,-0.5587233147969938,0.012287056941258813,0.5388796966075828,5.900450566077138,2.9538617886178864,3.5141591248663393,12.349314354881354,-1.700075938328888,2.0763830741493683,6.4,-8.1,1.3343419966550423,3.6,4.194918699186992,-6.5,1.6,4.6,5.2,5.8,4.180917758384311,4.935394645501554,24.35812030684541,-1.6598551889280184,1.9333599256304712,10.130582656639866,-11.18736926354522,1.8647639328981513,5.121599327596916,5.917362330320235,-8.738234000754277,2.2631911910940916,6.453329976065945,7.384790518691007,8.209839967834709,-0.04124888868584424,0.45180986513490434,0.20413215423322045,-8.915617523279588,88.31471102819582,0.6678616218362105,-4.788207608701333,0.10018364247202378,0.13412586152614986,0.1393651053345226,-0.23117604462108343,-0.0676988561910333,-0.002265769281592722,0.06642700533511654,0.22828288977358432,5.928700180013383,6.873542732339008,47.24558969329039,-1.7343673704821618,2.2821831297234842,13.145172528095527,-16.578408632854153,2.5631560426780475,6.860667154540354,8.291203744500127,-12.458987137191407,3.5195840830890512,9.050790527109914,10.380251237629405,11.509116770535162,0.0940533810380604,0.9278936245256125,0.8609865784352785,6.158213777982745,42.19619802717036,7.062058465700111,-1.5038787552395048,0.16998839463234613,0.2260572813277785,0.3001658947309292,-0.42617519487078503,-0.11276700806864895,0.002539867398055007,0.11329027325912955,0.45572300811285493,-0.05711566222415125,0.3589704493475203,0.12885978350476066,-4.242742145018154,18.88222505170756,0.4390420452184941,-1.949894549188513,0.09523581019523408,0.1292692318165014,0.14831386305869895,-0.2518323861224885,-0.06590458822913992,0.0044192690353102,0.06336464358736149,0.204143970453017,0.06305900505196779,0.5194822040927499,0.26986176036906145,6.3929586076676825,44.09882844401196,4.012744938376733,-0.5173230155243829,0.1304902148481498,0.1751735047183626,0.1823124811403118,-0.2747445982112485,-0.08295067225629885,0.004171157454887374,0.09222283246206375,0.291243129267587,0.00037899168529690957,0.3473882226440744,0.12067857723180897,-0.5406814608871048,6.936351600399718,1.565078,-2.241658,0.06916784129994184,0.093247,0.1802722801120877,-0.59278825,-0.044611,0.003468,0.048636,0.5560875,0.0005335694587462842,0.4722674845418131,0.2230365769554517,-0.32989124130358044,6.629833759172412,2.182695310404781,-3.020777547065129,0.09711044714075548,0.1311922149830133,0.2465933958846657,-0.8027574838759874,-0.06361447817434684,0.0035412339066317666,0.06757773680866647,0.760191994892684,-0.0003606469760098839,0.1352717661041384,0.018298450704932728,0.037449903992087176,16.424100879731483,1.4742660539304762,-1.6088180769333085,0.007816328171416581,0.010538046592195708,0.056182801019228096,-0.19188809326452877,-0.005309786458966693,3.363068450073668e-05,0.005228260133229014,0.18766299497654587,0.0007469823362616452,0.6610888626075919,0.4370384842637995,-0.27539564845294473,6.5538098191613035,3.054004666248808,-3.9957373999683354,0.13683094448018918,0.18411900329306372,0.3457073516682661,-1.116344669339699,-0.08941173742157299,0.005340368646242145,0.09470726587149073,1.0838666988322827,-0.00016812189397105032,0.09462187252724813,0.008953298760562793,0.026599000885102506,16.393359012844904,0.8351680655009431,-0.9737957457950296,0.0076746420898406225,0.01039424473171053,0.04117364990715704,-0.13859755746835742,-0.005375641539922754,-6.900493192292002e-05,0.005018603191787775,0.1393218257743955,-0.0005091475209495658,0.09220340738049625,0.00850146833257375,0.052499068343797736,14.269622833393367,1.0477073515031372,-0.85616114927197,0.00766040943645385,0.01033215602731497,0.04057871586240298,-0.14131681986615563,-0.005199276355129774,-3.550595080917501e-05,0.005132879672185196,0.13461875939087956,0.0007671747551275961,0.1675955240914579,0.028088259695490447,0.018955245918316873,14.022149285323582,1.655938420158221,-1.4314807800937348,0.007928964946438964,0.010656687134829488,0.06969751873011738,-0.23673025446692608,-0.0052546458790334,-1.4046480960021627e-05,0.005402041255796087,0.24126707560768978,0.005018551863534744,0.5674637959023723,0.3220151596599293,0.46705998106370383,5.773427103864499,3.382623,-3.4976410000000002,0.09113259316710234,0.122695,0.2953055661041864,-0.963748,-0.059312,0.001074,0.063383,1.07375,0.0070938752888000806,0.7677902068408613,0.5895018017207326,0.48425584529692506,5.148635859142418,4.487608161775319,-4.278554272851573,0.1289806220112151,0.1735402260924107,0.4045781820366059,-1.3380379464946774,-0.08404682853285875,0.0007657571564767816,0.08949339755955196,1.4947312547061622,0.0009381220896205,0.23338605296507017,0.054469049718614534,-0.013909377244965652,13.871422660255242,2.078720689532426,-2.05712762369682,0.009511322303699986,0.012831298848487233,0.0963450543661717,-0.32122269157208755,-0.006441924878709499,1.8792918289680088e-05,0.006389373969777733,0.3373800814376319,0.010021863891781885,1.0313743648756695,1.0637330805226908,0.46879840754113056,4.370869737703483,5.850207657562582,-4.934915592591428,0.1812785001046361,0.24322324794069727,0.5550929127680105,-1.8192281008181201,-0.11846896212103722,-0.002213079904047855,0.12475428581966004,2.1156452098283554,-0.0011633698661056501,0.339196119159813,0.11505400725307806,-0.3017706845047102,10.115615542944365,2.3239862723804947,-2.8258745315297324,0.026722226038843038,0.03603213636907046,0.1547759130866199,-0.5272289383480404,-0.018099837564111283,-4.082286087366167e-05,0.017932298804959175,0.5582685497023261,0.0013261586408755538,0.244341932040595,0.059702979753330755,0.10069910298025132,11.892382517465416,2.570617461532747,-2.208079016659736,0.007947344980958466,0.01071554086784424,0.10430778114489153,-0.35572806058516576,-0.005295168924873003,4.7769352024593865e-05,0.005420371942971236,0.3669614751185595,0.000622120553118084,0.22184427369935028,0.04921488177319224,-0.05099664968659635,16.192677225037897,1.8768607308543797,-1.8843772869827866,0.010737805469623867,0.014482698242702374,0.08869502311808103,-0.28320577642092265,-0.007081585969089605,-3.818084138602088e-06,0.007401112273612769,0.2895210614710721,0.003587554390101981,0.18875791076662804,0.03562954887698232,0.3730188916117832,7.5846019882155815,1.564579,-1.154262,0.024121938095086143,0.032539,0.09412788183321594,-0.30659775,-0.012511,0.003154,0.020028,0.322959,0.005073890176708628,0.23492881412824346,0.05519154770770276,0.15270754860778848,8.192237649786312,1.6747541114187003,-1.5592259056499895,0.03240227203521435,0.043777856743910736,0.1168267721298919,-0.37798305081281725,-0.016002492658666816,0.004622675568093437,0.02777536408524392,0.3906606063027831,0.00032936415170704164,0.12673172220630674,0.016060929413376498,0.06592797342190082,11.25872370837797,1.2877582022315843,-1.1147776828392484,0.008000404001042606,0.010787484192644897,0.056015222691643364,-0.19476214390055124,-0.005485508526661689,4.438381028376982e-06,0.005301975665983208,0.19423546445912415,0.007176628447695207,0.3235039282243747,0.10465479157660136,0.07199421471278694,8.382414232942656,2.11845027019705,-2.048702297889557,0.04502218281251871,0.06082956833053681,0.1607924819066332,-0.5147453432824592,-0.021905583086240958,0.006631720060041223,0.03892398524429585,0.5374678185834088,-4.6196518730154164e-05,0.07555203325302239,0.0057081097286658,0.4148470587472999,13.464901209918086,0.7029019752182275,-0.5497875105244481,0.007331002354838179,0.009890523038486164,0.033840028858486006,-0.1151202835629132,-0.004896453675921802,4.731177963120093e-05,0.0049940693625643625,0.1046273391480849,0.0004653024005616722,0.156718486413118,0.02456068398361865,0.11416898387979599,9.471642915151477,1.4175106783936435,-1.145773025198529,0.008782085070162267,0.011840955800505691,0.07057966957872563,-0.25553391330703956,-0.006002376945574962,3.416211920667547e-06,0.005838578854930729,0.25200779735088524,-0.0004936252653415191,0.08691997363214155,0.007555081816212181,0.010632512928738999,15.04195863134105,0.7847149641256147,-0.8643439576235974,0.006901591451800173,0.009314146362619591,0.036609275327261194,-0.12125498148217322,-0.004840088282824034,-0.0001309724077889926,0.004474058079795557,0.11949249512401658,-3.476342143141535e-05,0.9750330087858574,0.950689368222002,-0.0004801107340926982,1.6801492219859,3.254884,-3.248553,0.7120397305672651,0.9605282500000001,0.6804044172970325,-1.829514,-0.4799175,0.00023349999999999998,0.48061075000000003,1.82579475,-6.91116442853233e-05,1.378755093116614,1.9009656067950025,-0.0004451999868009996,1.6839385528636228,4.584352525951043,-4.575348755701053,0.9972201943421956,1.344994931057529,0.9616332485165877,-2.5910051929732623,-0.6718920862422,0.0025051450217601304,0.6731028448153291,2.5840316021155663,1.6930900079235657e-05,0.016082320331028993,0.00025864102722982846,0.3675910492647123,14.67465267105819,0.32274888006691993,-0.26722412037543114,0.016074347585795158,0.021668892389137256,0.012499643843586625,-0.02343673534808016,-0.010937406887203339,-0.00022711823092819508,0.010731485501933917,0.023624563801148322,-0.00015346444847399705,1.9490950373989246,3.7989714648131154,-0.00038492729773613796,1.6969281116358568,6.391688582149442,-6.433507563629797,1.357854985942795,1.8316901425095438,1.3574951507251207,-3.642959811361774,-0.913095009313613,0.0030018080818260753,0.9185951331959308,3.6423373447464353,4.7546384965325935e-05,0.04836409354352673,0.0023390855442870034,0.11551656381892432,1.3455741611334844,0.5269225069506388,-0.18959241172359764,0.04330169552986992,0.05836853474611353,0.03686231215201172,-0.08814184089296698,-0.029164018665009228,0.0001955789945823072,0.029204516081104304,0.08849771577742624,2.2808340328852257e-05,0.006915802976967886,4.782833081623788e-05,4.7520712121149185,255.30384398468163,0.2868348850072735,-0.1805261521181661,0.005734171450366911,0.0077388620529692635,0.004838134927229122,-0.009780514544503571,-0.0038643622132534007,1.303901719788573e-05,0.003874499839715863,0.00962978628217155,4.241208634618208e-05,0.021666288578971286,0.0004694280607872616,0.04914650251235417,1.8927822227480737,0.21839905233417597,-0.21602947437774972,0.022124376016443355,0.029840189622543374,0.017322635385411785,-0.03642929618298604,-0.014858966595913417,0.0002626806365812358,0.014981223026629955,0.036741072171122865
-6.225711382113822,7.774269598272137,60.439267786618416,1.0006362638637352,0.25533180823830026,14.1,-22.3,4.521936766442086,6.625000000000001,9.316158536585366,-15.7,-10.825000000000001,-8.75,-4.2,9.1,-8.756808882689656,11.037370617251629,121.82355014256959,1.0245985267474884,0.2657876943290476,19.78980747522873,-30.86098240339801,6.1812629832941015,9.356355197909066,13.198438419886356,-22.007002670968365,-15.306820067653994,-12.595062732662003,-5.950464869744929,12.861849542325274,-0.04895207079473562,0.7268624154293541,0.5283289709637949,-4.101671737499106,44.09168817947301,3.4860267047476583,-8.360549677509216,0.2660017829239235,0.3572665241852333,0.3354170322860171,-0.6634919043817402,-0.19604087411262983,-0.0111976674035984,0.16122565007260348,0.5576612854112414,-12.270916665387713,15.738324108558533,247.69484574603476,1.037539049476032,0.27498386636580907,28.016580507441876,-44.54274381882756,8.571996907067822,13.122333959977125,18.708467482044213,-30.75105550760283,-21.60428682652831,-17.827317329737134,-8.481952866551184,18.49910143510141,0.1829552255029089,1.1747116445140238,1.379947447756842,6.989287571488425,61.295163601508634,12.804097548161236,-1.9113105017934968,0.2551894775143277,0.3515248177333708,0.4128107424468789,-0.6095220675585589,-0.12322583768476814,0.021223636185908834,0.22829898004860266,0.7763772648155376,-0.06675662225136975,0.7521229474288802,0.5656889280491061,-0.5681041627312641,9.94268668277507,3.146708098913065,-3.786234307972771,0.25537674119440895,0.3525479338142128,0.38575402802130665,-1.26811549678487,-0.20311456230826266,-0.034634015981331034,0.1494333715059501,0.6170364374431463,0.09880884199327095,0.6839875186058058,0.46783892560852747,5.294303224337489,39.95283380363903,6.638887416681348,-1.143486808457609,0.25893490037177214,0.35775233087495933,0.3173163893350711,-0.5335684563044836,-0.14333617003739652,0.012346806716371648,0.21441616083756282,0.5701849182807555,-149.1775406504065,14.266630348914743,203.5367415125752,-0.3839012962360484,-0.4901179196227363,-110.8,-196.0,15.122542628757165,22.399999999999977,149.1775406504065,-173.9,-160.7,-147.2,-138.3,-128.91500000000002,-210.86570825369782,19.306180341812766,372.72859939059765,-0.2568716910644604,-0.8768514101393259,-159.4652845267098,-255.37514096578445,22.21653157878761,32.840509365101894,210.86570825369782,-243.13997284465822,-228.0055294084067,-207.81298577999317,-195.1650200433048,-183.94928636993475,0.06905624242211582,5.817149521741734,33.839228558300086,0.20533667076794504,0.8100597061445294,21.73573156030978,-17.52980416558615,4.976604756771785,6.7480377996128285,4.417771213524982,-9.649702731464535,-3.3337185257599673,-0.009500711240207238,3.414319273852861,9.858372612193332,-297.8733215270465,26.296662918795622,691.5144806647608,-0.33125959419706746,-0.9699301359067292,-226.30886944297274,-349.2096981043799,32.00130659358163,49.54444220998772,297.8733215270465,-341.81123636817654,-323.44798158665844,-293.1019220557822,-273.9035393766707,-264.71112162082443,-0.11688873109080755,7.240513591258972,52.425037065205906,-0.1685612911681992,0.002753837246695756,17.94365461270037,-27.046440518702912,7.327524960621868,9.785525654314027,5.840438162582714,-11.539660181483812,-4.6149208749467725,-0.006720796195510914,5.170604779367254,10.639635634431986,0.09335630819494972,6.017995145651827,36.21626557308895,0.15812321121883036,3.1281361307962223,23.49364109037769,-19.63687242320182,3.9174207771577816,5.356095260733076,3.980999509057282,-9.212783452835374,-2.808022291254078,0.16267020002483368,2.548072969478998,10.990224970265555,-0.6680445643665541,5.486962143657887,30.106753565934753,-0.18348311284615212,-0.17150917616908368,12.00305479857464,-19.792856688446406,5.903384653513514,8.05529769584805,4.511061973490205,-9.091253930463914,-4.751200211819789,-0.3419348863452355,3.3040974840282615,7.95461987590868,-1.7650406504065042,7.407509469657328,54.87119654306299,-0.9523134878046199,0.6602126066902829,10.5,-32.0,7.116490648826889,10.525,5.747967479674797,-16.2,-6.8,0.1,3.725,7.1,-2.5172826294403956,9.816522941031916,96.3641226518059,-0.5926228803486223,-0.5108720508054816,13.386026616638585,-38.6224542808427,11.31338921477333,16.552176729585454,8.013911900855058,-19.283284309985724,-11.176837198044822,-0.032568234423994716,5.375339531540632,10.007514829619547,-0.1656405354773825,3.5912884130150067,12.897352465455844,-0.03217446409671294,5.992668330922836,17.203817154884792,-17.519219720305713,1.754218607240454,2.345457763790507,2.220798994507954,-6.149111837178524,-1.3184451490640061,0.034172563699080505,1.0270126147265008,5.357016384413438,-3.6172418684418903,13.18883425114464,173.945348904166,-0.3603999034222322,-1.2582452000777915,15.558757596303735,-29.3418428195349,15.52309857580888,24.717501999824492,11.160415798522184,-24.965026555655665,-16.792977933869786,0.2844859718080148,7.924524065954708,13.415334693644052,-0.3480372071370065,4.105296515949494,16.853459483867056,-1.8688958549766868,10.222084024455505,13.624379388511093,-23.67548549838604,2.5818280641773814,3.4690366825180665,2.566682815245349,-4.9115045355949585,-1.807052827174318,-0.11704389075377997,1.6619838553437485,4.835350259954422,-0.23015158475901354,3.438443607287806,11.82289444049838,0.4168807378044152,5.515151190902056,14.9163502718566,-11.54141913846586,1.426032018889246,1.895514707375005,1.9880963216087224,-6.475488718176633,-1.1167655330142385,0.002125715016720986,0.7787491743607664,3.9159796887099967,0.01789931279341608,3.6897813291598713,13.614486257016788,-0.37768983274598,5.80853028670769,14.908488739224921,-17.08554258449337,1.9902382032620793,2.6776452135617026,2.289286902751415,-5.559637676041147,-1.251115626339614,0.08817629842927438,1.4265295872220887,5.784057749142171,-0.7791666666666665,4.275863783397858,18.283011094173443,-0.0022876231791384614,-1.4409413808279559,7.2,-7.1,5.930408874022408,8.6,3.8470528455284554,-6.7,-5.3,-0.3,3.3,5.6,-1.1001524384747317,6.067946474006506,36.81997441140799,0.00931339404948902,-1.4390019545885377,10.168232369408745,-10.05846178389115,8.484799593891925,12.159669214179758,5.4637402930254595,-9.446763986795698,-7.522895130016902,-0.5034697958398836,4.636774084162854,7.982690131372472,-0.010797499892435782,0.1779544515434673,0.031667786824136256,-17.21615641557619,349.4933398635539,0.4608437383946075,-3.6471158608148992,0.060098510492363255,0.08126525999984976,0.05737911597172906,-0.10804950556914254,-0.04375813939043191,-0.0025245265752477652,0.03750712060941785,0.09121129033148229,-1.5722929348767287,8.643322259777147,74.70701968635913,0.026031019835771173,-1.4301897897679197,14.276548714447406,-14.160928945229404,12.070130701723848,17.157199490674067,7.783407734256844,-13.374163257597097,-10.600028751741203,-0.7851335734084299,6.557170738932866,11.592050574717923,0.02366251045075993,0.36605783406320974,0.13399833787904838,13.097307252346466,194.17452229526782,5.480507917365075,-1.121625196997859,0.0697256653681019,0.09456568566790147,0.09270011209468931,-0.12614444630967422,-0.043995972162824255,-0.0016397556702066884,0.05056971350507722,0.133916569195168,-0.014780558305421113,0.14458804630783867,0.020905703135117696,-7.689953337729053,74.59975398323681,0.29761609205530515,-1.475097163666432,0.056205578442620745,0.07657462708792326,0.06043890296101641,-0.11016892257437289,-0.04227589361479898,-0.0007527660300261915,0.034298733473124274,0.0980293714834018,0.01184642766653405,0.20383451354145454,0.04154850891068141,12.89800158372446,189.14123326295478,3.0319553305516433,-0.4137615670958025,0.06648501128484441,0.09096579283157646,0.06484176980757744,-0.09720953044068056,-0.04441427982713747,0.0022201254218060986,0.046551513004438994,0.10080421174511864,-0.38231707317073166,3.5422410797324733,12.547471866944278,-2.0147175916134894,3.334809466366881,3.4,-16.6,1.0378215529539212,2.0,2.360162601626016,-9.2,-0.4,1.0,1.6,2.3,-0.5287846210679714,3.90208480645686,15.226265836781469,-1.1155163540691602,-0.10532227827815488,4.354821618301184,-11.428269923689848,1.6110141095017814,5.511826050714834,3.1318514793730174,-8.68031487954672,-3.3177123167474445,1.4284887287912706,2.1941137339673897,2.9898321165257764,-0.17134169379702002,3.1166845046977643,9.713722301823148,0.4460983518839788,2.9671149510548505,13.409358983742035,-9.901603835549249,0.5940072824375748,0.8837550036885661,1.754714884799898,-5.89434354675903,-0.5995618608073486,-0.025515990069744837,0.28419314288121744,6.262680630146637,-0.7075201923711527,5.184547491919307,26.87953269596678,-0.9505004733441518,-0.6443032326756883,5.8838341642593095,-13.496123724775279,1.4540405320104772,8.321449967138845,4.348306314301862,-10.721706003311375,-5.3683007253330715,2.3341342713093347,2.9531492418057734,3.956141855053212,0.20568202982377917,1.7986720589912462,3.2352211757958087,0.23465095213314455,3.4764697140158383,6.4638266832210425,-7.51057527433483,0.9040260851864614,1.170881960056226,1.1192371631203337,-1.984938563121946,-0.47218817198112184,-0.0031710937222078073,0.6986937880751041,3.648008115794718,-0.239349861143317,3.2525050592868654,10.578789160686656,-0.2576947965304506,4.272254553696515,14.139406585415609,-12.065751172554936,0.281783032709173,0.37996422862022206,1.6336858735909583,-7.094684216595461,-0.20420500287524718,-0.016964005024230316,0.17575922574497488,5.493851823176909,0.057737622985676904,2.9283537349500435,8.57525559699587,-0.14131916552363652,4.504767982000974,10.5021748609519,-10.962017143978164,0.612138603363744,0.8373177169096744,1.5365614153019445,-5.570865629384569,-0.37066419753062885,0.01146120931656847,0.46665351937904553,5.424899205911957,2.9520325203252034,3.5249049942451816,12.424955218454624,-1.6125660450092223,1.723546785234145,6.3,-8.1,1.3343419966550423,3.8,4.210365853658536,-5.9,1.5,4.6,5.3,5.9,4.175762099348369,4.950174060683644,24.5042232310652,-1.5720862193512979,1.5858806776937016,10.10094227067086,-11.000117866486224,1.9243734725923407,5.239628969353752,5.935405000576324,-8.097726124983575,2.189031957833655,6.531821885523253,7.428660927187407,8.349489056860564,-0.05102836870727876,0.4522019767798029,0.2044866278035614,-8.582402697811697,82.80919624680944,0.6138159827800476,-4.905663754273167,0.1074277745064991,0.14510015363919107,0.14586492286840447,-0.24686126029545294,-0.08054119407253646,-0.006316174746868797,0.06455895956665461,0.20229262628849048,5.9130274040261686,6.890158526298318,47.47428451752141,-1.6403923909504379,1.8950401139932298,13.303794821951664,-16.118268634611592,2.5856528642238508,7.193994137462686,8.320352122256354,-11.430001646631421,3.2710572488415535,9.221696791136823,10.46505138630424,11.623480818853867,0.09966289817493294,0.948589286005935,0.8998216335252495,6.125627692805971,41.78771590590922,7.752197568825078,-1.4252465366000866,0.18714693361704304,0.24967511888655805,0.31445498344374256,-0.45182893017540626,-0.11861027461498416,0.008863891218854447,0.1310648442715739,0.45497355137006573,-0.07120697077090285,0.3630410179709442,0.13179878072937942,-4.111358941641286,18.08828415703359,0.3922992704219603,-2.1868469421163437,0.10924030900176085,0.14703290809745662,0.1577121083059636,-0.30831104949396726,-0.08197547266837729,-0.008333194415947643,0.06505743542907931,0.17949506919147626,0.058700454687269185,0.5178586968302098,0.2681776298826831,6.123555836400363,41.02638815508791,4.005789668186594,-0.7055745183999285,0.1265177044018116,0.1767801111120908,0.18746727292911947,-0.2992521603340971,-0.08981641783036601,0.0063445875425870435,0.0869636932817248,0.2954930420712505,0.0014167505114035354,0.2991785875515167,0.08950782724932055,-0.6018032051607223,4.8274238960150315,1.356356,-1.907952,0.06811074591814735,0.09176100000000001,0.16471347420083654,-0.568065,-0.042234,0.005311,0.049527,0.52417325,0.002009371087963948,0.3972509375059894,0.15780830734938747,-0.46060331094514334,4.327925286391103,1.8831167073684554,-2.2721495825713776,0.09523093276134183,0.12854024856387608,0.22151356907419067,-0.7771205005278738,-0.05957486525754098,0.006932553944253083,0.06896538330633512,0.7109515748888602,-0.0005686579777596754,0.14557129241613095,0.021191001175702703,-0.04058373651139346,15.746928374446107,1.2745056667182972,-1.450163476469425,0.008049021644265802,0.01087120796814687,0.061026042327941725,-0.2076081512218279,-0.005446717133130238,1.2087817111329372e-05,0.005424490835016633,0.2003790351595791,0.002858204598848921,0.5516152217773325,0.3042793528964557,-0.37890622557712095,3.987915675775369,2.6668740689671053,-2.6890814667613836,0.13420117230252918,0.18114531361514474,0.31026970301070234,-1.0896107148541518,-0.08464323995671172,0.009748560385144827,0.09650207365843304,0.9936221861526291,-0.0008868684448816209,0.10620817367900676,0.011280176156230065,-0.04051809021476587,13.21818698772103,0.9070989889340738,-0.9323045614192819,0.007986201215554283,0.010816538927070515,0.04673890967184824,-0.1564136971279782,-0.005681545278020048,-0.0001314389965174391,0.005134993649050466,0.1588723259256383,-0.0008037818139049024,0.10164127137128062,0.010330948045970309,0.010481623378427223,16.090303987387216,0.9588348758286939,-0.952230226762869,0.008138797736125102,0.010978354791795722,0.04362637521144728,-0.1418064050471236,-0.005523326621161928,-3.17289276098375e-05,0.005455028170633794,0.13894527482787802,0.0009304664250342882,0.179004051663035,0.032042450511782505,0.05207315476895233,12.415569444199733,1.5238559961631768,-1.4697396445944648,0.00818519699771503,0.011035684528003848,0.07644034557080999,-0.2581687723014218,-0.005551966589538152,7.103901230189058e-06,0.005483717938465696,0.26927543618159216,0.006409113623179556,0.5556384218239214,0.308734055806978,0.5111782615956688,4.892757960908658,3.347654,-3.388766,0.08917111043201942,0.120171,0.29363182925228226,-0.9921979999999999,-0.056007,0.003418,0.064164,1.056956,0.00905550702928887,0.748361441237866,0.5600448467316159,0.5379934758843816,4.253425943784766,4.024451052536289,-4.176651718670115,0.1257642527303869,0.16952441659287884,0.4013011530049868,-1.3782010235859203,-0.0787919782743203,0.004814578356420636,0.09073243831855854,1.4655222626128395,0.0010597059270976415,0.23951288707088889,0.05736642307303238,0.08927609053554794,14.982208473807798,2.01458269695619,-2.2781566715845933,0.009370143826680626,0.012644410641773789,0.09970325635140963,-0.3352809867615235,-0.006341314357307081,6.544836698812301e-05,0.006303096284466707,0.33225307364278633,0.012782566733500875,1.0002985331155383,1.0005971553530975,0.5337511364083742,3.679723515600802,5.098129241980165,-4.637904979995132,0.17783751041889304,0.2393927745885423,0.5464155245139652,-1.8426345138864295,-0.11270820170598693,0.003856867431407681,0.12668457288255536,2.050098639443732,-0.0017158352567771835,0.34538077345255397,0.11928787867068442,-0.18799694984486778,7.105991207933142,2.1517986821938924,-2.338610821258455,0.02698507990042556,0.036415027763032355,0.16297360965407037,-0.593915102430202,-0.018420124449923175,-4.027298213667412e-05,0.01799490331310918,0.5982593683292715,0.0014981530267454848,0.24217522651252302,0.05864884033639183,0.2666505423019836,11.468006933379652,2.009900206986009,-1.9132685512652876,0.008113382956390794,0.01095616461698216,0.10490000159107087,-0.36722088084673365,-0.005499684771696862,1.092687074381437e-05,0.005456479845285298,0.37036865748616155,0.00011300675185107609,0.23677624145048098,0.056062988515416474,0.03286830641604019,15.710408504426546,2.06583904030488,-1.8467146033897865,0.01048317150050897,0.014153569603864272,0.09653657332890445,-0.3133026515329188,-0.006946807667462581,2.5455244189229566e-06,0.007206761936401692,0.3150080070585874,0.005509268998259703,0.1604286994895745,0.025737367619916202,-0.027433406741067028,6.727535138075243,1.176596,-1.164967,0.020534040726302584,0.02776,0.08135567311391323,-0.27121575,-0.007914,0.005149,0.019846,0.290134,0.007790189799333859,0.18660557865466548,0.03482164198504255,0.09211437885733026,6.231133244548753,1.0988370158299197,-1.1210139839854176,0.02746693492509555,0.03736170116199897,0.09644089764120668,-0.3155852057205992,-0.010210234566175256,0.0072662193591896875,0.027151466595823712,0.33946069109836646,0.0007879141274680872,0.12902627588987156,0.016647779870009254,0.06463226863817931,11.875642324099278,1.0265846082571253,-1.0561464869390425,0.008020783409901084,0.010818676811895092,0.05652431607265099,-0.1875007025721133,-0.005373638369555416,4.5316522931851356e-05,0.005445038442339676,0.19362709040844328,0.011013667582188127,0.251867617772959,0.06343729688262538,0.1007437286706831,6.30755962560862,1.5290202861566589,-1.5401525273039565,0.038104299339422235,0.0517019047734865,0.1301284596457721,-0.4190374898841405,-0.013928734224418253,0.010253610296830836,0.037773170549068244,0.46525480786266044,0.0004706397587503554,0.07869621755003016,0.006193094656681675,0.2775562148777526,9.450567073834465,0.5959624618274292,-0.5644999198921768,0.0075195248705202744,0.01014454007393968,0.03674537099343915,-0.12666516097104788,-0.004929042791689553,5.948431753850661e-05,0.005215497282250126,0.12448566479280615,0.0011141588517012155,0.15870058783178978,0.025185876578155623,0.1789569492892509,10.524877965191564,1.2230893096155646,-1.0979859496591544,0.008937588481842725,0.012059135833250884,0.07118046488657602,-0.2426293376934521,-0.006039042495524287,3.16603169310163e-05,0.006020093337726597,0.2491778192798944,-0.0006808058699839686,0.09001739708188813,0.008103131777398322,0.06138468359173034,14.04332000000931,0.8078053192791045,-0.8231204292683477,0.006953249639741712,0.009386081234443611,0.03893017307413802,-0.13258705936551607,-0.004786379689790431,-6.267749602177599e-05,0.004599701544653181,0.12527634762965986,8.008187036302037e-05,1.0843073954689235,1.1757225278686005,0.0008538326277067323,1.800511057959179,3.775155,-3.771065,0.7276152081737758,0.981832,0.7431156957072635,-2.07914875,-0.48997825,-0.0009715,0.49185375,2.08149175,0.00014523636354811997,1.5332897967529522,2.350977600826709,0.0007977639046741684,1.8046959004189942,5.322920209832831,-5.303788701181358,1.0179497193803106,1.3732579379274088,1.0503052353951994,-2.9503385629120737,-0.685105333729357,-0.001385024342101004,0.6881526041980519,2.9371885710557146,-1.7285885623114504e-05,0.01647673866132188,0.0002714829169134992,-0.6173150355554875,14.02912022209236,0.07789962408002832,-0.41065568097454014,0.017716675116508047,0.02393427425302989,0.013447202748918858,-0.023841940376395462,-0.011865693275092114,-4.08990499778817e-05,0.012068580977937777,0.023916880436929026,0.0002974391826219122,2.1675686132002303,4.698353692930769,0.0006766944415050617,1.818087554483256,7.471798468193863,-7.42981706741573,1.401226009950579,1.8900663596398224,1.483042419740352,-4.173042414005819,-0.9441475530887466,-0.004439868767251921,0.9459188065510757,4.1589070665451855,2.934068367931475e-05,0.053070937054597825,0.0028165243598530848,0.013442604310374034,0.08371731562906204,0.278413549307073,-0.16595098715673706,0.04112167901423292,0.05553507002125377,0.04097003788730856,-0.09504521091580649,-0.027482323679958842,-5.2487732865924563e-05,0.028052746341294923,0.09567736126785711,-2.4390111824498322e-05,0.007038244922697901,4.9536891591882777e-05,-4.40009562783637,174.78976068987112,0.05455892296151483,-0.288077074653056,0.006188861715041412,0.00834559356072865,0.005205787629583184,-0.010829717731116104,-0.00420501650702786,-2.126086313880332e-06,0.004140577053700789,0.010803296638189313,9.885628130711079e-06,0.0222117903910441,0.000493363632375679,-0.01504933748655098,1.7357979047825438,0.2545451388608609,-0.25615468263244245,0.025007485268817395,0.03372960812146315,0.018281165416037717,-0.035834918261115796,-0.016925936643988372,-8.986911404118558e-05,0.016803671477474785,0.03582618578569317
-5.713197969543147,7.669407115874825,58.819805509031404,0.9672450801737483,0.13463674028383021,14.1,-21.3,5.633888430321286,6.8999999999999995,8.860406091370558,-14.9,-10.6,-8.8,-3.7,9.379999999999995,-8.046003583184106,10.886330427672554,118.51219018046932,0.993004927543985,0.15048110364895306,19.94898944036996,-29.052443794295428,8.078373650785656,9.59242151110406,12.563055134404415,-21.102139611528038,-14.939357962007566,-12.615199406768971,-5.346936450903505,13.282055803023022,-0.0882333225935846,0.7381794117577193,0.5449088439429725,-4.441540028630512,40.65926604498677,2.5339472236836516,-8.407963427792069,0.25576973431891104,0.3451682619309203,0.3513280997952548,-0.9341994106930969,-0.19519736740087945,-0.02079651271260627,0.14997089453004087,0.5475837788176962,-11.26250569342787,15.53893033639231,241.45835599925326,1.0029301379399191,0.15352719477855326,28.205059304807865,-42.06817180110096,11.6562794043045,13.565548281188423,17.821696959656226,-29.50739493718514,-21.104219400050372,-17.926942133843923,-7.538671118861949,18.997710810080502,0.14922367297207006,1.1570716072264042,1.3388147042494942,7.048288493029726,63.7734939751748,12.609852513099797,-3.0443841042942896,0.28605240411202393,0.38209672109247594,0.4076360652796816,-0.5596032884297544,-0.165400777796617,0.01552502351325602,0.21669594329585895,0.6315286365900227,-0.12325693379675493,0.7371633970957255,0.5434098740177103,-1.8264626515825872,8.799268926073408,2.6462909191405535,-3.642265913646795,0.2843345179001943,0.35656570407164245,0.39730289784839734,-1.5286093557996865,-0.1996817890682114,-0.04146181488133724,0.15688391500343105,0.5105366974467711,0.11148324213893902,0.7221207223334449,0.5214583376233763,4.548941215572151,35.6174238937511,6.835401649119271,-2.7846019515917813,0.2884625829150453,0.3948121541753544,0.34519519028910767,-0.4676260258188715,-0.1824175721716201,0.02029914809813048,0.21239458200373432,0.7997498532500757,-148.57248730964466,13.749057167715465,189.036573001108,-0.31036257997380245,-0.5977225716336494,-110.8,-189.7,14.677761963205468,20.600000000000023,148.57248730964466,-172.84,-158.8,-146.8,-138.2,-129.1,-209.99765539623945,18.589350555898875,345.56395409009787,-0.1599075359817452,-0.9578558672612862,-157.09906178263068,-252.80208546039034,22.12569939192768,30.785376300641786,209.99765539623945,-239.4918391149978,-226.3523247152572,-208.29259118286564,-195.5669484146154,-183.35107186355316,0.27850308742970664,5.659354752659139,32.02829621644558,0.37600405963957134,1.7543985593490632,26.59606714796006,-19.439840038187583,5.023434671732482,6.799573938891446,4.2755831696344275,-8.658616329075782,-3.335162853228309,0.034644672444211544,3.464411085663137,10.135708637551591,-296.70405349404814,25.21568829603473,635.830936242783,-0.25867647054672743,-1.0388527234523586,-230.64582135889486,-349.52991022865564,32.964930437552376,48.46553538585118,296.70405349404814,-337.12092697540857,-321.13732964731844,-293.0065360440777,-272.67179426146726,-264.2158763231058,0.04377538640581663,7.40515002640996,54.83624691363944,-0.21503108592415762,-0.14351811798042746,20.028254199973667,-22.045551558865764,6.903112407313716,9.51256912088957,5.83682527559037,-12.88517459505759,-5.044759596021143,0.521395693980331,4.467809524868427,12.112512443556021,0.38450976845003637,5.61330846539367,31.509231927660245,0.7829998504603323,4.374752918611718,22.90135782017638,-19.793199870517522,2.632872889212674,3.745706125448466,3.4486276692138698,-7.7910111392594,-1.8826196928303338,0.22386840205246145,1.863086432618132,11.356484564578487,-0.2880747814715641,5.633202160675895,31.73296658304357,-0.10311203240575935,0.21171801640305166,14.68536851436282,-20.953845742523942,5.51645363060496,7.150201109153313,4.46456667596883,-9.210018792916998,-3.8356383054211074,-0.09337763781485142,3.3145628037322057,8.862755711128298,-1.6708629441624367,7.267517172619005,52.81680585431214,-0.9284493985020181,0.7859728753231829,10.8,-31.6,7.116490648826889,10.5,5.688324873096446,-14.68,-6.6,0.0,3.9,7.4,-2.3797003432878565,9.669296635311982,93.49529742165561,-0.5725362640207576,-0.4963872770171367,14.139618905493547,-37.94283629250447,11.065653605182156,16.384584270073937,7.914968391091535,-18.03691435733999,-11.017914190191593,-0.09511287840694309,5.366670079882343,10.053635507457539,0.07324423522572947,3.4070331807175664,11.607875094510456,1.257351673471431,7.710913958380301,20.77303657519107,-10.392079972173686,1.7702022879221264,2.4874478272160525,2.1408275967440162,-5.264366487623799,-1.3114320813343565,0.004751963947435753,1.1760157458816958,5.827557758537147,-3.419915427555501,13.042454644950109,170.10562316558065,-0.37293423453039737,-1.1848612365487725,15.991348518861788,-30.780690474712376,15.529328777130287,24.251664996263816,10.93578968726133,-25.204453473186266,-16.29346958020929,0.4789944023896757,7.958195416054525,13.732497392817221,-0.10752604776985017,3.933662830002324,15.473703260141892,1.2390432413288217,15.368887223534216,30.346426225651324,-15.627929898274836,2.8418260121375534,3.852573215979904,2.5624855037203695,-4.669167262523375,-2.0217844208286024,-0.0675166720539139,1.8307887951513018,4.569499193649241,0.10298850313579182,3.318049327274729,11.009451338228281,0.33049822438609977,4.148626387861342,12.661017624304991,-11.348896763186737,1.2953586644428983,1.6439042898735394,1.9101556186901367,-5.295353571520441,-0.8857634419625462,0.02379591246228473,0.7581408479109932,6.695344363248898,-0.2041475826027425,3.447866992201963,11.887786795915813,-1.6891866960949935,8.419272015983099,11.101115629709218,-20.86291115573055,2.061173219644934,2.9086609343034917,2.2234956267279684,-5.439001955629677,-1.3137056251809622,-0.059082044113284646,1.5949553091225295,4.803867063887141,-0.61746192893401,4.259660820941534,18.1447103094643,-0.0391229510728023,-1.454000413268492,7.0,-7.0,5.7821486521718475,8.7,3.8263959390862943,-6.6,-5.2,0.0,3.5,5.6,-0.8807609488633321,6.045790779357075,36.551586147759025,-0.026317717864952055,-1.4548770262897255,9.92100561984884,-9.793474018079609,8.159280911731464,12.246812223962799,5.436825921591594,-9.280166572914139,-7.347686072328713,0.11246552690312107,4.899126151634086,7.974420573019228,-0.008849178581297627,0.17515485538759326,0.030679223365848707,-16.755323732130375,336.64203018481396,0.4409979631195397,-3.5565143087754794,0.06009851050937418,0.08088519019632415,0.058481927320782216,-0.1041230680872973,-0.04093645451836499,-0.0005903915584661648,0.03994873567795916,0.10379801066560854,-1.2449334452000782,8.60392823775531,74.0275811204432,-0.014455272826496165,-1.44792944858356,13.990703896690412,-13.780886239413235,11.676690932916719,17.4289891278387,7.735949726337926,-13.134625435193705,-10.606569596064519,0.0328563089351047,6.822419531774181,11.514480092477257,0.01800335441914858,0.36763504619761606,0.1351555271927233,13.070281506539503,193.5160448068345,5.493424625271169,-1.144881293912072,0.0744034984919176,0.10775744780831345,0.09242621673273631,-0.13090109063847133,-0.06141428715499863,0.001632128771603833,0.04634316065331481,0.13592096283843594,-0.012298270832050533,0.1470419636412291,0.021621339071468543,-7.494720456921913,73.17101926195613,0.36110214241747135,-1.5317124447336634,0.06381195678949665,0.08616678627930713,0.0636639735900791,-0.1135288412652993,-0.04843691539386108,-0.003427813867690318,0.03772987088544605,0.10705980393338999,0.014312017940975676,0.19714035110351974,0.03886431803321904,12.77313619529684,185.76754067629494,2.922459150494843,-0.2969324708774876,0.06186887384923553,0.08430761576424112,0.06443440326508278,-0.10529155310154352,-0.0390620572084551,0.001979102539051672,0.04524555855578602,0.11431684959274609,-0.3279187817258884,3.7314253660550585,13.923535262439126,-2.0555896072222954,3.717300957255734,3.5,-18.7,1.0378215529539212,2.0,2.537664974619289,-9.8,-0.3,1.2,1.7,2.4,-0.44743469019523097,4.209200291214448,17.717367091559794,-1.2982610382687363,0.6250211988833696,4.348913626598856,-15.472144040877156,1.4672744155573507,5.4181238827489455,3.339357546438064,-9.378981858313988,-3.013478149855143,1.7221702049195748,2.404645732893802,3.2377859477772724,-0.06633033498097597,3.157557125851404,9.97016700301498,0.07760938968167734,2.866483951847176,12.359213307888076,-10.377390285346417,0.4566716639880361,0.6159787218094686,1.7381242731642201,-6.699297024939392,-0.3027801816370722,-0.00231423036510452,0.3131985401723964,5.483897395312923,-0.595669856022353,5.619570810130594,31.579576090071825,-1.0726423186099128,-0.32549933060735503,5.530621152272589,-14.8618284464546,1.4994387613041376,8.205204738201635,4.668886209926998,-12.161600922989617,-4.931623448377589,2.637639613532689,3.273581289824046,4.339868301690494,0.20960981896766967,1.8748728356173852,3.5151481497359747,1.534806999023543,5.327642235754945,8.998273025532697,-4.908201499968293,0.8046350062822527,1.0700955700383408,1.1002076492292243,-2.3850671095666964,-0.546732144334827,0.030591034643955045,0.5233634257035138,4.15280234134619,-0.0927043169102598,3.4759748590160693,12.082401220511784,-0.3676250525320301,4.628407797564451,12.05081811438055,-12.925234262542759,0.24301025673452872,0.2980788119972681,1.6733871924642572,-7.491847865256674,-0.13060346610589996,-0.005856549135395236,0.16747534589136814,6.344841380544153,0.08573515345874984,2.759055810781819,7.61238896700892,-0.33604774983932334,4.747821306211967,9.248865330448183,-12.88494518852942,0.5154674372313384,0.653337182448804,1.4745555511965853,-4.89524939381225,-0.31021107524664215,0.038963249925864016,0.34312610720216186,5.776276240628006,3.0065989847715735,3.43465868919577,11.796880311268005,-1.6410589031733789,1.8566100838954966,6.4,-8.0,1.3343419966550423,3.6999999999999997,4.191776649746193,-5.8,1.6,4.6,5.3,5.9,4.256080673210662,4.821797994914798,23.249735903764364,-1.6036627991410985,1.7248950070403941,9.931098053453207,-11.326640971312607,1.954884159895932,5.085941516394078,5.912323885763067,-7.803499382222305,2.3364457088227217,6.50084329436196,7.4223872252167995,8.317291560469936,-0.04506964732521259,0.4321201237164483,0.18672780132071862,-8.61387534005004,83.39768808696185,0.6723517948620705,-4.665162446837815,0.09587964770367484,0.1283811099139131,0.13751024537530632,-0.2599178884525832,-0.07120419308954826,-0.003566343485369272,0.05717691682436486,0.22404176173116602,6.026095141301822,6.718504709394996,45.13830553016275,-1.6696055730854766,2.0465653657449083,13.112386133249641,-16.25291087173011,2.6743331694752146,6.963539634251694,8.279609232807783,-11.126406620372226,3.4753640747959675,9.119371085950226,10.438903709047661,11.704931582191918,0.09831184002061151,0.9111863466047201,0.8302605582388571,6.097706203648839,40.513554135275584,6.961641011044562,-1.340566905975734,0.14862531599015696,0.1985735642083171,0.28834009364686947,-0.4098547355355169,-0.10057389030364655,0.007205204307307839,0.09799967390467054,0.43606422301382575,-0.06302068079323116,0.3463009499590477,0.11992434794253887,-4.031793662066368,17.408192692901856,0.38753854464362864,-1.9446489833962162,0.10356214726330973,0.14289463371682365,0.15280736524140953,-0.28736972036257735,-0.07466994510441821,-0.00822814895019053,0.06822468861240544,0.20166408428741966,0.062157399234064346,0.4953384318891324,0.24536016210638467,6.1957801942284565,41.816347085848406,3.8543192676692604,-0.4957613180910903,0.13068449138942437,0.169337885609104,0.17642285487201795,-0.28156974109667493,-0.07592303681220589,0.00415998606737852,0.09341484879689814,0.2737178585220603,0.0004576297273257061,0.29704418125968135,0.08823524562023442,-0.5991660685345811,4.901056712283401,1.435697,-1.795984,0.0674065098643572,0.090751,0.16362515207189524,-0.56145325,-0.043007,0.004716,0.047744,0.5178437499999999,0.0006532921993549784,0.3951506373698309,0.1561440262137836,-0.44082306845150704,4.3754450697900245,1.8685127948474307,-2.130057527969615,0.09449208135916878,0.1273462620519083,0.22016569661949795,-0.7842693484965839,-0.06092623170923268,0.005653708558344392,0.06642003034267563,0.6988212909336715,6.02861467126718e-05,0.14251604638821555,0.020310823478128008,0.20864483123961672,16.74073631967392,1.386612678998297,-1.4965507707816081,0.008009587832139637,0.010802728806851541,0.05997898701051531,-0.20350728110178026,-0.005384854942833677,7.876383947575153e-06,0.005417873864017865,0.19746057949708348,0.0009410266489236283,0.549241305933217,0.30166601214322564,-0.3526835958345144,4.012926853792134,2.5460664347586683,-2.6464372850030036,0.13304636792747576,0.17960458510711835,0.3082440695701085,-1.1055398456837855,-0.08582597882236491,0.008278352380403246,0.09377860628475343,0.9682177716959723,0.0009118487440812457,0.10279149710770158,0.010566091877642621,0.26827742146578787,15.51757077964362,0.9455725443017365,-1.0896910351016658,0.0076656471119484725,0.010316491037254634,0.04475627245626786,-0.14417906682903325,-0.005213071759508029,2.192971950801346e-06,0.005103419277746604,0.15243580162501763,8.50767194954778e-05,0.0966212812805695,0.00933567199629893,0.05860266509151466,16.99769892266223,0.9083229968074046,-0.9064538955328412,0.00796713284381957,0.010699579872188253,0.04194126273539035,-0.1365334744218024,-0.005449918424684185,1.7027249407231092e-05,0.005249661447504069,0.13959828793477896,-0.001334315404252104,0.17685227990069488,0.03127672890607373,0.06149816406021525,14.209764018686176,1.641654969674634,-1.4906723217234372,0.008073916642521571,0.010874905351040094,0.07540768554608901,-0.2684993990255907,-0.005437350623200089,-9.150132224447153e-05,0.005437554727840005,0.2499415639556815,0.00663279687452075,0.558254953311852,0.3116485928972181,0.3986285506803616,5.153647564886821,3.603077,-3.67243,0.08667737350049301,0.11679099999999999,0.29361247898966353,-0.98405675,-0.053243,0.003718,0.063548,1.061012,0.009372727729855968,0.7534385721098745,0.5676696819429665,0.4748147238585629,4.479087812742002,4.3721316155947045,-4.194995121416419,0.1220060381403586,0.1643950629888972,0.4017613387654731,-1.3798536878286807,-0.07493138147040902,0.004712257379985417,0.08946368151848817,1.468304976690818,0.00025263124951822527,0.2357343999948671,0.05557070734093999,0.05699888870997106,18.12229462271409,2.5507532003530127,-2.7862521304396624,0.009506592846503618,0.012833872011878697,0.09677156788005697,-0.31969692851053005,-0.006506849470294444,-4.677398663686103e-05,0.006327022541584253,0.31694656593167425,0.013233973661227192,1.0020836177251644,1.0041715769131534,0.46990751438606926,3.856634472548463,5.333536245226439,-5.25822178196849,0.1709667579656336,0.23033567531800778,0.5450988826840566,-1.8440752369715252,-0.10664642607962276,0.005256094544137927,0.12368924923838502,2.046945508887509,0.0024174948065067703,0.36187775680260503,0.13095551086848534,-0.1757312775626557,8.04156312899666,2.123699875873825,-2.8052004836475724,0.02754719764101177,0.03719142134595815,0.16847580604482532,-0.5907242916393108,-0.01863624923611848,3.654489888473651e-05,0.018555172109839674,0.6377932437401761,0.00035693307383463804,0.229562491958014,0.05269893771397324,0.08275276014639942,9.706000765386285,1.7210425637933322,-1.614899023668001,0.008121112711964498,0.0109416902296823,0.10140598658649785,-0.3572725134658749,-0.005487147701047889,5.256325709700346e-05,0.00545454252863441,0.3606900772987274,0.00012753448281855556,0.24170646421136935,0.058422014841561974,0.24208274303167812,19.826904595742853,2.6738042565438924,-2.48167556610874,0.010632939283979601,0.014338462914572195,0.0965250290982257,-0.31439937892922426,-0.007155140658901311,8.992079735381369e-05,0.007183322255670884,0.31091192387374855,0.005255025365763886,0.15900430010129254,0.0252823674507019,-0.003497984843924999,6.6454619601381655,1.022371,-1.218976,0.01856069717347163,0.025039,0.08055455111492807,-0.267073,-0.007007,0.004847,0.018032,0.28800175,0.007431391353893245,0.189744089665278,0.03600281956290506,0.07942458514879404,6.335663047314414,1.1468404604181706,-1.1877916600097946,0.024705047776454932,0.033353738151432194,0.09727181806908272,-0.3175942525164015,-0.008596090274290511,0.007095895083627762,0.024757647877141683,0.34367837452269967,-0.0002145187941917058,0.12065331673244614,0.014557222838539968,-0.0937804396817029,12.554003558115602,1.241093846850838,-0.9918293649193781,0.008048563479796662,0.010843179001482971,0.05344943919320658,-0.18068201321606608,-0.00534428115729855,5.6406799103571944e-05,0.00549889784418442,0.17997833982220668,0.010508604059293302,0.2563420016783678,0.06571122182447232,0.0630438004673076,6.277914126450417,1.5688709673667949,-1.6134809634081317,0.033993004174543165,0.045846648891409124,0.13131169210077828,-0.42525762403565004,-0.0112958744883401,0.009881374544687804,0.03455077440306902,0.46603620475214447,-0.00034758955104253206,0.07925316664435078,0.006281064423157235,0.40875330606292887,11.76612931876731,0.8214763374316048,-0.5981188307672873,0.00740159024571955,0.009978551490111606,0.0365480460977585,-0.12335273756568846,-0.005100283840896241,-0.00011752479740974889,0.004878267649215364,0.12173175030099313,-0.00030327909452881484,0.14582086204435735,0.0212637238073595,-0.018622900231632523,8.806575370268652,1.0503077855433638,-1.0011647438354845,0.008982272212085765,0.012117316267108852,0.0667415552861164,-0.23751368786972782,-0.006011000000066959,6.375288363459752e-05,0.006106316267041893,0.23772114515744472,0.001007834588587911,0.08856838188767775,0.007844358270201524,-0.1391773703994996,17.613618030367878,0.9706511586928389,-1.028784210443594,0.007048779221641805,0.009502413630918078,0.03781571345036292,-0.11777104821770436,-0.004600378491417652,8.097911323544415e-05,0.004902035139500426,0.12662772413858922,0.0001628371622243354,1.0579215105453754,1.1191979224746087,2.8295054628011918e-05,1.6311764987349795,3.65381,-3.64846,0.7261681884085144,0.9793769999999999,0.731988639082293,-2.03924275,-0.48890199999999995,-0.0009265,0.490475,2.03868475,0.00018283402719158676,1.4959790042139969,2.2379531810491016,0.00012224295626197442,1.6351594122822863,5.16107602414142,-5.0769304129695145,1.0165585244006108,1.3710131442869038,1.0345705983641276,-2.879311696224766,-0.6859328463043385,-0.0008325810892928923,0.6850802979825654,2.888658279049845,8.877922284167395e-07,0.01622827454154867,0.0002633568945958768,0.006987935673139076,0.3257028406636344,0.1317255185007899,-0.12171278106764058,0.016242724964863585,0.0218262029752292,0.013178456224718449,-0.024551875682495707,-0.010770638055190362,-0.00013057981453265186,0.011055564920038837,0.024405279247721935,0.00012527221111790251,2.1148009132293906,4.472382902595864,0.0003165078350015206,1.648412225733157,7.21838358714276,-7.180888713929687,1.3999094068965254,1.888584750078353,1.4606178349842194,-4.075838975693543,-0.9447179475075802,-0.003813582802426392,0.9438668025707728,4.071516564718914,1.4179324111332747e-06,0.05295418098932372,0.0028041452842500533,0.0034166460614578394,0.1093665107786701,0.16417469207140062,-0.1687438033395425,0.037931219690924806,0.05114277859209672,0.040244376299676796,-0.09647745514085071,-0.025295541788860943,0.00015461375361769739,0.02584723680323578,0.0967795040895243,2.1569790820121655e-06,0.0070157537180746314,4.922080023267802e-05,0.05661795638035976,2.1629910699952983,0.07588957300371407,-0.07366267363309312,0.006512908541514733,0.008783466179634006,0.0055336786204874,-0.01132996120008908,-0.004392728483349523,3.620094528460519e-05,0.004390737696284482,0.011397262583513172,-1.040960973983334e-05,0.021851131034924053,0.00047747192750542114,-0.00970057688774342,-0.21059141927703307,0.06902270576170327,-0.11172723216614612,0.023794760195290688,0.032135240435810467,0.01779716065737546,-0.03677159539352107,-0.016149198899790176,7.228974686475088e-05,0.015986041536020294,0.03714929129191984
-5.704979674796749,7.479480439299465,55.94262764186331,1.0514647694167971,0.2465521097878307,14.0,-20.6,4.7443270992179265,6.2,8.809451219512194,-14.37,-10.4,-8.5,-4.2,9.2,-8.028160281286912,10.619693855377022,112.77789758193248,1.0746550809148006,0.25625987302874487,19.42249236818722,-27.57118652662818,7.096616742104319,8.570645499383023,12.486904469195485,-20.01279167056623,-14.550939701780027,-12.248669795605826,-5.980294202397005,12.919785428412588,-0.06491350869129135,0.7410548186854322,0.5491622442968989,-4.243351455086806,44.25288160448285,3.0777184522375567,-8.637135481499525,0.287836940582299,0.37793263524773624,0.35951626174993245,-0.7289701631142432,-0.20149241935934023,-0.024450179037011188,0.176440215888396,0.5640389336001814,-11.264787425140456,15.155783038650014,229.69775951463149,1.0843827199903977,0.25831186544487306,27.478238347207384,-39.73188390145321,10.046103154934567,12.124793196485431,17.721428747666252,-28.274096266132602,-20.58866194068135,-17.301552797376377,-8.46386874419592,18.47853646570062,0.14459723739747135,1.1239315999612405,1.2632222413914338,7.258093062122733,66.76258747168029,12.474518325148226,-2.094312236685818,0.29401375796760815,0.3932309048421921,0.4041057972147194,-0.5790856051729428,-0.16116690108688117,0.025422600273592666,0.23206400375531092,0.65338854801539,-0.08896309314553508,0.7526058503914496,0.566415566043437,-1.3877931309410307,9.549614650142738,3.7040085304891095,-4.1972959188073355,0.3121485601029693,0.4210075869765242,0.41932084698972405,-1.3687545946309203,-0.23147076754154222,-0.022962953160215193,0.18953681943498196,0.6385899692560153,0.09810402767169835,0.7138294650450804,0.5095525051665456,4.583195240210676,38.47606702161576,6.879541777457299,-2.4208899552512455,0.2621998137199871,0.3513960284924451,0.33304050365183197,-0.5007656140136827,-0.14040967962082057,0.03202192042551888,0.21098634887162457,0.7313665668582539,-148.6189024390244,13.944887471766776,194.45988660023798,-0.3450868460885317,-0.4047331046388032,-110.8,-197.1,14.900152295981274,20.775000000000006,148.6189024390244,-172.27,-158.55,-147.45,-137.775,-128.51500000000001,-210.0821450566687,18.73685359014626,351.06968245857684,-0.1948193077569281,-0.8109521225013681,-156.116660381371,-254.48954371333951,20.955387677914977,28.899371261215947,210.0821450566687,-240.8363894574733,-224.73589072027787,-208.22244922752643,-195.83651945906192,-182.77059188421114,0.24135154351623955,6.109491290686502,37.32588383097422,0.23673688457750008,1.5443444611834822,27.9845041092508,-21.27569615682576,5.359331783064495,7.332852049117598,4.597106597686457,-9.406666646107302,-3.5533477703929686,0.30154977600435195,3.77950427872463,10.516439815086315,-296.7621078840737,25.56427940647475,653.5323815723091,-0.29465046061651184,-0.7969459081962258,-222.91018378876475,-352.9434180483369,31.28262067506058,44.07648299135201,296.7621078840737,-340.5016891032026,-317.4759729296204,-293.81291535319116,-273.3994899382684,-264.0396200908843,0.045547078743403094,6.969033046054753,48.56742159700319,-0.05111459734285148,-0.31512430129842484,18.633918252267787,-18.541570754657087,6.819558143130017,9.14272927866369,5.547280598198929,-12.19419588734413,-4.746765683899069,0.4660039848712749,4.395963594764621,11.115893671729854,0.33898312140228076,6.511857336881233,42.40428597589395,0.18312309312619343,3.591582577999275,24.252967474424516,-24.763440945862833,3.676493579859603,5.0471019795990575,4.1640241832026925,-10.40663875180188,-2.257102849253465,0.008915908930118358,2.789999130345592,12.469908032567753,-0.3215810924293521,5.580024451764701,31.136672882291954,0.050577042472825254,-0.09597020723832905,17.42023779546125,-14.08438968790274,6.210851818752129,8.163411080978609,4.554987002943938,-9.615142188683608,-4.351303879933111,-0.5140435056518133,3.8121072010454977,7.719067163398489,-1.6202235772357723,7.172219975775111,51.44073938090752,-0.8544337982927329,0.2990032480546567,10.4,-31.2,7.116490648826889,10.899999999999999,5.64359756097561,-15.285,-6.8,0.0,4.1,7.384999999999991,-2.3110428910970446,9.619483243475987,92.5344578715153,-0.5736393882513119,-0.619909797812622,12.48675979873983,-34.35396528754755,10.885071727494209,16.479507297955035,7.856122591194378,-19.040004853187977,-10.817915313016936,0.02258143868739114,5.661591984938099,9.721223818205193,0.09313074824345328,3.14465555257161,9.888858544319458,0.8761782409744316,4.313962415252343,17.924399065886664,-9.972127046947595,1.768663350510673,2.4383572348462863,2.0756349319451735,-4.942994168585005,-1.2686735476875808,-0.17808878987419108,1.1696836871587055,6.382668201952152,-3.3218015983224434,13.09288246718842,171.42357129960993,-0.4308909091810597,-1.0893017152424092,16.07948691010301,-33.18717781089936,15.35848519944987,23.842306075476753,10.86833186582687,-24.743739982003394,-16.032910570439178,0.3892303705058316,7.809395505037575,13.337747920956101,0.2159888311954888,3.422875938045067,11.716079687247897,1.2677463557155206,11.980195830576381,22.532938494618353,-15.057614228704393,2.4470731496230327,3.240010173664157,2.2674471398102285,-4.079452605444644,-1.5144621229053459,0.15583841581768376,1.7255480507588112,4.558887007872359,0.12946231347312798,3.311388620163755,10.965294593750016,0.4666449374747275,4.893952090028347,12.171663398370507,-12.739285954698284,1.3372758679183727,1.8026225770663709,1.8924918589327828,-4.89683475334377,-0.9400338175118732,-0.05087056715953042,0.8625887595544977,7.394444337926686,0.04990525147334599,2.9215364125418137,8.53537500980769,0.49245800589295824,4.1218116801494595,14.71188994920122,-9.732137135721429,2.1628917886079972,2.960832583673274,2.0597228560142606,-4.7033499356096495,-1.456413947854732,0.14266873042287273,1.504418635818542,4.103119094985985,-0.8504065040650407,4.270176858616061,18.234410403860135,0.005927828075759682,-1.4697542616650903,7.0,-7.1,6.078669095872967,8.525,3.8693089430894307,-6.7,-5.3,-0.6,3.225,5.384999999999991,-1.2013708798197429,6.059747614350629,36.72054114962814,0.016786445987492196,-1.4678189659267382,9.876941757952519,-9.975045867547434,8.544922736664514,12.120019100074659,5.494004908189931,-9.466864853255494,-7.504255342522697,-0.7571606101764983,4.615763757551962,7.645308625214359,-0.009446465617913399,0.1701939422613953,0.02896597798247516,-16.68352353728938,334.6083911050715,0.43373570558517227,-3.449833854830482,0.06276287485886067,0.08461358626639612,0.058760705211712984,-0.1014094023559526,-0.04386067299690293,0.00048785795489111883,0.04075291326949318,0.0973991005047032,-1.7171632255493299,8.631790377928898,74.50780512850591,0.03256978879353646,-1.4591990995369608,13.93015095442812,-14.014774776994814,12.284606971385433,17.497197076487822,7.829467203185422,-13.391461156734273,-10.941141515731351,-1.1988472206159582,6.556055560756471,11.15150186920873,0.020458302769591315,0.35146221527926774,0.12352568876901034,13.103710762614975,194.09650005093638,5.259502357748164,-1.0374284953730828,0.07148627995599857,0.09736319464213303,0.09050693643121926,-0.1235232821242435,-0.05199790071098004,0.0013933559455186484,0.04536529393115299,0.12724886715849487,-0.013538612387233393,0.14099512648721402,0.019879625693145483,-7.3433234505197085,69.35102538728411,0.22187170170903328,-1.4132191239324552,0.06823809333033803,0.09548663984125835,0.06492314462161045,-0.1059063629881333,-0.053281618354015854,-0.0010581361443245667,0.04220502148724249,0.09840055234263712,0.013635047793427401,0.19262633742029533,0.03710490586795747,12.810680766037027,186.91023622761404,2.8594798310944767,-0.3362760621080929,0.06397813502993896,0.08767211079816148,0.06277394347971559,-0.10084119356187557,-0.04079123508523734,0.006296351060490845,0.04688087571292414,0.11053326729317062,-0.16839430894308946,3.6215181011166546,13.11539335671558,-2.052693845429985,3.545237902457404,3.7,-16.5,1.0378215529539212,1.7999999999999998,2.5047764227642273,-8.9,0.1,1.3,1.9,2.5,-0.22772321627084147,3.9315237212108003,15.45687877044322,-1.1751538629607516,0.14035483537112325,4.367450926537007,-12.042376327299811,1.6973300177335784,5.386207533045409,3.2202757246881997,-8.547883147703741,-2.9074365217365243,1.6877146521537005,2.4787710113088854,3.4121985480347012,-0.2543729124055438,3.2511857271840996,10.570208632645603,-0.056719938026633866,2.449394390191782,12.230911851782276,-10.280529772441328,0.5761016110056228,0.7367090965803729,1.8384875525648816,-6.834940102501136,-0.4493257176850669,-0.02917745201111198,0.28738337889530596,5.487646086162945,-0.2866568770646582,5.26700511578993,27.74134288975729,-1.011564457738531,-0.5500687950914269,5.916689957262064,-13.24566716262939,1.7020205235659784,8.317513502442681,4.478025814495955,-10.21072150906433,-5.00350810987509,2.6713727449061597,3.3140053925675903,4.262709869597261,0.17080377482533537,1.6766020729602085,2.810994511054468,0.11386859246928552,2.8841297613383494,6.477904864082803,-6.968443022435575,0.9160326140077775,1.267681212969087,1.1120382405406493,-2.661065337157139,-0.5136878762904842,0.055840432088387335,0.7539933366786029,3.360344016448546,-0.35514868085649476,3.7976466590047484,14.42212014664993,-0.5716627472973214,3.608521023189052,12.462778377099532,-13.743885587252871,0.26948947872328216,0.36263098555922735,1.9274597208450923,-8.110648843551706,-0.20266328707533288,-0.003975767070819234,0.15996769848389447,5.788169975200934,0.2434888693121526,2.5230642023072862,6.365852968964503,0.04398734867247622,4.907392911848452,9.043865566365124,-11.573756532423312,0.6589212892167108,0.8885798600733863,1.4028331336973956,-3.6896216554833368,-0.3620470950789945,0.038830957074317385,0.5265327649943917,4.8555132461584565,2.8753048780487807,3.5813073174709995,12.825762102171327,-1.584945191435056,1.4548514957849363,6.4,-7.6,1.3343419966550423,3.7,4.236280487804878,-6.1,1.5,4.6,5.2,5.8,4.077128324246269,5.035076954042153,25.351999933126404,-1.560187092127338,1.3601916904046796,9.067045367084525,-10.763559686537931,1.9490094538320764,5.252289679244534,5.98298141390866,-8.326745701360654,2.080768330469838,6.469869279863325,7.333058009714372,8.259177930913944,-0.041820694840434325,0.4086840021213076,0.16702261358988899,-8.181304291600819,77.98758581799211,0.6657133068928243,-4.478109984271563,0.09276310018726473,0.1248998240995418,0.1397453647875014,-0.28090246682166464,-0.06766728190681406,-0.005359633961707022,0.057232542192727734,0.21839266310054298,5.802959865212298,7.027857970067244,49.39078764743768,-1.6172545188518537,1.6214712282293018,12.686198765332486,-15.442492063351887,2.749977490871197,6.406284043877104,8.411413409430375,-11.767015478566385,3.8836410706867195,9.203412125213138,10.289925114563824,11.6883099619359,0.09215427225175128,0.8472056047214782,0.7177573366714857,6.109752864919806,41.360288260313986,6.760925571978445,-1.3377860859960262,0.14530170730701428,0.20271545470855368,0.2750687040975814,-0.4052144216329876,-0.09414344387114593,0.012024064562482395,0.10857201083740774,0.39149969131772366,-0.058407197152632505,0.3280628659661986,0.107625244025956,-3.755760411151234,15.815561627728659,0.46882112893028866,-1.8791752575367073,0.10357844995238685,0.13389420937206453,0.15473649964311792,-0.38234642763459503,-0.07250318293252991,-0.0009749026994635135,0.061391026439534604,0.21554872273930237,0.0475036410031116,0.46872265762974363,0.21970092977548986,5.998883614589525,40.03405469026878,3.6833889558641317,-0.5416362702411395,0.1163722769231061,0.15749955906424298,0.17459236544931,-0.2670062193896549,-0.08322779365899233,-0.004072327767139701,0.07427176540525066,0.2871313981219251,-0.0004532681427196222,0.2928247065713058,0.08574630877857135,-0.8109695503194052,5.057029032254366,1.434389,-1.879723,0.06652436154434636,0.089444,0.1621563477315778,-0.55207825,-0.043007,0.004241,0.046437,0.510831,-0.0006379842030131641,0.3851313836263345,0.1483261826539348,-0.565042837557585,4.294947855962287,1.7813578457314398,-2.366505768799769,0.09291343164701245,0.1254018952608848,0.21592481316089254,-0.735253320786704,-0.06128038481139556,0.004261896577912667,0.06412151044948924,0.6923569946818084,-0.00014835096862873893,0.15215331673905066,0.02315063179469387,-0.08696343441543414,15.863069121290703,1.3257829812089736,-1.441239628198972,0.008221580048756548,0.01109046004898764,0.0627273370214975,-0.20355291452074287,-0.005583733159476745,-3.844490994490794e-05,0.0055067268895108955,0.20335648057240863,-0.0008936240576058906,0.5311613942359024,0.2821324267266277,-0.3993816170154085,3.6651262509060016,2.4024804736344434,-2.843374067113645,0.13097847751752412,0.17701602311136097,0.30183671116036875,-1.0736514547448688,-0.08706160653590983,0.006087394293457583,0.08995441657545114,0.9728418824505147,-0.0014767671483338369,0.12026336243534251,0.01446327634425455,-0.2697663227038691,13.829190929237843,0.9496527351092581,-0.9381508235142101,0.007614030898094891,0.010244353825984043,0.051221354475314416,-0.17046393253671346,-0.005183618203507779,3.72178700627601e-05,0.0050607356224762635,0.16131572647869422,-0.0002096157263725875,0.10244978600667211,0.010495958652812908,-0.029683194779604967,13.505299296679091,0.8064183507542207,-0.8275099830469007,0.0081567560529212,0.011007063800347043,0.0451107370362385,-0.1478294940330187,-0.0055552037189541565,2.8428207004540624e-05,0.0054518600813928874,0.1460972823407034,-0.000327899891489774,0.18919982548687178,0.03579657396426274,-0.07420055901654844,13.375024351568332,1.6374371862373898,-1.5320841663572495,0.008286181948099876,0.011168423769711359,0.07836657092450768,-0.2567273745457414,-0.005526231497478765,1.0824436259148737e-05,0.005642192272232594,0.2574085885743672,0.005741808542682359,0.5459039814944743,0.29801115701151937,0.4722116636988774,5.286488601797693,3.138977,-3.18051,0.08569737343406081,0.11554400000000001,0.2855760264105829,-0.941426,-0.054625,0.002396,0.060919,1.027514,0.008121204083874406,0.7354057478667465,0.5408216139954488,0.6061368847412356,4.848428852206591,4.264743577824438,-3.7916200444860158,0.1206732411461155,0.1626919348439684,0.38935140842259847,-1.3155350236584353,-0.07654648601913698,0.0038338595250921323,0.08614544882483142,1.4327080737208393,0.0004531011693341962,0.23483018206777348,0.05514521440998364,-0.027945958424966805,15.533558113785045,1.8875039189039433,-2.236493723694335,0.009821698947487943,0.01323979383628701,0.09748821641930186,-0.32272728073901435,-0.00646857864440999,8.388885408063339e-05,0.00677121519187702,0.31752740699988424,0.011487880895364946,0.9659220832534745,0.9330054709167321,0.6169668120318192,4.211077628303722,5.591241053725967,-5.100400104758713,0.1692396706050398,0.22790881477077157,0.5223068988320316,-1.7735872896886924,-0.10752330703139794,0.004850533953672452,0.12038550773937362,1.9899477457814958,-0.0014886116713070659,0.3852725130674312,0.14843490932529396,-0.37401317782342447,8.02511736844442,2.323881234783362,-2.412684958787636,0.027544396459169812,0.03717484444744817,0.17715295803430806,-0.6296372659616669,-0.018307543249972094,0.00017013234895109234,0.018867301197476073,0.6482730938123602,0.0006407124819694944,0.2168920321669548,0.04704215361751136,-0.08689698613899088,10.061039160135001,1.6217127833992988,-1.64232754717787,0.008206674516626508,0.011098905602955835,0.09638528486221301,-0.3456963651376574,-0.005359863920767499,5.146299192312015e-05,0.0057390416821883365,0.3441895949076658,-0.0020152687877392325,0.25144318363847606,0.0632236745982524,-0.06666089772544981,14.032499273013343,2.0290171993716717,-1.9419026118529836,0.011002582865721821,0.014839611147923046,0.1038378877953472,-0.3503480352916957,-0.007238513222531483,0.00013160350659237433,0.007601097925391563,0.33473136104743045,0.004234300655218458,0.15192767945511534,0.02308201978461628,-0.04120376106982341,6.414350772683777,1.103899,-1.073218,0.01793355643504376,0.024253,0.07630810228860664,-0.258772,-0.007431,0.003758,0.016822,0.27459,0.0059890510599894245,0.1714036707682145,0.029379218352818474,0.14292074455969334,6.725864100689824,1.1766180836504139,-1.1621514676847815,0.023793169457968506,0.03236855991643316,0.08742133592702751,-0.2847749787607268,-0.009811741420487564,0.004907578788083775,0.02255681849594559,0.30849932271148656,0.0002184457514503473,0.1295395133907314,0.016780485529507474,-0.022442071985969723,10.777557045059082,0.9849660203285803,-1.024151962531231,0.008191454996755682,0.011050306328808475,0.05716915883575368,-0.19540074864898394,-0.0054316760284818365,6.801315572781976e-05,0.005618630300326638,0.19496351806652695,0.008472229843977988,0.22643674191633462,0.051273598089684735,0.1498259201861258,6.7818960817873055,1.4975937689153587,-1.38575202192211,0.032499151831642537,0.04417446722616218,0.11573679721846002,-0.36835448621178424,-0.01309769331119696,0.006664630147234053,0.03107677391496522,0.40473753557011943,0.0006483027547943116,0.08644954014179711,0.007473522990728189,0.020147743215399465,10.198942260623294,0.5728014886229051,-0.7165609099459647,0.007604203415817945,0.010271329201440013,0.03954333405007654,-0.12865314821724522,-0.005251346835751156,-4.005517308123467e-05,0.005019982365688857,0.1396396049464495,0.0003089437985199329,0.15312345844380038,0.02344679352579026,-0.09084844903353602,8.115534652690028,0.9516858393198989,-1.0938183368856451,0.00892101199438888,0.012024593802567173,0.0699541427040069,-0.25569160058874213,-0.005956959373784033,1.5188452325977629e-05,0.00606763442878314,0.25530948193429837,-0.00010089627046553577,0.10053814416395862,0.010107918431932927,0.09767255054285179,14.423990571184031,0.9059310435975346,-0.8582039407889681,0.007125271876649753,0.009609545657358914,0.042095068691522526,-0.13432407667245058,-0.004885172148189643,-0.00010458959960066999,0.0047243735091692714,0.13704656257034567,0.00012207417010837556,1.1537934941281207,1.3312394270923777,-0.000974720981196867,2.1108893030001212,3.842674,-3.836677,0.7316078559482113,0.9872905000000001,0.7762770633326089,-2.1928255,-0.4924945,-0.00048649999999999995,0.494796,2.192109,0.00022373061653592542,1.631565975827184,2.6620075334769115,-0.0010606870089881258,2.1153902127892286,5.391704988599642,-5.416869257572476,1.0266430888791624,1.384531171683552,1.0971402087038258,-3.0957244451326167,-0.6913960002824118,-0.00026581102331058384,0.6931351714011402,3.1047787650214413,8.545470841895533e-06,0.01587330141451333,0.00025196169779599084,-0.009621620310930447,5.50487921801728,0.25932719437810936,-0.2832990480849584,0.01557235601884996,0.020966596629222057,0.012824016374014067,-0.02298725164704945,-0.010418548808027638,-9.298286078895587e-05,0.01054804782119442,0.02296622218094628,0.00046025442816480277,2.306556357158514,5.320202228748354,-0.0012165123641476887,2.129267837330243,7.576891205486341,-7.567705894175151,1.414964506762052,1.9087084232222482,1.548637206682504,-4.3912043533762475,-0.9545913538272636,-0.0030718559711943177,0.9541170693949848,4.387384538431284,-1.0430207629011964e-05,0.05416446168089302,0.002933788909180928,0.0060259418645930716,0.20988117645701987,0.1701421661929742,-0.3030973224569465,0.0382052621265561,0.05152213038524239,0.040844761873341275,-0.09680241536123156,-0.02559001342795575,-0.0002273764301908808,0.02593211695728664,0.0980120564719107,1.2122882936685845e-05,0.007149121002659813,5.1109931110671646e-05,-0.7961906775951608,38.4473440021708,0.11113571322438323,-0.1929119961285201,0.006351828796697175,0.008574056397494933,0.00554880259216828,-0.011207600695960843,-0.0042979410781474915,3.3942384749473446e-05,0.0042761153193474405,0.011132115211490714,-4.444597368014803e-05,0.021280536535318015,0.0004528612352310048,-0.1226206505524635,0.7496542716873664,0.05477399463443023,-0.22107527519229828,0.023021533992818328,0.03105295837778085,0.01730689698020686,-0.0352676169245518,-0.01556690327075169,-4.303721457822192e-05,0.01548605510702916,0.03513747902853942
-5.306625891946992,7.878655854594094,62.0732180751298,1.0008199844480274,0.14743372555319878,15.0,-20.7,5.930408874022408,6.9,8.764322120285422,-14.7,-10.3,-8.5,-3.4,10.4,-7.469344233527979,11.181245959608498,125.02026120926135,1.0220129057407963,0.16331722264878668,21.021148653273038,-28.751029412456003,8.3806692623407,9.569123375078338,12.425780884045857,-20.62979834571711,-14.479833690319257,-12.107080446614045,-4.910710315240919,14.839212334836837,-0.03345830836718927,0.7237488972208688,0.5238124662284237,-1.091877612354461,59.43266789921149,7.045939407924442,-8.480955317199824,0.2654975937128605,0.3534676986513918,0.32357986038284997,-0.5968556492256624,-0.2039970743084842,-0.04060478124690059,0.1494706243429076,0.497272267383249,-10.442699342188854,15.948813035551193,254.36463724296766,1.0350170575365845,0.14414379750432316,29.414701739964684,-39.926302978086134,11.821489971223924,13.550218401203605,17.63087947069535,-29.00079409676122,-20.357951851588943,-17.145347780656323,-6.807733450385339,21.06218685155516,0.04130386826770487,1.1986737191280126,1.4368186849281814,5.43601498249561,56.6665820099504,12.678105662337654,-5.241126703707233,0.26351238720726206,0.3577253384345623,0.433568530244993,-0.7946302339147552,-0.15487668889827616,0.005878925231208809,0.20284864953628612,0.575915445170334,-0.046311420668852916,0.6340527969798235,0.40202294935793725,-0.8258651480824049,13.750057104126409,3.0219341345009134,-3.5257832278970684,0.31149425982932943,0.4183281640584961,0.3409500638561393,-0.6186945686697697,-0.24785878257977534,-0.030678760263936913,0.17046938147872076,0.5140033194598921,-0.06163273483861429,0.7948544918246381,0.6317936631738037,0.007116190313740167,42.88698848887021,7.065619038499916,-6.435116099667122,0.2564032407590051,0.3233902369533854,0.3368799715381856,-0.7126656122681044,-0.19039601032455167,-0.01562912852850396,0.13299422662883378,0.5028323307988042,-148.0492354740061,12.534092628059367,157.10347800877219,-0.3531987085356489,-0.48927015785788264,-115.8,-183.9,14.381241519504322,19.599999999999994,148.0492354740061,-169.7,-157.2,-147.2,-137.6,-130.5,-209.2533273000022,17.133241463651178,293.5479630517759,-0.22361849122744387,-0.8505307736104126,-164.06070644411818,-250.13886258624203,20.850439772958133,28.450726825412033,209.2533273000022,-238.03369808878898,-222.99721104913712,-208.50082524646956,-194.5464842237251,-185.20049925199987,0.19641531729687056,4.567570650773036,20.86270164980322,0.22649209721378621,1.6924327202399843,16.55814336954502,-17.27283317500406,3.800963574357649,5.022254031922619,3.3555707757128683,-6.684439711894778,-2.405384267720495,-0.07151402689384856,2.6168697642021246,7.699252717388654,-295.6599632381079,23.663904208019,559.9803623662993,-0.23662136315406765,-0.9493037640771114,-234.08566418415955,-343.30028633765534,30.941383331445767,41.75882168398027,295.6599632381079,-335.755995038386,-315.52281566389445,-294.2512353948581,-273.7639939799142,-263.87773146272303,-0.28917085481189597,5.2593599983656745,27.66086759240899,0.08152722592476433,-0.23629702612857395,16.024739141272512,-14.70495123350376,5.433358010864314,7.30084542942695,4.260842476128882,-8.789230214582583,-3.9768986466186185,-0.31094635448450525,3.3239467828083313,8.237886206389375,0.26816302995667546,3.124114638448784,9.760092274169978,0.07988250533112093,2.506977461726783,11.435497727639314,-11.756003706662549,2.2663596317330295,3.0818270071491876,2.195523625315699,-4.471333888406548,-1.375404910188675,0.2829478753630136,1.7064220969605126,6.301079070476009,-0.12237569773700142,5.610948210667606,31.482739822794006,0.3553014252716607,2.022509585225232,21.860608164898782,-19.56274207488802,3.9817889748860895,5.8420142831381,4.085879716782393,-8.820793872502414,-3.000143299675133,-0.4660706812717186,2.841870983462967,8.87734209149154,-1.2073394495412846,6.471859193693904,41.884961423000306,-0.830819572706419,0.4266397872869452,10.0,-25.5,6.671709983275209,9.7,5.089908256880734,-12.4,-5.8,0.1,3.9,7.2,-1.732271573620296,8.834742565974874,78.05267620704831,-0.6963870574451017,-0.06256748243327515,13.02998955797056,-33.17776173776356,9.590687916375062,14.125116287610613,7.0918884607960635,-17.632311759926882,-8.68493901125628,0.08252888047862637,5.440177276354334,9.617382738409816,-0.0566560249195408,2.3210328608814947,5.387193541291736,-0.16124454876810418,5.470832496909852,10.430697690538334,-13.966821334516213,1.3608090997853846,1.8545016162963575,1.525790669165257,-3.67370810064661,-0.9900616651340952,-0.09481067107144871,0.8644399511622624,3.711969739837354,-2.522775488260937,11.743141899550048,137.90138167296791,-0.3382090088391992,-1.1661147879536975,15.6086057551287,-28.172437049888938,14.395361565100126,22.577693419205072,9.879604241585922,-21.805985572542987,-14.603635921598869,-0.06291036197173136,7.9740574976062035,13.039414791106013,-0.07613671245642159,4.1719946566426405,17.405539415054747,-0.5021186519666833,8.387079411870701,21.929519232464223,-18.870592023976997,2.4267052650552374,3.2429738361962723,2.561414164690704,-4.3623373865653985,-1.6681390202379072,0.03270709798492401,1.574834815958365,5.188819442793914,-0.07660622524061587,1.8379746243496085,3.3781507197530845,0.18267258551644275,4.193557539433085,7.377653830088736,-8.916035279712053,1.2445606812923027,1.680317559666477,1.2429578974263216,-2.942743637083248,-0.9407733048080384,-0.05894622990869006,0.7395442548584386,3.2548935060167947,0.0014090003058432573,2.6961886219448243,7.2694330851047315,-0.3144766179495089,4.471709016749023,9.730254848252647,-12.48433648740887,1.804505104956671,2.4809201697553203,1.8135709566080327,-4.429559861789282,-1.1521395444788967,0.044614694292373386,1.3287806252764238,3.3009549137553007,-0.5206931702344545,4.387201050410382,19.24753305672196,-0.019677176975547793,-1.4749370649927755,7.3,-7.0,6.2269293177235285,8.9,3.978185524974516,-6.6,-5.2,-0.2,3.7,5.9,-0.7428413210034162,6.224460365214811,38.7439068381301,-0.006864344657799757,-1.476029093007643,10.301075514736727,-9.776773213169424,8.73240207310278,12.608401674485883,5.647798373365019,-9.331715010123164,-7.435907521521837,-0.24498641010774413,5.172494152964047,8.458584670159965,-0.002895226246295757,0.18505010430013163,0.0342435411014896,-16.437650832467302,330.0825564845111,0.5670385510432536,-3.7283321482207703,0.06170489556773678,0.0837375550787823,0.061292867721011196,-0.10482858914420366,-0.04135050223623063,0.003982820349397641,0.042387052842551676,0.1115573343816009,-1.0471768213775792,8.853546790630006,78.38529077387487,0.004549851054314155,-1.468295677946933,14.495647972505255,-13.832153950115897,12.576841589915976,17.90220393866469,8.03246646873876,-13.199215260195992,-10.55746249938007,-0.4842616461255592,7.34474143928462,12.26864344656125,0.026645817847077334,0.38020993692680083,0.14455959613788186,13.275104279770478,197.27505065675763,5.711503979057426,-1.1052180175432964,0.0672864987623115,0.0902484598651915,0.09281820733363652,-0.1273990817695173,-0.04183875772622389,0.0027968303022802617,0.048409702138967614,0.14997659709201122,-0.00403254151927977,0.15146291943785262,0.02294101596463743,-7.9210646844628805,77.35270098935848,0.2637700325997343,-1.5882660255316934,0.061109266554477355,0.08392546713339423,0.06436702983393067,-0.10706655584468938,-0.03887536581091304,0.009653117152988066,0.04505010132248119,0.11170980646913674,0.011279664210183206,0.21136813562393633,0.04467648875713875,12.227291524527802,177.76459788555087,3.09162384740681,-0.5201820350559869,0.05658279035409502,0.07603920647356069,0.06626654981907243,-0.11471584336303235,-0.030644080838547524,0.007558988744195766,0.04539512563501316,0.0973884605545054,-0.28756371049949025,2.988129467381037,8.928917713830879,-2.1812274090843573,4.338326891502797,2.7,-14.5,0.8895613311033613,1.2999999999999998,1.9387359836901121,-7.6,0.1,0.8,1.4,1.9,-0.3960889378686199,3.275697485197766,10.730194014530968,-1.3972185660590675,1.0213159781077774,3.4827758878479234,-11.396266545688706,1.4236415292921205,3.8835483870154452,2.4912015332183017,-7.584385991129191,-2.1274764851259795,1.0632948920905556,1.7560719018894657,2.5291578690247323,-0.040642521124295845,2.6491246302080342,7.017861306374853,-0.00567497023743919,3.487493624148663,9.163455704916771,-10.590843435420362,0.4957286444669719,0.652447970692981,1.459241626905878,-4.717778371944526,-0.3564360817811678,0.008184897057827357,0.2960118889118132,5.136981516766173,-0.5366509403604154,4.277020249506688,18.29290221469025,-1.1290429368064994,-0.11302586483473709,4.5877981709696165,-12.563121672567782,1.4133396048672915,6.020985608337142,3.4452244804968655,-9.534517543448771,-3.6248424535483657,1.6836855251798606,2.396143154788777,3.422471143087453,0.054073748122210004,1.7209777494758702,2.9617644141910313,0.4056968348959664,3.0236185437269425,7.476039772107292,-5.671659186398904,0.8346935281207457,1.1137742928320256,1.1017694622950676,-2.9996757768737603,-0.5501254331954829,0.02577345601780999,0.5636488596365428,3.2239140259837358,-0.05666585268730417,2.022129313965405,4.0890069623982,-0.5482957444609224,8.355256164301,9.166374906424354,-9.853853498444536,0.2056701910778574,0.2804227949421784,0.9390488992528206,-3.0022506192910505,-0.13173435860346477,-0.002069972650855869,0.14868843633871365,3.001663412026134,0.06836293611966772,3.1263044041317776,9.773779227293748,-0.02102117557716937,2.9000677055095334,12.088592438763596,-9.786275732450386,0.6303675517379665,0.8354229477766619,1.7854749566557175,-5.803592695136398,-0.30751978963123644,0.016174362304453148,0.5279031581454255,5.624212407779255,3.2318042813455654,2.9324240504823162,8.599110811847114,-1.584581843093557,1.893482495213628,6.6,-6.9,1.1860817748044812,3.4999999999999996,3.9769622833843017,-4.0,1.6,4.6,5.1,5.8,4.567793388810987,4.102968528201954,16.83435074341571,-1.5733235548003335,1.911236011489983,10.154404949154914,-10.055510411936465,1.63140044314095,4.920904690387002,5.59078522354503,-5.338558674343056,2.2976607545478442,6.487319360789753,7.218565444934846,8.14502109985383,0.006664522699036598,0.5037779486989132,0.25379222159528486,6.016159466695689,95.2677122955261,5.841573345340794,-4.609601919913656,0.11322328157590668,0.1556123842778807,0.15905592383416772,-0.2914825140009929,-0.08317371968335288,-0.0013965002629547085,0.07243866459452784,0.23909091607746316,6.449957568639373,5.696031883686023,32.44477921996774,-1.4963087036224003,1.7303040800922904,14.78251541816736,-13.598250909868561,2.274576127788288,7.122288560764879,7.794277199998838,-6.8903798468766695,3.040248314266858,9.115334093391159,10.162536875031737,11.519160909671818,0.025727155693929016,0.929071370362281,0.8631736112268468,1.70216729028627,34.729647792972756,6.707196656871193,-6.687503981829902,0.20219692545598483,0.2591295235834641,0.33620947924958,-0.5659984314174421,-0.11286657723281496,0.007548636154315114,0.1462629463506491,0.5275582589536697,0.009294431292284326,0.39322718725663,0.15462762079776074,-1.164211124643577,51.466964148967804,2.524838748481344,-3.8825566848890096,0.09189407380192045,0.12433188253162968,0.1470984804896279,-0.24075896922062598,-0.0676931603734324,-0.005171383752540378,0.05663872215819728,0.2083782711617496,-0.08488355031289312,0.5828125229071425,0.3396704368573885,-7.09489277780863,56.433638582365,0.8871195582619521,-5.305065995568663,0.15737358912817948,0.2039564189983254,0.20316472775442934,-0.31073794706480395,-0.1248695624173135,-0.011631389455426189,0.07908685658101189,0.29472444745823917,0.0016795209359997453,0.24281140418181,0.05895737800074229,-0.6289204267056229,6.309632178710393,1.184303,-1.625715,0.04167743096441097,0.056103,0.12526290617747116,-0.43797025,-0.02494,0.004122,0.031163,0.414657,0.0023764164902385448,0.3173810049734323,0.10073070231794586,-0.4937233557492367,5.953564289826877,1.5993216448235121,-1.9003558664198807,0.05812448517207226,0.07839726915797897,0.1658331937102388,-0.5652615888056518,-0.03542025490603487,0.005174762111077158,0.0429770142519441,0.5266874842431838,0.0002052732878096056,0.13104577650858895,0.01717299554073904,0.011691723376432536,10.509547052473106,1.1441468719995578,-1.0657021136984839,0.008256980900986947,0.011140496830762882,0.05850969216022143,-0.20784741489988875,-0.0055359320862023,3.0434092041919473e-05,0.005604564744560583,0.20653788405744333,0.0033640564784332577,0.4393625288738137,0.1930394317783928,-0.44790090562601426,5.796411915542542,2.20297148572768,-2.4973957911566353,0.08141457805399434,0.10985700394386,0.23083292267619443,-0.815247722733485,-0.049756236839189255,0.007172021439684138,0.060100767104670744,0.7154022364979356,0.0021943221500706446,0.09154050702387768,0.008379664426188599,0.01709369273383801,8.668213240107493,0.6608808668064997,-0.756823071265141,0.0072045116222667314,0.009680826648934621,0.0427710019508894,-0.14516448208406973,-0.004607326365823439,9.22591415082794e-05,0.005073500283111182,0.15954130838932784,0.00028998858300126334,0.09187264570639812,0.008440583029093354,-0.029131440499911686,8.913152796668111,0.5939788770309135,-0.6982152965200532,0.008322841291450549,0.011218990636608823,0.04328205955993819,-0.1512531281665521,-0.005607810649330473,1.9673157849509098e-05,0.00561117998727835,0.15443386014763305,-7.046128047597525e-05,0.16093122454396652,0.02589885903322057,-0.04097794928260286,10.111972864162237,1.1774420338584937,-1.3005647105068503,0.007824115560802036,0.010556849219276809,0.0713145025438866,-0.256564738094055,-0.0052281961943402965,3.616843918344017e-05,0.005328653024936512,0.2570729836974227,0.004476587304867581,0.45685273184780323,0.2087144185968008,0.7168529711787571,5.886955786654534,2.896832,-2.583501,0.05995198590971103,0.080935,0.2331639288621117,-0.797371,-0.038041,0.003177,0.042894,0.801458,0.006329796792495937,0.6128532818918537,0.37558914512561586,0.8451496561619126,5.382421982912241,3.4832837537230703,-2.7042520265660657,0.08486124396052408,0.1146675913905493,0.31803579460474896,-1.0533621525803665,-0.05529888894831069,0.0029656325508120663,0.05936870244223861,1.1335004723334046,-0.0027318927967446057,0.20443241715357366,0.04179261318325276,-0.3061290420822387,11.42781466787285,1.5965770469626634,-1.7986657208813777,0.009962547014939378,0.013428573326103794,0.08945989137562796,-0.3099097945874879,-0.006901334953436436,-5.678876483841298e-05,0.006527238372667358,0.3024307050625097,0.008948903789651595,0.8237058609745319,0.6784913454037949,0.8696143961037412,4.831881913899993,4.431972454385791,-3.2409969728740964,0.11646366559628761,0.15736690910894358,0.4323683751822016,-1.387236014811238,-0.07653215285032759,0.002640700062002542,0.080834756258616,1.6167937661286842,0.0023242130788509088,0.2693307470669204,0.07253905131562545,0.21971622009005845,7.7487605859815485,1.8334886827228072,-1.680409133636803,0.0276529282003085,0.037229182376856754,0.12834308303797812,-0.43662787152105836,-0.018844743371256162,1.644758552117251e-05,0.018384439005600592,0.4621348437883486,-0.0038620309486685814,0.21389341330161674,0.04575039225381623,-0.20007944821716525,8.672820822142302,1.524122319768198,-1.4876753219049226,0.009043816632520983,0.01219335293848871,0.09702193137976871,-0.356869823502126,-0.006255018817305684,-6.0701055016379744e-05,0.005938334121183025,0.3343896431285111,0.0014591894756844595,0.19446539921480352,0.03781679149177291,-0.07840003852398561,11.95260714002387,1.8041388465794423,-1.7160609082216622,0.01049312607920442,0.01420515256650158,0.08274582641263757,-0.2830498715224996,-0.00700662775195969,1.2291703575214028e-05,0.00719852481454189,0.2836295703304812,0.004642394397990652,0.16278256672731295,0.026498164030332092,0.1744104771663168,6.996721734222213,1.132203,-0.993444,0.018740092041910805,0.025279999999999997,0.08162791266333896,-0.27365075,-0.007914,0.004847,0.017366,0.28596,0.006565365565446979,0.1907184793257587,0.036373538356329845,0.08077994082875847,8.032068342223324,1.3089809009190887,-1.1675735578456374,0.024195944569963216,0.03262857535300157,0.09370084605028332,-0.3163560555345965,-0.009352069718241129,0.006991927615246706,0.02327650563476044,0.3138278709552944,-0.0009376286178411524,0.1289064232906722,0.016616865965593954,-0.18918493491708394,8.165893934339458,0.973498081266138,-0.9504572744006476,0.008503983055571504,0.011466797006076567,0.06013148082010046,-0.2187720370592396,-0.005845760152971348,-3.279924212717066e-05,0.0056210368531052195,0.21243190550853228,0.00928496481118772,0.2619338545616215,0.06860934416550869,0.024977058418561182,8.277945217652444,1.7377750534221434,-1.601235772629568,0.03267416573243345,0.04404695608538199,0.12764552944157687,-0.43052736700135097,-0.011966936499143032,0.009926841774498001,0.03208001958623896,0.43132334696267527,-0.0009279795562169091,0.06421078806431385,0.0041230253038402305,-0.21176639189562058,8.215576595231436,0.4088320648793735,-0.5024284302656392,0.00752084132300709,0.010163369103762036,0.03099972053193826,-0.10595419792096561,-0.005205100971597145,-6.598592316892321e-05,0.004958268132164891,0.10650002609074863,-0.001325139411457815,0.15682632189188617,0.024594495238137497,-0.06911572090161093,8.063910551531494,1.1442865076148903,-1.2758485775349409,0.009519982947143556,0.012857986678492098,0.07289056805885494,-0.26473541971790404,-0.0066605744130594086,-0.00011485205642938572,0.006197412265432689,0.2593804402793182,0.00038433260577903184,0.09291265241670746,0.008632760979107895,0.16360310091873176,11.724624011047197,0.8047030433735852,-0.6974915325612989,0.0070276438912638866,0.009472993682937938,0.041212533446431374,-0.1383288529937945,-0.004775534717737109,-1.8265225479853432e-05,0.004697458965200829,0.14386998767053938,0.00021212359711315275,0.8341297828008247,0.6957724945553511,-0.0013177058463372743,1.1959102192844044,2.672653,-2.670996,0.7025199417222406,0.947662,0.6115295393603153,-1.5832600000000001,-0.47223775,0.001399,0.47542425,1.58713225,0.0003142430406745196,1.1794886709222954,1.391193524834043,-0.001337220098778893,1.1988967296152628,3.758768852616683,-3.77128985113388,0.9915246209238756,1.3360293423696015,0.8643179480570421,-2.234917835377619,-0.6639047888796826,0.0014039135355427617,0.6721245534899187,2.239949735317052,-1.5010585622335075e-05,0.015135942535378385,0.00022909675643427666,-1.1698905881896826,34.340708132258136,0.16996277954907582,-0.42755102568317044,0.01457634193358348,0.01968037474266977,0.011924420806221366,-0.02280747340199519,-0.009762594667613887,-4.799800626693884e-05,0.009917780075055883,0.022886469825713886,0.0004884593439286416,1.6671817027354328,2.7794948299358166,-0.0013815257164590453,1.2093674359033653,5.294283793321558,-5.2831418949967786,1.3660703444604612,1.844655130040076,1.2203084622995155,-3.150479534535004,-0.9180668476399202,-0.0015975369374669653,0.9265882824001557,3.1690324331394426,-3.8890054908569454e-05,0.049031417915648835,0.0024040799428190094,-0.04038148397450483,0.8945222427433666,0.32595307237195914,-0.49773032408415546,0.037692387570617346,0.05091101241827188,0.0369402041642268,-0.08939284114058538,-0.025136781740047194,-0.0003439610489407094,0.025774230678224687,0.09115460723239537,-1.9914292862341423e-05,0.00604666476088638,3.656215473054515e-05,-5.990205645267324,282.58027024535966,0.13287062307695466,-0.25480181479706016,0.004323394504228041,0.005813901913758379,0.004014976211346028,-0.009087945251061214,-0.0029675093974671166,0.00010344231714222072,0.002846392516291262,0.008956730285458158,3.74924102617685e-05,0.020543461253758097,0.0004220338002846602,0.27720954524665314,8.895479643078382,0.3828984668088464,-0.2384936778493616,0.0196826762286958,0.026554103032163878,0.01629934596529832,-0.03437800428900119,-0.013285689444309436,6.291975419917581e-05,0.013268413587854442,0.0346228667895519
-5.84390243902439,7.597556799643896,57.722869323815196,1.001134415972746,0.19012388804025004,14.9,-20.9,5.189107764769607,6.7,8.91239837398374,-14.8,-10.5,-8.9,-3.8,9.0,-8.22147125452728,10.800329668536985,116.64712094908022,1.024629697880655,0.20492907518269643,20.897014030782103,-28.447890625815766,7.426930342371123,9.38608507971141,12.636173981394375,-20.974654261511063,-14.82687160670637,-12.794144951841975,-5.440786526994958,12.837868455411119,-0.038839579721117415,0.6521098076366174,0.4252472012158662,-5.420931212916969,62.21094684256123,2.574984822944684,-8.349989613278831,0.2519529119846626,0.3392935239343106,0.29643103527690823,-0.4687314113857947,-0.1735066786762121,-0.0035321495232599753,0.1657868452580985,0.49157467373563435,-11.52998957323875,15.433124762625956,238.1813399387785,1.0397343233150476,0.22508034319701808,29.15128545507771,-41.184494398605366,10.380255665654214,13.265908376308538,17.941726354754902,-29.58120121380746,-20.97021060429733,-18.152341193746317,-7.704302227988791,18.29260637714664,0.11522300973968327,1.1219898171116647,1.2588611497022666,7.581877330547421,70.42377196670856,12.622744146181688,-2.2651684159854493,0.25072922373004164,0.3340241349224754,0.36444645057451786,-0.5145368100155687,-0.16852510963558184,0.00310259667631696,0.1654990252868936,0.4893964236492685,-0.05591415643594883,0.582859360240078,0.33972503381947305,-1.5636265272949925,14.896215413265633,3.201713097583187,-3.3200218745391035,0.25393651469350037,0.33044739784864197,0.300564677956128,-0.7729818759244338,-0.18412487932024052,-0.0025044945885138786,0.14632251852840145,0.4267130910064212,0.0704177231646655,0.7041084973583573,0.4957687760522439,4.775464683758957,42.0229247936167,6.983930812641923,-3.0083870037889624,0.2719359770961849,0.3605832980464547,0.3213795544003617,-0.4570905369618625,-0.170120792003944,-0.00019964187688645708,0.19046250604251072,0.599505518161446,-149.07997967479676,12.988450764106526,168.69985325161937,-0.2964741306419105,-0.6485627914285259,-110.5,-180.7,14.974282406906593,20.900000000000006,149.07997967479676,-171.785,-159.1,-147.7,-138.2,-131.3,-210.7643819378433,17.82965349625962,317.89654379668286,-0.2027819263278922,-0.8707453437765853,-158.03911424182576,-246.5225741763933,22.11200594034795,30.87361420513963,210.7643819378433,-241.2962862946144,-225.78408930698905,-209.08025859963954,-194.9104751018494,-186.3315554425901,0.14850025408522322,4.332285687483521,18.76869927797457,-0.0038936241022065362,0.7808728533589808,13.73293065100432,-13.438123866902648,3.8673277698499238,5.100886665053079,3.293771008304311,-6.68909627675362,-2.436763889967694,0.3173271547385106,2.664122775085385,7.667542783210415,-297.8251525290775,24.67856249643026,609.0314468902142,-0.2625647325932954,-0.9020419998251263,-227.08151459236217,-348.0905061106081,33.34984021214549,44.65631818739217,297.8251525290775,-339.32430220272613,-318.190186933283,-295.51278733933367,-273.5338687458908,-266.4488740419798,-0.06462783726903329,4.968960401551714,24.690567472188967,-0.16597207327339183,-0.1744707107261383,12.193549927213947,-12.976183124850671,5.09532496120045,6.858136099488609,3.976491213986996,-8.19010130048977,-3.34760863617025,-0.06679247595879545,3.5105274633183594,7.708737930146359,0.20070131843552538,3.580519326599798,12.820118648154672,-0.07165613142318394,5.970452683511862,16.897319007721606,-15.408146475037002,1.8248899926170985,2.5922362230125584,2.245382022245272,-5.041637850401563,-1.0189201298587722,0.17426348163701844,1.5733160931537864,5.372050177942918,-0.4173775300230625,4.907247635539894,24.081079356511882,0.02107485144304802,0.633295947370494,16.217515761156474,-15.821880924583313,4.855580036526009,6.503101855803733,3.868482327533807,-7.89864781585549,-3.7700655284617635,-0.4784215569245404,2.7330363273419698,7.138176850153556,-1.4111788617886178,6.337959668270724,40.169732756626345,-0.5094058021210479,-0.8041466004236888,9.5,-17.9,6.968230426976328,10.7,5.177642276422764,-12.684999999999999,-7.0,0.1,3.7,6.9,-2.0197434697352445,8.733701030293707,76.27753368655337,-0.38956763275404027,-1.133181335841708,12.984105052615952,-20.502149686905458,10.277117213218569,15.820223787964265,7.261404477166644,-16.537399768794174,-10.561407856576764,0.23356917015216197,5.258815931387501,9.478193951292692,-0.06617381283017126,1.9700123108977452,3.880948505088674,0.10778783999849607,1.5113849138456574,6.82658349293173,-5.910102406588038,1.407350721938858,1.837281619242066,1.3996823452090952,-3.3742944919261655,-1.0288924538012942,0.037103216682254664,0.8083891654407717,3.683322617022704,-2.9169256967741566,12.134727033622049,147.25160018051778,-0.37785666480777325,-1.2082234811442305,16.529598415203225,-27.07431288007448,14.203912761923833,23.687686549533066,10.124371996007909,-22.810393991214568,-16.07863801227488,0.37062210649087046,7.609048537258186,12.645859769788053,-0.1542335595133549,2.105554449839417,4.433359541238571,0.07630005785501066,0.5023224811230511,6.5111668544086205,-6.758566705255128,2.0481592939573394,2.7794902498098697,1.6494541941785006,-3.629135054407924,-1.4946272222587285,-0.06494488294334866,1.2848630275511415,3.130797722222453,-0.09485508023920851,1.8934015516662626,3.584969435852211,0.5057541531190499,5.54310500964548,7.726581898616679,-8.183038656864298,1.0090540020848564,1.357068402765269,1.2026017306314791,-2.522537010594969,-0.8552813711438585,-0.19156279763023812,0.5017870316214105,2.9874509970202188,-0.11761763609210804,2.0142031585650138,4.057014363973278,-0.13306123923642638,1.2619458354699598,6.363135293225411,-6.417221874788191,1.5500102665466449,2.1215470339326714,1.487822045220119,-3.121083068352088,-1.1114189020431235,-0.13554176571593907,1.0101281318895476,3.189757091490943,-0.6023373983739837,4.170661250722259,17.394415268276155,-0.0734867362325461,-1.446572565279995,6.8,-6.9,5.633888430321287,8.225,3.745833333333333,-6.6,-5.0,-0.1,3.225,5.4,-0.8527782044616464,5.91823598419246,35.0255171645905,-0.062416809649014846,-1.447601318504119,9.589875095987097,-9.776573745641366,7.920602797214695,11.61429042684595,5.318610745041167,-9.259122290343827,-7.020663841274262,-0.12605471595228096,4.593626585571688,7.6422823471452,-0.009259622012352555,0.1788078883643401,0.03197226094131432,-16.19942247623519,316.8371838195422,0.40446370749692084,-3.57357380841873,0.05506104236346379,0.07416695891790162,0.057856027377736735,-0.09626537520815662,-0.03570329752363017,0.0013907086468581964,0.038463661394271445,0.09915627839107245,-1.2302014498494631,8.430381948761726,71.07133980200756,-0.04613920547034401,-1.443302394552978,13.555716065155716,-13.737680718829928,11.333039176639573,16.674164895554725,7.572722240663874,-13.12595459013315,-10.02729701916256,-0.3182771146199541,6.646867876392165,11.13470396693332,0.0305989602216772,0.3525928477859192,0.12432171630978439,13.180620377856174,194.88401279195372,5.292015252357867,-0.9738226988715116,0.08012698725707773,0.10672516230974213,0.09214238064157391,-0.10929938246282857,-0.04463519559597662,0.0039946043961132105,0.06208996671376551,0.14352414572961597,-0.013476614311830828,0.14988183672252067,0.022464564979316346,-7.274867031164376,66.49980423617438,0.28187884443596456,-1.482969317652513,0.06534567965793289,0.0805662172899493,0.06411184502818121,-0.12332468187136883,-0.03557621409860624,-0.0013900748735759963,0.04499000319134305,0.09837280074272542,0.005678553532694577,0.20173815317040458,0.04069828244460562,12.106944695748496,173.7633675803933,2.9324255900199363,-0.43016386599835715,0.05185472559197034,0.07320599057864367,0.06475485389643709,-0.10736955128252132,-0.03915054872494958,-0.008613426993982924,0.03405544185369409,0.10685544461540697,-0.12134146341463414,2.999398962364836,8.996394135435256,-2.135942347380381,3.9576596130709696,3.4,-14.5,0.8895613311033613,1.4,2.0341463414634147,-7.584999999999999,0.1,1.0,1.5,2.1,-0.16268474174856248,3.2226354077200914,10.385378971091239,-1.2540152452393816,0.40027176676729637,3.3014634900330018,-10.312288679691795,1.3692946094333196,4.0226232157471955,2.5974992859959825,-6.987043341492921,-2.0215930412691896,1.3943967493743623,2.001030174478006,2.753941939269455,0.00018824949875720796,2.741295102662346,7.514698839880563,0.2736972524489653,2.94939223116109,9.529400344945207,-9.005670380030272,0.5145399325704196,0.6944967892480453,1.5249431539779963,-4.946798228255652,-0.3984527860002375,-0.011392150928349068,0.2960440032478078,5.4357031991318525,-0.1986707149659209,4.251285752266553,18.073430547424593,-1.1013749188129338,-0.025435909227607745,4.737370933845441,-13.341283843117159,1.5640543579754267,6.941209150355672,3.583971589119529,-8.521770029484301,-4.129834726670053,2.0699022124789086,2.811374423685619,3.6567963244585004,0.09898837996669954,1.575945718603587,2.4836049079849762,0.7229759586293641,3.189035425147437,7.094698499132414,-4.4015589388422836,0.8098711133599888,1.0845553116961488,1.0086018376268964,-2.58438293909569,-0.5103178843654627,0.04162384471943455,0.5742374273306863,3.1607805434402882,-0.00017297248762491353,2.749951977714564,7.5622358797362415,0.30832783871575264,8.226253033921328,12.160070678493005,-12.11586016688536,0.17722528999266915,0.22822169900997136,1.1502955357357227,-4.729512247527389,-0.11812622787750895,0.0026820817254681125,0.1100954711324624,4.108592713795705,0.018146959349923282,2.6939457252301007,7.257343570485532,-0.40713452262490973,3.7971730592040336,9.367585500680084,-10.943268510673098,0.5611661168503761,0.7769284231085323,1.4839242477393597,-4.875126935367932,-0.3721500998866827,-0.004600067708372403,0.40477832322184965,4.773983783200828,3.106504065040651,3.2077773840961026,10.289835745918435,-1.6161192520743866,1.9326055737436114,6.5,-7.3,1.1860817748044825,3.7,4.064634146341464,-5.0,1.5,4.6,5.2,5.8,4.390418977344123,4.503420300590214,20.28079440376806,-1.5635615466297887,1.725510582322789,10.391516260356228,-10.344839253810644,1.650209375562127,5.206057914889513,5.7291735118990745,-7.112534263181091,2.0881066241295625,6.525344801827458,7.294164539019075,8.23992497724901,-0.03611628917939007,0.4265810485621259,0.1819713909923628,-8.63888652918427,85.43278314260871,0.6035129584713472,-4.665080966675862,0.10472497590427998,0.13552864975189563,0.1410868090050342,-0.26629435918991484,-0.062401578349505576,-2.0367318942504653e-12,0.07312707140239005,0.24171295671968482,6.204916516611291,6.263967057388,39.23728329604209,-1.6266255935087695,2.0796710553156474,13.682871261685914,-15.208643983475792,2.3776648235104716,7.167368105674148,8.022847523511015,-9.000892317922393,3.1221945569405025,9.193804245606882,10.289562662614651,11.577459091270356,0.08709002579220895,0.8913422847885718,0.7944910686521115,6.360668011636478,44.40348974651116,7.155612812347415,-1.3772511034216772,0.18668832908246974,0.23220263898546128,0.2930662169164622,-0.44045495053536704,-0.10820555007234318,-0.007385173207123896,0.12399708891311811,0.4038965622708663,-0.050231603966582036,0.3382168679386228,0.11439064975821182,-4.206657682433323,19.158137340970438,0.39466964351755185,-1.9683914550616382,0.09284558549175097,0.12454053220423605,0.14461804455313784,-0.2497914249053056,-0.06209972033486502,-0.0013061291745355805,0.06244081186937103,0.2215210546112403,0.07197582307680594,0.4893063829159072,0.23942073636224842,6.094411115431972,41.813066084229796,3.8634481214963428,-0.6990049475961595,0.1301900420131635,0.18391830726599984,0.18549410268034863,-0.2939549017434179,-0.0683606607613978,0.015536974026533886,0.11555764650460204,0.32834247407524025,0.0013866232379995602,0.21555162416489335,0.04646250268012343,-0.5742673093103053,5.642066368515316,0.967975,-1.401303,0.03859361834991932,0.052060999999999996,0.11208802699902679,-0.392506,-0.023097,0.003112,0.028964,0.37476349999999997,0.001957101963577179,0.278382395218542,0.07749675796761252,-0.5689629259724683,5.615255556422927,1.185318131579435,-1.639937981440666,0.05378046610901859,0.07257094434299788,0.14577349892895708,-0.5030235164787207,-0.03277897832439612,0.0037076624751112217,0.03979196601860176,0.47325836539760047,-0.00015802374119547823,0.12417589950984745,0.01541965401907973,-0.024253334311685137,7.590721810345361,0.855301027056541,-0.9826377499549367,0.007961930494768147,0.010732457054527557,0.05746855857239362,-0.2142364802159087,-0.005349795968275511,2.3685282038616868e-05,0.005382661086252047,0.20499825953640452,0.0027566953524385514,0.38338314273726637,0.14698263413510315,-0.5610047734879796,5.470055128545148,1.7184695092000162,-2.190628817967551,0.07540787836533823,0.10170886405303223,0.2012689670846303,-0.7141879495989552,-0.045901044338320235,0.004946225446120699,0.055807819714712,0.6365407291782166,0.0020912066163454204,0.0893199285829251,0.007978049642058841,0.05648453813639348,6.927626936681067,0.5551621805063219,-0.5934712632059138,0.007144025917390944,0.009662366537824468,0.04253540973865307,-0.14442776565364449,-0.004559119411890073,0.00015239581245696417,0.005103247125934394,0.16232437541410794,-0.0002232134693606156,0.08526446408159787,0.0072700288351220934,0.02442500987657247,7.011512236074257,0.609569081423888,-0.6291962684144943,0.007949698020272353,0.010706851707634902,0.04134961104347117,-0.14865136105221527,-0.00538096771273871,-4.482929396303908e-05,0.0053258839948961915,0.15121829420685567,-0.00030476352624080754,0.15350368589116484,0.023563381582173398,-0.06023379290021312,7.07689158159477,0.9136814358456785,-0.9106670478891739,0.008035038782573896,0.010869470278983535,0.07096009619328655,-0.2571484305909802,-0.005319071000886745,-3.6740993247300085e-05,0.00555039927809679,0.2614486749795678,0.005105703418830251,0.41240141750333587,0.17007492915876074,0.6801786100531644,5.026824996321082,2.345488,-1.948338,0.05710242444574326,0.077029,0.2131318547075629,-0.7313670000000001,-0.035337,0.002576,0.041692,0.775861,0.0072278943968272285,0.5491142645316306,0.30152647551211353,0.8102231066853521,4.282516841535555,2.7055050096091895,-2.2275069114264894,0.08043675979726532,0.10846379630095837,0.29191883837621646,-0.9495343583203957,-0.050996755851000025,0.002163308076796923,0.05746704044995835,1.088546616244911,-0.00014318156663221588,0.19644841429676269,0.03859197947971251,0.06403795951325537,9.765283074050005,1.5588837380621934,-1.5801725761421195,0.009966797793518513,0.01343618844566732,0.08784222790706203,-0.30282076702698163,-0.0068770494070141104,-0.00010864536252131254,0.00655913903865321,0.30633701774698113,0.010243014660189271,0.7353791887978259,0.5407825513169485,0.8680460323946912,3.8251282242103963,3.335189331178296,-2.6314865656254605,0.11130851042136247,0.14929572120555656,0.3938779503526687,-1.2637276838080307,-0.07017826753496924,0.0020638225046469578,0.07911745367058734,1.5656847307518336,0.001227330716171936,0.24931516102508716,0.06215804951696514,-0.06783051871921741,6.636679731258491,1.5079207136982362,-1.7252315011600012,0.026132111057280482,0.03531578490586694,0.12079236325165786,-0.4260834812823238,-0.01778043763377362,6.9617248271417e-05,0.01753534727209332,0.4458290547534105,-0.00020252567874905656,0.20295266967315537,0.041189786127460916,0.07983587109235102,7.7008958388011255,1.5402090264849233,-1.3440858206056812,0.008940363033216398,0.012065945699072862,0.09384105904362706,-0.34875672921210776,-0.00611840357026531,-5.4724890755991265e-05,0.0059475421288075515,0.3396161260749929,0.0014542301223277197,0.18967746116497486,0.03597753927399054,0.04528892904708539,9.482841389031897,1.2340458000880785,-1.2292110275569086,0.01064863362269208,0.014347995394476985,0.08395615568498348,-0.2915170738717319,-0.007089677711773766,3.3483590020970616e-06,0.007258317682703219,0.3023698361914774,0.006379283568266726,0.14062811354122162,0.01977626631816272,0.08042111381086632,6.1389933352152894,0.997271,-0.909013,0.015782300615992135,0.021335,0.07089806892600384,-0.2477045,-0.004089,0.006782,0.017246,0.253361,0.009022728002538125,0.1633010224554988,0.02666722393501132,0.14978670508144382,6.085667183588802,1.075693662485333,-0.8073459403808908,0.020470012057794255,0.027619279649113884,0.08173124667262721,-0.29493070114176856,-0.004519920189166703,0.00980557672247865,0.02309935945994718,0.2929684134684428,2.7576603116877463e-05,0.1134971447063466,0.01288160185649338,0.04491636400197833,7.5006733064223425,0.771692124730956,-0.7930598706716407,0.008354536982983196,0.011263683915759704,0.0534403354158025,-0.19097039972625435,-0.005612011857776166,-2.5676927079426115e-05,0.005651672057983539,0.19164520904814147,0.012763091531448846,0.22294648049347218,0.04970513316442617,0.1494350230743226,5.903629283956269,1.2839060419094621,-1.0755006930330102,0.02783968905350668,0.03766067747287476,0.11126461843988808,-0.4042914672212346,-0.006090191273548883,0.013750189992946533,0.03157048619932587,0.40487765471404413,-0.0012887055343491847,0.060147009411471684,0.0036176627411436636,-0.0219764088275709,6.424909525392607,0.37140607323315566,-0.35630025716000024,0.00726299906245118,0.009830860305073472,0.02969536888186411,-0.10741140735849036,-0.005188916914400243,-0.00022670965439728296,0.004641943390673229,0.10196392163396557,3.821024262628567e-05,0.1377013936966062,0.018961673825987735,0.0818834700871523,7.771619514763216,0.9720290531668897,-0.9354629107237794,0.009345287336376863,0.012587015195011556,0.06474441269160201,-0.2333952407937609,-0.0063035966373130616,-4.64943862610821e-05,0.006283418557698493,0.2348382108424964,0.0004679191197208069,0.08244072631280905,0.006796473354983487,0.10538928341690396,8.017035787872302,0.5092315921009583,-0.497690501913562,0.007136018014550806,0.009611235062859156,0.03832865984829247,-0.12897381020909934,-0.004909384305118059,-1.1765971870890914e-05,0.004701850757741098,0.13466161470187876,0.00025973790537782985,0.9126874425598012,0.8329983678063504,-0.001573158140007174,1.463565090513102,2.886306,-2.895524,0.7028349946936732,0.94807625,0.6490892812137005,-1.7657672500000001,-0.47296925,0.0013685,0.475107,1.76679575,0.00032326570306117627,1.2905844467807448,1.6656082142723614,-0.0014648935473722073,1.466796061375402,4.086006778800423,-4.072792726840006,0.9908589335281827,1.3367554792155172,0.9174479080178614,-2.496170295890013,-0.6665107912971452,0.0001081073574413097,0.6702446879183721,2.4955656911493387,-1.3239150093402418e-05,0.01600606858188968,0.00025619423144815595,-0.24858285441732797,5.025869435505527,0.0574674511449963,-0.31442302893919183,0.015466339989041414,0.02090232080107475,0.012765528130838748,-0.02484774717444089,-0.010341868030244058,-5.244628642557536e-05,0.010560452770830692,0.024817634489413844,0.00033073965782355483,1.8242975104207553,3.328061406527366,-0.0012383557675318072,1.478179137232214,5.7299830395909925,-5.729123642078742,1.3562817722373748,1.8287365442920294,1.2952250349467422,-3.5249934348736875,-0.9117820277072283,-0.000834949677567233,0.9169545165848011,3.529665317644502,2.747049684228625e-05,0.05126085884634052,0.0026276756496644467,0.01274477881637366,0.2789224868895559,0.2970895240902927,-0.1915078007429512,0.04203898128783271,0.05672146293788244,0.03879845999621768,-0.0933996781776544,-0.02850619029995894,-0.00015955213038072041,0.028215272637923495,0.09516167941378137,-1.949149195515728e-05,0.005767423660637059,3.326317568127617e-05,-3.395412727963476,126.55873216217836,0.04874434961539702,-0.21644370718867875,0.004228447238052054,0.005681267193500095,0.004036385047162998,-0.009471981377335487,-0.002896166849108501,9.478865195577274e-05,0.002785100344391594,0.009394213438940459,1.7056954988029256e-06,0.021888568976250085,0.00047910945182805763,-0.041994316149872146,0.3781478860947143,0.11160607758788843,-0.1864782813514135,0.020368877420946303,0.027478700604280912,0.01746631614366688,-0.037831617585780186,-0.013735880648642904,1.3188664446502725e-05,0.013742819955638006,0.038442141986492574
-5.549338758901323,7.5183882462368805,56.526161821152876,0.977809809708127,0.12878146150907188,14.3,-20.6,5.930408874022409,6.700000000000001,8.653102746693795,-14.59,-10.3,-8.8,-3.6,9.1,-7.8145930587696215,10.679996397637781,114.062323053556,1.0002295326870652,0.15151771507005884,20.142531621702254,-29.738592630879037,8.526833415197752,9.456638089349335,12.271852697547569,-20.216164481661156,-14.553974597708928,-12.655867255942606,-5.097336508359593,12.928581462927019,-0.014283223717036131,0.6544228854260398,0.4282693129693436,-0.7878996680811984,70.1227481708667,6.706002313846466,-7.914773651169513,0.2606246147943313,0.3522913820702168,0.2889897872675523,-0.4998632184091111,-0.18447797901651372,-0.01833035435960728,0.16781340305370313,0.43601800630127513,-10.959142842468523,15.246044642014672,232.4418772263043,1.0213748883157667,0.14962814555760762,28.352194912400932,-40.3542047628443,11.502684924460818,13.230992058026164,17.423819499318448,-28.716584213027076,-20.471934768692286,-17.98479195151642,-7.240942710666122,18.54787987674288,0.07709913750314094,1.149344504978171,1.3209927911235169,6.2663515518382935,56.94903583891368,11.995376962883512,-4.084514018132317,0.2541298633069392,0.34646873771002434,0.39309141716095874,-0.6162137107811881,-0.16779810169255138,-0.006666770224242002,0.17867063601747296,0.4643593988209287,-0.020070006085129797,0.5467486483602398,0.29893408448374925,-0.41161811901859713,14.89651773164352,3.1767987447210464,-3.4246892792457886,0.24115448277506782,0.32389472692682364,0.2966467802402374,-0.5559320469580431,-0.1750087658327748,-0.025420011909984424,0.14888596109404886,0.5595018302479366,-0.04436121083237342,0.7375109695635962,0.5439224302266357,0.22021751851840074,45.430159540973875,6.640129489902098,-5.947250210188573,0.26258762929700846,0.3531677616817987,0.3184467008229256,-0.5423794810662247,-0.20091250552797635,-0.03956401577382287,0.15225525615382235,0.47828192182625956,-148.83143438453712,12.88522771482866,166.02909326298862,-0.3057613679988787,-0.6739842944544199,-110.8,-180.7,14.82602218505602,20.75,148.83143438453712,-171.5,-158.55,-147.4,-137.8,-131.4,-210.38678097333172,17.741034851629024,314.7443176067157,-0.23318441507956192,-0.859934059530123,-157.33016103713328,-248.82631861061634,22.38184552774593,30.715683748172438,210.38678097333172,-240.3115710826599,-225.11749897814641,-208.58262921986227,-194.40181522997398,-187.10785189922163,-0.0519982587326632,4.071996120031242,16.581152401549488,-0.09648370457510484,0.9792558583570483,12.519218060450694,-16.987627134230593,3.2961808080468966,4.447476106641894,3.0899724533115878,-7.088424438760965,-2.2540106766144845,-0.16707652091549363,2.19346543002741,6.409314569375758,-297.27129066036997,24.517182501743218,601.0922378237839,-0.28478365704996655,-0.8565476404672099,-224.2460605328755,-346.3353565465622,32.320084456866205,45.321888489549906,297.27129066036997,-339.03116908104283,-319.09151986989673,-295.0613711687173,-273.7696313803468,-266.55936585580696,-0.43896545606674053,5.086725567801134,25.874777002121764,0.06504067510467561,-0.446130806581555,12.334401004251493,-13.995400840216758,5.575242576444718,7.4453876280142035,4.189535552045755,-8.446622915057123,-4.3512999720395165,-0.4479968711926574,3.094087655974687,8.355972911960471,-0.075789435850611,3.783229318842372,14.31282407894852,0.048094165424287655,2.5136171490316706,12.747264984614539,-15.450300028145426,2.940808133944341,3.9287247554729587,2.6951402232393384,-5.916167214422277,-2.0880758929345427,-0.21003954097809038,1.8406488625384163,5.7708100622815905,-0.11594833850147164,4.287162478372413,18.379762115964294,0.285286723108111,1.4426781510636264,17.24995694098934,-13.330819180808405,3.815529774953428,5.097568768540171,3.249907438486489,-7.04262803500318,-2.7734164237408208,-0.21652800987110976,2.3241523447993506,6.146505574749976,-1.3621566632756867,6.33784931220726,40.16833390424604,-0.48898737893404187,-0.8162036999195514,10.7,-17.7,6.968230426976329,10.2,5.190030518819939,-12.49,-6.5,0.2,3.7,7.0,-1.9501703457445225,8.720669792038747,76.05008162177712,-0.37697815976174137,-1.1293783385286815,13.24214394009776,-19.98848388167371,10.365948970433749,15.950229635990844,7.2691937718673145,-16.35451184096286,-10.74912076488868,0.18720310511589777,5.201108871102164,9.556666530509085,-0.02436087996036476,2.014223591897373,4.057096678155957,0.1468627470985003,2.1758155627303317,7.341537706484642,-7.03811350016636,1.448229864084171,1.9608106142776836,1.4128395150959587,-3.3613334947986115,-1.0349232136677358,-0.07422859059026576,0.9258874006099478,3.339095308732328,-2.8259741639591063,12.09959315957567,146.40015462725037,-0.3492442812777226,-1.2518143396262225,15.755329127286226,-26.340304867869435,14.432564751461177,23.489505493081897,10.134157795334026,-22.091050171026,-16.25172797741393,0.5627741627624803,7.237777515667969,13.003509327271576,0.10031937386438466,2.2217651511564704,4.936240386893335,0.28680019548131636,0.23398910361865122,7.054145636276641,-5.425747630135633,2.2324443648376153,2.9673374720461725,1.7446330465167317,-3.568919072265512,-1.4522566211466688,0.07832483973480603,1.515080850899504,4.073750769155149,-0.03297952581227351,1.97641079203872,3.9061996188871206,0.3832670151391845,3.6429437180296276,7.683163226858207,-8.007873742385096,1.3207818268313083,1.7363146640563127,1.3189152832550868,-3.0738834313985315,-0.986253096649216,-0.055449328135137824,0.7500615674070967,3.0269019686984606,0.025010781632368265,2.0235874586624902,4.094906202856115,-0.18044424413601856,1.2185419411103764,5.791632617438383,-7.856633048666818,1.6751987547233493,2.249571011192927,1.5046525256358454,-3.595575573509807,-1.0580389206518954,0.06781847930156643,1.1915320905410314,3.459506521125055,-0.4937945066124108,4.368798572017133,19.08640096285894,-0.11427182493598936,-1.5523973842949843,7.0,-7.0,5.782148652171848,8.8,3.988402848423194,-6.6,-5.2,0.3,3.6,5.5,-0.7078995958337033,6.199272898222366,38.430984466634335,-0.10179330275384046,-1.5541447816356475,9.881165707443323,-9.804166644645626,8.17608777835675,12.477892984553728,5.66439632312184,-9.325489901798438,-7.337118077350004,0.38826463625265834,5.140774907203724,7.767046348988339,-0.008345265295834835,0.1779259044442264,0.03165762747229598,-16.56119471398667,331.9748859772931,0.4455621500686679,-3.597486172539002,0.0630741109358091,0.08376630397700376,0.059346062258069154,-0.10184644683285968,-0.04297171734526979,-0.0024756947990087763,0.040794586631733964,0.0946248516768773,-1.0276047683721126,8.824382455861976,77.86972572732464,-0.0858446791982173,-1.5494766510697018,13.900281829916327,-13.86066476514153,11.87904347884669,17.73547319809421,8.061356359785783,-13.240499492997214,-10.486229104855028,0.3140153984708475,7.24924409323918,11.254051868953827,0.015976611840816897,0.35550948419717576,0.12638699335414197,13.20227653366586,195.13453180687947,5.323000862146564,-0.9456754665368985,0.06379726106966455,0.08421780773004237,0.08846221126435413,-0.1434007421747059,-0.052276231129942174,-0.0051985855860347124,0.03194157660010019,0.13025753170603704,-0.011594705628589394,0.15055410455239643,0.02266653839757391,-7.317983001469296,71.10408235348577,0.34241230422026864,-1.5699861082127469,0.06966665833149886,0.09038160757971035,0.06522233879968514,-0.10558825268782683,-0.04943343533908677,-0.001141226382163671,0.04094817224062358,0.11027172762273797,0.006070166146958619,0.19991292486658316,0.03996517752871213,12.583729482093938,183.41816801413268,2.94551953100457,-0.4282595622138609,0.058809275817752284,0.07487206823894618,0.06286867021639597,-0.10525638753985303,-0.04155218383982469,0.00025684731192104513,0.033319884399121494,0.09325770621477819,0.0244150559511699,2.998577831549278,8.99146901185877,-2.0670597136590785,3.447593086548965,3.1,-12.7,0.8895613311033613,1.35,2.121261444557477,-7.5,0.35,1.1,1.7,2.3,0.048079678401817,3.199566652232048,10.237226762075395,-1.20275669804298,0.3070583529222022,3.635040099066444,-10.23477942426033,1.5310717365830413,4.1916805040107885,2.6727741408957573,-6.614750968474674,-1.9084807783159845,1.5052719323721127,2.283199725694804,3.0321629712925895,0.02758736677581923,2.7657587481578005,7.649421453011404,0.24584992480772216,2.893328366970332,9.869240165353578,-9.010999765495043,0.44812349430299403,0.6012448352606331,1.5066428827201586,-5.569388157346535,-0.3397289460927052,-0.021775040213729835,0.2615158891679279,5.555459992979379,0.10563758981228046,4.286839399139513,18.376992034014823,-1.098226837988149,-0.1062487591349286,4.9545893074328635,-12.430867961400862,1.761231442171134,6.559957674796712,3.6947916940933143,-8.63915552988913,-3.4431472938995746,2.3229248782692613,3.1168103808971375,4.021460957514726,-0.0023265141539435875,1.3909619118150862,1.9347750401202795,-0.05216707242567107,2.1487997556205443,5.144627202348336,-5.010200243370756,0.8451887980548604,1.1270675709635936,0.9413222097400334,-2.4794225050130727,-0.52122635708993,0.0036396046417259964,0.6058412138736635,2.3048619443358467,0.037952403520142404,2.506103025131321,6.280552372572359,-0.14948277835998414,10.755809990594011,12.58034183204692,-13.202893644191288,0.2292888037448776,0.3146197958878729,1.1219188315443938,-2.4681168128688675,-0.17784025063236886,-0.015805464044901543,0.13677954525550406,3.681552313822513,0.0011631455765707224,2.9673498235491196,8.805164975316991,-0.1963048406716404,2.536312855531614,10.049421927140697,-10.18438153454935,0.6029502455315319,0.8079136349583027,1.684628794348429,-5.829394566171085,-0.3934250996529175,0.004932138639485341,0.4144885353053852,5.723906649722694,3.121871820956256,3.2525285188402604,10.578941765869219,-1.7290878341627227,2.282840113026845,6.3,-8.2,1.1860817748044825,3.2,4.138758901322482,-5.2,2.0,4.6,5.2,5.8,4.414418664270755,4.555184428388967,20.749705176637313,-1.7247216261237601,2.3083858669624435,9.800001405221096,-11.455591789666085,1.692734179602109,4.459293296584988,5.819063235973825,-7.30367852543593,2.812819050494132,6.481283005517105,7.272112347079121,8.233450202848534,0.011803699104961927,0.5101077523400374,0.26020991899740487,6.015045011217821,95.17125562001111,5.823942641016531,-4.632107392010165,0.10489713687023404,0.1395582316401341,0.15245132548087,-0.25709759365139817,-0.0768798460725677,-3.1679936451922686e-12,0.0626783855675664,0.2607553817246547,6.240609511716654,6.327730275240876,40.04017043619998,-1.7130371974798613,2.4190237788679827,14.403830142065228,-16.961998301193354,2.5943148982273185,6.2591604240060486,8.102432494643852,-9.34102003692444,3.961818970630488,9.12745303704877,10.220979394636537,11.570776489245537,0.07481689753405292,0.93831951515469,0.8804435125201325,4.568434055438676,33.94339552815447,6.7793272766969945,-3.4511420791813725,0.16049168395108315,0.21669653802380212,0.32745575759524537,-0.4152682033137365,-0.10464567156878823,0.008246748479433413,0.11205086645501389,0.5145211226220012,0.01602397565935154,0.3410345373939821,0.11630455569552738,2.635319621738906,30.953081359064655,2.5119429411325913,-1.8896628955815025,0.10151559629391049,0.13116733321081064,0.13804234813526203,-0.21868468197247676,-0.06952886318666734,0.0021967898024135095,0.061638470024143285,0.20612070074871403,-0.04941332510305376,0.6280916332688935,0.39449909978238623,-5.1379977593791315,52.83832180130421,3.8509958617095474,-5.347330830948972,0.1054312973472747,0.14635345376996786,0.19073634748753765,-0.3164431780860295,-0.08295727814729448,-0.0036625800754012455,0.06339617562267338,0.26117010372938587,-0.002825118192976679,0.2059929112674303,0.042433079492431414,-0.6839832265562257,6.515053681989087,1.130102,-1.343952,0.03674333078122433,0.049506,0.10514183468550728,-0.375167,-0.026485,-0.000811,0.023021,0.349654,-0.0039925194022903815,0.2605447757686495,0.06788358018033583,-0.6977019058347468,5.885362839420509,1.3223101966353865,-1.5668572854833738,0.0510317299016663,0.06845548120726364,0.1361949068379034,-0.4684700210702875,-0.03724604427825436,-0.0016591193089193408,0.031209436929009272,0.45221130749450006,0.00016680283721212351,0.13028835832885588,0.01697505631602835,-0.009992141940529024,8.129706906658296,0.8893575642043133,-0.8546010885055131,0.0076922129930939165,0.01038177061485126,0.05897565984795934,-0.2193730096111877,-0.005081214438510097,5.963945107336195e-05,0.0053005561763411636,0.21467298544719277,-0.005638402484649821,0.35517683257646554,0.12615058239905064,-0.6791941621942214,5.510301186448444,1.6463250201332067,-1.9507540001399706,0.07189601609744078,0.09682048023942973,0.18722809586771091,-0.6635085137821978,-0.05236786910142066,-0.0017823731360700182,0.044452611138009065,0.602539582226026,0.0001730947626782441,0.09794213356514435,0.009592661527292575,0.00392272891478048,6.90616113320076,0.5879661810431888,-0.6634599619380471,0.006784148591915375,0.00914981287938339,0.04550575869993488,-0.16987580552578668,-0.004563075132353163,1.2470902686534347e-05,0.0045867377470302255,0.17282278485427027,0.00023505125012759286,0.0908104985866647,0.008246546653558633,0.0942907511240628,6.969660211007838,0.6232524332396184,-0.6522754634847947,0.007717320340458129,0.010399739604074651,0.043297226203950046,-0.1597052116705,-0.005181955929285304,5.107157899906539e-06,0.005217783674789347,0.16272403737138366,0.00025108333369347827,0.16030414093859177,0.025697417602059895,-0.034276567458179336,7.316114798994256,0.9350230497961477,-0.9614101212487269,0.007712228040158323,0.010389060134897087,0.07272213109685967,-0.27064557686233365,-0.0051475360813052085,-1.508068160247292e-05,0.005241524053591878,0.27374515873251093,0.0025915439331796546,0.4079099318469425,0.1663905124993773,0.5622764918172791,5.712637258469311,2.456767,-1.9073,0.052558248646023584,0.070841,0.20571778947998687,-0.71676675,-0.034256,0.001195,0.036585,0.726756,0.003660647331832988,0.5326166488671823,0.2836804946505074,0.7407075363594532,4.76817140177934,2.89150160391764,-2.2673492730620066,0.07419507582067719,0.10006883342336868,0.27662021765859723,-0.936305303971438,-0.04997772972774539,-2.7593045535802524e-05,0.05009110369562329,0.9843300821090539,-0.0014972404448063193,0.22151446649644285,0.049068658867203706,0.06826368237536315,10.649097843443414,1.8586731516876531,-1.6004468011564024,0.00902772451282152,0.012192539828081678,0.09492131688399656,-0.3331671542090613,-0.006229185695490897,-3.9475739877539034e-05,0.005963354132590783,0.32412299301602177,0.005164163905622127,0.7029111057313066,0.49408402256040795,0.7657710672648683,4.124009312279802,3.524496472177287,-2.8001483316501883,0.1014256791308057,0.1367594254963506,0.3691391506723437,-1.2307488540331004,-0.06881532710016938,-0.001113800102303805,0.06794409839618121,1.4447248180446137,0.00015603900337938793,0.27051080951201284,0.07317609806284449,-0.16542900206783026,6.844753499971807,1.6249074661408835,-1.6829722855414913,0.02447919249384985,0.03302864123101715,0.12879433045147676,-0.4656870247248467,-0.01660047188606116,0.0001338413932872012,0.016428169344955987,0.4770307334620215,-0.0021170836727798224,0.23684563180240034,0.056095853303878195,-0.09413948256243909,9.279395189193046,1.7414639506864333,-1.540510134795975,0.007784251517109856,0.010495397726475786,0.10405923975697909,-0.3825087521068733,-0.005203462842279294,-6.721085280414242e-05,0.005291934884196491,0.36579112062773755,-3.733798537905591e-05,0.2049971892327717,0.042023847593336806,-0.07479378072602619,10.037566170288981,1.4090088974892643,-1.290866113297128,0.00994807059582979,0.013417716596454025,0.08866236860476169,-0.31963745628830653,-0.006571629664068955,2.6775960920907278e-05,0.0068460869323850706,0.30473253324285576,0.0036923203903840972,0.1353586228299186,0.018321956774412156,-0.03072592780125733,6.5939142652732805,0.93921,-0.897159,0.014974282406906582,0.020139999999999998,0.06645851857617578,-0.236818,-0.005979,0.004,0.014161,0.240116,0.005221791091195127,0.14040175043189626,0.019712651524340482,0.14580772123821745,6.57836074576387,0.9795172549285415,-0.8006108984163545,0.01949899745277281,0.026309029831630634,0.07049076324371485,-0.24419678494570196,-0.00741786433187495,0.0056246690778423356,0.018891165499755683,0.24078617102377092,-0.00024172909237284268,0.13010732882753903,0.016927917014637372,-0.10503689380171083,8.170915423529967,1.0071433230798068,-1.0038884200676064,0.00781334929582948,0.010531655912627263,0.05975957462897567,-0.22025624311059208,-0.005260474813762883,-2.2981246902823967e-05,0.00527118109886438,0.2191434371144764,0.007385045519623989,0.1880429020520634,0.035360133012161905,0.15417067879480154,6.116426323821255,1.1805150581103114,-0.987012885623354,0.026779981257798877,0.03607438411967785,0.09503372437243982,-0.320782615806922,-0.010170380740082925,0.007913511937070303,0.025904003379594927,0.33183613945520685,-1.743818564559983e-05,0.06370319687212736,0.004058097291729017,0.08985803883341209,7.168280443581114,0.37118149874140516,-0.4468068851729496,0.007090818973943463,0.009563405128816847,0.030699028977326164,-0.10750834766123518,-0.004803714448452707,-6.441533232368974e-06,0.004759690680364139,0.10960242746148609,-0.000341398595853325,0.16398364508712282,0.026890635856059462,-0.0752575889813256,7.068058972815939,1.1323939947455688,-1.0895172738770034,0.008658027458714043,0.011676832197568182,0.07624115262597755,-0.289612741855867,-0.005815721820315563,7.421166928016227e-05,0.005861110377252619,0.2854065143578721,-0.00019274149380019604,0.08342119084026085,0.006959095081207222,0.09398874498333468,8.466895237207243,0.586477409786899,-0.5278734426052555,0.006776655569797472,0.009138832892972884,0.0384262773244164,-0.1371332646238811,-0.004507407151099584,5.37736158304794e-05,0.0046314257418733,0.13383808900708793,0.00023189179115648277,0.8881408424952529,0.7887941561081777,-9.403823011182815e-05,1.5407412102716869,2.829889,-2.822692,0.6932885190087156,0.935182,0.6321440770140406,-1.71908825,-0.4659975,0.001702,0.4691845,1.722039,0.00036279882268048673,1.255868789002639,1.577206415190955,-0.00015731074976894406,1.5444053738860282,4.00809977368463,-3.973916550240136,0.9766058454908968,1.317381284481939,0.8934770727825937,-2.422388320574833,-0.657026825104452,0.0009540114347140177,0.6603544593774872,2.4413324422773997,8.614935430667334e-06,0.016062012181672285,0.0002579882353241889,-0.08488423721165568,4.295853949866409,0.20737201705491967,-0.2915124570046899,0.016361199185500924,0.022150705493360758,0.013012364295114043,-0.024415438275820288,-0.010740037119475791,-9.999623992081735e-05,0.011410668373884967,0.024339251432949356,0.0006096789825307538,1.775178178586421,3.1512575657294026,-0.00030004885313758973,1.557429914619374,5.571125414788565,-5.60528963640459,1.343996057307099,1.8145474676358062,1.2613200489574758,-3.4196073984075355,-0.9034456143562177,-0.0007292124404271391,0.9111018532795886,3.439341070923297,-1.9536305701584283e-05,0.051543237992363995,0.002656705382737475,-0.04160626008477012,0.4381925902046264,0.18601025348620942,-0.42992920276396057,0.04038931314781152,0.054467264948611586,0.039117094593839045,-0.0943833814251557,-0.026964872532613537,0.00021822584740949572,0.02750239241599805,0.09538209346148727,1.2079415025794988e-05,0.005980149169974661,3.5762184095148625e-05,0.41794850828469576,42.93266308381074,0.14273354991653245,-0.13849327324465432,0.004947708004994319,0.0066939144597133165,0.004322869727618734,-0.009541917079906398,-0.003363287657432626,9.87686662757861e-05,0.0033306268022806904,0.009448675152785066,7.548422517846326e-05,0.021918373618868385,0.0004804151020963056,0.11147326919474229,0.953927252534418,0.25786176003013594,-0.08692503590735223,0.02175382027215743,0.02936371600769446,0.01777373437380783,-0.036572080731603014,-0.01493515791730642,6.901431209748159e-06,0.01442855809038804,0.036977906087939896
-5.298986828774062,7.744600955393796,59.978843958286504,0.94821111530343,0.12279354116271879,15.3,-20.9,5.930408874022408,7.000000000000001,8.608004052684903,-14.7,-10.3,-8.4,-3.3,9.8,-7.459700538993669,11.00317681464762,121.06990001439895,0.9708749712758873,0.14007569829429345,21.47628348769779,-28.71524696441777,8.687521106270955,9.871411979081437,12.210070876096843,-20.578385378237392,-14.553301933535518,-12.054462270861155,-4.681889954454082,13.909388785770936,-0.023692604816278107,0.6492200629523733,0.42148669013988366,-1.9535752777789475,84.8871541757661,6.723110747443604,-8.457228821655299,0.24939050881921737,0.3409462232566519,0.28292063931091344,-0.5461111157841626,-0.17661373496724453,-0.011720907361591482,0.16433248828940739,0.4428557301752805,-10.454748568953876,15.721939805130864,247.17939123615832,0.9860006000540316,0.13452655684268633,30.18795643533114,-39.66050549329049,12.058800069067876,13.931732778423497,17.346183832848794,-29.438454639503306,-20.540067956766443,-17.070328114299773,-6.608335178342946,19.950228534391123,0.012768806230739902,0.9768293084485595,0.954195497844091,7.54190349693232,103.49966396450272,12.32192847394215,-5.446724663539715,0.2723012057053886,0.3660405976879873,0.33573492934715704,-0.5339447674084775,-0.17504123983826583,0.0029286988471406705,0.19099935784972147,0.4508848539487972,-0.036171164518014186,0.6213749072000344,0.3861067752978513,0.20976113581574854,21.60741823127628,4.6263057994157535,-3.501413078162978,0.2695936619011289,0.3791487665330959,0.31362782545066786,-0.6592840485066178,-0.21934985181471195,-0.004648108254852878,0.15979891471838398,0.47977922328106226,0.039183489582269165,0.6672742402248839,0.44525491166769604,6.03660246523045,53.648577347533,7.07474211152282,-1.3509052732478277,0.23811499333036826,0.317360616821037,0.29338753100890724,-0.5124264589916364,-0.18295667473424734,-0.01432543749483265,0.13440394208678963,0.4464562688036477,-148.90739614994934,12.94672412858587,167.61766566170755,-0.3286257874574102,-0.6649181193470941,-111.2,-184.4,15.270802850607675,21.350000000000023,148.90739614994934,-171.6,-159.3,-147.6,-137.95,-131.5,-210.50003702543347,17.763182917070218,315.5306673452952,-0.24137451195500637,-0.891305877318656,-159.42803461791888,-249.00659446945056,22.25782123172128,31.838913150863505,210.50003702543347,-240.87748588365832,-226.76014575935176,-208.28194685307903,-194.92123260848825,-187.2248119432156,0.0745752153036507,4.319412345536513,18.65732301077324,-0.15679949253976022,1.1140723814758324,15.661175769201304,-18.629546094110665,3.3759976077389786,4.4149799764579924,3.2340188471667286,-6.917009022099818,-2.0814498940524864,0.004322255183730306,2.333530082405506,7.887464567979086,-297.4492589765998,24.632868292519216,606.7782003165986,-0.27984182679467867,-0.8761352747840179,-225.02419213730002,-349.83095053327685,32.30154045981543,46.76483294835663,297.4492589765998,-340.4594920860568,-320.86414550628024,-294.4887678967375,-274.0993125579236,-265.73252040534334,-0.17862162969448664,4.552114468452643,20.721746133895888,0.03642414351397239,-0.11182767372218771,12.963264844851087,-11.786591765853515,4.6056190479612455,6.18517145212597,3.649899066002853,-7.2384886487547915,-3.4358839720244507,-0.10220503449686191,2.7492874801015192,7.2197688962020425,0.10605084206520983,3.8807562776222664,15.060269286304628,-0.29451278119061375,3.8903345577613653,13.129550981443474,-18.063121286200925,2.2982140610356754,3.0632771328998345,2.56985808792231,-6.040049595857823,-1.3885781412942206,0.10615983861788815,1.674698991605614,6.75562991550144,-0.1595318405402572,4.6603144720384515,21.718530978291028,-0.10652224489580882,0.946877829561692,13.826694490343256,-16.498912196466556,4.388835997962554,5.872534123869379,3.5674511047111066,-7.877826487235516,-3.1440430169152442,-0.16638801930502053,2.7284911069541344,7.126440180513499,-1.6080040526849038,6.468151792194826,41.83698760687314,-0.43579092408751363,-0.952642387038015,9.9,-18.6,7.561271314378569,11.2,5.366869300911855,-12.74,-7.4,-0.1,3.8,6.9,-2.2962257231251497,8.926215063886843,79.6773153667604,-0.3392430996352728,-1.2038828586764465,12.326232633447038,-20.65558947075867,10.971087118882934,16.081429551380346,7.523901837614804,-16.618635403354734,-10.914086636650953,0.1162582191444319,5.167342914729394,9.567359324833722,0.08973349567241089,1.9236542340006217,3.700445611988519,0.38965742703375844,2.1852514435531996,7.651270599274743,-6.5560890722134415,1.3505628693845493,1.8025882443116035,1.3512511357487302,-2.929981964225219,-0.9041291065403438,0.01782896795394312,0.8984591377712596,3.4999149016333204,-3.309731503388774,12.389146679237468,153.49095543966078,-0.3001357803961403,-1.31467936875059,15.581763227721515,-25.87942393577167,15.260023277483407,23.99228422379825,10.49732747027678,-23.250485816115102,-16.352767244211837,0.10936183619546054,7.639516979586412,13.197596102723116,0.12171252437593227,2.203467913184919,4.855270844435502,-0.301770009635011,0.7992474669028873,5.663829063272728,-8.222303982152056,1.9413346936731963,2.550037360122222,1.692074581171805,-3.967905235817849,-1.0994807297115337,0.12291526850823022,1.4505566304106883,3.905255185818811,0.12420823719963556,1.9151939201632582,3.667967751830308,0.6618798576222666,3.818694690413503,9.300671147906487,-6.184750875301847,1.2189776096317735,1.6103567927371092,1.2782465394243379,-2.989646658231415,-0.7875410531672153,-0.020719098834829162,0.822815739569894,3.289131997118255,-0.09097287597274786,1.9036804509900231,3.6239992594815775,0.11873485913448288,1.495726623920227,6.354997860230621,-6.687701686433595,1.5420083327480218,2.1023461814299216,1.3928618928123662,-3.181114940065466,-1.14028341527137,-0.130635351716819,0.9620627661585517,3.0901839452947217,-0.4102330293819656,4.360589208303122,19.01473824356965,-0.1427921015435763,-1.5242183761237074,7.1,-7.0,5.485628208470727,8.7,3.959371833839919,-6.6,-5.1,0.6,3.6,5.5,-0.5902100386060964,6.1888305806251065,38.30162395568049,-0.12985935320136469,-1.5264211449849814,10.018363114189826,-9.819397534646782,7.733483589730628,12.515754052833067,5.623624803518748,-9.33849146806358,-7.323443552006753,0.8150625408353395,5.192310500826315,7.84628304206089,-0.00467718506648353,0.1747574372588936,0.030540161877296128,-16.237745082558764,323.7430063559585,0.42710930010979753,-3.511881108758354,0.06919008339136261,0.09317976871368172,0.06230571694208745,-0.10279976351041512,-0.04506923445221178,0.0016494659451383176,0.04811053426146994,0.10963942975818484,-0.8624566334735311,8.81247394344686,77.65969700392988,-0.11324038273250311,-1.5223308096476291,14.134913912775724,-13.827942522729115,10.97498225861949,17.860543796890386,8.006907880170292,-13.271453852120816,-10.494188927173,1.193655316845959,7.366354869717386,11.426400052490088,0.022063425635710947,0.3550378041457983,0.1260518423726702,13.551033120022652,202.7493173911315,5.3781532356023245,-0.9112159941936921,0.07979943076504993,0.1055310043531347,0.09280751299295906,-0.14514681557215728,-0.04806479159103491,1.2604651745545814e-05,0.05746621276209979,0.14274019157511617,-0.006975002019496421,0.1474410516641905,0.021738863715842494,-7.5653423452205075,73.22320005889175,0.2847147887677758,-1.4895591492463949,0.06835964101117865,0.09218970933494047,0.0646114125490076,-0.09989662131895885,-0.043060822827079084,-0.0020555561510101038,0.04912888650786139,0.09885984088846834,0.010074807050056606,0.1960024168635741,0.03841694741636228,12.088315268103038,173.038451944611,2.8540354601671813,-0.3507023490292693,0.06191535720013546,0.08661919478838959,0.06903470489817679,-0.11360649594581296,-0.04470238177588369,-0.00618542103136234,0.0419168130125059,0.11391020993486799,0.02391084093211751,2.8481593807777084,8.112011858312059,-1.9994816888150615,3.209842521784174,3.4,-11.4,1.0378215529539212,1.5,2.029787234042553,-7.2,0.1,1.1,1.6,2.2,0.04440338612271461,3.0963112772974197,9.587143525919178,-1.2526508689283862,0.5298220856246352,4.010224003323597,-10.172774013404872,1.5303865690401564,4.013127937696512,2.5568759960661493,-6.431571853669148,-1.8647272321298443,1.440570528953023,2.1484007055666683,2.9279563982493344,-0.08543298636716619,2.5560512768536596,6.5333981299052235,0.1848739001707902,2.6320430370166292,8.859277366949755,-9.193933922926426,0.49549672731320094,0.6941833339891372,1.4360436585032723,-5.242505129886562,-0.38344089830590494,0.0033526219867659884,0.3107424356832323,4.921717427910474,0.09222792726730115,4.038054344699254,16.305882890744517,-1.0511376430331536,-0.16595242525854026,5.072330578019209,-11.464465215914311,1.726867066224885,6.407961262623509,3.5075931659348623,-8.024926744985502,-3.435236337923439,2.176886309895529,2.97272492470007,3.818195173532657,0.020269019069204964,1.6347277640540212,2.6723348625690595,0.2597380486913092,2.888232919762536,6.7487092296375755,-4.803205268463413,0.7893245634324281,1.1194684539484858,1.0496135398839577,-3.074781018004196,-0.5324728791221158,-0.03150350264861307,0.58699557482637,2.810267891034589,-0.11912008996042293,2.4079195370777264,5.798076497040613,-1.0531317045766455,8.33390704664022,11.174507568027513,-11.641149514119018,0.22350731486395375,0.30071314203019905,1.1109069885962646,-3.5255060659892883,-0.1343352795896443,0.01490308945392089,0.16637786244055475,3.3064102684484546,-0.058519810133411565,2.6616069096528316,7.084151341511697,-0.6130240478932699,2.9993427995036983,7.75142340828124,-10.278504567099864,0.7059716755061874,0.8843034924041322,1.5168005604086863,-5.110229528722461,-0.4860972401856595,0.021610479300899058,0.3982062522184727,4.753094214822189,3.109321175278622,3.2726916883071535,10.710510886714728,-1.6375157581639401,1.9223626616333078,6.4,-7.6,1.1860817748044825,3.5,4.138500506585613,-5.0,1.7,4.6,5.2,5.9,4.39579576345714,4.588057750237454,21.05027391951397,-1.6140825965501393,1.846024574744857,9.2746778582451,-10.752377335454044,1.7213075157708195,4.832755680270977,5.825673554278745,-6.956497655760114,2.5089427529719392,6.529858363790746,7.341698433242916,8.31711679412667,-0.009375276032424338,0.4757487809277671,0.22633690255425654,1.368661483191308,82.77282751105302,5.442985694953129,-4.340383354039948,0.09452646956920241,0.12770887890442528,0.1500638601589706,-0.27661597322543835,-0.0641357460652332,-0.0006440934059427361,0.06357313283919208,0.26842073811872713,6.211825421994858,6.4037243313125405,41.00768531144425,-1.594077561994369,1.8188149991439309,13.069413624323795,-15.725777695809903,2.4522637549541155,6.643666369838526,8.170183114416625,-9.108910116434954,3.714990474176462,9.252887068013706,10.358656844014988,11.66583143795285,0.001922737655360731,0.7289937036924186,0.5314318200231898,1.148962625593133,53.096125282951576,6.475664985095683,-6.330919868348562,0.16166452622792862,0.214259796246094,0.2615749556161586,-0.4280299916701271,-0.10056310569217536,0.003435128946574287,0.11369669055391865,0.46983649114515524,-0.012895039535160581,0.4490462658615276,0.20164254888418173,0.905701555641505,44.7384478051641,3.682997589700794,-3.64145196411167,0.09703987969320371,0.13220773670005204,0.15516849362833426,-0.2517515155741506,-0.06428828192538188,0.002866459979542886,0.06791945477467015,0.2044707351616254,0.03726818252214446,0.49335968301865574,0.24340377682826847,4.323170183602875,27.86130373924639,3.6058694552819257,-1.7795716921974003,0.12802056503284825,0.17105537293622813,0.19906971918788807,-0.35161001183039653,-0.09531292525184543,-0.004232687152995533,0.07574244768438271,0.3119550592154538,-0.0018385225711028258,0.2101430787861457,0.044160113561720234,-0.6408105753971208,5.6677794409246385,1.129092,-1.329451,0.03788789969391066,0.051111000000000004,0.10991224370628294,-0.379386,-0.026366,-3.8e-05,0.024745,0.36947425,-0.0026002906057347197,0.2623997174460046,0.06885361171574304,-0.615950681560833,4.931622103662405,1.2481287947081818,-1.4434032821156424,0.052796527499953484,0.07104865028795627,0.14146886079680648,-0.494132103820164,-0.03712326467203478,-0.000352743494329388,0.0339253856159215,0.4637154652498938,6.331795116717103e-05,0.13949374487384236,0.019458504858928624,-0.018394362641596728,7.239497007952092,0.9219577026383083,-0.9762186686698789,0.008135369676958,0.010974770241369254,0.06507744310914697,-0.23647400927003442,-0.0054631015631697345,1.6105561296343357e-05,0.00551166867819952,0.2383092014235474,-0.0036778180489474848,0.3565805491464091,0.12714968802955465,-0.5973059783061323,4.666148997844217,1.637394988580137,-1.7635578523990498,0.07379324117031928,0.09910379116806403,0.19360060616896246,-0.6719361863960667,-0.051128996408024666,0.0002840189817031951,0.04797479476003936,0.6204225548005414,-0.0001695651634410418,0.10262680536338344,0.010532261179093788,-0.03249824645335643,5.816881869691445,0.5456225717038237,-0.6336762900013051,0.007245733651221738,0.00978209142319348,0.049398156890553775,-0.18096437749049338,-0.004939853616022933,-5.446315582661879e-05,0.004842237807170547,0.18614131355489388,9.040543538545245e-05,0.09675033805921684,0.009360627914572744,-0.012101872893212058,8.783466139423739,0.6954403880669592,-0.7100761133568319,0.00800437209480311,0.010787708544985522,0.045522635241678044,-0.15894429902281315,-0.005451688172529017,4.646039177097055e-06,0.005336020372456505,0.16019096973407787,-0.0005290096892698329,0.1718981052884076,0.029548958601744463,-0.013318278410961814,6.298123540536704,0.9055540785311432,-0.9357035914009464,0.008210939505043346,0.011069988496956819,0.08060701250660345,-0.29963538822915825,-0.005424614770750363,-4.971284972822077e-06,0.0056453737262064565,0.29791345123174695,0.0034464505592703295,0.41060734287607703,0.16859839002375226,0.44580158141082177,5.316265046978074,2.690439,-2.045736,0.054964512046658184,0.074311,0.21242826099282036,-0.71685675,-0.035458,0.002096,0.038853,0.748597,0.004873729573933363,0.5332511818614202,0.2843568229566014,0.6587624305194592,4.210396937898314,3.0689519441492767,-2.247391879922016,0.07718124019068476,0.10440923116259088,0.284625449131035,-0.9367920755415298,-0.05133062147337619,0.0015226514308460215,0.053078609689214684,1.026315698517422,-0.0002600988869347719,0.22980154988134047,0.05280875232786621,0.08970974039810012,9.938971439975322,1.6805229154569703,-1.67382403203857,0.009657842586833162,0.013041242894201312,0.10066323168605876,-0.3530683413676513,-0.006707988658003097,-0.00013977088268769854,0.0063332542361982155,0.3514536155756461,0.006892050411427637,0.6970997226362945,0.4859480232995987,0.7274422292273687,3.7239367873781832,3.5019296903350488,-2.7506746410011655,0.10710551086582992,0.1440358920587821,0.37613419116617014,-1.211222782338484,-0.07189806034307882,-0.0005965252904521355,0.07213783171570326,1.439734751105913,0.0010968461077699053,0.2875055154318708,0.08265942140374571,-0.19785272031086043,6.46299482456347,1.7343510333797423,-1.837777321227386,0.025847615500764694,0.03485955243818947,0.1404072306021782,-0.4916404822773451,-0.017435628920590904,-1.8581343261359594e-05,0.01742392351759857,0.5281325179612283,-0.0003685374669715843,0.23473964073385561,0.05510269893185961,0.07180098216154356,8.42330525821802,1.606495833131161,-1.5201523920434326,0.008399764874234675,0.011335472970444706,0.10618042535307705,-0.3814810779923934,-0.005773314694116755,-9.331024104455819e-05,0.005562158276327951,0.37446484532937907,-0.0005225863391065407,0.2247110282890731,0.05049504623473261,-0.00845308036314918,8.327243741336032,1.4727980860924095,-1.3864550422842865,0.010614312131720427,0.014333462279421685,0.10151795021420146,-0.3844881538250108,-0.007118106126300155,-1.796622967013909e-05,0.007215356153121529,0.36093366768758806,0.00311689880750624,0.13694797917198648,0.01875474899929084,0.0017951678585001404,6.421430583589029,0.94544,-0.928972,0.016230046485980823,0.021894,0.06873715699627153,-0.23699900000000002,-0.00737,0.003456,0.014524,0.24509075,0.004408144827704504,0.1480353889362092,0.021914476377494732,0.13540894631420594,5.63100813143317,0.9505904105776085,-0.8571150156698535,0.02131456615787994,0.02879294188148204,0.07624341954165446,-0.270177429112917,-0.00922701549184594,0.004940420256692597,0.0195659263896361,0.25781799718484333,-0.0004956271364085752,0.12486520740991688,0.015591320021521563,-0.03445297680979533,9.275275345364099,0.931989907911041,-1.0289147702274277,0.008253201476378915,0.011136275430361438,0.057704636194891974,-0.20255154984335705,-0.005604692176548209,-4.105041417809145e-05,0.005531583253813229,0.1991314292022951,0.006234646184417366,0.1985065688589432,0.03940485788015035,0.12781578550193412,5.132189413493002,1.0752644831893003,-0.9761180108693511,0.029055487990840696,0.039185309947588266,0.10326226804391887,-0.35992727880154274,-0.01229448339619491,0.006963891487945045,0.026890826551393354,0.3509739840212951,0.00034596517465863407,0.06645217321995703,0.004415891325655175,0.07737211972182077,8.09113436055788,0.43253333609856065,-0.4739547560424116,0.0073623718076398425,0.00992970730259177,0.03207020788573757,-0.11051592588651338,-0.0050031526733834205,-2.7036775928154333e-05,0.004926554629208351,0.11236335509581027,-0.000701454894334359,0.15391753665640312,0.023690608090375195,0.04177474170561439,9.21915210690002,1.2427780582452659,-1.1788842310434107,0.008982214536891743,0.012102180751691725,0.07098810957685005,-0.25168217758140404,-0.006104142915429054,-9.947130361921739e-06,0.005998037836262671,0.2439452492158716,0.00023748090895923696,0.08652308835646967,0.007486244818741459,0.0377298384562945,7.893753373826023,0.6257352997780485,-0.5376782135124883,0.007329569271064602,0.009903069524507506,0.04070700676063694,-0.14381349904758634,-0.004943308850822446,-5.440540083367405e-05,0.00495976067368506,0.13977982011530554,9.254897852278657e-05,0.9474980948032508,0.89775263965579,-0.0011329114660069304,1.3180198574870516,2.95764,-2.965244,0.7215231956579362,0.9735499999999999,0.6741842635503651,-1.84775325,-0.48563775,-4e-06,0.48791225,1.847962,0.00012157071875865584,1.3398088091623253,1.7950876451089681,-0.0011070264630720394,1.3213721141200843,4.18806291363239,-4.195499730485591,1.0138664224121816,1.3680503200047838,0.9528129199390248,-2.6041636972272233,-0.6823165837481574,0.001209408030801551,0.6857337362566263,2.6177600072630494,2.9261730027408397e-05,0.015947460384940305,0.00025432149272924045,0.5678996962657581,10.3826258649552,0.31744068492166605,-0.06864933611651268,0.015261943549430767,0.020609585627384366,0.012644334438271636,-0.02486077835159089,-0.010146242252707327,-5.322995503688477e-05,0.010463343374677041,0.025024434780921274,0.00014863839811701696,1.8938856746371413,3.5868029485957797,-0.001050417720774929,1.3332573071049403,5.869554085309258,-5.873426878635584,1.392646693219574,1.876582358548418,1.345293722325522,-3.6853746149514435,-0.936366755435652,-0.004059148599312484,0.9402156031127662,3.697418095885303,-2.187357111864731e-05,0.05211944487119865,0.002716436533681915,0.014884158359019743,0.3648996693270101,0.3718371958295231,-0.2786576657139908,0.040268324575579495,0.05430093582727698,0.039245490447679075,-0.09587415863719317,-0.02721568239781775,-0.00013927452560810738,0.027085253429459225,0.09613324593227165,4.183873529892875e-05,0.006547800440989976,4.2873690615028524e-05,3.6610908411171654,98.35302707913493,0.21370075206165556,-0.03815735304905242,0.005829809635036865,0.007864130187443908,0.004768986575454716,-0.009958991201533703,-0.003915065575225186,2.435441591063791e-05,0.003949064612218722,0.009872335848583094,1.6658298698174585e-05,0.02158244438045078,0.0004658019054352516,-0.06665861584363969,2.4590069117306763,0.21888247091468477,-0.2803187545885856,0.021207064569340166,0.0286142144788762,0.01717682333376646,-0.03777583102343884,-0.014313175466598979,-9.50545256188629e-05,0.014301039012277222,0.03795038747109142
-5.623092573753815,7.607437718808491,57.87310864555014,0.8849208912945671,0.19793166493598768,14.1,-22.6,5.930408874022406,6.1,8.724821973550355,-15.5,-10.0,-8.7,-3.9,9.2,-7.9053118305319945,10.794914697415907,116.53018332448596,0.908638538863876,0.21115452782250266,19.950737463233672,-32.80064331229089,8.58169732061435,8.590154385917856,12.35727848769762,-21.870617398422684,-14.12366432067375,-12.388361354434247,-5.5335099347558945,13.03109057264309,-0.024828944135361426,0.6412381964455314,0.4111864245807179,-3.8771722253790144,72.78157223602737,5.706191098489045,-8.168579473245055,0.261818200754421,0.3538054623475523,0.28542873781940603,-0.5541465934454037,-0.1754382436926458,-0.002854306011640606,0.17836721865490646,0.45253935047791394,-11.050458180779172,15.375013830568088,236.39105029016,0.9269073924163405,0.21410906645555317,27.866355004191554,-45.125220518571986,12.089611686105018,12.053950482191055,17.502239346530118,-30.63804061690552,-19.858491640263978,-17.480101786732167,-7.804541158072922,18.63313949239598,0.14245102624241002,1.1366414945526446,1.2919538871388696,6.392875069929416,56.044791888634,11.924739134599173,-3.4003288120736217,0.31416975261943797,0.4293871058454413,0.4279331056476401,-0.575341746421383,-0.17400119388054752,0.056133011598999916,0.2553859119648938,0.7311040484526803,-0.03360843042114137,0.5275679383832561,0.2783279296099591,-2.0061229386278585,16.281408508448294,2.7524740163344106,-3.326661228341344,0.2561984874876267,0.3422378454664864,0.2869429486637499,-0.648359747125669,-0.16847717043697608,0.021415894049778332,0.17376067502951031,0.4472970103959677,0.02768346703523977,0.730860403370966,0.5341569292155711,2.406789315642485,39.588964205571,6.697566512273881,-5.110919418443434,0.2637662265370091,0.35046927277290296,0.3293561304696737,-0.5403572671136017,-0.17223320367925907,-0.00723054859442988,0.1782360690936439,0.6307395065053067,-148.30020345879956,12.419236545687083,154.2374363777296,-0.254890659162679,-0.6609986401977173,-110.8,-179.0,14.232981297653811,19.599999999999994,148.30020345879956,-169.28,-157.5,-147.3,-137.9,-131.1,-209.6405337745649,16.994365529901206,288.80845976389435,-0.16153090699341827,-0.847962122789129,-157.517081768141,-247.68309610759442,21.058559771523566,28.97230959381443,209.6405337745649,-238.14696073372372,-223.38336068322548,-208.25353546469722,-194.41105108941105,-186.24992785255125,0.15668777944239778,4.34936458466074,18.91697229030109,0.13323996162177565,0.8857557340155453,15.807475488708542,-13.53717316512421,3.697617303071083,4.986800810022628,3.2710955111280793,-6.94158435237236,-2.4258249819415436,0.0010221158116436868,2.5609758280810846,7.425464719044796,-296.2314488438102,23.442607607185135,549.5558514244543,-0.19797960520537092,-0.8867074003362907,-224.90333195659397,-339.90747223185275,32.277054073421866,44.380947030358584,296.2314488438102,-335.61114021954825,-316.96660958737664,-293.85956002056344,-272.58566255701805,-265.7698263575717,-0.2521911803950788,5.072175935361841,25.726968719263763,0.04940790439919292,-0.12389264411097844,14.602046475033724,-12.507269626710574,4.97749709805523,6.725647205615247,4.065783790495619,-8.869076877861637,-3.6329042779921634,-0.249298108161085,3.0927429276230836,7.711458466327127,0.2225003411018972,2.9286456707457127,8.576965464777604,-0.022363134999684873,2.192333641996103,10.108136541426546,-10.033841145433309,2.1431804399294925,2.9255980665125776,2.0985182965579727,-4.024330507571332,-1.2246430370337982,0.12154853488651213,1.7009550294787792,4.6599804250225345,-0.647455502326611,5.3229861582827835,28.334181641270106,0.21535767972922681,0.9534577493921912,17.22690476456472,-15.532148403589094,4.837009261089677,6.550085582653405,4.079193825969072,-9.919390926519537,-3.9441222908914604,-0.5223713846114237,2.6059632917619444,7.283094239026147,-1.1967446592065105,6.164152395400584,37.996774753722754,-0.3757187833672831,-0.9797378652368582,9.8,-15.8,7.41301109252801,10.9,5.156052899287895,-11.7,-6.75,0.1,4.15,7.2,-1.7114725374653474,8.513313205257159,72.47650173080594,-0.28467777993803967,-1.2039352438355804,12.091672488780391,-20.030855649396003,10.977456324273101,15.8822005572096,7.218003435237067,-15.27871247439761,-10.250860604780366,0.11522865716554295,5.631339952429234,10.01369105651181,0.04711060711615292,1.796035836294774,3.2257447252550677,-0.18677039329551573,1.834188719410279,6.303004802967513,-6.931866308610487,1.3233606495356063,1.7724443470905362,1.294900365600019,-2.947228289654927,-0.7934886153402186,0.09734583778845074,0.9789557317503176,2.996413153989882,-2.4752360081728955,11.831324757193947,139.98024551019043,-0.25449251078771984,-1.2917248056655186,15.73925156236547,-25.094209649776232,15.324635782798238,24.26209359076451,10.092620654840015,-20.76441330370688,-15.162166601458612,0.39062628410659567,9.0999269893059,13.454092530223722,0.001870256379126522,1.9908654600186868,3.963545279895418,0.36072072579508907,0.6005869472686105,7.262088983452477,-5.166804685052419,1.9038286664065167,2.540134876220499,1.5783497174231191,-2.909314071630969,-1.3435072641982915,-0.08966606251859721,1.1966276120222077,3.4720333839124917,0.06726666340540997,1.4194763143170366,2.0149130069070784,-0.466450874389643,2.8926210039187685,4.655423902948346,-6.891952246801647,1.0523938011499763,1.4360172647709462,1.0297527370481603,-2.1389404848321814,-0.5898860504096328,0.07871464597504668,0.8461312143613133,2.3098439508617425,0.01765177419472604,2.0855757068551526,4.34962602902437,0.06110560996638907,1.5330027573473641,6.850311142215073,-6.769984566982596,1.6477674863588865,2.1504792728089446,1.4928658037361184,-3.511986138486559,-1.1237712020092325,-0.0032497900129241433,1.026708070799712,3.5850547539121695,-0.39938962360122077,4.315417442699489,18.622827704754993,-0.17415949095431332,-1.5084283778381673,7.0,-7.0,5.040847542919047,8.6,3.910274669379451,-6.7,-5.1,0.8,3.5,5.389999999999998,-0.5752850507899077,6.125404279593754,37.52057758846548,-0.16084793455552018,-1.511618985310303,9.916651358430315,-9.887762829886622,7.379997176161077,12.248482432148055,5.554487161632607,-9.346171107581997,-7.2899955728250125,1.0113669643434875,4.958486859323044,7.631375567693151,-0.007629553987666185,0.16855554960859853,0.028410973303856724,-16.715015593851138,335.4724733893901,0.39541868032077,-3.4170049089025323,0.058407539196758916,0.0784012373253547,0.05670572722513936,-0.1009955647725377,-0.0407547798294991,-0.0026596968276664246,0.03764645749585561,0.1081154105041247,-0.8424551253092116,8.723439951900048,76.09840459440589,-0.14290142070103273,-1.5090279871426664,13.976013355961273,-13.906333555812338,10.429854324745715,17.515210929531918,7.9051793568081274,-13.222427660512315,-10.522868980566482,1.5373325078077946,6.992341948965436,11.163460607548881,0.02139756125731617,0.3533145373554082,0.12483116230666613,12.86091766666078,188.7151032910446,5.251888755782094,-0.9781276108961907,0.08048669244155598,0.10617720609450931,0.09549198665158484,-0.12650133194016128,-0.05327431088747506,-0.00044888914022894744,0.052902895207034256,0.14738077891822565,-0.010248407028512685,0.14325853820231238,0.020523008767863397,-7.413494410800782,71.037789112731,0.30275340624340014,-1.4580817482834334,0.06682420505559003,0.08963799392190057,0.06488442409745265,-0.11079840200857738,-0.046915889969031635,-0.0025072431363947567,0.042722103952868934,0.11175446495246644,0.01074920364859309,0.18830916052504212,0.035460339937646086,12.841096802954048,187.543366251224,2.7950997447669264,-0.32758483933482496,0.058736924918347255,0.08181052965180208,0.05993705017868295,-0.09263144888853213,-0.037359353732787794,-0.002174627848331981,0.04445117591901428,0.09269585655592082,0.10010172939979657,2.7504276907458274,7.564852482021424,-1.968978466863081,3.213084569489398,4.0,-10.9,0.8895613311033613,1.45,2.013428280773143,-6.6,0.25,1.1,1.7,2.3,0.15146853825204243,2.9663154479554525,8.799027336779156,-1.2537823996084874,0.5847383080691153,3.7747243055413833,-9.648069263007613,1.4256139724782364,3.913656037359593,2.4808821572566417,-6.078077828034886,-1.7314817145614063,1.4709220484966876,2.1821743227981867,2.991899462281556,-0.03061657353759918,2.4977117599420007,6.238564035752567,0.19006766497514863,2.683945483388637,8.89313006608794,-8.015909941058585,0.527504846239625,0.6958995366740983,1.420351560198822,-4.797310133591697,-0.3707243612097591,0.00017932316345775634,0.32517517546433916,4.986501062063307,0.2416093694855912,3.7858426682883235,14.332604709032452,-0.9307125172851739,-0.5643383715836432,4.862437533399543,-9.295271099168167,1.6478111504034345,6.103987933513997,3.3825639728958987,-6.953301054161162,-3.1406135076802757,2.1710989486229693,2.9633744258337207,3.938034415406749,0.03390339773871272,1.7549191954644885,3.0797413826097273,0.49987705766935353,2.234263943605945,7.105817572971708,-4.889008988398499,0.9286766400401981,1.25905711905866,1.1352455637795245,-3.0821976387177896,-0.615823108568778,-0.015590719484571566,0.6432340104898819,3.623195044769682,-0.04271149568889688,1.558912726281247,2.4302088881616304,0.17159920076833962,7.253836433825276,7.873546956937332,-6.850101979852948,0.20364401875385146,0.2820286561395181,0.7777695224398419,-2.853436237310306,-0.169714941909626,-0.0017874588152182154,0.11231371422989209,2.6187795001100937,0.03253284701928928,3.1419640899153896,9.871938342317844,-0.37661250313681977,2.502202431655813,8.850552342009163,-10.99336084517303,0.6288721526541903,0.870182474752452,1.7881357522925354,-6.191807900433999,-0.3392588424129735,0.01460796377693092,0.5309236323394785,5.648866595522504,3.204272634791455,3.1094451417342297,9.668649089454604,-1.6317570402472141,1.9425601047275896,6.6,-7.1,1.1860817748044825,3.3000000000000003,4.100101729399797,-4.6,1.9,4.6,5.2,5.9,4.531531517076695,4.358278486009802,18.994591361615885,-1.5970877663204626,1.8509908470955931,10.544508676552141,-10.518447903239775,1.7133137063134398,4.554295536145889,5.773557371414526,-6.050250445243535,2.7486540184684243,6.458915311585868,7.3029495546143135,8.337830286250833,-0.013530705918440904,0.45661085545415014,0.2084934733185708,-0.9784831655335523,97.72159350013332,5.8005688331802405,-4.470484581028279,0.0930715688890599,0.12561379096488232,0.13719137778072873,-0.23664807682614752,-0.05568560985688881,0.007576571476501925,0.06992818110799351,0.22188165332216306,6.4080054333728,6.051890722194351,36.625381313382064,-1.6454454627458697,2.101747198219841,13.62139865303553,-14.44347293917776,2.388913399993097,5.849204490530257,8.07985866878993,-8.49450388383059,4.425332106504143,9.082285772164724,10.2745365970344,11.692087487663018,0.09544089856401736,0.9134104319237363,0.8343186171471064,5.325325108967428,36.7521045808917,6.686002364410629,-3.369503048347635,0.1894446600424408,0.2524018481102963,0.3253033526043582,-0.42169729852089477,-0.107950461049418,0.010178418599582684,0.14445138706087834,0.5510707988687112,-0.018748414248862824,0.33660632475852725,0.11330381786744313,-1.5831033666645014,23.840578614340284,2.38355860192805,-1.8791614815597033,0.0839435496999035,0.11506189211698058,0.13610154080992443,-0.20451728867915492,-0.04674655024835905,0.012429502109322414,0.06831534186862152,0.20059501620965176,0.020985949723991888,0.5454649928989111,0.2975320584782092,-0.38718509079384095,55.61852373570676,3.6910488272937783,-5.32842214657717,0.13537863995051813,0.18481766099974486,0.183450789263665,-0.23743655168517874,-0.09941848873248137,-0.0014436848288055725,0.0853991722672635,0.25876313496723524,-0.0009853788349345487,0.19854638722388263,0.039420667879655945,-0.5394804099638564,5.878404616702207,0.978316,-1.21041,0.03674333078122433,0.049566,0.10201741282326647,-0.359477,-0.024405,0.000259,0.025161,0.33947625,-0.0013922508264942231,0.24387567013706032,0.05947534248480026,-0.5700128828665433,5.230036486720973,1.0237967783974666,-1.4041724599270027,0.051388732847071024,0.069291760609761,0.12965687482885116,-0.4504126654712767,-0.03454671447944379,-7.734891314474973e-05,0.03474504613031722,0.43383274488498375,-0.00017675496585282079,0.139137620028538,0.019359277307205814,0.06020184327065884,7.95679520288834,0.9380335923654883,-0.9044649148344157,0.007814769577117324,0.010548158839841648,0.06329029651306402,-0.23846061965323617,-0.00526405845299397,-5.651094057865599e-05,0.005284100386847678,0.23560131108852383,-0.0019654415683345253,0.33128662982253404,0.1097508310991727,-0.5720315007068668,4.83898060714305,1.363003617738026,-1.8119439388142704,0.07184824763281561,0.09685868091463645,0.17759405443385606,-0.6252292600896369,-0.04807819823688217,0.0005292619638421769,0.048780482677754276,0.5845721317150172,0.0009269362797620451,0.09580708910084938,0.009178998321978092,0.12981857087373985,6.019528934925644,0.5359952751394329,-0.5759812742903228,0.006864871932925739,0.009263640356644212,0.045384102982090654,-0.16542052289678538,-0.004694493767857112,-5.370400350001897e-05,0.0045691465887871,0.17908066395142264,-0.00024981781110239624,0.09798451949010867,0.009600966059707484,0.004242206562872617,7.735085869159031,0.7272904384610219,-0.6987417079090645,0.007750679667057617,0.010456310661442569,0.045867072032539195,-0.1702203787450991,-0.00530019893866088,-6.888523796119074e-05,0.005156111722781689,0.16973273735968486,0.000355272130332541,0.17061865516344016,0.029110725489780904,0.06181810291987454,6.849489564194647,0.9908524171554146,-1.0934421668932286,0.007734149939618426,0.01043295426480612,0.07807279768390028,-0.2939721515283895,-0.005197223711723567,1.8600383201310633e-05,0.005235730553082552,0.29869833990705585,0.0037871731344150004,0.40967439238461256,0.16783310777570148,0.5199107931601679,5.687384295869876,2.597306,-2.095307,0.05309198544468561,0.071562,0.20636423521899402,-0.71573,-0.033475,0.001855,0.038087,0.7329600000000001,0.005356973853451983,0.5375577082017944,0.28896828964716553,0.7486019567777673,5.0954687211453695,3.120589186987746,-2.2800787371592857,0.07475964634280372,0.10088602147077586,0.27735614704744543,-0.9461004501727757,-0.04837406099914453,0.0013704290260177017,0.05251196047163132,0.9858352630266523,-4.987803312832101e-05,0.21602985766902208,0.04666889940449794,-0.03678586818771335,9.660528960380061,1.5515501378327667,-1.6010395817978398,0.009223995919142604,0.012436563688146846,0.0940745387879044,-0.3355186956227269,-0.006261803950716825,7.399445640972856e-06,0.00617475973743002,0.34648165335707237,0.00757916920529131,0.6983189242204656,0.48764931992442834,0.7625424546942693,4.361383771919097,3.9311226007793576,-2.755316863651929,0.10245000007495304,0.13781146775577185,0.3641412038382339,-1.2407830858212017,-0.06701443142328464,-0.00036449462429428373,0.07079703633248723,1.4282070900337323,-0.0004884611267322732,0.3003118982343967,0.09018723622114663,-0.2725684192103432,7.266567590447918,1.6022602760193845,-1.7504508506419956,0.023651590606612604,0.031884161153261745,0.14141131873394075,-0.5026191709822816,-0.015897292513998823,-0.00014092004107828585,0.015986868639262918,0.5293822774063495,-7.113416997887825e-05,0.21709110893974645,0.04712854958068886,-0.09387864688185209,8.911160368605605,1.436418232887123,-1.4153725295559256,0.008253781396082651,0.011133488402845759,0.09601179381401712,-0.35270508758270774,-0.005473266909460107,3.303989116226991e-05,0.005660221493385652,0.3494111833179595,0.00035859969258724724,0.21492527728002025,0.04619287481389359,0.016539048108433617,8.732775318878513,1.3972698342875574,-1.4481921265549438,0.009979254114116131,0.013440403392556251,0.0949232359078681,-0.35219752707465396,-0.00671636404720341,-5.075775060381106e-05,0.006724039345352841,0.3457096362309011,0.003738228194932227,0.12911063882253987,0.016669557057164337,-0.08962991321666504,7.52966240424262,0.902922,-0.92123,0.015780818013773627,0.021289,0.06340262691202507,-0.216451,-0.006584,0.004182,0.014705,0.22631175,0.005288223868926541,0.13599019609410284,0.018493333433712546,0.18259224653072564,7.197633832115031,0.9780014898837575,-0.750907218063744,0.02072505661524542,0.02794249749566835,0.06913912993289335,-0.24332975254914535,-0.00799737491797508,0.006134361682117638,0.01994512257769327,0.22956986009082536,-0.0002339592545250241,0.12183130041319408,0.014842865760369943,-0.12294952066787988,10.568525540682998,0.9844170761671182,-1.0909923617255946,0.007942083891107387,0.010713707684779448,0.05516787319742367,-0.19629986359115079,-0.005352365135670767,5.28325785817532e-06,0.00536134254910868,0.19961887848676219,0.0074831734540789846,0.17974457534487326,0.032308112365908824,0.15158765409824254,6.24084018029331,1.1118102476843341,-0.9662328657355154,0.028606670846715313,0.03855335271296985,0.09294691046444814,-0.32182337533905003,-0.010699124166170844,0.008731862607231413,0.027854228546799007,0.3031514277808342,-0.0007799602615029332,0.06834969202690055,0.004671680400172153,0.11654211733027067,9.20177280025653,0.42813776132240366,-0.5459242666147672,0.0069422271915754044,0.009372807169254791,0.03174842429168402,-0.11246876425066024,-0.004921750252623955,-0.00011656332881538982,0.004451056916630837,0.10815061996413508,-0.00033084952082433703,0.1447512281498199,0.020952918050881206,-0.06806163014486062,9.038893468409823,1.163971806930505,-1.2432448956113633,0.008922822676681045,0.012034713082396255,0.06667099946199713,-0.24519607031214105,-0.0060433533094033185,-3.1519146797233475e-05,0.005991359772992937,0.23717114955160068,-0.0002430378164954271,0.09342156533343106,0.008727588869348529,-0.09198207038782288,9.367232170358461,0.6615372343395115,-0.6145743278559312,0.006828855122374964,0.009202510258017296,0.04181778292024794,-0.14735698302986777,-0.004614121109692613,3.22742873935129e-05,0.004588389148324682,0.1473161328677704,0.00021270301570255106,0.8216215123040685,0.6750619094808247,-0.0018773449424195473,1.04951723125468,2.4484,-2.460829,0.6923967337742845,0.93397325,0.6026714262908891,-1.60616775,-0.46543999999999996,-0.00036950000000000004,0.46853325,1.6061075,0.00034090386308253484,1.1618036882559557,1.349787810045142,-0.0019628426096441947,1.0524615788016503,3.465637026226428,-3.483040986437527,0.9779813921267412,1.3199765336324096,0.8516918501317232,-2.2772126136873925,-0.6581058384208556,0.00047392178725722944,0.6618706952115541,2.266341476106775,1.0372446904771841e-05,0.01558506826447797,0.00024289435280843837,0.37467487616748235,9.510409279051016,0.36269200768695836,-0.1653403005621456,0.01539838860063658,0.020749324716970607,0.012388103758048837,-0.023627571202656558,-0.010353905464500383,-0.00014757062742294484,0.010395419252470223,0.02367497331186738,0.0005929533391225482,1.6421196681915995,2.696557004661689,-0.002082754851813338,1.0638159334300763,4.867489442294214,-4.857280594622673,1.3509889167830065,1.8216523240073885,1.2021505453592538,-3.2065583179933808,-0.9092787571022241,-0.0004436949683320167,0.9123735669051645,3.2024191968621114,1.453682020048167e-05,0.0513969991248898,0.0026416515190439225,0.07518546351192068,0.7223501418479588,0.5299190518104211,-0.18327514566310507,0.040288089302077466,0.05431987776720218,0.03873001826938185,-0.09448645400197606,-0.02722640992437725,-0.00036985591313819927,0.027093467842824927,0.09660598889287057,1.533031934414328e-05,0.006300513594963771,3.9696471560323295e-05,6.233573680132389,316.5103102883222,0.3009763534662133,-0.12333227800401816,0.005518304809315391,0.007444695682294954,0.00451692826640501,-0.009598537780899141,-0.0037093201787618303,5.983966099646574e-05,0.003735375503533124,0.009394374429005311,2.3817896478976837e-05,0.021122527752889163,0.00044616117867157286,0.05383482465484542,0.24321064181298047,0.16168825995814695,-0.08141824260064368,0.021175767087655967,0.02857453314134794,0.016893000870293908,-0.0366476591494717,-0.01432785088467664,0.00010779193852476429,0.014246682256671299,0.03671145817792494
-6.194410569105692,7.8098540565287475,60.993820384278536,1.0000427294144862,0.1357102025080268,14.8,-20.4,6.078669095872967,6.8,9.289939024390245,-15.985,-11.1,-9.5,-4.3,9.2,-8.714651249016837,11.096758230187644,123.13804321923723,1.022234722122146,0.15025218469292323,20.672079836026114,-28.64425384250425,8.999197148773268,9.546835562421496,13.167063241464922,-22.635036166025433,-15.677826476837456,-13.703045917609527,-6.1309909144159604,12.93838099735954,-0.04995786367651199,0.6758108466845468,0.456720300496484,-4.583349360673793,45.0836164714258,2.2455643320336005,-7.941061180488717,0.31045449306029393,0.42188345445021036,0.3475797901314299,-0.6912118872858743,-0.2163432257635615,0.0003909357732657659,0.2055402286866489,0.5943542381187984,-12.219764423835482,15.839588787318668,250.8925729513513,1.0377880713050145,0.17045514828218833,28.979024092049023,-40.40219081853488,12.61904829169633,13.549655409707146,18.68188859972835,-31.05047959083504,-22.177482161787076,-19.280347775460136,-8.62782675207993,18.49008637983552,0.14210873672238503,1.1977130911734608,1.434516648768287,6.340946985863596,56.005308682328675,12.727158030865223,-2.464932390906527,0.31905003598760906,0.43823917001831686,0.46763627836936866,-0.6937020662280831,-0.1856860085236149,0.05819691708125996,0.25255316149470197,0.7858477619617321,-0.07090513570688037,0.6458978681911344,0.417184056133852,-1.4863409960558271,8.527103862373002,2.5733667742156174,-3.455921144790057,0.309999650545312,0.4170254711203035,0.3782218456202041,-1.2674749565286647,-0.23839747758444588,-0.017681856906395663,0.17862799353585765,0.6304518766178964,0.049576105754767695,0.6950983766931285,0.48316175328142236,4.541623794871329,34.68517138160522,6.533214924038005,-1.612051413623644,0.3253310354665196,0.43167012269484445,0.36880281570840456,-0.6405730906898655,-0.23382068412284418,-0.008900378639226852,0.19784943857200027,0.7295178371880147,-150.4746951219512,13.86202773461298,192.15581291517944,-0.42325580826689246,-0.35379696536912686,-113.6,-191.5,14.381241519504364,19.625,150.4746951219512,-175.2,-159.625,-149.3,-140.0,-131.0,-212.69516473909414,18.933697790740435,358.48491203108927,-0.303701883130897,-0.6349890414176138,-162.55731402836642,-264.40296355117084,22.253773819043758,29.343325253416253,212.69516473909414,-244.32178236644162,-227.10389112430283,-210.70987286241842,-197.76056587088658,-185.2105905824301,0.0291635644396302,5.070006457047358,25.70496547450191,0.09220021407159193,1.3837674656456986,20.997259221193172,-17.266305076238904,4.433990471786147,6.005546073190013,3.7806760576238987,-7.667851537393644,-2.956797761133462,-0.1668795252189117,3.0487483120565515,8.35890780530204,-300.44171693421526,25.60373208090437,655.5510964707315,-0.2483872447773119,-0.9906625421501554,-235.0967016848334,-359.45989005173277,33.384213197871915,48.557096928142016,300.44171693421526,-342.67105915185755,-324.9920852737173,-297.4620797009549,-276.4349883455753,-265.8063630325519,-0.2330691086972146,7.83872296554851,61.44557773061763,0.14056562911492024,0.3965545539797799,24.335642399145627,-22.6072852352889,7.933963398503707,10.701108332183942,6.200226250766689,-13.600252835360543,-5.755416618191796,-0.33929808654847093,4.9456917139921455,11.597054923461,0.03071196620210281,4.402995751748586,19.38637158991609,0.16121357345429857,5.387752064088529,21.791272892660597,-16.450401014838302,2.8358234036210646,3.588303692790782,2.8772372464676272,-7.1484021758609915,-1.5548957679143887,-0.22721590340535086,2.033407924876393,5.439343006779323,-0.17795971414145673,5.5964058995768395,31.319758992818453,0.46057428197346534,1.0553520617074543,22.487099798340346,-13.357997001898507,5.564951749591971,7.419857023322022,4.372775269401064,-8.428883611250566,-4.179886368837611,-0.2512381729492564,3.239970654484411,9.297139394397124,-1.323678861788618,8.271245020524612,68.41349418955318,-1.6054523818427462,3.3019449907272094,15.1,-37.2,6.523449761424649,9.2,5.820833333333334,-17.869999999999997,-4.7,0.5,4.5,7.7,-1.8962343041982415,10.921206140858624,119.27274357112812,-1.350357767548481,2.190144181173782,20.681373884317825,-47.92683578465777,9.772283287577354,14.438826214205712,7.995697158062978,-24.575508995604807,-8.119512372176153,0.6568973627091922,6.319313842029558,10.418262426621315,-0.056322593283649636,4.118269183003585,16.96014106367702,-0.30076104171171597,6.863073402191894,17.11578655947062,-21.214540544965576,1.500277067455822,2.1102938645126117,2.319783621150646,-6.197759833443214,-1.1567076439300426,0.02720297406841643,0.9535862205825691,5.418918501567141,-2.7466720348037494,12.668340614034731,160.48685391320188,-0.4277084051806451,-0.9311221888452788,16.095733969131114,-35.17243368086174,15.93661040064695,21.234217216877454,10.544264536004727,-23.890061782026404,-13.017451011663331,0.10463706943517237,8.216766205214125,13.718489468858333,-0.0980439223981997,8.700327977814919,75.69570692154903,0.3865011014926938,7.875582412029564,40.39621803036364,-34.68042738346115,2.4947567906591597,3.3159766847854835,4.436346668269097,-15.257419423602096,-1.8091255436864269,-0.10018478664937845,1.5068511410990566,14.009568081859314,-0.08223135255678958,2.824527446195197,7.977955294309961,-0.019078088564967424,4.615248199282334,10.84804599704548,-11.698401439307291,1.3279498130818306,1.7873330370246068,1.7049594313802434,-4.165652165536712,-1.005859597115206,-0.01228173453749203,0.7814734399094009,5.108633850695981,0.04124723538481097,5.046942329844463,25.471626880775858,0.6110083184670391,6.468660216481174,26.72331656500767,-18.096860571059004,2.0122442432661045,2.6954275250955497,2.880757041475341,-8.401976787416576,-1.3918898553371295,-0.04240589430670677,1.3035376697584204,7.481923088427944,-0.9191056910569106,4.428659987119391,19.61302928151233,0.06624863051366665,-1.4660621242108265,7.2,-7.3,6.671709983275209,8.9,4.046747967479675,-6.8,-5.4,-1.1,3.5,5.6,-1.2974881975893364,6.283266981410443,39.4794439596827,0.07638884800263351,-1.4644912550250215,10.208072281814262,-10.31417654706847,9.518884938314864,12.668075432492074,5.7441678218530745,-9.6600208034921,-7.726662246116508,-1.588813249972793,4.941413186375566,8.033267299968916,-0.012009963400370737,0.17896647269047772,0.032028998347271506,-17.363761828377886,352.8957302553833,0.49593845359883165,-3.6777278692319495,0.057382974202474075,0.07695740119291046,0.05651140275921457,-0.1082640712918804,-0.042040525717200336,-0.0030938646855306895,0.034916875475710124,0.09233072186319442,-1.8498405360307308,8.944845982992309,80.01026965945366,0.09108532219683597,-1.455487617359309,14.373307653158477,-14.483075829918283,13.351731446078505,18.203982904376296,8.178581305374104,-13.684041194102907,-11.175947759653873,-1.8987651014464777,7.028035144722423,11.567714170708957,0.02697496998592839,0.36872372178986107,0.13595718301056686,13.086043635977665,193.22505916263876,5.516884520754633,-1.0885453881517404,0.07869672359995615,0.10535809550165506,0.09338833337831715,-0.13562207133067186,-0.047127386093532286,0.0070586505642366015,0.05823070940812278,0.12420635670379498,-0.016309946827890005,0.14499026480935895,0.021022176889488035,-7.865106476682301,76.12789685917701,0.24662328145781004,-1.5065498874293906,0.05924699920942179,0.07870166488802699,0.06194352995898492,-0.11414273067083253,-0.04381498121809417,-0.005447901834002521,0.03488668366993282,0.09743174992052817,0.010612021728849558,0.2052588202918315,0.04213118330759438,13.176398203644181,194.02982747140268,3.0710161332631123,-0.41082452180547585,0.05072480676521172,0.06728424346518108,0.05912825541547415,-0.09623926547819098,-0.03632247314518766,-0.0010789950730022346,0.030961770319993413,0.09302782690418387,-0.35162601626016265,3.1445845497008764,9.888411990217463,-2.3122708772443414,5.4346683617452385,3.4,-16.4,1.0378215529539212,1.7999999999999998,2.0095528455284555,-7.584999999999999,-0.4,0.8,1.4,2.0,-0.4897219673762728,3.4228848457338485,11.716140667154432,-1.366158875560873,0.9535185076691475,3.22119862442033,-12.869878796866898,1.5774580326434318,4.23739218280627,2.6037063463360357,-7.584387503866638,-2.339636723293916,1.033550170222791,1.8977554595123545,2.56400460820988,0.03255148656758141,2.819678161751679,7.950584935859326,0.5665295147558758,3.9984700573124607,11.38973299510547,-9.210114660110275,0.49750723675501823,0.6483452427987899,1.5270278307808183,-4.978661115631591,-0.34288994383018134,0.000665135089321478,0.30545529896860857,5.1205320437480735,-0.665870722011476,4.431522102776903,19.63838814740022,-1.0638158499631423,-0.23742286272913837,4.44256648511507,-13.16166020841677,1.7866975764969841,6.599077690296523,3.585460303602445,-9.565157410306908,-4.175745482619414,1.7216785830665762,2.4233322076771096,3.383616276512149,0.06108847278599749,1.876630202231196,3.5217409159262996,0.014492978808209529,2.954789326458914,7.391304192882628,-6.1248128584446695,0.8276738064045566,1.1612605344185332,1.1886973429340622,-2.9792042337118145,-0.5054985095938618,0.025555025240887264,0.6557620248246714,3.5032656334129677,0.04529230543658931,2.518947973419749,6.34509889279546,0.05592824662394122,8.89111389833819,12.213018260949237,-11.987606999886033,0.22317684886221684,0.30521614831711263,1.1280158913478873,-3.6751686489092426,-0.11375085835615062,0.03303738257530233,0.19146528996096204,3.4621755302674426,-0.09104841071736053,3.0538824381125194,9.326197945812066,-0.6274731850581879,3.0713346185083097,8.806751253740133,-12.652518019423333,0.6280964348780534,0.8353969269570436,1.7145318534316634,-5.841095776194186,-0.40777522949646006,0.0015834756525419703,0.4276216974605836,5.1713746639137845,3.1888211382113822,3.056908913628249,9.344692106219842,-1.8462714660211514,3.0933417804715413,6.5,-8.1,1.3343419966550416,2.8999999999999995,4.047154471544715,-4.0,2.2,4.5,5.1,5.7,4.5206095886086635,4.297339045408599,18.467122871193286,-1.8021041583389883,2.9038459119591593,9.203340714332741,-11.311849107504539,1.7708762793952597,4.117062153894712,5.71736148135397,-5.159514602401034,3.160430866169601,6.3771599020686525,7.277493020064313,8.095945761818056,-0.035216547548637726,0.40060741038475745,0.16048629725518146,-8.489626345509656,84.10431473390022,0.6029484786754677,-4.704741735387441,0.1067388566465407,0.14417612042592215,0.14016086509775902,-0.2690179527410023,-0.07011748672200954,0.0017012894727506112,0.07405863370391262,0.23058156588906412,6.4338626831469385,5.996473407547954,35.95769332742977,-1.8701134440469007,3.295470753244575,12.195353006265249,-16.665195822579303,2.4574963603363766,5.524779172896646,8.045815469213505,-6.670308409978073,4.712018684227076,9.051366070292099,10.236797857123722,11.540862455910126,0.06593461547368425,0.8472537339459213,0.717838889685306,5.758076099942235,39.29858488043444,6.975194806691461,-1.5908903177601483,0.22541876364999855,0.2955315951094936,0.31779507114417466,-0.5083793982058908,-0.18057546727467524,0.00463849430239871,0.11495612783481837,0.464311664248661,-0.049003466224666406,0.31647481829696283,0.10015631061609566,-4.196350634747056,18.92956580105163,0.37512395376742536,-1.9246463178454065,0.10121852090171993,0.1298484198783541,0.13703491045671365,-0.25372897868268907,-0.05582774659193169,0.0025286092344431734,0.07402067328642242,0.17302761648627607,0.04516903937601857,0.463000073235351,0.21436906781594034,5.970110761246866,41.076518537006265,3.8999429014334925,-0.582969709899948,0.14818843217851482,0.19737119312755297,0.18558327487581366,-0.3440774847044338,-0.10649572574704866,-0.007132270408761855,0.09087546738050431,0.302509893981367,0.001971856196195604,0.33764540573600665,0.11400442001463255,-0.6649931622565359,7.062015872409692,1.541484,-2.197084,0.050312106284987605,0.06781,0.16661133715942375,-0.5586004999999999,-0.030288,0.004241,0.037522,0.578464,0.002787347368566163,0.45735064389483554,0.20916961147102064,-0.5194810548873066,6.874215853393164,2.158988994972758,-2.8060201148448196,0.07039887577091301,0.09506447038734273,0.2265274583156753,-0.7476780420099838,-0.043076125470265306,0.005044002910317966,0.05198834491707742,0.7861752589619497,-0.0007794756284677633,0.13718078448610083,0.018818567632222043,-0.0699466399896325,13.820487420888064,1.292701408681887,-1.277668932345346,0.007711043497415787,0.010398244772187922,0.05733682907933479,-0.20190075342609687,-0.005237773555843658,-6.0529487658476564e-05,0.0051604712163442635,0.19625616725860262,0.003938509499379134,0.6378988981336667,0.40691500424014615,-0.48733363114947764,6.820057934976235,2.9906307085719575,-3.6218406821543287,0.09929724518731768,0.13403615833675145,0.3164390645421608,-1.0363313853913771,-0.06115103562118359,0.00766582906922973,0.07288512271556787,1.0849263706646375,0.0022944650910742986,0.10651493286261272,0.011345430922726895,-0.051552553205616025,11.48971384937101,0.7337982215683522,-0.8080266707028531,0.00698418294492096,0.009411192685966734,0.04593208561539793,-0.1413256816413816,-0.004596925608110984,7.346526742373603e-05,0.00481426707785575,0.17203551638324455,-0.0011021848388397587,0.07884939332024356,0.00621722682697047,-0.0062137575247243415,10.209939307841886,0.6407309200671053,-0.6207574789470128,0.007986983182151318,0.01076622165804397,0.03591754338860096,-0.12867795585708233,-0.005540439306426174,-9.342522502307433e-05,0.0052257823516177965,0.11898305849539476,0.0011717972334531381,0.1772339082855765,0.03141185824618015,-0.040376518260450626,14.127843814244436,1.6287018211128104,-1.5619942314519462,0.00735191135135254,0.009927036435276641,0.07251102673797155,-0.25342087168879024,-0.004893651329229502,2.6049266608938168e-05,0.005033385106047139,0.25679910860903266,0.009694168150755848,0.5037969109852445,0.2538113275182744,0.711967285719213,6.598563988282475,3.586313,-2.601947,0.07099885503979626,0.095716,0.25574956610360033,-0.89166,-0.039964,0.007263,0.055752,0.90621675,0.013712313828294185,0.6844806629347135,0.4685137779315449,0.7436195610870888,6.245945644284999,4.255051886041198,-3.369111233110419,0.09993995651397213,0.1346782681653116,0.3498747086641943,-1.2098196583355523,-0.056455935986190406,0.009988604233248377,0.07822233217912117,1.254491347273269,0.001715096424748946,0.19763852400373036,0.0390609861703731,0.06890000126594431,12.407637998323038,1.9533192949263345,-1.6439042682575469,0.00837621878748872,0.01129356518482169,0.08375500338466572,-0.2831275877432672,-0.005610390487864986,4.231936484674339e-05,0.005683174696956703,0.29915910243063193,0.019399418962824207,0.9326930846509252,0.8699163901556579,0.7978090935712789,5.884809024345499,5.474002292158851,-4.291896876448527,0.14076734872135704,0.18992081607040504,0.4821845048540757,-1.6228299788363643,-0.08076517988495396,0.01153671517965012,0.10915563618545107,1.7997521610386487,0.0008103124438400805,0.2587364791224317,0.06694456562867254,0.17074945291592625,7.743957604319107,1.8476594342401498,-1.8197133740660487,0.020564596909071066,0.02770248609371381,0.12036935516343172,-0.43921847695070176,-0.013939115589516288,0.00012435896613408395,0.013763370504197521,0.4328624956360349,0.0024250932962047314,0.1955561909453241,0.038242223817044056,0.007261739759420294,9.968636410363782,1.516098179654681,-1.6056278444931047,0.007828144984368516,0.01058719849897671,0.08511880336309598,-0.29791406131312964,-0.0051497919602201125,2.2419362939286274e-05,0.005437406538756598,0.31229506522609773,0.002625243986076553,0.19964720088710713,0.03985900482205691,-0.09658933659611431,12.662109407733855,1.8424173015792045,-1.6941434626955747,0.008738734132780514,0.011755360050113356,0.08354907958334998,-0.27035781869999953,-0.005798021401856512,0.00011746421922537818,0.0059573386482568436,0.30953113052158854,0.00975226299440878,0.1958408593252132,0.03835364218123794,0.16475161322002652,8.308975769956735,1.496477,-1.202525,0.02107222533162012,0.028426,0.09661180410022778,-0.302923,-0.004588,0.009746,0.023838,0.324849,0.013791260796671683,0.2511534090642798,0.06307803488460947,-0.17819364955347092,8.832864535546168,1.602540559172481,-1.5956696888811153,0.027914933782889808,0.03769527260411937,0.12362492554953305,-0.362392099158269,-0.005087922133052743,0.013874107074438083,0.03260735047106662,0.4172903696406927,0.0004928103309603625,0.11671427619207263,0.013622222267039411,-0.12486793749885294,10.87423516805652,0.9951122436398024,-1.1094489019813192,0.007874441208102908,0.010606959805438201,0.05216203206902433,-0.18690908675391166,-0.005223730489419963,4.433675458947008e-05,0.005383229316018239,0.18498965449007654,0.01950229209016548,0.34863579326308664,0.1215469163441817,-0.2812556124614285,8.97186353559429,2.1007693981281403,-2.2132302531090557,0.03867163298481087,0.052143530080188676,0.17088125728235096,-0.4971103805987474,-0.006651421071031032,0.019543659427748473,0.04549210900915764,0.579789558593134,-0.0013610954624239354,0.06771268577547401,0.00458500781492808,0.1164868896291956,13.236057064091437,0.7160020390688409,-0.5407635680511125,0.006545832286133769,0.008802424359189449,0.03039462359168212,-0.10782042106430074,-0.004645993584008662,-0.00010641995462452529,0.004156430775180787,0.09932394148749332,0.0006968144854618331,0.1377381672271354,0.01897180271109031,-0.09387855718025923,9.690649823272848,1.2263734694768147,-1.3602779304262014,0.008846746556430902,0.011944537150071037,0.06247201760900331,-0.22829721604221156,-0.005926343820838447,6.6823612784165e-05,0.006018193329232591,0.23060536927596118,-0.00030502294242161813,0.09092703019794532,0.00826772482061806,0.022356625971331603,16.71098461051256,0.8957129916621183,-0.8343195465043872,0.006625441241756301,0.008935295422468533,0.03742509213665118,-0.12959330580675127,-0.004481194875337971,-1.9229495467774195e-05,0.004454100547130562,0.12010656849874984,0.0002337680235482056,0.8806809116404714,0.7755988681278917,-0.0023179558907547235,1.479980156785759,2.801001,-2.811759,0.6999750550141758,0.9441029999999999,0.6288828555305742,-1.66857075,-0.4710745,0.001201,0.47302849999999996,1.6645132500000002,0.0003037293488475838,1.2453185670564215,1.550818333455459,-0.0022573665489958017,1.4833562529548683,3.9740779971431417,-3.984492590830565,0.9837219203200225,1.327135637054808,0.8888037801224566,-2.357321060362758,-0.6625307550459787,0.0009602943375752052,0.6646048820088293,2.351928133107577,5.588442027984752e-06,0.016441304470581144,0.0002703164926943515,0.3914824862075996,19.185692111117095,0.42534742246660656,-0.3197178878052303,0.015367852917382747,0.020687977701487066,0.012651015887264853,-0.024986824993005197,-0.010408331584325173,-0.00027171807884267957,0.010279646117161893,0.024725390118391304,0.0003520096511642064,1.7602186673483908,3.098369756881745,-0.0021307607091217828,1.4958764789425096,5.466403088368418,-5.573005591011768,1.3481177542525775,1.8183806234201576,1.2547102895364812,-3.3354335558871555,-0.9066581522941256,-0.0007838294935445765,0.9117224711260321,3.326513324426479,4.9407082096987184e-05,0.053215817068203296,0.0028319231862364773,0.12570709343714298,1.3557221667138943,0.5292425809823957,-0.2866354021886771,0.04564044496581741,0.061614830553582106,0.03987125999839079,-0.09743995062599661,-0.030808745439626847,-9.512182961705223e-05,0.03080608511395526,0.09886806155904773,8.137846474112644e-06,0.00668941677686876,4.474829681465323e-05,1.9726646611863978,98.1482383672753,0.21018019118989867,-0.13616391343008508,0.005972282968973944,0.008050742497590017,0.004848822303235883,-0.010135544706572776,-0.004044976278379307,2.513289108601371e-05,0.0040057662192107095,0.01005869282649641,1.099477245451862e-05,0.022272197205808173,0.0004960507683744094,-0.21995480100977108,7.207402920627457,0.27134432040476253,-0.3980043214380847,0.021304215124737055,0.02863318363809475,0.017320255116960108,-0.038652177359027165,-0.014363381912728772,0.0003561094378109009,0.014269801725365978,0.03879290994337297
-6.21189024390244,7.730601928897617,59.76220618307555,1.079016198398331,0.21841672878638585,13.6,-20.3,5.337367986620166,6.5,9.32408536585366,-14.885,-11.1,-9.5,-4.6,9.2,-8.742745029404112,10.974236348482043,120.4338634323445,1.0975111292198168,0.23014123390940844,19.16207252244466,-29.465687953942563,8.237451286188852,9.168383867563819,13.210817097628645,-20.97372555021795,-15.563535192477445,-13.897869435171593,-6.395151324913628,12.903255832994782,-0.0014195524826331944,0.7269030048546957,0.5283879784667859,-2.9204774078434026,45.93425609713102,4.508474699745984,-8.496504254263465,0.31136409897074435,0.41830578447670785,0.3671684851962507,-0.6885044400259303,-0.21654313019181376,0.0007669390777785834,0.2017626542848941,0.8001512866681205,-12.269634455457119,15.65967961012929,245.22556549189903,1.1053053024192272,0.2085736114135721,27.030696434041158,-39.14532878858675,11.84850304489635,12.929463945119329,18.737050213098577,-30.026796955991735,-21.960663275324066,-19.76249010198884,-9.031199330204737,18.53010236469527,-0.015514807020007149,1.0321258749261901,1.0652838216921534,5.18286041143791,86.37224243680916,12.267921221011187,-7.050196168649103,0.3628870230988176,0.46550308075763036,0.4179882524205257,-0.8436162048254063,-0.24663980813679387,0.030201038248050094,0.2188632726208365,0.6944080613750522,-0.0005325446374260723,0.7267829459042399,0.5282134504572453,-0.4722069569660539,10.589908226169078,3.2028701313728214,-4.148479708057121,0.2857765194209051,0.37560498241804796,0.39062403703498016,-0.7808434599055121,-0.19178472457631685,-0.0219560363709732,0.18382025784173112,0.9459567326994698,0.024854575738303256,0.7170842983835223,0.5142098909881884,4.041574707807016,38.25296139092937,7.0992367604103,-1.9954337270404356,0.31693682164700243,0.4261450220773602,0.3816513292377098,-0.8046803308585233,-0.2231093891160268,-0.009607067391486304,0.20303563296133342,0.7759076929578161,-149.84227642276426,13.623007100496418,185.5863224601758,-0.4217632655133166,-0.37879536148522863,-110.7,-194.3,14.974282406906571,20.599999999999994,149.84227642276426,-174.785,-160.0,-148.4,-139.4,-131.5,-211.810643756807,18.60166941842143,346.02210515223504,-0.30417128714183034,-0.6712077944291792,-157.47999548186397,-267.5427099672012,21.468529615165394,31.458333805318745,211.810643756807,-243.25086873882333,-227.68197758089318,-209.07135213611332,-196.22364377557443,-186.47932989497357,-0.5057577645085501,4.9528756850956945,24.530977552012143,-0.7250872510671745,2.2717951771970677,16.707498695688432,-22.051551797009445,3.8697829779180597,5.232427677231447,3.603130983117499,-9.091348507133969,-2.8595678170189744,-0.2644710594798383,2.372859860212473,6.678931150386018,-299.2158453780438,25.642009835531343,657.5126684054862,-0.3139486503555943,-0.7759725590659752,-222.25809662983838,-362.4964921784587,31.202940448110777,44.43957555177542,299.2158453780438,-343.6409487938264,-321.38578130983785,-295.3210826322296,-276.94620575806243,-266.1237244014012,-0.3686472396538313,5.802075637643543,33.66408170493672,-0.09956054092103683,0.5814425899253375,16.25639680855545,-20.343680973848073,5.938071135684862,7.763272773001742,4.578123314009791,-8.929679288495798,-4.5437692137651515,-0.5011568443246688,3.219503559236591,9.67411834570352,-0.7115044074005139,4.81070924819161,23.14292347063628,-1.0500225366293272,4.300481289505306,15.016785591516355,-22.625620094825084,2.692974710759249,3.590214384609735,3.13428740411344,-8.948409064853841,-2.1082948172888303,-0.333278760977903,1.481919567320905,5.299523503580936,-0.24254122607569678,5.020185984450666,25.202267318474906,0.6074499465115494,1.5865282624303685,22.724750844235132,-14.175451756881781,4.028218334211742,5.41926198756869,3.8178725167836003,-7.879803956894479,-3.228049349080938,-0.45523826132079903,2.1912126384877517,8.101690558366498,-1.2702235772357724,7.286372006917019,53.09121702318395,-1.0952798496163487,1.2904926968664832,11.4,-32.4,6.671709983275209,10.0,5.535060975609756,-14.969999999999999,-5.8,0.4,4.2,7.4849999999999905,-1.8221283275716613,9.746980673670857,95.00363225291319,-0.8694600174734203,0.49111679275255815,13.991125892932041,-44.85753344112274,9.745580314569905,14.618730295399992,7.658584255969178,-19.37244216873728,-8.896146530112269,0.5339537024537979,5.722583765287723,10.482979023191739,-0.1009740497221154,3.2805211350646752,10.761818917606025,0.6479879713852856,5.8229728600982735,16.717792367117596,-12.4110500683213,1.498139855397653,1.95511089954281,1.9846746269413007,-5.510455512987993,-1.1564256352969902,-0.12985237155553503,0.7986852642458196,4.953944210456916,-2.6465567731655413,12.673684796358973,160.6222863174606,-0.39425398362833014,-1.0819854145903995,18.040432385850785,-35.14895416477627,14.858252105090585,23.471248154368606,10.574394038049372,-24.07772780599624,-15.256558945254955,0.6256842067093386,8.21468920911365,14.083358521199068,-0.4074871493019594,5.247094364895447,27.53199927411755,-1.4030941689428436,9.173793128159788,17.943503420896597,-32.37639194227348,2.321293618521058,3.1881241746225464,3.056180343692624,-8.367062379719762,-1.6705396724410133,0.1453736593186672,1.517584502181533,5.192466969836171,-0.14206290720416145,2.8851006773949854,8.323805918705004,-0.028659693750761196,5.953155658898959,11.375606552999852,-12.416451051538658,1.290431564151097,1.7416311097519097,1.70680893723367,-4.306841507751839,-1.0527539312305365,-0.13067501125020825,0.6888771785213733,3.7393318692494706,-0.30359826243067717,3.5789048095725944,12.808559635981847,-0.5935074619927293,7.006807901802034,17.581767211909614,-18.58024982197285,1.8389422055566655,2.433904060085911,2.187964370332258,-5.678902438301229,-1.3575285695427,-0.1637408350832118,1.076375490543211,4.583720124584188,-0.8748983739837399,4.211568223386777,17.737306900241254,0.029840307690884714,-1.386878833894151,6.9,-7.1,6.004538984947688,8.1,3.8005081300813006,-6.8,-5.0,-1.05,3.1,5.4,-1.236456603831283,5.977876593151021,35.73500856294286,0.04043207192539431,-1.3866109618201357,9.772031749087121,-10.0494945037583,8.597938115875294,11.541995315728975,5.398366623621188,-9.635407439363211,-7.156106899967119,-1.4434294472793547,4.3858884157618565,7.649993027193421,-0.008497173396642877,0.17457603502337302,0.030476792004481966,-15.144584925733776,292.57660734766426,0.4613371960327368,-3.4212307249524683,0.06120544393664071,0.08364315044483268,0.06317111397162221,-0.11232491727656448,-0.042167104524647114,0.0016494659516510524,0.04147604592018557,0.1107644053538436,-1.7679506902203497,8.519711761003459,72.58548849058064,0.05612962661511328,-1.3796210152717194,13.839471416365953,-14.159888851161062,12.214143440832512,16.317440987027354,7.691114194066073,-13.625931713458307,-10.130996366505496,-2.0740902020293555,6.186444620521857,11.216210803385287,0.01773091367540339,0.3420744095984626,0.11701490170213674,12.982960450500086,192.11163280668734,5.104643411685104,-0.8923401931969518,0.08296228640632958,0.11487025947485886,0.09616888367621033,-0.170574161144314,-0.05347107722404393,0.00855907453244014,0.061399182250814935,0.13672213668213506,-0.01238103049049784,0.1499484528762945,0.022484538519994306,-6.3715984230379075,56.01788334656673,0.2783802766565473,-1.4682073856917637,0.060862910036343046,0.08403894536648335,0.06848270680956768,-0.13660252541973922,-0.04307607662790715,0.006728268417465549,0.04096286873857619,0.1126783904265191,0.016759253301835766,0.19335151033725476,0.03738480654969753,12.184443315804975,175.11702261235195,2.827636123143934,-0.3806178371870922,0.06482530595774577,0.08548688056395119,0.06646272344479039,-0.10797791457613604,-0.034928667992429996,0.007696048646215911,0.0505582125715212,0.11472160738807377,-0.29308943089430894,3.295265297703057,10.858773382246017,-2.16655822980174,4.134488542704294,3.9,-15.8,0.8895613311033613,1.525,2.1414634146341465,-8.6,-0.025,1.0,1.5,2.1,-0.4058231938170213,3.53071464970854,12.465945937666497,-1.2892773664487904,0.5576218517768337,3.864156988099984,-13.442683585317956,1.5293677187465355,4.4838531124706185,2.7446052279915034,-7.644812629399975,-2.5218096709158533,1.2266799364463123,1.9620434415547652,2.7714737522669943,0.1985170411442266,3.01582621979828,9.095207788022783,0.6819583162972234,3.278467892615737,11.42651640068576,-9.176408068147879,0.5631136883926182,0.7497520257708148,1.638585685992296,-5.218199932161508,-0.37793053741779087,0.024735601211617275,0.3718214883530239,6.790253381377454,-0.5439660909868439,4.631926591550786,21.454743949515283,-1.0703719376855427,-0.31307562847797454,4.394300929379305,-12.579761707313567,1.6266605762533977,6.695318909344822,3.7939020988286245,-9.98233832078756,-4.0446290664373965,2.005560169797998,2.650689842907426,3.624591111865888,0.09361651968018349,1.787491344655386,3.19512530721792,0.8982113134439096,4.831437030785235,8.027963574429924,-5.539300075585086,0.8471252694294781,1.1386104797777679,1.0738442431329096,-2.8593415246535683,-0.5660266054031856,0.006878903611236414,0.5725838743745822,3.2311203574044924,0.2773326091299695,3.0769960980128297,9.46790498718618,0.7437869052304605,6.029894614296268,13.444268925437921,-10.58725963690768,0.30981450999833604,0.43290182842632086,1.470838602819141,-4.353042034922396,-0.14925859666664906,0.0264559530413468,0.28364323175967177,5.259706753009334,-0.17960876826544045,2.9047348329171556,8.437484449562257,-0.9169455905201389,3.939704296781292,7.787076739895743,-13.648575389161786,0.6600651173954184,0.8856036167210172,1.5999527333606176,-5.721009023896368,-0.48815023015612147,-0.011287366685974633,0.3974533865648957,4.914406719441946,3.214634146341463,3.10829098277989,9.661472833630775,-1.7579006929062437,2.4274920100773443,6.4,-7.4,1.1860817748044825,2.9000000000000004,4.121341463414634,-4.584999999999999,2.3,4.6,5.2,5.8,4.549743447738052,4.3571846595328,18.985058157267964,-1.7459431656104996,2.442836312090061,10.255860579033504,-11.357088416440881,1.742101743384884,4.1681818594228925,5.803199232126338,-5.947742772469104,3.145999632566625,6.4977088932624065,7.314181491989517,8.179612615559037,0.0006711499824904858,0.4736909841662694,0.2243831484804089,4.197969259553469,98.96467236713724,6.000312217162431,-4.223797129107506,0.1096800756391524,0.14646137266977244,0.15145182479706606,-0.2947379996775998,-0.06831553019957254,0.004050405481929198,0.0781458424701999,0.2421648819997361,6.450709333540055,6.08606376640985,37.04017216880684,-1.7060525928839807,2.247130140510804,14.788864979383028,-14.002027668734609,2.4016229951944434,5.353356222486061,8.183342759015186,-8.563565268771164,4.9876903883759045,9.178949571142512,10.341046610861966,11.459878645108226,-0.055681202183467456,0.6573869640962959,0.4321576205637446,-5.609221396728528,50.83324666400709,2.9241022298214956,-6.348785868011186,0.20432490779188173,0.27762090929072686,0.2696129062766941,-0.6211819010636387,-0.1307708854961379,0.01194138033282155,0.14685002379458895,0.39710474363796167,0.0004166027023786593,0.4801726607614116,0.23056578414269366,1.190969801951733,48.155246811965874,4.043013490768203,-3.606367876366772,0.10869572724577245,0.14574521096006127,0.16169977920782033,-0.24288925709495462,-0.06655406824758645,0.003938415431051974,0.07919114271247481,0.24244587145854207,0.021480158224729495,0.4600281024804429,0.21162585507175688,3.9251095543184644,31.799522997833577,3.794915909568034,-1.7580677327333682,0.12072231256073879,0.1635779039914357,0.18757968201855627,-0.3109263022819918,-0.09071718564589143,-0.005893366984667048,0.07286071834554428,0.32488333355085375,-0.0011218794356808318,0.27914260335402463,0.07792059300726233,-0.6457171427096241,6.391855186424545,1.355643,-1.873185,0.046171198288701455,0.0620755,0.14077116136539952,-0.5001202499999999,-0.030630249999999998,0.001448,0.03144525,0.49167925,-0.0015884081380725646,0.37894862587861583,0.14360206105529114,-0.5352376551382745,6.214507920693734,1.8854978076753077,-2.301435958684792,0.06458929590922027,0.0869398365866208,0.19213806832256367,-0.700973420307069,-0.042988862473244904,0.0019310070963547972,0.043950974113375896,0.6694440582477664,0.0003323924804696707,0.11056957594224179,0.012225631124047174,0.1359843861062135,11.269354667230743,0.9686080839891421,-0.8718586558515244,0.007408238257746132,0.009986832163959158,0.04759576289248612,-0.16456832948332223,-0.0049983183990703235,-5.426103667539547e-05,0.0049885137648888345,0.17231756264681075,-0.0022514304575118444,0.5285761773780577,0.27939277529159995,-0.5166173393390784,6.2328690409686835,2.6788639637793326,-3.174775257077737,0.08999462953540224,0.12162781326729932,0.2678971406795248,-0.9736649557120428,-0.060630587086051416,0.0027370999235416895,0.06099722618124791,0.9260351131437368,-0.0005959607092604965,0.08810034269784298,0.007761670383477374,-0.11600906994716328,10.080114124480573,0.6131677214385461,-0.7321794647677238,0.006759978067250543,0.009123920210127385,0.03883627486825841,-0.1381164296431981,-0.004590857323402171,-7.135587782414188e-05,0.004533062886725215,0.1374496596805494,0.0004698423941758176,0.07144876639985114,0.005104926220060497,0.11416944634630301,10.694073130740902,0.5987625701996215,-0.6053608924900569,0.00768637475871413,0.0103614978975787,0.03228453897328399,-0.10887259908173597,-0.005192431275938871,-4.012587756884504e-05,0.005169066621639828,0.11454259477896268,0.0009631211605562524,0.13907263215859478,0.01934119701551981,0.09810764181232448,10.649531517406556,1.044739267074096,-1.0714581904530098,0.007248397290812766,0.00977525924084921,0.05933010785922791,-0.21825577042831423,-0.00484323875925713,3.6236554686150835e-05,0.004932020481592081,0.22146706125294294,0.0065967596184237,0.48209076228672276,0.2324115030821934,0.643611118820307,5.641193106350556,3.05714,-2.496497,0.06458363524032253,0.087004,0.24178668841766512,-0.895671,-0.038462,0.004019,0.048542,0.898631,0.009336109207253345,0.6581850333739466,0.43320753815746327,0.644497331700724,5.187721660825364,3.8141884546796407,-3.1565899610850994,0.09112057677231394,0.1228383625082121,0.3336974073058767,-1.2299245908329097,-0.05452553167364073,0.005040543056003731,0.06831283083457138,1.244631437342892,-8.816785318488124e-05,0.17769626054551932,0.03157596101186109,-0.0445644667758226,12.023036619636763,1.3943177195377607,-1.5657015774331255,0.00824932391514789,0.011135771670767684,0.07509631073606036,-0.2637434681418143,-0.0056273884549048565,-4.19959790671021e-05,0.005508383215862827,0.2617625538414253,0.013222989257304618,0.8983814962438292,0.8070893127933014,0.6507820402490062,4.793377761492384,5.2257064729995735,-3.78265803260315,0.1273775638348283,0.17151949400046201,0.4618769958278349,-1.6733025090689053,-0.07634856392091514,0.006858600163163533,0.09517093007954688,1.7707726110840103,-0.0007125578322811769,0.24326579743981094,0.059178248204027124,-0.12883734845693007,7.619234332762117,1.4854615738900685,-1.65708394412165,0.019846126298334262,0.026730137013495817,0.1120901090056763,-0.40966870348572465,-0.0134256172079338,0.0001714581549482905,0.013304519805562019,0.40293655753698016,-0.00012431611743456462,0.18290527676551432,0.0334543402686694,0.03616675166974953,9.960212259601052,1.3873075445386978,-1.4087126762984774,0.0075524695422054585,0.010189831696415108,0.07866815029939957,-0.2893202731069827,-0.005175945361567175,-2.6628316532953362e-05,0.005013886334847933,0.2914342229564523,-0.0001675510829896515,0.17229820816039973,0.029686672535284436,0.07311494943756934,11.016578394738103,1.3917250552474882,-1.4507568205993358,0.00866006260334222,0.011687139249843428,0.07296842719781987,-0.25948090225720694,-0.0058825339534691904,-8.373228724245285e-05,0.005804605296374238,0.2616276219516275,0.005759216906588513,0.16536211483508573,0.027344629022732082,0.14889810021621683,8.25145484865207,1.223952,-1.325482,0.020399123924418578,0.027639,0.08176782076257794,-0.260768,-0.008277,0.006087,0.019362,0.282377,0.008146948293824471,0.20767213840011375,0.043127717067676,-0.044979212004181514,8.939421279147714,1.5772466922372315,-1.3695073942668046,0.027071123319804984,0.03665297207274976,0.10272296214397254,-0.3157134566021926,-0.010084046020272658,0.008824457847529998,0.026568926052477102,0.3470770250761395,0.0001001569778479923,0.10750291034114952,0.011556875731817231,-0.09679293434295046,9.358912110029461,0.8093055915113054,-0.8804074086966419,0.00770521751934021,0.010401537307191653,0.04796117969225869,-0.1749475519004858,-0.005248630056273883,1.1909408002333034e-05,0.005152907250917769,0.17494334207308737,0.011527686246745576,0.2870856522480232,0.0824181717266729,-0.10140842327435336,9.20295348385647,2.168905382250391,-1.9263291958250965,0.037699095597744654,0.050895605890055526,0.14203777252231745,-0.43413104958550913,-0.013641104374904954,0.012483683230434047,0.03725450151515057,0.4746812598824727,0.00025900555601844724,0.06182682197948078,0.0038225559160824075,0.05715951628937975,9.05028274264494,0.4417480912281108,-0.44978652497178706,0.006551886965527996,0.008835456350421305,0.028515945632133773,-0.09493975124943177,-0.004444644498166444,-3.2770919560845004e-05,0.00439081185225486,0.10625434421719432,0.00014162462422033517,0.1341847915007676,0.01800555827010447,-0.04077906614421142,8.279634381840445,0.8773993287932671,-1.0557162662917718,0.0084937530080859,0.011478484226433033,0.06018377153753488,-0.2227563524159564,-0.005796346390618818,6.297646293681889e-06,0.005682137835814214,0.22100673688691716,-0.0006702726641336013,0.07144062303616452,0.005103762619795361,-0.08131606622944021,11.523430072105791,0.5759357194127082,-0.5870228542750268,0.006568759495163862,0.008859083727087692,0.031239692415962715,-0.11205271440704631,-0.004418049636093897,1.7489387566689308e-05,0.004441034090993795,0.10372752118319954,0.00024382586271298498,0.9405560598745583,0.8846457017667536,-0.0016540381780450536,1.9924843508765209,3.161974,-3.158406,0.6983782924248452,0.9419405,0.6507462565439761,-1.798749,-0.46966725,0.0005005,0.47227325,1.799717,0.00034401636893601536,1.329982154014969,1.7688525299982965,-0.0016502260663919493,1.996709565999904,4.478523004444344,-4.440891355747202,0.981166726065187,1.3237714564255818,0.9197350233238771,-2.5379607525253878,-0.6595800791213361,0.0014528768359804607,0.6641913773042457,2.543246267624692,-1.2888400293720828e-06,0.017014711158790594,0.00028950039581707317,0.05854094690008913,5.16764878762454,0.3000341321079947,-0.2671817147035807,0.01647122397467497,0.02209179650453856,0.013218842184268779,-0.026370689900204896,-0.010735793265343466,3.60680985608988e-05,0.011356003239195096,0.026176298130611043,0.0004825525373566755,1.8799482097730567,3.5342052714289203,-0.0016497378719986149,2.011495694993772,6.269362682546702,-6.2147771351285845,1.3380863386375779,1.804585184786044,1.2983893306204957,-3.592020274642235,-0.899798765872197,0.0021296905522896568,0.9047864189138469,3.5931725588696564,3.958477214826079e-05,0.05384624316823549,0.002899417903332747,0.01920298310206757,0.3230530503032969,0.2957344903410782,-0.23457552960463499,0.04897916052209635,0.06597145096717658,0.040826628737134295,-0.09870119254841848,-0.03334042781677337,0.0007649171485702988,0.0326310231504032,0.09989983825582782,-8.08134310613038e-07,0.007231485658340962,5.229438482679101e-05,-0.30555385961430565,33.805346941973134,0.13116551055323356,-0.17709199042791635,0.006710156888013516,0.009053179582456602,0.005412222153865085,-0.010961246031206788,-0.004506719215563499,2.3204885543771013e-05,0.004546460366893103,0.010917571137187736,-3.522255849389718e-05,0.022950960146267428,0.0005267465716355558,-0.11816549254954108,1.2831265884511174,0.06992717566866044,-0.27021025467387705,0.022704056421269516,0.030653423978456638,0.01813810715632205,-0.04007895088342661,-0.015691515825826004,-0.0001663902181891961,0.014961908152630633,0.04047797894886696
-6.179674796747967,7.801106960742304,60.85726981294203,1.0049252533580009,0.2344807282281871,14.4,-21.8,5.633888430321289,6.0,9.305081300813008,-16.1,-10.6,-9.4,-4.6,9.2,-8.690637760884217,11.080521980141416,122.77796735239704,1.0256452912292695,0.24239872160419207,20.301239711685938,-29.94022195160472,8.37437072672355,8.476538977034211,13.182502155012019,-22.92281738692546,-14.904011972468476,-13.444510856668492,-6.427472995434265,12.992032678544321,-0.03469295435801591,0.6670855142448502,0.4450030833153163,-5.474312434269269,59.3146071560735,2.560338947741295,-8.314088867366644,0.29671549880721587,0.39877417059693065,0.3295260260390031,-0.6037469565707914,-0.18526869680002214,-3.7225043273636516e-05,0.21350547379690848,0.5678974107641874,-12.173637710461707,15.80400537053602,249.76658575193136,1.0405049721917767,0.2570000908968013,28.569233719805766,-43.15678328799739,12.047629829652855,12.058466934798556,18.69086317472426,-31.689894189636387,-21.04267705139467,-19.170747300588545,-8.984210116596113,18.58084436872162,0.12430544888023301,1.170276208102224,1.36954640325012,6.0940118739392934,48.465959599563085,11.694442334417907,-2.165168770315259,0.39095743873096994,0.5152744828135218,0.4827927503940686,-0.7625267258166093,-0.24357689841362817,-0.018134666636525965,0.2716975843998936,0.8004632265951425,-0.04801205764526977,0.6088339898082361,0.37067882714581535,-1.1907500096418486,8.32046221128409,2.4656579076287417,-3.205558897647224,0.3266150202162249,0.4395861573148264,0.36862025804558823,-0.88209260315949,-0.2297857867805304,-0.01672734665859498,0.20980037053429604,0.6475875056154052,0.0751801128853495,0.708824130246831,0.5024316476201764,5.052189599313934,40.66328320977583,6.933562244702277,-1.44862846175358,0.30612653883723917,0.4076441647636667,0.3540494274810971,-0.6468578012166648,-0.19361432517775964,0.006205216328677016,0.21402983958590704,0.6758329434369632,-149.57662601626015,13.12649071667416,172.30475853493292,-0.46096884131546284,-0.10628872311363802,-109.9,-196.2,14.751892074130765,19.92500000000001,149.57662601626015,-173.685,-159.1,-148.35000000000002,-139.17499999999998,-132.2,-211.44738416081717,17.879807572036338,319.6875188130479,-0.3182725863165568,-0.5414291027707687,-159.2901370462406,-262.5218632796921,20.872226637927874,29.46005718635348,211.44738416081717,-242.49378356025593,-226.23701348051634,-209.4628875293123,-196.77695629416286,-187.11119278731567,-0.07596046600398018,4.936860240638979,24.37258903560196,0.1818615889918194,1.2886084242885483,17.612895281972087,-15.773767774660978,4.105584649545949,5.522778153431623,3.6630008715077067,-8.518215415989708,-2.8183335491514896,-0.10426563365608743,2.704444604280133,7.479811591244856,-298.73248163593587,24.286976315559013,589.8572185525245,-0.25624447318624544,-0.8350638126731753,-225.36076973716538,-353.905088364603,32.23016712956988,45.07841163859359,298.73248163593587,-338.5916111088486,-320.761165899597,-296.00943898159767,-275.6827542610034,-267.87952695489594,-0.07012144450073599,6.962089226023506,48.47068639111259,-0.011579651444626542,1.360498020644898,21.20738395565687,-30.026718281741587,6.309214253064462,8.484821871110242,5.321830795344318,-10.819310865494788,-4.367955252070261,-0.03165863456158036,4.11686661903998,10.779746541230477,-0.11342179091545257,3.686097986724486,13.587318367734309,-0.8383304742324151,5.289902090784217,12.916706320774317,-17.448260184745884,2.075307751012335,2.7478124329890052,2.3622853051272097,-5.474170644619845,-1.4371586379194916,-0.09817585885977383,1.3106537950695136,5.080974057434209,-0.4085343022837993,5.862467758174222,34.36852821563228,0.025415340367274684,0.6504817755940793,18.22326222907345,-19.815119148375462,5.447571378264393,7.362002733052773,4.548161377424266,-9.337128925569464,-4.115706465760282,-0.3439046029978924,3.24629626729249,9.010908001067623,-1.1592479674796747,7.77203632399122,60.404548621438956,-1.4025043668892845,2.230255814076588,12.6,-32.7,6.671709983275209,9.3,5.641768292682927,-16.47,-4.8,0.5,4.5,7.7,-1.6674102171436957,10.452473495246515,109.25420216883091,-1.325140892551513,2.0271291966698,12.371595784694737,-44.21330828641863,9.169641429495913,13.603382174059467,7.683412660714809,-22.67127720464648,-7.444173235802838,0.6485573961596949,6.159208938256629,10.511690522303178,0.08721966643793154,3.3334709930349646,11.112028861405513,0.28489558213649974,3.6152805980465743,12.956293004533105,-12.8518315865375,1.64179368826555,2.202348830306662,2.0899724390852397,-5.850943781442776,-1.0904193827583328,0.10410530238685187,1.111929447548329,6.5323004819917925,-2.4362794432414425,12.52965376343366,156.9922234315273,-0.37301194144700606,-1.0293023027629156,17.2870624026611,-32.30741921527195,15.253075093012166,22.5858641285813,10.479717058312636,-23.94570954385692,-13.943933461221501,0.761540962664983,8.6419306673598,14.369144847144515,0.1794369190856009,7.721555395691615,59.62241772873429,0.25257163985737385,8.274343955161573,37.146379578864135,-36.02069601902694,2.3703285348444467,3.192631414000017,3.869650881913918,-7.425079564174515,-1.5320209840333805,-0.23877883128197674,1.6606104299666362,10.482523687756458,0.12136538151431654,2.382750423849044,5.6774995823528,-0.08647210850987894,4.194426664200219,9.19022949195302,-9.867967077081811,1.3233182772963084,1.7030282287180758,1.4971971790900112,-3.4362808776127842,-0.700337803364617,0.07658487898551097,1.0026904253534588,4.686421909821045,0.049880053651677816,4.029839592694196,16.23960714284572,-0.22876738913221406,3.505081647159548,15.726769996974756,-14.867037549347677,2.0375738718190655,2.738679026181428,2.5548754960354683,-7.574871702737884,-1.2177350401723825,0.15322971549773848,1.5209439860090455,6.558396879941428,-0.9052845528455286,4.2593479834633055,18.14204524423293,-0.02445890972588884,-1.4689245629694287,7.0,-7.2,5.930408874022408,8.325,3.8658536585365852,-6.8,-5.325,-0.5,3.0,5.2,-1.27995417372768,6.0459447584458905,36.55344802217934,-0.013688322117266604,-1.4674904443403154,9.84568005645633,-10.186691910504805,8.452953079666601,11.827883482902305,5.492005040204735,-9.608904045381074,-7.612195765353547,-0.7917769380440364,4.215687717548757,7.490652748618235,-0.007817226922765392,0.1640770131100887,0.026921266231128223,-16.16536487588588,318.9225006989792,0.40983080770476765,-3.2849436351399257,0.061903081475112455,0.08315958821074818,0.05808229210339752,-0.1013409742121758,-0.04012271490675223,0.0013888421018698471,0.04303687330399594,0.09585251398486999,-1.8315767401832277,8.617590388636572,74.26286410632143,0.0037849318567431548,-1.4587133402619652,13.824220400142625,-14.410815568581455,12.152350009972722,16.90854295162343,7.826836174910271,-13.636926177657854,-10.984300326347558,-1.0361637352403894,5.924242625275875,10.855867827612688,0.018248131548844214,0.3325764922418015,0.11060712319186108,12.671715048061149,184.89427322113121,4.917074499591276,-0.8948718621415894,0.07305323363854523,0.10555878458210616,0.0936605938850489,-0.1397664976399602,-0.052863500890239,-0.0061497524405712545,0.052695283691867156,0.1591739275484218,-0.011159164680810477,0.1356919818890022,0.018412313948965302,-7.324733567740479,69.75228950026379,0.27054038752170423,-1.4085702552555335,0.06693966729990217,0.08978781186296986,0.062035768067734254,-0.11401779697881793,-0.04725933610845166,0.0012568388718632697,0.042528475754518194,0.10142400643697645,0.010488227358541616,0.18607461106747544,0.03462376088391226,12.067619883330043,172.4779935516634,2.705292718460735,-0.3747699342562734,0.061833557538251156,0.08243123781057404,0.06362074178387196,-0.10555851338860747,-0.04303837875081713,-2.8097150071195853e-05,0.03939285905975691,0.10486155900317368,-0.16849593495934956,3.1226199674897344,9.75075546136559,-2.277744051261129,5.246223168531449,3.4,-15.1,0.8895613311033613,1.5,2.0908536585365853,-7.084999999999999,0.1,1.0,1.6,2.2,-0.2304971398828328,3.3854196849304152,11.461066443114351,-1.4929756563843795,1.6098235989660559,3.6772407341755344,-13.415225752688077,1.6118958844320328,4.149906202934107,2.60994975761471,-7.606864284494927,-2.135497904565664,1.2378352690984828,2.0144082983684433,2.8087883478299838,0.03566743200305433,2.8166627952639107,7.933589302223906,0.2868333835927583,3.0129801882831924,11.48313390083201,-8.511807087597406,0.5544544920667767,0.7933926522920166,1.5771164755982732,-5.813394803670793,-0.3396403605907391,-0.0017031560386223787,0.4537522917012775,5.392998826613054,-0.29809815936998824,4.299713133321895,18.487533028860792,-1.0024885222173836,-0.43456814611754746,5.065817491152503,-12.171463698972692,1.6069377723370954,6.516356066800783,3.637246886960522,-8.558329355588182,-3.7027931783217474,2.056431529990724,2.8135628884790354,3.599555534263356,-0.06161362683845473,2.044363063265554,4.179420334444519,1.2031492510057875,3.8181549224901525,8.357314348249972,-5.4077042974670135,0.8790977910026381,1.1790080628218311,1.2693316552820773,-3.34716653323685,-0.7640546233123269,-0.1070799363933286,0.41495343950950425,4.154393733315759,0.049716414724162813,1.9438139210516328,3.778412559674123,-1.452635724009347,9.544854220051441,7.654874342542436,-9.97498681365428,0.22936937913062924,0.3094714053560328,0.9116421143830225,-2.2759498302236882,-0.1099596914538491,0.01643700879417105,0.19951171390218367,2.735875047152386,-0.05042101167721514,3.4445667337710044,11.865039983401845,-0.38740693287796346,2.107755863717796,10.604791788402558,-11.555943428288021,0.7504437111151255,1.0009878153965701,1.9894787213742975,-7.233357803095647,-0.47834359908427737,0.016548410951270333,0.5226442163122929,5.9536966707349315,3.4757113821138215,2.7772503330875082,7.713119412634676,-1.8337594049558956,2.8718380649017314,6.6,-6.9,1.1119516638792015,2.325,4.154776422764228,-3.569999999999999,2.875,4.6,5.2,5.9,4.920223444823653,3.894210954744928,15.164878960055406,-1.7685980923752773,2.5643195240379493,10.584525866090942,-9.202907701769997,1.5262313604632922,3.289576542814233,5.863466184788244,-4.846293685143545,4.017885747319036,6.507182799137743,7.307462290133269,8.327875776287515,-0.0424595730828127,0.4135095161462745,0.17099011994352606,-8.680673761493315,85.21568093978435,0.5499693684955504,-4.469224184301637,0.09127253262968339,0.12092453282642579,0.13479833476245173,-0.27214229955962627,-0.06574690110070744,-0.0013907086549415498,0.05517763172571835,0.22348889900469734,6.976586693754962,5.401717236047739,29.178549098215225,-1.8664769305964233,3.10517337661343,13.9986097073722,-13.85346915486999,2.1495614810281283,4.103464655712117,8.243710739029833,-6.014702124865593,6.152358095015763,9.141438971568622,10.25582275072788,11.591046708939235,0.0939725175967273,0.8663969970090161,0.750643756426241,6.170024172300728,42.11049265689636,6.637662312580878,-1.3226724430780843,0.1725928582055414,0.2305429378569755,0.2920388961860885,-0.44000885807701656,-0.11240642591188778,0.00289256049561909,0.1181365119450877,0.4507784227360127,-0.05927727541663017,0.3264549676574966,0.10657284590825716,-4.322366999762023,19.42066454186038,0.3632588223616996,-1.8605894903729017,0.09204850215566716,0.12299984457793019,0.13393433337036673,-0.23916430607423492,-0.06667476894802159,-0.0026534778952496795,0.0563250756299086,0.15265323020823723,0.06885687931646317,0.47541335857745654,0.22601786151389727,6.043516052316657,40.903499556141874,3.6858916985333656,-0.5127205566025204,0.14082016485941026,0.18347405564814195,0.1814852337214548,-0.2709633254524387,-0.07211203725994365,0.004120681187779123,0.11136201838819831,0.31123807798476666,-0.0017422730436767184,0.3027424151561071,0.09165296993455273,-0.664102363954177,7.056063562850156,1.296569,-2.123271,0.04546696223491129,0.061333,0.14879822791201894,-0.509778,-0.031299,0.000437,0.030034,0.5329095,-0.0024633493965183955,0.40977538782832046,0.16791586846985043,-0.500774428580864,6.7690651882759205,1.8083552348123304,-2.444534193097319,0.06371387199049759,0.08579511069436427,0.2021439461547682,-0.6571980554482902,-0.04444331920830245,-0.00018658613776017835,0.04135179148606182,0.7293443389890907,-0.0005140756645292051,0.12399323311300987,0.01537432185781721,-0.09529260477029237,16.836710896085346,1.1160036355587482,-1.3917522498799553,0.007293335349315477,0.009840717015003352,0.050752689830173656,-0.17957232625198594,-0.004970865627923982,-1.7241225297500538e-05,0.004869851387079369,0.1783351973557462,-0.003482204610365031,0.5714942123898047,0.3266056347950432,-0.45580339703371836,6.702950009627179,2.527292101027317,-3.1514557658470825,0.08955209570952431,0.12068882415055585,0.28245402493365807,-0.9136953310472963,-0.06304356635854516,-0.0007072144486230849,0.057645257792010685,1.0021112796476428,0.0009118958419265087,0.09575294198884622,0.009168625899519351,-0.17272745169418247,12.618933869424792,0.6629957221266276,-0.7443982876476235,0.006608006394939325,0.008920436534619746,0.04013339880834944,-0.12869833373203698,-0.004416004116182528,3.784513170955418e-05,0.004504432418437218,0.14167878803454248,-0.0007270166139076031,0.07185243290042019,0.005162772113709386,-0.2155702765879118,10.991996528179609,0.563930544440176,-0.6884985979038465,0.007420158364016454,0.010015864520372378,0.032167521407393186,-0.1161409131834909,-0.005023401194530172,7.523239807660629e-06,0.0049924633258422065,0.11192770544040656,-0.0014819778983197517,0.15993253301644217,0.025578415117055366,-0.2488152838885167,16.935288079664687,1.6054140040716036,-1.5689085878416063,0.0070363167872639675,0.00949391390330348,0.06409089779421702,-0.2309809319740997,-0.004744568796637861,-3.0207537479125528e-05,0.004749345106665619,0.21807801925055978,0.005599622543006305,0.4872827043896612,0.23744443399730195,0.6436671792810617,6.769465725471823,3.355765,-2.814349,0.06324929324366749,0.085261,0.24115885054060998,-0.890714,-0.038702,0.003117,0.046559,0.873695,0.007919249047293507,0.6636913329706785,0.44048618546039603,0.6950451153412093,6.487755074097878,4.115457405344022,-3.4047407058656427,0.08902724962883943,0.1201756405932222,0.3309763946114585,-1.2240431714461941,-0.05426707004136993,0.004932324140654974,0.06590857055185226,1.2028269731168584,0.0018788791627947024,0.18536076684968372,0.034358613887102804,0.2150872490237501,12.561640315221027,1.6835555378353912,-1.66739262439776,0.00817739150446265,0.011025499467727814,0.07679317833731772,-0.26177889012438144,-0.0053924425195447274,3.22149087910008e-05,0.005633056948183087,0.2690134527284737,0.01120028896037323,0.9084270441934581,0.8252396946220631,0.7617806567000058,6.238096251920483,5.636375851370378,-4.431104270922735,0.12532454453470293,0.1683240229807956,0.45817275357665055,-1.6475581148241942,-0.07695790099500924,0.004308282468294303,0.09136612198578636,1.7026875308344431,0.0017865651417642246,0.2357522918500064,0.0555791431125306,0.21715597786345014,8.923916229513763,1.585322716578369,-1.7953066027192295,0.020933079577808544,0.028269457423328495,0.10738027869424573,-0.37535540884054575,-0.013982512550415105,3.708180459983772e-05,0.01428694487291339,0.37706198797857327,0.002656497325275907,0.19143821748467812,0.03664859111371092,0.2867153580287187,11.802698180379371,1.4804362351548153,-1.3733641627858288,0.007536252915019368,0.01016797567157468,0.08043010116834379,-0.28113534318668876,-0.005018772016393058,7.387118837470173e-05,0.005149203655181622,0.2996902772390513,0.0017694521661047527,0.17903561193468276,0.032053750340826324,-0.24138304041689085,14.412587002588431,1.4861684330514464,-1.8009531861142831,0.008566237315013018,0.011580350840576705,0.07252929978776387,-0.23730252175149164,-0.005598044391310791,-2.287009397678705e-05,0.005982306449265915,0.2552658767771049,0.005022517074144865,0.17594604601404573,0.030957011107976697,0.193035255905692,8.555805598869854,1.439202,-1.123538,0.019457671515667522,0.026248,0.08578157438735627,-0.280001,-0.008277,0.005391,0.017971,0.29473,0.007103480249261796,0.22502514711932597,0.0506363168360743,-0.2334478254644328,8.724711149880308,1.5023389272370629,-1.4618682315384763,0.025735469927497364,0.034768516548880385,0.10977030940504977,-0.3447923590728856,-0.010170803729681066,0.0078111411915289496,0.024597712819199317,0.37574224829652325,0.0006935110632444734,0.1061693692586477,0.011271934968779087,0.08648804375558407,12.656996299744055,1.111992292949415,-0.9788100129317345,0.0075965162120450215,0.01024299655377214,0.04620430565585487,-0.16452958653878863,-0.0050096029984477985,8.942017146043542e-05,0.0052333935553243414,0.1635818263721,0.010047679902022114,0.31205086817506966,0.0973757443288147,-0.3418612976883809,8.89536217302573,1.735310322578481,-2.057610767595838,0.03575254615569452,0.0483963570744026,0.15139830354524822,-0.4720111285215166,-0.01393432852072401,0.01121345634867499,0.034462028553678595,0.5252268210470861,-0.00024233102958431065,0.06228585586080784,0.003879527840313331,0.1597684745656053,13.25225232098903,0.6127290191187226,-0.5552635779045171,0.0066334194785160495,0.008953751438069459,0.027686813933930157,-0.09273325663106122,-0.004502326366437467,-8.17871853140827e-06,0.004451425071631992,0.09441166096874837,0.0009804567510412888,0.1248006858661793,0.015575211192668767,-0.004128337988249562,10.589463200859901,0.9243145489586666,-1.1228197316190494,0.008512080791385475,0.011490457323130114,0.05510565360814863,-0.19541922009114543,-0.005607506636036659,5.7458645839739894e-05,0.005882950687093455,0.19651815901242392,0.0013629557757457314,0.08344428027191751,0.006962947910098322,0.18907007296211623,19.852143656442447,1.0343781788022361,-0.8993614721407795,0.0063817100372093385,0.008637634772105713,0.034043927498721004,-0.10746007349339862,-0.004225672393926624,4.687219003548253e-05,0.004411962378179089,0.11931070263309417,0.0001187165007274692,0.8579243369931023,0.7360341680050542,-0.00015675016003768126,1.607245615690072,2.863685,-2.876278,0.6902699408918381,0.93105625,0.6114805760277294,-1.6344325,-0.46422425,0.0008539999999999999,0.466832,1.6311797499999998,0.00022164043091062684,1.213135555156636,1.4716978751851997,-0.00027724177988374256,1.6108952703506993,4.034615736020461,-4.068790472919984,0.9727032968905139,1.3117501407708665,0.8641909761232611,-2.296848555731751,-0.6542377561584573,0.00033238129135735803,0.6575123846124091,2.3117962966114165,-6.109060501640992e-06,0.01670427836071805,0.00027903291555235325,-0.44630876525490837,11.870228823310518,0.06829944441966332,-0.42332378204608423,0.01656745467560473,0.022271393659214104,0.013049020266041237,-0.024880961542725996,-0.011138792006867933,-0.00018183453504054363,0.01113260165234617,0.024903140960571994,0.000465917744340068,1.7146768322999055,2.940116639226038,-0.0005413686432767776,1.6242531409514127,5.625960351715293,-5.740636828671065,1.328119091944504,1.7912119737500256,1.2196281783579874,-3.2474906513486745,-0.8956556631298775,-0.0023979297310533568,0.8955563106201481,3.253242957674736,2.0886273104679662e-05,0.053982933593802115,0.002914157119392849,0.009439221039305995,0.17227707390505786,0.163347465656848,-0.1651098004932985,0.04884597106194266,0.06564261415008565,0.041099448843059994,-0.1000907675475732,-0.03337058614525359,0.0006695057139256,0.032272028004832067,0.10083077624907033,-8.90202115993357e-06,0.00671820749330013,4.513431192303402e-05,-4.225909195847463,181.52706018608566,0.06192519194001119,-0.2836901855061996,0.0061043438066795885,0.008235659364412968,0.00495545902525763,-0.010458626692813488,-0.004100766418654114,1.3178174803292417e-05,0.004134892945758853,0.010478015020108401,-2.932336294019189e-05,0.022650671153385416,0.0005130529036988062,-0.12046897208046682,1.0147196139455996,0.06105126250624293,-0.25754390555380363,0.022877958310533707,0.030807574707898907,0.018024874896381222,-0.03830069637650675,-0.015352708518330507,0.00028441536693154124,0.0154548661895684,0.03837629849252251
-6.075101626016261,7.809943890125455,60.995223566907924,1.0476307053430651,0.15803441901473247,14.5,-21.1,6.004538984947686,6.8,9.250304878048782,-15.285,-11.0,-9.649999999999999,-4.2,9.3,-8.5467716089189,11.096774799781908,123.13841095707483,1.0677794758166215,0.17210875481315613,20.519991466227744,-28.24481354360351,8.656969521416803,9.616405457394817,13.110591365905167,-21.47243980122471,-15.490739717411792,-13.789965882901429,-5.874334260016974,13.179057734849714,-0.009588458037097805,0.6742768792152724,0.45464930984428703,-5.183774870791766,56.59642657352615,2.2713156851096103,-8.431868659681545,0.2719071601861973,0.35600956451012333,0.33736142219788756,-0.6296031577948785,-0.15551089922943812,0.010534524570769477,0.2004986652806852,0.7616436282292018,-11.985314472737196,15.844036272238869,251.03348539602095,1.0780119203279979,0.18071998335065453,29.081114446633,-40.80689381016799,11.759563091898485,13.635378591552925,18.60426440131743,-30.20734525562126,-21.863312468206445,-19.595124625075112,-8.22793387665352,18.668215389721205,0.13244028154240137,1.1109523707607079,1.234215170098837,7.569690000887967,71.64307289556015,12.625834475287839,-2.6150788965969385,0.274155828933256,0.36431284931330365,0.37222416222242233,-0.45131650958932845,-0.1733927084272725,0.003819340731775034,0.19092014088603115,0.5617274326655395,-0.014192663097631902,0.6729432452981525,0.45285261139240945,-1.3104482996898568,8.957797509609161,2.1652017289703958,-3.9310389624004602,0.3002388911817629,0.4039194396481071,0.3909300673293286,-1.182313151748501,-0.19489325025729526,0.005431615355090043,0.20902618939081186,0.846475041244447,0.04175482099524916,0.6661449403123394,0.4437490815037302,5.560612855043666,46.46777480568838,6.664410325773847,-1.7927959089758303,0.24751902383050936,0.31937337574777924,0.29649690854861943,-0.5090007851613347,-0.16570996566232643,-0.0209264287542415,0.1536634100854528,0.495775362089096,-149.6155487804878,13.335612817228728,177.83856921103512,-0.45412323761065343,-0.4224784294320836,-113.4,-190.8,15.048412517831869,20.525000000000006,149.6155487804878,-173.38500000000002,-159.0,-148.35000000000002,-138.475,-131.9,-211.50387708852998,18.051930970220262,325.8722117535974,-0.27743544662925335,-0.8476623065014897,-161.09898402043365,-253.43428758827076,22.227021621822686,30.470864235194227,211.50387708852998,-242.5966529932169,-226.35774208423734,-209.30878098093373,-195.88687784904312,-186.59545823971493,0.005588539455402095,5.40527375508879,29.21698436745167,-0.018938282016069757,2.380428816708231,23.32105516158456,-22.261643326541623,4.2140961984131255,5.8596854492544255,3.913496979137266,-8.792141967953853,-2.8635950604863094,-0.06611203725287496,2.996090388768116,8.470617546423535,-298.82508166770407,25.02681983632464,626.3417111198526,-0.32673816004360695,-0.8589255167633922,-231.14005405181015,-351.9637733128475,33.557840844241504,45.716342897847426,298.82508166770407,-341.83003521861906,-320.25261227555677,-295.9124191616304,-274.53626937770935,-266.4394999698624,-0.12854013825924707,4.870764865803814,23.72435037794884,-0.009582724158815524,-0.06055293217942781,12.896566418513434,-15.024509798875167,4.9370202817740685,6.5469453837586755,3.875024416253867,-7.884356949578262,-3.4277367799052465,-0.11786689466750033,3.119208603853429,7.484831154540071,0.0008839450478699477,5.973927879560609,35.68781431019151,0.20319779572898852,5.5021271629792565,26.481421399776856,-22.556683504314748,2.2622827000883152,3.0163220379437603,3.4148012061135256,-9.29956192382059,-1.5677864226265408,0.15947720004578397,1.4485356153172195,9.553683885833907,-0.3553581197541264,4.6787390019926445,21.890598648767128,-0.10944486584126129,0.28336366707231786,13.32658225420003,-15.316830705734528,4.7574772466274196,6.367779924404209,3.7465506735066274,-7.80407776323778,-3.3662313646266986,-0.20505266403624622,3.00154855977751,7.077635431755336,-1.4148373983739837,6.755020970129852,45.630308306894044,-0.6220280581747298,-0.38682701740252323,9.9,-24.3,7.116490648826889,10.6,5.4363821138211375,-13.6,-6.7,0.2,3.9,7.5,-2.027647677509714,9.178949098769616,84.25310655780353,-0.4116864122384332,-0.9573324677178974,12.238214007237849,-30.5795332787611,10.576745715173853,16.07938341992921,7.589986558400964,-16.855542466414747,-10.694880630129116,0.1731541704422417,5.384502789800095,10.53383304678255,-0.10209181638996458,2.5974449229727448,6.7467201278768885,-0.05552504572235039,2.6534220625380547,10.762237028855477,-9.971676973934578,1.4625239350068135,2.082431781360668,1.722202801891251,-5.123347017605494,-1.1182648317469472,0.024955604838450815,0.9641669496137205,4.358947159540765,-2.939825068789227,12.65138560047347,160.05755761186745,-0.3265113861368987,-1.238656142475296,15.591111102869915,-26.823692584709306,15.310322606322908,24.172873415995646,10.652392108909579,-22.878321216529518,-16.02467992435951,0.5930190818977934,8.148193491636137,13.894793941669583,0.043340621369974575,2.707234566217865,7.329118996524833,0.9513607350749057,9.625189357177312,18.359275430035332,-13.152731256264456,2.19053491237143,2.7248448048850222,1.8839964100040218,-3.610181728910779,-1.4926501153312204,0.06951406363151436,1.2321946895538018,3.93027344892674,-0.14404166406661043,2.98314954687436,8.899181219016699,-0.3354013144647091,4.442641548335407,10.849696576793093,-11.834809546689325,1.2118582330652905,1.5905764068468575,1.7197097819891358,-5.929188088962432,-0.9079535409024768,-0.0007899009311257525,0.6826228659443807,5.252569720609935,0.29424006633144784,2.080238672236285,4.327392933467382,0.5857242068740767,2.649408081973246,9.0443824041493,-6.647717668133786,1.5635033316003977,2.144683570120194,1.4969860929064245,-2.6816917743242277,-0.8902837757865588,0.03007960930694166,1.254399794333635,3.6061914305073106,-0.7956300813008131,4.204862072666834,17.680865050152022,-0.05938840459919893,-1.4052960710942803,6.9,-7.1,5.485628208470727,8.3,3.7391260162601627,-6.8,-5.3,0.1,3.0,5.4,-1.1258247432977926,5.970285360489665,35.64430728567721,-0.04926551213725932,-1.4058964802262421,9.779584263611532,-9.947996406648663,7.841961404660442,11.71912211431658,5.314813167008227,-9.615166311202083,-7.5611484309683235,0.07842201250116361,4.157973683348256,7.684538612990725,-0.007797190112306098,0.13098923293977432,0.01715817914615046,-14.613293926946632,279.48931884810673,0.23297384938088705,-2.540115322142161,0.060935409517787704,0.08313423905691944,0.054927290100016166,-0.09256346537002841,-0.04301245742463847,-0.0032223100555534567,0.04012178163228097,0.09037076442960235,-1.616220182648865,8.514345922059281,72.4940864804875,-0.029873226404618362,-1.4025247837860415,13.796581824063999,-14.052925023098018,11.52756377047939,16.829644592609107,7.58837996055607,-13.552283402721745,-10.9800665637996,-0.28899246068278694,5.849578028809505,11.178977969014628,0.020237773758245363,0.2707805879953069,0.07332212683508414,12.270820748973573,176.38226407898105,3.9622579940635845,-0.7298447608182641,0.07311718959410457,0.0988484825450649,0.08249142688794019,-0.12678676060682242,-0.044932474534327,0.0038286918008534343,0.0539160080107379,0.13482480012068687,-0.010753653840183805,0.113327786234863,0.012843187132894805,-5.96190527027516,53.15628244668532,0.20830457932510918,-1.0918636255334306,0.06858827208030387,0.09370586454431457,0.06053653479381895,-0.10678909654417432,-0.04817797961831932,-0.00727513541971289,0.04552788492599525,0.10396354427777521,0.0058879464625973335,0.14520458190693206,0.021084370606766944,11.269253029477932,157.26627809206062,2.061700697791489,-0.24385910046970058,0.058977325759301855,0.07985580702044122,0.057897579737678895,-0.09463460040271532,-0.04114822318416425,-0.0033187829006021746,0.03870758383627697,0.09679872473551361,-0.3215447154471545,3.363699577790286,11.314474849626546,-1.8684329698847884,2.541289755454823,4.1,-12.8,1.0378215529539212,1.9000000000000001,2.311991869918699,-8.8,-0.3,1.0,1.6,2.2,-0.445270385965756,3.7863780439292394,14.336658691549411,-1.1643274901104355,0.01934955116748238,4.065356355867828,-12.035289245703824,1.531240638696907,4.747668115472619,3.017549197838406,-7.988014870766315,-2.51923994049982,1.425522923111896,2.2284281749727994,2.9068830346023042,-0.235741417348951,2.849018535118134,8.116906613446677,-0.19286028771304253,2.5820739224280915,9.317890874047391,-10.16804116215046,0.487657639451686,0.6665128398078506,1.5855521293154242,-6.021754513476481,-0.41562096977899526,-0.011407592942081032,0.2508918700288553,5.0334183032107225,-0.5973726516547379,5.076843639155734,25.774341336436034,-1.0783548962830098,-0.3429308311019872,4.906015423727641,-13.952682172526725,1.527791130001287,6.866071719580578,4.161589972956517,-10.836761730582019,-3.975127514574989,2.287263227801099,2.8909442050055896,3.734911067233711,-0.07439623630721867,1.6060082580758557,2.5792625250078443,-0.18760691384335423,4.6308536182410345,6.852849149353794,-6.652178116995558,0.7441818910313844,0.9863511709572498,0.9734140944246469,-3.0279428616021153,-0.49207953343729804,0.017598318309110905,0.49427163751995173,2.6880914261556157,-0.32861471709745704,3.1283040160907962,9.786286017089806,-0.8067331133598321,5.676170200924021,11.509366703436504,-13.40279549948238,0.20620581786633685,0.2834298470423875,1.4510516048449618,-6.840010042415541,-0.1582025544338468,0.0005933040144394802,0.1252272926085407,3.490975875725828,-0.1421804673474875,2.4905144115673963,6.202662034224895,0.05802478283667029,4.110221177688292,8.309111493488183,-8.015829899397257,0.5087002632293199,0.7132123662950217,1.3022311075731974,-5.387131375515153,-0.48712210205226664,-0.04113384686354164,0.22609026424275508,3.5970614899939566,3.2378048780487805,3.10313794410413,9.629465100138805,-1.6777867711621715,2.3460596160933083,6.6,-7.9,1.3343419966550423,3.3,4.104674796747967,-4.084999999999999,2.0,4.6,5.3,6.0,4.587199507167841,4.359280872900042,19.00332972883215,-1.6293838271907546,2.1588770982567302,10.239967903212095,-11.151079574096247,1.8198045449405071,4.5679126238574765,5.793635451524653,-5.706052240986224,2.8887662897189506,6.539546892197469,7.456678913576427,8.453479064413271,-0.050064548738132875,0.4126360927347625,0.17026854502741148,-8.65230217342575,85.69314164170233,0.6158358523563825,-4.72337594570212,0.10607370102677066,0.14244647825905363,0.13858868647161732,-0.2735443873800534,-0.08921270993897884,-0.007625403246821066,0.05323376832007479,0.21359560978940278,6.517547141992212,6.071046581373765,36.85760659321008,-1.706363251676475,2.54655927798302,14.008475336736876,-16.129650889136435,2.4228105566718257,6.211667679842318,8.158467545728426,-7.7518297268321135,4.309769906340531,9.235551096785256,10.521437586182849,11.72105866653025,0.08521513472324888,0.8780526932694308,0.7709765321577012,6.063650459337217,41.804065935661555,7.004216141835422,-1.448545205727745,0.17138488445895264,0.22697499697435258,0.30211668107461714,-0.5158505446171924,-0.10496008592322348,-0.002386810999002918,0.12201491105112909,0.4427198265413611,-0.07028998601667219,0.3320279341081377,0.11024254902811782,-4.184379062632221,18.793995194150156,0.322140148945834,-1.9821464228847143,0.09977919933621655,0.13515043645610214,0.14682924371310563,-0.2689930068708517,-0.08627406310416774,-0.016595501731554028,0.0488763733519344,0.1867450801005156,0.07177242763435303,0.4695499216604025,0.2204771289312901,6.239518362624373,43.27982378643301,3.9105842643123605,-0.5123955447487599,0.13077595916089596,0.17593548702839415,0.17574937773599572,-0.2736733128934158,-0.06850375131171187,0.01901595682115054,0.10743173571668228,0.32084014703337616,-0.0020794245725827103,0.2584233502324918,0.06678262794538513,-0.6246326293524154,5.463025430808811,1.137294,-1.617216,0.04352771853310597,0.058599,0.13250273242681987,-0.48452,-0.03011,0.000259,0.028489,0.4599135,-0.0029419777371445383,0.3464100176774913,0.11999990034731985,-0.5163714657663246,5.018269411289257,1.4868116209065627,-1.9891008181597327,0.060614593825486084,0.08200373521671964,0.18003184553600923,-0.6633019396920221,-0.042585909400589324,0.0002580165361998213,0.039417825816130306,0.6371880799255787,0.00029618325529168676,0.11642172607937729,0.013554018303301557,0.13912041556304047,10.17275067295489,0.989991485549012,-0.7912917254002031,0.007283650122121861,0.00982515272377099,0.05034481106865584,-0.1791239969230352,-0.004920903244607436,2.3384527293898044e-05,0.004904249479163554,0.18138991738018787,-0.0041643369360766114,0.4803803440739348,0.230765274972592,-0.46284578924817127,4.773936679841512,2.132321203377077,-2.8246766531761778,0.08553652158973289,0.1154928958349,0.2507804181501179,-0.9305512109746867,-0.06079166814614607,-0.0011824811917093064,0.05470122768875393,0.8994450838028184,-0.0003962586538326854,0.09588556410671181,0.009194041404062341,-0.14693547498248283,8.880371776427562,0.5617351016638461,-0.6142185582879506,0.006685183217405546,0.009021254165486537,0.042468314123346104,-0.15093961014270738,-0.004505558815319787,6.775314153868381e-06,0.00451569535016675,0.1538251628075651,0.0004189436190177178,0.07388277485683949,0.005458664420546432,0.019101609034203194,9.350270025044784,0.6072752565263512,-0.5241682644108587,0.007365525245555391,0.009936436579487094,0.03393201396747601,-0.11488327296382354,-0.004904605049098705,3.27657231212639e-05,0.005031831530388388,0.12103438653915637,0.00022652561625416057,0.14712136364728512,0.021644695641436708,0.02282361681079861,9.114390171774703,0.878173394867152,-0.9993415281894663,0.007205976662030852,0.009715970951241435,0.06345394192308766,-0.23686872667367637,-0.004842084285755707,8.909917837245204e-06,0.004873886665485728,0.23154143193925789,0.0055285169544562335,0.4578016577311528,0.20958235782139154,0.8343500889585899,5.506503702297433,2.662619,-2.117779,0.061020942109253566,0.082377,0.23123787740733365,-0.8205640000000001,-0.038161,0.002817,0.044216,0.867056,0.007819092007012276,0.6198332253927101,0.38419322730073013,0.77112593827876,4.9376830415523365,3.3930964085249102,-2.7835736076362187,0.08589487001254692,0.11585479600043046,0.31602775135028177,-1.111456930991829,-0.054315367809580156,0.0032940617378636678,0.0615394281908503,1.2503363624532073,-0.0009619577364829287,0.18690858479167016,0.03493481906882495,-0.12637457874761737,13.922094616536683,1.566881974782565,-1.8434327153942451,0.008174745922374,0.011027520571179974,0.07801453219900698,-0.2642228721824361,-0.005518372282714853,-1.7915799756455336e-05,0.005509148288465122,0.2618173994908032,0.011059790511630509,0.8370709581508166,0.7006877889795261,0.7659606954557581,4.283222608576982,4.444380666587363,-3.7862626692213404,0.11965152820500255,0.1606968121290131,0.4326551352422399,-1.503703675265777,-0.07576503876832384,0.002555257323996015,0.08493177336068924,1.7894849712007865,-0.0005461203590486746,0.25993712981778827,0.0675673114579097,-0.1986638175545793,8.541758124408945,1.7317690786282127,-1.8678016008706824,0.020893552454350532,0.028118400865868424,0.11936252633290961,-0.43561955745057424,-0.014015805986683349,-0.00010839558239277925,0.014102594879185075,0.4366530486988467,-0.0013602190031830044,0.188230022346465,0.03543054131255071,-0.21844274650590287,12.35640282624163,1.4887248247172857,-1.5668849738182262,0.007467398686523755,0.010076325447406227,0.07942515107404906,-0.27957621501314317,-0.0050232587510058435,7.913108871150144e-05,0.005053066696400383,0.272560446967149,-0.0005336325640980626,0.18554486672296214,0.034426897567241786,-0.14434873101292825,10.132621826447057,1.3087348785618726,-1.328468319633404,0.008644889265337423,0.011692981118062652,0.07901364615782965,-0.2824341713498139,-0.005821450904414969,0.00010617422551152532,0.005871530213647682,0.2854964176792582,0.005269385557420419,0.14340897124365556,0.020566133033163625,0.12748880768251492,8.256266023568466,1.082549,-1.071948,0.01596169548443131,0.021591,0.06883650819275737,-0.233023,-0.005374,0.005331,0.016217,0.246285,0.00745403174401628,0.1748481271276695,0.030571867560053673,0.08164871927723501,7.733363677936579,1.1906484481680681,-1.1495474971877773,0.021205398806261485,0.0285551586232935,0.08498053634472792,-0.2831232382381441,-0.006439088087872523,0.007517096837268802,0.022116070535420976,0.30511563967990724,-0.0005694809561245954,0.1027454080284289,0.01055661887092834,-0.22874922856072455,9.813936221002113,0.6928745709629072,-0.9372864965934463,0.007551710328221216,0.010183152863838278,0.045834986649354495,-0.1627741518675928,-0.005073897928631785,-6.233080792082693e-06,0.005109254935206493,0.16024212651780856,0.010547444836941767,0.238602629337197,0.05693121472662382,0.03197488547416387,7.795002128519755,1.5101729842406555,-1.5595227603810315,0.029057185067503852,0.03924565698634676,0.11590350953389802,-0.38693967964723286,-0.008249705069386649,0.010729562490329917,0.030995951916960113,0.4070688418769502,0.00014177017056189525,0.0648251821861233,0.004202304245464078,-0.033347576610030474,9.955079265286006,0.44848886353704714,-0.4432788045704509,0.0066561839103444825,0.008988911533518492,0.029524396552037934,-0.09781418869458046,-0.004501152697962673,1.4766793785528018e-06,0.004487758835555819,0.10710681297905794,-0.0008052588745666817,0.12255278349540277,0.015019184742471067,-0.11907618790856163,8.784460318325474,0.8604897253833509,-1.049661448609239,0.008305059541411699,0.01119698651839584,0.05554618382328537,-0.20346635078666195,-0.005691289646780893,2.9286305382707285e-05,0.005505696871614946,0.1960896221123142,-0.00033341718582483184,0.07804062565681863,0.0060903392529076976,0.12963188846218876,12.496661351411671,0.7244387321799608,-0.5721110118977466,0.00650707952484387,0.008755199083810523,0.0337275164547445,-0.11922805989501412,-0.004361305318190094,-4.9405652386160046e-05,0.0043938937656204284,0.11426363380212613,-5.953964099792325e-05,1.0353011037553,1.0718483754369423,-0.00021278046278226914,2.33866298768866,3.644595,-3.643204,0.6961425282793389,0.938861,0.6962040285608624,-1.9808552499999998,-0.468546,-4.9999999999999996e-05,0.470315,1.981332,-9.551396442568671e-05,1.4639833176347523,2.1432471543128564,-0.00018895094560389915,2.3432264997896235,5.109063029837284,-5.150757318959769,0.9798959998930011,1.3223323795806277,0.9839637337880424,-2.8077721796295796,-0.6599232166892874,0.000506195428082854,0.6624091628913401,2.791223058427466,-1.9770700822672134e-05,0.016463247792697505,0.00027103852788375925,-0.6658686186815908,18.853356295219534,0.08360785387639465,-0.46663824948131005,0.015983967789588854,0.021597092677457592,0.013025613372198066,-0.024502570942104188,-0.01071875865190661,-0.00010857663372277997,0.010878334025550981,0.02458054133663464,-0.00016474709669768572,2.069445921660935,4.282606422679078,-0.00013878715278688414,2.358180157765398,7.197217426520249,-7.231973978810993,1.3449828720751547,1.8143584851093464,1.3888971094438871,-3.974573323220369,-0.9065608936512947,-0.003136028857765708,0.9077975914580518,3.9382175274464952,-1.0826148760839689e-05,0.056318131759809396,0.003171731964915252,-0.03079125810421831,0.9307451722969367,0.3909575463932933,-0.5685832931938873,0.043358263973491205,0.058223604553065245,0.04212443972070882,-0.10302356780316314,-0.029637302405647326,5.683588304448289e-05,0.02858630214741792,0.10373069161621833,-2.984962706048373e-05,0.006611346217042251,4.370989880159889e-05,-1.6510018634189998,39.01586312394034,0.04040885275471154,-0.17978405435845152,0.005488150795835691,0.007404779709939484,0.004817584238118528,-0.010636978549619853,-0.00371232259169145,3.503350615318805e-05,0.0036924571182480343,0.010660608177843232,-1.134780627020324e-05,0.02232416659731545,0.0004983684142646949,0.4097940545740019,8.358305945218339,0.43893093672752276,-0.10069581742197779,0.021616918067465307,0.029162303075452325,0.017754204296947667,-0.03820271794109141,-0.014628637761466147,4.118300947220647e-05,0.014533665313986177,0.03768617219575086
-6.177517802644965,7.821554662481599,61.17671733818764,1.0774383193791566,0.22138420885904653,14.8,-21.2,5.930408874022406,6.6,9.351271617497456,-14.89,-11.1,-9.7,-4.5,9.3,-8.698582387326823,11.10901042213415,123.41011255908514,1.1005889600999952,0.2403445329708589,20.817985765609453,-28.56635155855542,8.516803364896731,9.216750066583865,13.256353981535106,-21.152053576378307,-15.534828225038876,-14.047787114806626,-6.318078158455011,13.135682690049709,-0.011240981613883854,0.7141880401237742,0.5100645566558378,-4.265363546591099,44.10317597995892,2.490459687967514,-8.310547361539964,0.286650150076328,0.3911970849253065,0.3553430632753525,-0.7586636495130513,-0.16182844078704733,0.029832026922178234,0.2293686441382592,0.7170759336074286,-12.197233111611698,15.863461823905926,251.64942103852073,1.110877093274104,0.2501795026555711,29.106495959025462,-40.97501470872016,10.868342668923086,13.040287098365532,18.809662547041906,-29.66773917155085,-21.91294144522702,-20.251413739431964,-8.872654346861488,18.65617109002228,0.13421891605956776,1.134229228759865,1.286475943373198,7.120308024696503,65.47412322521339,12.579972649618599,-2.351913787050939,0.29256642510526554,0.38893253275364303,0.4195939174110992,-0.5433326490861691,-0.1961228421934765,0.0026599570103496006,0.19280969056016656,0.8966989848974299,-0.015129976433166107,0.725081350728352,0.5257429651740514,-0.6473215771071434,7.303998727082707,3.0778126880528025,-3.4712348815245075,0.33139618417478645,0.43402911853556825,0.41398786903641566,-1.4145266661773714,-0.17832060689126852,0.01109181164535456,0.25570851164429975,0.7772671412266899,0.05447293340501039,0.6916715951722577,0.47840959556813556,5.1071741888902675,44.75541834911776,6.963128333722291,-2.597719624844824,0.2713317355521091,0.3596526685427666,0.32424969840575796,-0.5133605410127469,-0.18539313746255282,-0.0111649547073726,0.1742595310802138,0.5719656269861433,-150.20467955239062,13.871590238385334,192.4210157416673,-0.43379543959019895,-0.4375859816098675,-110.0,-190.2,14.381241519504322,21.0,150.20467955239062,-175.47,-160.1,-148.1,-139.1,-131.1,-212.31977246364966,18.68787726155637,349.23675654299564,-0.23874814509571987,-0.850739576907563,-157.7985806367173,-257.90079286656146,21.80462645371386,32.237374922996935,212.31977246364966,-243.25688917061532,-228.5235479049577,-209.07850818553874,-196.28617298196076,-187.16100338353195,-0.12093764157526474,5.890592630538417,34.69908153895351,0.1087351562228412,2.4949648831084117,23.914938287861304,-24.105833399004787,4.2795241267554225,5.6800465613440165,4.122840095336945,-9.499464291223994,-3.044829904316831,-0.05502493196416225,2.6352166570271853,8.75175907089522,-299.9828443496007,25.868698041684738,669.1895383718638,-0.28189900895309883,-0.8652147507915884,-222.51158860856006,-356.55398663109446,31.666475889197528,49.439559198486336,299.9828443496007,-341.7652120524833,-324.85688441512775,-295.46478768695147,-275.4173252166414,-266.8494972914783,-0.5805774856038177,5.128987848117954,26.30651634614164,0.04732421178566903,-0.601241277916853,11.931209389036555,-11.87245436170501,5.6466871762978395,7.567510667724241,4.219731949953429,-9.38872812613787,-4.450330210043385,-0.6460236557132273,3.117180457680856,8.086625680720442,-0.1774648595995749,6.7492535896460595,45.55242401735022,0.03156706723325253,4.513726091084199,27.584131100502773,-27.51256449839848,3.2761438462528876,4.463659177840767,4.153699746154695,-11.951957310216628,-2.1882134600080567,-0.14580312513005772,2.27544571783271,10.389893035540798,-0.30682166407197164,4.775230396921542,22.80282534368347,0.18403405237904796,2.8226505511908133,22.841207277842084,-20.938881517223958,4.439603805482819,6.0070670869412925,3.578731030125712,-7.155943232180965,-3.4776735596154444,-0.19910241152165647,2.5293935273258477,6.569176636903251,-1.7623601220752796,7.163825376354884,51.32039402290619,-0.6621174966850352,-0.3409477984886924,10.7,-24.6,7.709531536229131,11.3,5.761953204476094,-15.38,-7.3,0.0,4.0,7.3,-2.5143422977583856,9.697702528756931,94.04543433625858,-0.4231542685710034,-1.0429718611178067,12.694736474479578,-24.107652895034366,11.61082161268511,16.865511939825076,8.055358296923924,-19.22526919488319,-11.419445399181967,0.10932393571051885,5.446066540643111,9.894962227417034,-0.06420163807022748,2.8469308677640073,8.105015365827525,0.15286705803147466,4.343108141535614,14.121666888153507,-13.372591114662047,1.6359392184885655,2.194246504721381,1.8812780421448123,-4.909724708759506,-1.106152600109664,-0.03101701248574862,1.0880939046117168,4.167570399259626,-3.6192548230850474,13.368453897276678,178.71555960361204,-0.34962606576903266,-1.202604524067418,16.211280459060493,-32.665051368979135,16.371875310833296,25.835963217115005,11.280876829791865,-24.900059069506693,-17.60590643177567,-0.053911963585476244,8.230056785339336,14.04465233217431,0.09915731271488093,2.7836005139509474,7.74843182126798,0.47340267292387306,1.7633546234518374,11.243669511097933,-9.504026577634345,1.9895643036187949,2.9949158619306715,2.0448688209506534,-4.157164664088937,-1.430612388461069,-0.23411431249798925,1.5643034734696024,5.050967107061277,-0.08791296742830222,3.1622555460627555,9.999860138604657,-0.24457425830470472,4.473013539620524,11.633222695436844,-12.89403298713633,1.3390232297932894,1.7705003929506187,1.891954763244589,-5.301508775281691,-0.9130733305782806,-0.0014774851837872777,0.8574270623723381,4.2405535111499955,-0.1102639130490289,2.444532128621266,5.975737327861617,0.1932974664135582,2.1376526426424105,8.278449154513048,-7.654289225479453,1.5106609795883321,2.156693913124249,1.6926908269161238,-4.888730084332435,-1.10515004391267,-0.24625748263789085,1.0515438692115788,3.82509948753237,-0.7650050864699899,4.167443475567414,17.36758512204941,-0.07135395509923972,-1.4244851495775745,6.8,-7.1,5.485628208470727,8.3,3.710478128179044,-6.79,-5.2,0.0,3.1,5.289999999999997,-1.089854774815114,5.917612104223223,35.0181330160492,-0.05953856534504931,-1.4267854248513225,9.598322994968704,-9.96823996827684,7.939772438540646,11.811200961161477,5.277210227411061,-9.501520217745988,-7.465061749005054,-0.009415454302249542,4.346139212156423,7.468621054143248,-0.007840291673270647,0.12656450538145242,0.016018574022451697,-13.539153640834774,248.6980614755845,0.19098602937403908,-2.38385401168653,0.058227076154790405,0.07882787611644465,0.053319662257440004,-0.10317544867090192,-0.03987878592526826,0.0013907086603081598,0.0389490901911764,0.09648503892150571,-1.5632810457706898,8.434488298988725,71.14059286577773,-0.03953661674501833,-1.4242763257831208,13.513982719561094,-14.016032176860245,11.374574819120028,16.754331369189124,7.533813058256475,-13.417267342891803,-10.72697951371062,-0.4609360820669894,6.0273518554785035,10.920022995925383,0.015624037797120249,0.2591690338111679,0.0671685880866143,11.739863809929522,165.52261559873796,3.729709467137398,-0.6434910375320436,0.06708123539562531,0.09240792520534352,0.0825579741072195,-0.11998439431595986,-0.04677751721232881,-0.0035090446864266545,0.04563040799301471,0.13534284580544748,-0.011185740351135552,0.11141195339866079,0.012412623360105363,-6.076590265235505,53.46266293401508,0.22673599168003392,-1.0368200011914401,0.06076602828095411,0.07991070905976008,0.05729811070584782,-0.11173996516743624,-0.044424912285080664,-0.006215135568267104,0.035485796774679425,0.10137259240842844,0.014677587420688155,0.1380610638790836,0.0190608573594244,9.903985323270366,130.7597040619863,1.8818321576122994,-0.2632930287012051,0.06260488275569653,0.0857080754936117,0.060326484409526315,-0.08813998269517043,-0.03474309913758495,-5.2374318740110474e-05,0.050964976356026745,0.11077343682093146,-0.3739572736520855,3.575125051161144,12.781519131439973,-2.057440158496141,3.3815213614031743,3.1,-14.2,1.0378215529539212,2.0,2.353204476093591,-9.1,-0.4,1.0,1.6,2.2,-0.5158696597400473,3.9012769270446714,15.219961661491114,-1.1689582832607326,0.024124123877056203,3.9861326048196966,-11.648250717329717,1.5847066451961578,4.9833293990017475,3.0930123227723336,-8.775256996315491,-2.7786284680820814,1.4266378764070067,2.204700930919666,2.999150524570691,0.07054189558679505,3.191104318515162,10.183146771646117,0.07743897069249242,2.478786272942253,10.59613913546,-9.933450748024699,0.4810719552648122,0.6425897814519004,1.7562160731469107,-6.266441310625671,-0.3383566580440803,-0.010843980186556412,0.30423312340782005,6.680654107085303,-0.6936159921489679,5.226187936024286,27.313040342645785,-1.0542145004441013,-0.3290291192263841,5.287897874441681,-14.135908087392393,1.6708364123033557,8.232611425493934,4.290763632842241,-11.3014917478521,-5.24740523524644,2.265336143526728,2.9852061902474945,3.941615200165219,0.15272548517747422,1.6668882376669174,2.7785163968723214,1.1200576699587366,4.312620035490683,7.798905405945071,-4.265239694949623,0.7966960695602047,1.0683287409881834,1.0444961427366115,-2.2560087875579873,-0.4632088153268452,0.015122607122012244,0.6051199256613383,3.287900472833833,0.09807978478427537,3.9310456564191916,15.453119952852193,-0.033764014613960516,3.652117259982753,12.673181616915958,-13.460445478001477,0.27054041366980014,0.3680710766587766,1.9811710257764867,-6.501777496666182,-0.15536645367959823,0.019475241657553294,0.21270462297917833,8.75070175998004,-0.010459764367991233,2.1515891655750266,4.629335937419839,-0.47791724078968606,5.155118127589866,7.627198546950444,-9.681232447995274,0.4790329496313999,0.671296683799289,1.1576113404071346,-3.3159461123473504,-0.3052146664004428,-0.011922454624604804,0.36608201739884616,3.8645683425383806,3.117700915564598,3.1729900285585235,10.067865721331819,-1.5626148886993547,1.7540066688388425,6.5,-7.2,1.3343419966550423,3.8,4.05116988809766,-4.7,1.5,4.6,5.3,5.9,4.409715388362585,4.45351724300687,19.833815833759516,-1.5179454170972286,1.5946499980562896,10.135160800048856,-10.197232034748332,1.861915273818482,5.419973757747794,5.709779883813337,-6.4051257855911405,2.0332272839097296,6.488670716656211,7.453201041657524,8.306385352861474,-0.04158971400469389,0.414053011892967,0.17143989665763745,-8.379423457033303,81.02095205124418,0.6067964248600611,-4.384108845038681,0.10145701579746758,0.1381008711402389,0.14065984995588246,-0.2585445515946087,-0.0723027091165967,-2.149835864884153e-12,0.0657981620236422,0.21605671428225545,6.2374248869023186,6.195763748919241,38.387488432421804,-1.5850660793231928,1.927244818054084,13.604028012570785,-14.692973010875232,2.5728151878210612,7.337700334881388,8.00032584894683,-8.552836485393719,3.06900417006001,9.145932100359225,10.406704504941398,11.54682054778391,0.0729196262944356,0.8792356074388359,0.7730552533883388,5.98859089906896,40.61526298534378,6.59751476194229,-1.3372774247537786,0.1844500158375354,0.2438396291417183,0.3072819254891245,-0.5055916887348992,-0.13308432259226122,0.002780266139820964,0.11075530654945707,0.45172752176115244,-0.05806723488031317,0.3379633353862019,0.11421921606536636,-3.9358593395357078,16.924809158494288,0.31793929156096573,-1.8747194097437383,0.10833554499964683,0.14517875519765008,0.15638392579810165,-0.31479348452921896,-0.0685098431563124,0.00040025274829100926,0.07666891204133769,0.2217460323843803,0.05467587773999054,0.4700474048383031,0.22094456279522362,6.138337976862878,41.89395543092995,3.6383139360481604,-0.4971329189162872,0.11646222017241237,0.16089044278101222,0.17482209476809699,-0.2887005353276447,-0.07083202366092006,0.01293078186656049,0.09005841912009216,0.25844593240335945,-0.003008869502584527,0.26529172297190146,0.07037969827740011,-0.5890140445227451,4.986349305081756,1.198567,-1.644732,0.043969533994220635,0.059312000000000004,0.13805049320679036,-0.4991545,-0.031715,-0.001346,0.027597,0.48488925,-0.004255376837992036,0.35530525779981925,0.126241826220196,-0.4854501328505551,4.551147267308188,1.5206866967042274,-2.132963699766533,0.061470455154077105,0.08277440949068991,0.18690909557561852,-0.6899265693714015,-0.044560108105516964,-0.002208514163569851,0.03821430138517295,0.6673775072068836,-0.0002662990822605063,0.12043932371512002,0.014505630696955473,-0.15449730011139343,8.90214956773946,0.8162086967398554,-0.8712974701699698,0.0073333591164887035,0.009905558577512252,0.05320079769076687,-0.19113545189364806,-0.004946719558997543,-2.6667447802891035e-05,0.0049588390185147085,0.19093811005399874,-0.006018568193477841,0.4931411222957748,0.2431881664991363,-0.45581969301923875,4.353477088320012,2.0748046013771635,-2.7156777735256385,0.08664103944650638,0.11664237064446933,0.2602977885012231,-0.9586560172593424,-0.06345894714077643,-0.004123635859554284,0.05318342350369291,0.9408526046704483,-0.0003975171736918046,0.09619129020154808,0.00925276431063844,-0.1962198284822264,9.131134127712935,0.6392697512253839,-0.6464161765148875,0.006773552215802777,0.009129447188976625,0.04280888116589983,-0.15349248860308212,-0.004511502698949959,8.800980147289614e-05,0.0046179444900266665,0.15296040741139738,-0.00037670056180374794,0.07842134379849262,0.006149907163161377,-0.026443942414859464,9.68890124545448,0.5841614420165503,-0.597806148690566,0.007334079721796231,0.009904168884507639,0.03583175850874548,-0.12590496085249703,-0.0050365045166215466,-0.00011667307387822485,0.004867664367886093,0.1262668648747621,-0.0005435599005981192,0.151182521577289,0.02285615483046746,0.12887567943842362,8.461377482611795,1.1395786932754974,-0.9457942127292808,0.007274282042815887,0.009799112801281077,0.06644958192845561,-0.25504215542315034,-0.0049307230654377955,9.467488240626012e-06,0.004868389735843281,0.24423896875535334,0.005181124579837868,0.46201802193488545,0.21346065259262428,0.72225977830429,4.940369553184373,2.751606,-2.04856,0.06048720531059155,0.08147599999999999,0.2358950241363726,-0.846671,-0.037561,0.002757,0.043915,0.881416,0.007326927447304229,0.6251656129400124,0.39083204360266144,0.6300516512903642,4.3725351263796695,3.181939555909601,-2.443965250981496,0.08522899190371806,0.11484464481965923,0.32277577962227816,-1.1401459505720142,-0.05318603902950192,0.0031414714610538373,0.061658605790157306,1.2624027607901458,-0.00031475883461193045,0.18987747041212077,0.0360534537701058,0.022187010191791222,10.43977696924283,1.804428389749605,-1.5077257160698287,0.008011769485818217,0.010796994564142582,0.08257545270474051,-0.29965717165389044,-0.005339893468851402,6.436338210689995e-06,0.00545710109529118,0.2966601288692532,0.010360706450411669,0.8466168391933594,0.7167600724057546,0.6166789181041458,3.8151770537733816,4.179784358286153,-3.3521104045963783,0.11880810360796747,0.15944543352480392,0.44223962947057693,-1.582000418172357,-0.0739260159306622,0.0035352037428958696,0.08551941759414172,1.8171203040097748,0.0005904291336836449,0.2545055898165186,0.06477309524785402,-0.2306979431663367,6.920822994319279,1.4777282132553353,-1.709177073231319,0.019697870243772606,0.026530319388220862,0.1194602195058801,-0.4480868054200262,-0.013050433042664076,0.00010125118017244913,0.013479886345556788,0.4572257134824248,-0.0004453192759114267,0.18439101671643668,0.03400004704572123,0.15919801525634192,10.032208643310485,1.4514770733063713,-1.4728920874272364,0.007391674194634702,0.009968789585494724,0.08133147019612141,-0.29842497957959857,-0.004979068192836148,-4.203175558133474e-06,0.004989721392658576,0.2917359128692611,-0.0004978817492631569,0.19517786253822217,0.03809439802498915,0.023898464495134605,10.029341855610243,1.4973941143494809,-1.4866023306413596,0.008520404459826748,0.011487596065631692,0.08374107980746172,-0.30866757565060204,-0.005729307526020354,3.856733132323489e-05,0.005758288539611338,0.2969205681044362,0.004760040335564782,0.14409514103878132,0.02076340967098628,0.2832306443438307,7.391292936795773,1.018863,-0.887603,0.016498397487530337,0.022257000000000002,0.0705046153150863,-0.241354,-0.006221,0.005149,0.016036,0.249415,0.006731958491186496,0.1745444429488198,0.03046576256431381,0.08759826109299183,6.506910392265658,1.0511257553079454,-1.0248364342272946,0.02173574650144206,0.02935077440117822,0.08674541790283646,-0.2940194002622836,-0.007592125627322451,0.0073788841701118105,0.02175864877385577,0.30796379641670263,0.0005215582413047439,0.10515357871825137,0.011057275117255488,0.10877004654069684,9.536280155023048,0.7516639165462141,-0.8104779616359586,0.0076273629078589455,0.01028581736791554,0.04736814964740598,-0.16753042497422893,-0.005130761812149933,7.527339811379404e-06,0.005155055555765606,0.16736960052619687,0.009521060297620357,0.23882066286981316,0.05703530901357695,0.05146799140999001,6.503175425336055,1.303084371441135,-1.413357050435859,0.029909626662303835,0.04040137084298544,0.11869019239926637,-0.4062233199406367,-0.009893323353351576,0.010488433496090997,0.030508047489633865,0.41293553689230966,0.00033402880076399065,0.06233617441873635,0.00388579864116312,0.10329919642696395,8.6233372997416,0.42974954938739196,-0.4203946619526029,0.006589401774222224,0.008878741206721625,0.02931186960530409,-0.10198365337173136,-0.004532488488600144,-8.34854262791603e-05,0.004346252718121481,0.1060475818850282,0.0007373165799552918,0.12794696589253846,0.016370426081106396,0.17915347567078543,8.228625772049446,0.8396750670331177,-0.8155330158386517,0.008295807978184985,0.01120187636886606,0.058298620544497255,-0.20660969392339426,-0.005666203262791188,-1.085156146022952e-05,0.0055356731060748725,0.21528531870284687,0.0002871448312531668,0.07576482296638523,0.005740308399127696,-0.009693722669849908,9.993512073688052,0.5891359167586975,-0.5586051932776882,0.006574009393619647,0.008913621589191534,0.033645092321574914,-0.11940554114331715,-0.0043524155420898904,-9.072397022473732e-06,0.004561206047101644,0.11906836772345616,0.00015775904584357277,1.051935554560618,1.1065684109487548,-0.001142436369218953,1.8422362318399044,3.313715,-3.316751,0.7070011069276738,0.9534115,0.7161177376069824,-2.069035,-0.475329,0.000168,0.47808249999999997,2.069954,0.0001695723568237951,1.4875209391084385,2.2127185442860506,-0.0010414770608719243,1.8460774811765486,4.686666832052686,-4.64481578662606,0.9955014383473947,1.3432539586243635,1.0120827085053123,-2.924607308475064,-0.669497339075957,-0.00018920079412667028,0.6737566195484065,2.927679856110046,-3.2195618919539103e-06,0.016279691578491497,0.000265028357890807,-0.029228584969007494,0.8826926420265471,0.13208947237648602,-0.16596843260590738,0.016676765102387237,0.022488015687433062,0.013072181834971856,-0.024657123943674968,-0.011233213427069507,5.4765832532711195e-05,0.011254802260363555,0.024418272329595026,8.923481314437806e-05,2.1027701797424703,4.421642428814181,-0.0008454120732499426,1.8587746918146282,6.560384561328731,-6.5388662950432765,1.365981160830923,1.841321823133995,1.4289452938122835,-4.125377580661024,-0.9204874301853527,-0.0024962164324649257,0.9208343929486423,4.120526675959642,-4.8987635089723775e-05,0.056388903666872804,0.0031797084567518614,0.0009554472281139661,0.24868574653213038,0.17518123510018324,-0.24406296652565782,0.040561927471249336,0.054660536401547555,0.042205398654375725,-0.10319924859293945,-0.027299418801383004,-0.00043982546190731234,0.027361117600164547,0.1043683101225452,-4.570132751358111e-06,0.006386439091399153,4.0786604268151235e-05,-0.3708703515814186,10.635774625863778,0.06896416611930328,-0.12140468714401391,0.005432672152475758,0.007322025565297206,0.004766458246224051,-0.010374780238008419,-0.0036525515956750297,3.0476016875128557e-05,0.0036694739696221763,0.01033304728538336,-1.5519188943334203e-05,0.02212039464942578,0.0004893118594463447,0.008555178376885797,0.051737532371518125,0.1452736195233643,-0.09851510206141435,0.022293039823445736,0.03007217992940972,0.01785128471700966,-0.03751508840038375,-0.015064781889480752,-2.3102044149655228e-05,0.015007398039928968,0.037939425357473675
-5.673588924387646,7.352482864007344,54.05900426552164,0.9055670897420828,0.15000379828464583,14.2,-20.8,5.337367986620166,6.6000000000000005,8.561980830670928,-15.41,-10.3,-8.2,-3.7,8.6,-7.987191445520925,10.444681100941667,109.09136330036802,0.9254753254854515,0.15970508524237648,19.81562504733068,-28.59653639885918,7.81409260015842,9.130018995627374,12.12635068520724,-21.863899029031366,-14.420349875478157,-11.819429969817126,-5.290330879850784,12.022600187208216,0.008531662217223566,0.7264656546298419,0.5277523473567648,5.435112740070543,107.03656020322724,10.72686190613979,-5.267956115520822,0.3843510542074309,0.5176988615907095,0.35724320325997383,-0.5888689554563485,-0.2554158912335386,0.006276142765372139,0.26228297035717096,0.6684591700841767,-11.194739448966635,14.921706675559703,222.657330111443,0.960273401597941,0.21617319535632262,28.02897086703263,-41.30870988236419,10.644641443063732,12.8493969156426,17.22808444991964,-29.530505066246928,-20.353726845574272,-16.62128556011873,-7.5043299299316715,17.192726513805674,0.08176547965281296,1.1763296969826575,1.383751556003311,6.075098849285393,59.39506489228944,12.279278425883222,-5.623693016545139,0.34955389575018186,0.4671342297755496,0.4312342555627283,-0.6418713070297809,-0.21405879349632106,0.0026878754213425504,0.2530754362792285,0.5557688331538768,0.01216495396677326,0.5511142823596156,0.30372695222075413,1.3250453660133772,17.012546180131103,4.335305036485724,-2.3574343716184707,0.41476761359074255,0.5612614478160656,0.36661578756530805,-0.641849179319162,-0.26239761324157085,-0.008005108472472523,0.2988638345744948,0.7274178825873291,-0.030032871401290663,0.8583684551858873,0.7367964048582067,-5.777286333316653,79.61113607769468,4.346857212829413,-10.075971533341468,0.2907353401323497,0.3844822442623838,0.36696160147910484,-0.619305192484594,-0.2118688270073573,-0.025125588884812526,0.17261341725502652,0.6672466146018617,-150.7129925452609,12.919759799667121,166.9201932810946,-0.2784288492116768,-0.6161069733983662,-111.4,-186.6,15.567323294308821,21.849999999999966,150.7129925452609,-173.31,-161.64999999999998,-149.2,-139.8,-133.18,-213.03929580516174,17.75853355223804,315.36551392596414,-0.15000865377279882,-0.8821634158036336,-155.58051417839982,-250.1787522071989,23.44205802842727,31.913865064075566,213.03929580516174,-242.16426707503874,-229.66752119854146,-210.79806766415896,-197.7536561344659,-188.52405372864104,-0.03667835483599915,4.244669034231616,18.017215210164757,0.009191073904433213,2.101129479281872,15.480532608745422,-15.498214955667324,2.8745761279964435,3.938818345644256,2.996976357592083,-6.893326790341343,-1.9524976096871782,-0.07936107329804543,1.9863207359570776,7.325218971781102,-301.0072888381235,24.8454716443414,617.2974612297726,-0.18017963218494606,-0.9850982963272656,-235.8604919972569,-348.6717569193102,32.26979566802294,45.69687144715948,301.0072888381235,-341.7575227582561,-324.0251724221024,-297.2618627196259,-278.3283009749429,-267.46022144304726,0.042687387647192314,3.4569397988397297,11.95043277280207,-0.055566181441601914,0.5178970701354824,10.853459380175945,-12.683199757277169,3.5067795735888647,4.764165266641589,2.7113834306765607,-4.725872795493675,-2.392181635431168,-0.12007210430333615,2.371983631210421,5.63673967426976,-0.05411980753169961,2.7983134132659133,7.830557958863927,-0.6141671039948543,3.168614276308019,10.207923790544184,-12.1292453146287,1.860745535819868,2.5342817993645887,1.9458167461750109,-4.794932145390315,-1.0982090933683006,0.08913067419182169,1.4360727059962883,3.640706958570976,-0.018874190216102614,5.265000950444422,27.720235008180673,0.02806081530884473,1.964049169258983,18.593084245481485,-15.966209758562739,3.507244517563433,4.872598560287297,3.7181956386905335,-9.672433576399136,-2.4273862786200264,0.30127551794901025,2.4452122816672714,8.307747790071193,-0.9854100106496272,5.847298067778494,34.19089469344611,-0.39023438347549977,-0.9681615377938946,9.7,-16.4,6.8199702051257685,9.95,4.856549520766773,-11.01,-6.15,0.4,3.8,7.0,-1.4187415958264085,8.114590026292655,65.84657129480823,-0.31997469273274953,-1.1714430092517967,12.049978098408742,-19.01342130161007,9.966267343805505,15.010773871006403,6.807831932860516,-14.57871676052597,-9.477140207052143,0.5805690299641244,5.533633663954261,9.630413415305897,0.015979729044348877,1.5287447077436398,2.3370603814541866,0.36522586011454383,1.6524195334545428,6.31730853678595,-4.184933885115449,1.192811531972877,1.5786069477027915,1.1070493722673038,-2.6710091499670643,-0.8251004340200392,-0.005074744837773398,0.7535065136827523,2.667741113017379,-2.0762043368270735,11.294591825220737,127.56780449834308,-0.2736587438903727,-1.2604394303352748,15.63833341050436,-23.46429583812494,14.443253319266102,21.110471134320406,9.57932151849325,-19.59601889143023,-13.65260161412225,0.865402872887955,7.457869520198155,13.40119807944709,-0.0034161169361271782,1.853873865533491,3.436848309308088,0.39061567041035866,1.2403465272114937,6.543024483983603,-5.183555026133109,1.5382013370454901,2.1405082652240415,1.3846792040505167,-3.0654509376389694,-1.1024068256007031,-0.11978543007310469,1.0381014396233381,3.0537137962130734,0.023745168435738692,1.1644543003657253,1.3559538176402308,0.05152835339523091,0.7851115630777166,3.7297955575935458,-3.502426423242173,0.9410792486352324,1.3056897619568648,0.8690757896361778,-1.832079515011376,-0.5792994683251527,0.002485865564358803,0.7263902936317121,1.8970182483132052,0.15281053546732395,1.7976491439411446,3.23154244471233,-0.15461902947720058,1.763121916307166,5.511730415890224,-7.103439322148556,1.215908329765074,1.6257571874053993,1.2817961599306171,-3.045154772528251,-0.6374085482586447,0.05981437505343515,0.9883486391467545,3.2848205942363142,-0.2312034078807242,4.3459547175476345,18.88732240697454,-0.2402824602853069,-1.5085350826227693,6.9,-7.0,4.892587321068487,8.65,3.946219382321619,-6.6,-5.0,1.1,3.6500000000000004,5.4,-0.33924437566903215,6.166416038044989,38.02468675425846,-0.22916903904717756,-1.509161024168741,9.731166140296686,-10.146494095085737,6.911485709877484,12.329658664086548,5.596659075593878,-9.273525534475167,-7.142838109156209,1.5374876870753404,5.18682055493034,7.6475467133103,0.005562662831291309,0.21291814225519612,0.045334135301403934,17.87217583791152,364.72911595469816,4.352713697483148,-0.6590362650545634,0.060101277874499544,0.08055301887929497,0.058276437347341774,-0.09421083502225236,-0.042931910541306045,-0.000748481814000293,0.03762110833798893,0.09727746105828293,-0.513624657465219,8.778386014690026,77.06006102290544,-0.20446600631041864,-1.5154500020445676,13.715919358262383,-13.861479895328838,9.719970264394787,17.53707310362251,7.976585729418039,-13.066398404462886,-10.151821654617311,2.219657131671604,7.385251449005201,10.96365816000673,0.018004907017608245,0.3761368810945325,0.14147895331952248,8.539067561742238,136.27122330287142,5.023364496610569,-2.5123407575726286,0.07109852770652501,0.0951910722658148,0.0986327029171908,-0.13488092072136496,-0.04110784397779986,0.009638197249802638,0.05408322828801494,0.14064747292725935,0.007675494188357525,0.1419809715989481,0.02015859629618131,8.987677340389721,105.2077775879026,1.7889505047484326,-0.2472979491405602,0.06527660633728954,0.0878843954641893,0.061258078786248435,-0.11091264531808802,-0.04395139874231634,4.9801860808832994e-05,0.04393299672187296,0.0998915036825127,-0.021233173736604546,0.26230621640022783,0.06880455116220315,-14.23604622830851,211.66088720138825,0.308061916417563,-3.9729972243067935,0.04945301267683476,0.065970352785887,0.06074052510504362,-0.11331102179478378,-0.035227492433166106,-0.0009437869195380788,0.030742860352720905,0.07482288325521777,-0.11214057507987221,2.4874812434619833,6.1875629365751745,-1.9485772148611042,3.240953011033275,2.6,-10.9,0.8895613311033613,1.5999999999999999,1.7296059637912673,-6.01,-0.2,0.8,1.4,1.9,-0.14777438744062873,2.7146690917665324,7.3694282777925295,-1.0834727751297488,0.09804236826796542,3.4956715713118323,-8.808522494626198,1.511502324066906,3.8549314004621786,2.2218755951248896,-5.5681126376134875,-2.0288704679862923,1.0486639399002573,1.826060932475886,2.5647503539839547,-0.0383799325089657,2.2217000411902,4.935951073024535,0.205325202589545,2.7276285368848114,7.919407419581024,-7.431641392982178,0.5395238709927792,0.7158090128318129,1.2696077201334064,-4.282056228375852,-0.36898525717750097,-0.004223823806045218,0.3468237556543119,4.668533012297474,-0.17914301916593464,3.5768602202209476,12.793929034999046,-0.8488596368336532,-0.7301516032741553,4.6924595570546686,-9.35551481733366,1.7293985207346825,6.0806917717142,3.097017897399792,-6.849453243744234,-3.618242926342614,1.6888610566360813,2.4624488453715863,3.373270849543468,-0.07625896316814301,1.346775398431267,1.8138039738196976,0.16320407484330796,1.9107010820180053,4.623815456540503,-3.796242414387133,0.6942845922150314,0.9759573771642406,0.8982789247971273,-2.609759106888371,-0.5320462021935846,-0.005070911051664531,0.443911174970656,2.577947140451241,-0.05326768433914921,1.2569744754084777,1.579984831828418,-0.7042132631554548,6.666095927283028,4.573508882186164,-6.504357942425976,0.2170191675904283,0.28831655403587864,0.6270324203926813,-2.0962833452363085,-0.1404322594167059,-0.00017089929207718922,0.14788429461917274,2.1900872587382025,0.020357493851087302,2.8544203844250835,8.14771573102144,-0.5172572423112938,2.809045898055647,7.81126974328658,-10.363466798475137,0.6938066752283388,0.9128701435544931,1.6352332886484267,-4.937561552894267,-0.39006827021501245,0.019211419609574426,0.5228018733394807,5.187588230157706,2.9594249201277956,3.5183959109840153,12.379109786429039,-1.7183253787492738,2.064662394847544,6.3,-8.3,1.0378215529539216,3.5500000000000003,4.217571884984026,-6.3,1.65,4.6,5.2,5.7,4.191954214583608,4.935103510501129,24.35524665936057,-1.6950599778923985,2.0049363629225443,9.595029950093211,-12.087362099582034,1.5095357936806075,4.930730333618202,5.942539466601358,-8.4906155361833,2.3464120951462597,6.535440115377137,7.277142428764462,8.127303735604071,-0.006608966974160417,0.49307451069359115,0.24312247309572435,-0.34184717210205817,78.85905257520696,5.622320690422974,-4.76617567775279,0.09819694018943755,0.13292388412905687,0.1512467262741569,-0.25512841281187937,-0.06460928721144088,-0.00012844536994496836,0.06831459691761599,0.24740708945132833,5.946590499405355,6.881709588263746,47.35792685720117,-1.7307241586357192,2.172109498298483,13.318902650652905,-17.14439762553085,2.0403963844914568,6.559769771291935,8.346080510798222,-11.677686312664612,3.6180928506899734,9.247897406686405,10.177862621981909,11.363473348359658,0.04757339390564904,0.8541781621768295,0.729620332739786,5.701281294998966,42.08225397930541,7.163301042269168,-1.9753681879016622,0.1678833622245789,0.2267347561194958,0.30142031785376594,-0.4899949838637374,-0.10391082828214973,-0.008107013176159389,0.12282392783734608,0.4200949327132109,-0.008573808213762989,0.4078322140095057,0.16632711478389525,1.8022550382332967,39.124601858862135,3.8061540859878398,-1.9486695302278514,0.09029500469702251,0.12457944341487101,0.15063292624128471,-0.21389773413874152,-0.05511719338873893,-7.414412006136314e-06,0.06946225002613209,0.2363071064346108,0.04862103137927772,0.5573245382993021,0.31061064099053026,3.695281789737527,31.369859766855548,3.9858297764839805,-3.2592525258201253,0.1302865170566182,0.17638117682804508,0.2048890161016755,-0.28535635221643135,-0.08228662554020699,0.0123213995153352,0.09409455128783809,0.29083508590476703,0.002558297359997651,0.17338315045221292,0.030061716860734704,0.09714524958686883,6.709210209135133,1.168614,-1.051551,0.019605190436408827,0.026506000000000002,0.08432943652541626,-0.32263,-0.009785,0.002874,0.016721,0.302451,0.0036201831921497574,0.19506671567913178,0.03805102356584324,-0.10826557844158748,5.035660368082299,1.0085379230458171,-1.0177394946475982,0.02640905466837349,0.03566134367841775,0.09823264517695428,-0.3751093830655956,-0.013187527459579363,0.0038786944648005906,0.022473816218838386,0.362109557529414,1.5558105448126406e-05,0.14855023152992797,0.022067171287595205,0.13929977281829786,14.883966146794243,1.3892320754596892,-1.5844429913962652,0.007651638205728914,0.010316306191129913,0.061905383172828364,-0.21220074197112931,-0.005213247216839422,2.1160008296436177e-05,0.005103058974290491,0.21795410154251918,0.005126025370173058,0.25731104346261124,0.06620897308781781,-0.10143562820845933,4.594043736398847,1.097294160184794,-1.2444987319000456,0.0371964438552123,0.050284726773128,0.13327211402462547,-0.4432025645417471,-0.01962543715934508,0.004868518865169356,0.03065928961378292,0.4969280791279108,-0.001553182243081189,0.09938557898965354,0.009877493311108664,-0.17146380984658696,7.4112223941583135,0.6227868043125673,-0.6259501486411155,0.006202244695879773,0.00838534875222182,0.045315140120520625,-0.17204636001840973,-0.00447148101709299,-0.0001245604327560579,0.003913867735128831,0.17042016219093825,2.2160935816231552e-05,0.10735707807258273,0.011525542212282624,0.09365810283398139,13.377444098017666,1.0923275066438776,-1.1106606084412578,0.007912036672238101,0.01068468917350594,0.047769498112352836,-0.16331903069460144,-0.005342462345898429,-3.0322607269725498e-05,0.005342226827607511,0.16716511909193082,0.0008779958151433152,0.18055541233539713,0.03260025692360528,-0.035985004055976204,12.093510888796038,1.5411061914522266,-1.5186791387805383,0.00739904147293578,0.009978713610451665,0.07679481651588169,-0.2775887937030527,-0.004858726484268206,0.00010107653118455074,0.005119987126183459,0.2709194552226244,0.006825483320118639,0.3700188502142061,0.13691394951384311,0.011340099311604207,8.057509110611518,2.075224,-2.945816,0.03964181811840279,0.053536,0.17424030583208527,-0.595244,-0.022479,0.00516,0.031057,0.614036,0.009646496119435086,0.47053824459714405,0.22140623962856176,0.6327134014614006,7.158474605054186,2.8179198918268873,-2.7237759074686894,0.05535613565134218,0.07461767385601897,0.2269385076145695,-0.8373225880137375,-0.031846606638232265,0.007074634580362293,0.0427710672177867,0.7867706592072917,-0.000242575996570962,0.22890658631172187,0.052398225256885776,0.0066390862580759874,14.783760646277528,2.2583244640553164,-2.2954119245715794,0.008230038433637909,0.011077776707971533,0.0949186219157444,-0.32892311226615056,-0.0057019065864365665,-8.883452337434396e-05,0.0053758701215349675,0.3370731455642796,0.013624667616712464,0.5931801542718114,0.35186269542193,0.8751072203527217,6.413287243372817,3.4969420448170023,-2.6043400528947247,0.07512668498085513,0.10188828048803676,0.29388127422098237,-1.065266866556209,-0.04510474983324922,0.009619625342172021,0.05678353065478754,1.0136236063116826,-0.001286128688309693,0.3014517497125094,0.09087315740473341,0.02018718230919429,6.7717042437029615,1.7072233539172048,-1.7679799124240392,0.021633515303787723,0.029181092325654336,0.14037553272937206,-0.5150380571654346,-0.014873843507296185,-0.0002649912624876217,0.01430724881835815,0.527177300577619,-0.000343039270970533,0.18852373490349042,0.03554119862196153,-0.015514858390676544,9.746946978988849,1.3898428045359121,-1.5783665314177306,0.006945179267065922,0.009385594557520386,0.08296826874752546,-0.3122802472127606,-0.004781013230315061,1.0481899779970268e-05,0.004604581327205325,0.30277987055828715,-0.00039900289308614527,0.2631285503083076,0.06923663398735157,-0.010876899568166258,14.774862300595792,2.440503731905829,-2.2391957696306264,0.009158601632615063,0.012351187798885131,0.10744191778568257,-0.3943523192791473,-0.006055812476333839,0.00010671221917675734,0.006295375322551292,0.3632410514686197,0.0075153595131119124,0.1220501523216973,0.014896239681749513,0.43068641902493504,9.910524460036406,1.076561,-0.914456,0.014615492670028223,0.019717000000000002,0.05994668388981882,-0.19414875,-0.001201,0.008718,0.018516,0.19843,0.010628383230996461,0.12101040112100203,0.01464351717946581,0.09660651379069328,7.939190536733497,0.7671876520413276,-0.8075792488474086,0.018755589596375414,0.02530100850592359,0.06259576294840742,-0.19899526149848523,-0.00014843301409133954,0.012505436894471702,0.025152575491832252,0.20201893336407134,2.8874475122176433e-05,0.12307046764138563,0.015146340005469347,-0.07957886980998527,14.418393455953549,1.3208698561488088,-1.2471259983582534,0.007669524179079656,0.010343012314360807,0.05332547120397114,-0.18508149826755427,-0.005161111735568158,-3.9924722362441435e-05,0.005181900578792649,0.18121245706161423,0.015031050460101562,0.15520320275890187,0.024088034146620804,0.1425440371289792,8.861287509547177,1.0319191417733182,-0.9202721906348428,0.02538252430321566,0.03420801137652084,0.07945848759325345,-0.24144504539079192,-8.041144490769761e-05,0.017231980266459297,0.03412759993161314,0.2569479231493884,0.0008889372498801232,0.07206288767882064,0.005193059780610321,0.23938577760000918,7.491045501089559,0.5015007141041901,-0.4334257508905261,0.006682290425573793,0.008994634061728773,0.03379788355515158,-0.12109715574119842,-0.004526040778935588,5.008154320463622e-05,0.004468593282793185,0.12972862860361922,4.08181932244682e-05,0.13580301032950923,0.018442457614556793,-0.08673424187732535,10.200736646212082,1.1878671210205027,-1.2200347947536812,0.008253787809003179,0.011166897308371941,0.061827762371306945,-0.22161084238624823,-0.005650324833980119,5.553630606161791e-06,0.005516572474391822,0.22061049161692808,-0.0006193857558702392,0.10883246136818636,0.011844504647457777,0.007338042763396194,12.133522158318232,0.9927262940510135,-0.9763006150364972,0.006847648292852103,0.009218059226960286,0.04699320446517457,-0.16279866362621354,-0.0047119774546387485,-2.480892631453755e-05,0.004506081772321538,0.16043277083003715,0.00015781500895662657,0.799552133971843,0.639283614938928,-0.001817691520470793,1.0316854864622105,2.391031,-2.383805,0.6866857500286009,0.9261935000000001,0.5889922304789592,-1.5638435,-0.46142325,0.0002195,0.46477025000000005,1.56359875,0.0002665539054151113,1.1306038180309828,1.2782649933462353,-0.001914700396327652,1.0343202206816402,3.389563513488705,-3.319784369492129,0.9684312756047214,1.3066585327338105,0.8324498871748743,-2.209861676849504,-0.651485167884774,-2.161087931725706e-05,0.6551733648490367,2.2110248203174914,-4.813591575383835e-06,0.0146378797599306,0.00021426752386618595,0.10317773917334604,15.63628763622755,0.3003586473453456,-0.2821970029824644,0.013830369598844719,0.01865151871759758,0.011405832028847674,-0.021966844779146795,-0.009353012537802878,-3.7664623614101084e-06,0.009298506179794703,0.02211554961025368,0.0004985305939462,1.5980656352488658,2.553813774563361,-0.002077603918207975,1.0443942068112193,4.7512983050170705,-4.697695551081642,1.337941354531591,1.805381721502538,1.1754535131697232,-3.1332016612744393,-0.8999273634100216,-0.0021001201716960433,0.9054543580925165,3.1287342216808307,-1.0278277216138655e-06,0.048602790263451004,0.0023622312213930075,-0.002342667491130373,0.37449578626370883,0.35450367492511875,-0.3031057563602159,0.03741130776860583,0.05060677248871384,0.036820296216427364,-0.08812299715110121,-0.02546571979498421,-0.0007885857813550862,0.025141052693729633,0.08954377302767552,-7.553181769597588e-06,0.006386537221615195,4.078785768307634e-05,-0.531676067707672,170.6621157296196,0.21196206885988916,-0.19345369063842296,0.005008239691645288,0.006759237875141224,0.0043932260395763995,-0.009145437482383827,-0.003412079487181448,1.2340400390842667e-06,0.0033471583879597757,0.009112741807737357,-2.181482974091212e-05,0.01969295540610053,0.0003878124926266641,-0.15526020106724875,3.3402475442340647,0.16667073304442395,-0.27732879533282245,0.017860330941688693,0.023948248135084872,0.015494873688490623,-0.03348320464836474,-0.011698132885689737,-7.365510819446576e-05,0.012250115249395137,0.03335960049314631
-5.677212614445574,7.375401746911518,54.39655092834546,0.9055375474765652,0.09379983487868149,14.3,-20.8,5.782148652171847,6.800000000000001,8.570193285859613,-15.08,-10.3,-8.6,-3.5,8.5,-7.993305706234594,10.47450156806089,109.71518309931007,0.9249854897331857,0.12025189522311619,20.10269170929674,-29.478761655894974,8.256727690167127,9.628749750478528,12.13763475151732,-20.97523728273133,-14.57873951105126,-12.08078122653419,-4.949989760572732,11.971545061998057,0.039947951194705594,0.7299663642004902,0.5328508928640827,8.393797130593942,98.87252917548649,10.287162519388199,-2.473617059830301,0.24910535207972986,0.33663942678821734,0.28924402481611766,-0.5104701348635914,-0.17450096776855342,-0.0025951413702935966,0.16213845901966395,0.4777635534431295,-11.205610442587137,14.954930993446094,223.6499610187346,0.9681103792355906,0.15798325596199625,28.318881254721777,-40.42371515666065,11.437410666657303,13.53496618738696,17.24178116130327,-29.70755050103711,-20.667228272573375,-17.146019180524174,-7.132262085186416,17.00032724322227,0.05871193007616639,1.2261357097662235,1.5034087787639205,4.932245401097758,48.71564569948931,12.20867386169839,-6.065767296755684,0.2964685480614404,0.38578807004561877,0.4428387313406438,-0.6098840609756614,-0.19376723588866007,-0.019706778097761557,0.19202083415695867,0.5968095495603812,0.05524721097390982,0.5270304007052878,0.2777610432675762,4.311527067186065,29.6879133917898,4.739348258876374,-1.2307012424997663,0.25323592428088076,0.3405771275160334,0.2766041336093541,-0.45172431363294274,-0.17455093989175546,-0.004644291203538126,0.16602618762427795,0.5383985689431945,-0.11885715650067526,0.8716046934749762,0.7596947416876071,-7.026456108570179,61.25595837603336,1.5429504738201651,-9.397745713840528,0.25722946309611266,0.3419672904640672,0.32493088844399537,-0.5594522173945919,-0.18578756562821952,-0.02094519995427199,0.1561797248358477,0.4710024900691302,-151.47955239064092,13.332122575696626,177.74549237339966,-0.32714256219995197,-0.6020452848320814,-109.3,-184.2,16.16036418171107,22.350000000000023,151.47955239064092,-174.69,-162.05,-149.9,-139.7,-134.3,-214.11953481377523,18.480200793425986,341.5178213653424,-0.2583152403325325,-0.7671821860457477,-152.49222054618718,-256.7641289806892,23.45939234696898,33.004318663880554,214.11953481377523,-245.31004368951736,-230.34560509848512,-212.24435045348716,-197.34128643460457,-190.27808346408438,-0.14950459696825155,3.663364729844879,13.420241143871442,0.03656890170855154,1.8547693055250072,14.6800010803366,-15.578962036057101,2.761879637784372,3.716596851627977,2.6456287724521195,-6.101278188203993,-1.9744316074953678,-0.2516758606107441,1.7421652441326092,5.73927568944889,-302.5188923696683,25.83624291897531,667.5114481683017,-0.3092050014578145,-0.9287430305640969,-239.28490384445885,-357.0239736517096,33.433862749525815,46.7225113913442,302.5188923696683,-346.3418864282508,-324.94711141578085,-299.95797391707714,-278.22460002443665,-268.5571546277141,-0.2606210593087515,3.699550310806776,13.686672502190515,-0.14827047280912548,2.437643208515677,11.500194886135395,-18.196113228166354,3.1265067114375773,4.288163922066565,2.7462744657444307,-6.140585123498733,-2.3730763983652414,-0.3409160108770344,1.9150875237013238,5.635425281758278,-0.20963458718764325,3.011992547792722,9.072099107958893,-0.16053476823575732,3.8091642438517175,12.492691356814133,-14.649596710909206,1.9900139425221095,2.679433744158899,2.0636767030291723,-4.851534660901475,-1.4921619801976946,-0.14590045586196215,1.1872717639612043,4.8851055103307965,-0.03387226320422397,4.171596670215493,17.40221877895299,0.020922173460267382,2.9540404471022095,18.066323667185678,-17.381134139705516,3.2999893005491936,4.335016872371191,2.9477825474123738,-6.17801172823382,-2.3567953738097245,-0.06798111088464748,1.9782214985614663,6.740566434776017,-1.2118006103763987,6.193065651985804,38.35406216980635,-0.4487156790569991,-1.0006984349819752,9.3,-17.2,6.968230426976328,11.25,5.137741607324517,-11.7,-7.2,0.4,4.05,6.9,-1.736340774710355,8.611723817097861,74.16178710197056,-0.3874293789510966,-1.1763914715656296,12.067709257897375,-20.39865338643173,9.835403203072929,16.463946404288617,7.215459467659075,-15.869454401555807,-10.654468380600521,0.6074964485058523,5.809478023688096,9.307233940327368,0.13492196866530032,1.526756639059914,2.3309858349135246,0.24459146980098032,1.409365927172649,5.979636800692626,-5.14493166528042,1.1727365751170724,1.5594862345052147,1.1003503134283776,-2.1825205462635773,-0.6649368721765703,0.05174973245374048,0.8945493623286445,2.958709952035019,-2.519809169802112,11.991277984586954,143.79074770363977,-0.3398865433310662,-1.305325649585106,15.37218444905764,-24.895468512054478,14.720261304060784,23.081503134388804,10.144801018855201,-21.706783020582375,-15.236150575243892,0.7390370133786628,7.845352559144914,12.976818674659427,-0.015637251714316555,1.965879066535227,3.8646805042414156,0.6472149100906194,1.452030464948435,7.083878010317316,-4.484277684217269,1.573859198555854,2.102672304163142,1.4590708339654834,-3.2084788839688922,-1.164019068673023,-0.10133525315804792,0.9386532354901187,3.227913947899638,0.18741986511605915,1.4512515569903819,2.1061310816670074,-0.04234270959807849,2.6724673207855227,5.894944021805032,-5.50027098820513,1.0423489536217032,1.444241194226211,1.024599270452342,-1.957561758757055,-0.4940673758377856,0.1780334637529891,0.9501738183884254,2.546238288606089,0.0196239204542058,1.5785605259447197,2.4918533340708704,0.10745476374213103,1.7909623314377976,5.771149384395187,-4.524488156947359,1.1402397492672105,1.5050406931626312,1.1154470211292637,-2.9292574755864655,-0.6973898534128649,0.015970807156375416,0.8076508397497664,2.5166991573459043,-0.2965412004069178,4.42265372388859,19.559865961425615,-0.2051005986621895,-1.5440177225735507,7.0,-7.0,5.040847542919047,8.9,4.037334689725331,-6.7,-5.2,1.0,3.7,5.4,-0.43078146296470493,6.2737452162552065,39.35987903848508,-0.1949818558110211,-1.543385430288785,9.881165707443323,-10.134629809873392,7.448351355180326,12.636241963713557,5.724935236568993,-9.463124867272743,-7.407795389215096,1.3081641594100872,5.228446574498461,7.7149704399379395,0.009031560652278265,0.21630306003961886,0.046787013782502954,18.344963239600183,382.3393966524062,4.528208213006193,-0.73449139901926,0.05364287287942463,0.07242492935542272,0.05630526137761359,-0.0921326367565121,-0.03533092318128178,0.0008262288644430571,0.03709400617414094,0.08988344917135292,-0.640695983520808,8.927113304007271,79.69335194258362,-0.17225667737774564,-1.5464662037559123,13.909348802048136,-13.892037900176575,10.69144805138793,17.943420365164513,8.149511338436522,-13.33732863902827,-10.578200584580266,1.5493592926310351,7.365219780584246,11.165806373177725,0.011556508304996143,0.3845085288215201,0.14784680873648973,8.565477006130173,142.16419524376985,5.230674120772735,-2.699663034388241,0.07175386426807101,0.09358691954834583,0.09607254888905982,-0.12366537777404872,-0.04947944098770293,0.0018237725497801116,0.0441074785606429,0.12318293050654228,0.012345926964915039,0.14746453358197595,0.021745788664549716,10.30396090260536,131.3606499904462,1.9967332433912532,-0.25531435831292265,0.055419650879943105,0.07355765846085996,0.055481890107097,-0.09228083938198009,-0.035276353676140015,0.00231889734792259,0.03828130478471995,0.09871709964168895,-0.02405296115519169,0.2645336236194548,0.06997803802523937,-14.280716895626044,215.32686856458196,0.14216492109377504,-4.071256262462041,0.055720257970494014,0.07541604548153655,0.06454220454120387,-0.10472679241073746,-0.045294833416289926,-0.003975981465742049,0.030121212065246615,0.08695425272005788,0.05228891149542214,2.449043733479156,5.997815208493525,-1.8946654360060624,3.00922036856503,3.0,-10.8,0.8895613311033613,1.5,1.7979654120040693,-5.59,0.0,1.0,1.5,2.1,0.08384572582949762,2.784332903945214,7.752509719991987,-1.213036888571916,0.5364557203942217,3.6875875001054275,-10.131827184013726,1.480359463557233,3.850622752781093,2.3266116059539645,-5.760513902670093,-1.8286665434434175,1.2489739284004553,2.0219562093376755,2.8083710706752814,0.038294687275759166,2.042875052281977,4.173338479236089,0.3392544801522249,3.916770476506234,8.134573178194607,-7.580342387669423,0.4170774778054868,0.5766113209584163,1.1138664275728143,-3.5121499383856927,-0.3083327528568901,0.003910376899860735,0.2682785681015262,3.7332860819247884,0.14603004583878085,3.71963331323838,13.835671984952729,-1.0831308524385792,0.015701510900240745,4.748090480372832,-11.615459117231527,1.8710985689175075,5.799896076309349,3.221421076287321,-6.739146587034549,-3.018288109787586,1.8674651580154689,2.781607966521763,3.752361539429608,0.05970126896401931,1.2302917713519415,1.5136178426562976,0.5375220793021227,2.536770005248081,5.2585790651031035,-4.266427875512939,0.8998297277119968,1.2096446124373719,0.841008886361525,-1.8703302731584168,-0.6138420210430706,0.015984142786549582,0.5958025913943014,2.32378917895096,0.05314980919064039,1.9608346740317355,3.8448726188851423,0.8473701185704929,7.12029609806395,9.309366312813689,-7.701526859974892,0.19374437923691584,0.25849225292356476,0.9300727329807007,-2.6658651637475153,-0.1272088884662699,0.0005374655834911675,0.13128336445729485,3.560322953671234,-0.0005316730132743561,2.094161132995622,4.3855108509495055,-0.12916190611795417,2.576795710549016,7.062082886949264,-7.090233444391,0.46245484435997697,0.6208050100142234,1.2020580084624382,-4.142706946552282,-0.3459587443688824,-0.0076911044379900685,0.274846265645341,3.7495130186035945,2.9591047812817908,3.513930425000932,12.34770703174723,-1.6713858929074727,1.9113924087236471,6.2,-7.9,1.1860817748044825,3.6,4.2219735503560525,-5.9,1.6,4.6,5.2,5.8,4.189059285712899,4.9192908233645145,24.199422204838324,-1.6864544439895819,2.040329196924067,9.639222873022913,-12.152653108223669,1.7843173791945246,4.7950184655537065,5.927125690724942,-8.21235325380375,2.519281474216006,6.465381357246203,7.314299939769713,8.208965808588978,0.04161012025651081,0.5754494493834362,0.3311420687956999,8.705861216929751,83.766950698835,6.134804087084621,-1.0433450682504337,0.09308984132799954,0.12362739889784605,0.15914954472048434,-0.2693017780042698,-0.05886095470911853,-0.0015172874611079357,0.06476644418872753,0.2224816828353938,5.9354391096360475,6.834264386103396,46.70716969916122,-1.65255953356102,2.0328358319409823,14.328572614597684,-16.80805914583538,2.505728327900175,7.180014971740201,8.249866204699732,-11.012928880741548,3.2143555548306515,9.128444861382018,10.394370526570853,11.442508352873993,0.05692380273232914,1.0276523962966013,1.056069447614147,3.8465058034996944,27.675108513139385,7.0244393197956025,-3.5186191114866,0.1593904565930174,0.20965869415262386,0.3454936980536395,-0.5153503952243816,-0.10826025028378863,0.002752276895769179,0.10139844386883523,0.4197149616170075,0.05787543768561346,0.3664543567478542,0.13428879557948362,5.187324006895151,29.95737791388138,2.6298106389865676,-0.2855193973439021,0.0884581476580465,0.11712261177786107,0.1406599212676715,-0.17673207660521184,-0.06475817185152975,-0.0030459773987555868,0.05236443992633131,0.2851241272446723,-0.08811586879274103,0.7149043828041584,0.5110882765525946,-6.652630498360952,44.841473500361396,0.4368238640998167,-5.582957130954266,0.10807335079879486,0.14880485858948175,0.20019902045662072,-0.26052782405618974,-0.07306631096086949,-0.0028645995957612283,0.07573854762861226,0.2741288748029168,0.002574085770119533,0.17656477480692526,0.031175119702620227,-0.03031417340686924,6.992033163313984,1.21604,-1.220157,0.01691649131314892,0.022821,0.08412311190197701,-0.314473,-0.008715,0.002696,0.014106,0.313817,0.003639879192675141,0.1972709383923748,0.03891582313420814,-0.29858058756001904,5.527876413746501,1.0433623154781269,-1.1516741408199678,0.022566378211191434,0.030446729362939653,0.09719814254315896,-0.3695338141701291,-0.011337356680953255,0.0038991587569935683,0.019109372681986397,0.3605228408577675,0.0003995082278052097,0.15306540970893384,0.023429019649363777,0.11641339161253009,15.546068806241287,1.4149519310035517,-1.4955397858203412,0.007523040398634278,0.010143918009765038,0.06395268518245334,-0.21773908013410712,-0.005128725117385606,-6.619524218640229e-06,0.005015192892379431,0.2319141723241901,0.005146205295226701,0.2567359392347878,0.06591334249476866,-0.3101913704121221,4.973248545952145,1.1649238407614888,-1.3176316104784451,0.031545348643238075,0.04252528012843482,0.12910979098522082,-0.4462275939707868,-0.016354159432809462,0.005069266051117949,0.02617112069562536,0.49387551413862785,-0.00017949019683338954,0.10911158549930686,0.01190533809017255,-0.17791756093920622,8.8593383162004,0.7395879713908706,-0.8638486975140739,0.005983403522583974,0.00808103726280473,0.04905008441623771,-0.18569818540313757,-0.003983515300239004,5.150238371419923e-06,0.004097521962565727,0.18823589852023373,0.000565163841417832,0.1075500208914927,0.011567006993760516,0.11228659870572841,13.352999679241396,1.0053368961655547,-1.031595949487571,0.007704258444466307,0.010388475090470133,0.04707824141650702,-0.15971324179209442,-0.00514001122205489,-2.884376352957539e-05,0.0052484638684152434,0.165124338126653,-0.0008218649446697468,0.1878359798267435,0.03528235531747279,-0.09852216745330067,13.51594293414798,1.655390564958518,-1.6100641580444066,0.0072506306307694975,0.009772463907503054,0.07959473516115034,-0.2881624882722815,-0.005006172457974542,-4.880901157818412e-05,0.004766291449528513,0.2854696499082454,0.006469522822582946,0.355477078459385,0.12636395331001973,-0.08803353197036994,9.064500013574058,2.204167,-2.721037,0.025567475258129104,0.034549,0.15983160826462786,-0.582295,-0.010222,0.007143,0.024327,0.571916,0.009149330443292376,0.44791501268394945,0.2006278585876626,0.4778767493887378,7.811014391901489,2.787808742450701,-2.954589429472101,0.0352194618332214,0.04744980975764962,0.20694132042657312,-0.7891838787830825,-0.014451143081247654,0.009638567486232453,0.032998666676401965,0.7409275442271342,-0.0009791497462417434,0.22820489219156728,0.052077472820164845,-0.20566780775440843,14.169704807138437,2.226956618399308,-2.210756063850494,0.008092551483951846,0.01092072301346643,0.09474209446120214,-0.33427586685264526,-0.0055778504904890214,-8.461364074127609e-05,0.005342872522977408,0.3375402199322429,0.012939245220919297,0.5590618062750632,0.3125501032355362,0.7718388827526691,7.3088141227968855,3.5899859656877244,-2.7312298437400266,0.044977592170210245,0.06057227335912376,0.2630184542281683,-1.0016158550031662,-0.017796164964080124,0.013245958073046316,0.04277610839504364,0.9503758903109447,0.0009709422627518228,0.2977180526242299,0.08863603885836371,0.05885891268680653,6.8077653321139255,1.8231688078378445,-1.9373477735801024,0.020596688072278196,0.027835035252945423,0.13908287525918148,-0.49193904021646495,-0.014402873851212604,-0.00014239417218918165,0.013432161401732819,0.539976735901289,-0.0013848821738908616,0.18375780958084767,0.03376693258195107,-0.14900248256376036,9.357410703202536,1.2522910676756678,-1.4464740395710314,0.006901286434548558,0.00930913224595984,0.08031267209467631,-0.2988893561462083,-0.004674179110839344,-4.862630419998792e-06,0.004634953135120496,0.28469557698018194,-1.7458115003824983e-05,0.2652738063303803,0.0703701923250081,0.026291891142347073,14.96273767965366,2.497762062373746,-2.5302468514121688,0.009120442559955793,0.012286858537421782,0.10889322261920534,-0.4027363270009435,-0.006006979782438438,2.6320240816812975e-05,0.006279878754983345,0.3877730029753107,0.0057176270932587795,0.12531378964855663,0.015703545876082702,0.33476371295182583,8.674220766978484,1.082005,-0.856637,0.012015008378769398,0.016209,0.059532180198556474,-0.200953,-0.00229,0.005875,0.013919,0.21312675,0.008087584761548423,0.12154446115687086,0.01477305603791409,-0.1308035428301926,8.004629812492103,0.7257356056449229,-0.770264030205332,0.014879523269006826,0.020096199165656838,0.05962133452552759,-0.19326164424907677,-0.0012680431837123302,0.008549485294641297,0.018828155981944508,0.20652073060511622,-0.0003527469809434808,0.12896228298663906,0.016631270433125973,-0.08783098150974497,12.39995559065609,1.2219028870073474,-1.1545845373059913,0.007636756312119731,0.010295109845202564,0.056250427583031566,-0.19956579924064127,-0.005131145634701843,2.7465645615718366e-05,0.00516396421050072,0.19774188714265106,0.01144237640677711,0.15478722557054456,0.023959085199826646,-0.07121441568293743,9.128801590161412,0.9906910405943876,-0.9376256376818948,0.019858570143399732,0.026832145638500803,0.07541393339287127,-0.2352079841103638,-0.000997651301299075,0.011817418729171475,0.025834494337201728,0.2606172857824759,0.0002283387844302383,0.07471353682603331,0.005582112585055035,0.35311700282657876,9.100138027552855,0.6548189287543394,-0.4482702409987693,0.006544769507369422,0.008842812404003213,0.034310171525923513,-0.12592972141827624,-0.0045115735714831035,-6.848164334962001e-05,0.0043312388325201095,0.1278505585637783,-0.0004988771836714278,0.14620815582874408,0.02137682483084231,-0.09092196443971123,8.824888068366953,1.1959107061425374,-1.0969347387238135,0.00827654588596595,0.011156502689820729,0.06579077892047705,-0.2409554652379962,-0.005581506024471449,0.00011941031328960512,0.00557499666534928,0.23862818765008487,0.0006650087603120916,0.10899352199607626,0.011879587837109159,0.08391669502954947,14.094136172651826,1.0288564175927901,-1.0545839095140905,0.00683613199941723,0.009213925428511287,0.04651076405841758,-0.16552517264901384,-0.004489741272755102,0.00013437676514471553,0.004724184155756186,0.16687778838449838,6.384061278634935e-06,0.86005174319408,0.7396890009711757,-0.001371361588617318,1.524832748258687,2.705176,-2.696104,0.689249169264397,0.92981375,0.6147495287849828,-1.6690575,-0.46404775,0.0005835,0.465766,1.6688535,4.676080654038587e-05,1.2161602953588218,1.4790458640072564,-0.0014513427508431535,1.5282086310162786,3.80899817232796,-3.8118659281032645,0.9729957606585837,1.3120594757543194,0.8688343837416044,-2.3549230659870486,-0.65453887674309,0.0004367794452712929,0.6575205990112294,2.3618664711180584,-1.7958069898781166e-06,0.014926998303982147,0.00022281527836708588,-0.18015691517933213,54.26212009285852,0.4530108779289952,-0.470333573508231,0.012820914945330645,0.01734362152782054,0.011317112047372848,-0.022535717484206155,-0.008591508544187288,-5.628128651734288e-05,0.00875211298363325,0.02262947461025091,0.00017205007206695948,1.719104851504367,2.9553214904658516,-0.0016098430139213208,1.5406406815978873,5.301001903375551,-5.354998240241297,1.3401791379038315,1.8077067513625529,1.2268555036417153,-3.3295826277240756,-0.902395332367437,-0.0005515816164398842,0.9053114189951159,3.33466009604743,-1.9148204495015224e-05,0.04828195241081713,0.00233114692860041,-0.018456902666396956,0.32886610562699214,0.21107690600559442,-0.3146461310519156,0.03890878094303788,0.05242433433803356,0.03627263777677855,-0.08881260471349908,-0.026211614217053435,-0.00048778580239780545,0.026212720120980124,0.08971603399576024,-3.026166116372072e-06,0.006617724182838962,4.3794273360131604e-05,-0.7759438236531736,523.2479684381442,0.29939240682870033,-0.31181799864688725,0.00490300425733319,0.00661674096216446,0.004313756858162395,-0.009344462986237801,-0.00332211432201069,7.403752304582117e-05,0.0032946266401537704,0.009392953703551598,7.850494502680462e-06,0.020045949977593975,0.0004018401105041999,0.04277617786578368,6.82524779329473,0.2690184107991995,-0.28203574104118234,0.017156082395960927,0.023097708833903934,0.015378912754630306,-0.03529761341209002,-0.011429796940153667,-7.411269669382577e-05,0.011667911893750264,0.03531649337484577
-5.236143308746048,7.363524025512464,54.22148607429928,0.8743848939037675,-0.0025976051710951964,14.0,-20.9,5.782148652171848,6.8,8.296417281348788,-14.319999999999999,-10.0,-8.2,-3.2,8.6,-7.374014376830995,10.465730692225568,109.53151892219226,0.898707987807537,0.005351199951219687,19.59323010330307,-28.547643334317797,8.371857535802079,9.597939461870403,11.770450078748697,-20.122267407466573,-14.10901550952929,-11.656911262869269,-4.511076047658887,12.170764943562132,-0.04039307165677053,0.572443364762019,0.32769140586006185,-7.587408470187193,99.33888541699119,3.1731591166219935,-8.135562050825126,0.25755484057915734,0.34876123341983456,0.2627750771949367,-0.465309255993517,-0.1775095101240463,-0.005020329792707723,0.17125172329578825,0.4491825305109491,-10.319306334693929,14.951706007858554,223.5535125454336,0.9153219217985683,0.013075480443517584,27.710550681294944,-39.3904368449204,11.849713058385575,13.55972858094351,16.71020096221335,-28.37784295508448,-19.88432550012577,-16.328605790027016,-6.324596919182258,17.51415525947504,0.08995510611084646,1.1144049795702595,1.2418984584909907,6.5521668053352,66.7857573268862,12.010141738005894,-5.244441426790181,0.30157475108936604,0.4067330700117009,0.3809935364415734,-0.4919617926135481,-0.18170277504634993,0.02207380490054439,0.22503029496535093,0.4804288735173294,-0.05615172918973543,0.49901817076136956,0.2490191347500234,-3.289946142519682,17.283087622944713,1.6287825265577769,-3.1711821002327625,0.2676255519335209,0.363070485161041,0.27797324412468705,-0.5731994917338287,-0.184511780642008,0.013452594925632748,0.178558704519033,0.43343087223309645,0.013813741097990637,0.6316089771642998,0.398929900034533,5.950325005906661,62.90600724085813,6.868005352412872,-2.756442737278912,0.27815139600289435,0.37419108471853973,0.29129519286270306,-0.5541811078381644,-0.18424155432994782,0.002165817470929596,0.18994953038859191,0.3921004716908088,-151.4327713382508,13.603000149907288,185.0416130783777,-0.3379565780412277,-0.6874314684405043,-109.1,-184.2,16.456884625412172,23.599999999999994,151.4327713382508,-175.48,-162.9,-149.6,-139.3,-134.1,-214.04940174630286,18.869151124468868,356.0448641580448,-0.2781558340496734,-0.8646763489065674,-158.1723499947509,-251.47706430040847,24.169944819234782,34.009076482859115,214.04940174630286,-246.49727206206035,-230.80026390161157,-211.8099599371957,-196.79118741875246,-189.8362193919479,-0.044666738146005906,3.659684116211784,13.39328783045283,-0.008313742042095434,1.2398613790864124,11.770707846366063,-13.15301806285968,2.4895367301716456,3.37162050894338,2.6226405261430323,-6.8440159427341385,-1.733579365559963,-0.013307937083357757,1.638041143383417,6.641281051682292,-302.46735763411687,26.366867012724743,695.2116760667122,-0.29808337425352155,-0.9152838909469199,-226.48855676767505,-352.92593946319505,33.17182880743578,48.58512704198699,302.46735763411687,-347.56929685132667,-326.16468664033306,-299.3479665868791,-277.57955959834607,-267.98129025338085,-0.5855008098993801,3.7613270769377687,14.147581379705219,-0.20628031259045793,1.1502721006994987,11.339304061719035,-15.258908713415382,3.5024308794198262,4.699895219538673,2.95578741685499,-6.15015075400591,-3.011809167853555,-0.4859732034084363,1.6880860516851182,5.3426890879445725,-0.06406817973286022,3.1720532442704483,10.061921784486676,-0.251556643419758,3.9807314064438133,13.657273429736795,-14.333576965793906,2.251561298047961,3.051973235859948,2.195789330874584,-4.633078744358623,-1.566958582756595,-0.07396178307727416,1.4850146531033526,4.842541861826233,0.12575199447850582,4.047848524602207,16.38507767812426,0.2884267193800453,1.105588575245993,12.227820962916207,-12.017532665319424,2.9671139988338036,3.940678318693153,2.923929821068752,-6.397915619610211,-1.8225168491547852,-0.11713468337521045,2.118161469538368,7.822647904561078,-1.3096944151738674,6.186581796258075,38.27379432179179,-0.5004037229160685,-0.8938345553400255,9.7,-16.9,6.671709983275209,10.7,5.058693361433088,-12.4,-7.0,0.3,3.7,6.7,-1.8765989829542502,8.612785750571938,74.18007838525502,-0.445752724921077,-1.0575717711304835,11.211773898455261,-23.743928312804112,9.714827011977242,15.879442215275157,7.098765955762348,-16.42122084528113,-10.594212169864138,0.531153821320459,5.285230045411019,9.28786547900593,-0.01781690467181894,1.4640265142780131,2.1433736345090293,-0.11260875363068151,1.6406595074607413,4.662792084779499,-6.348098856323575,1.0325400873714408,1.3761403199063378,1.0513024654561562,-2.5696188750303826,-0.6954263287746897,0.0014559440272603266,0.6807139911316481,2.5597018494514603,-2.7273035251285522,11.987294050017605,143.69521864158747,-0.3935675348620084,-1.196457820537425,15.695182812124468,-25.019460010156784,13.752138670076485,22.4787003284779,9.977075270263473,-22.267866048152875,-15.25260389451526,0.8925906570719044,7.226096433962637,12.929307326101956,-0.021346142881583235,2.0359616957087248,4.145140026393146,0.735745942203214,1.6253118560361122,7.284800803774752,-4.669119586569597,1.754409176475901,2.3779126269630595,1.5125789673122452,-3.0420897811184204,-1.2456403606408124,-0.15714181996752147,1.1322722663222469,3.3096244883885753,-0.024819390324872518,1.2581999420840417,1.583067094260286,-0.15649310819006798,3.7312912548635078,4.365834240261609,-6.433727676883008,0.9039041300271914,1.2097249544082733,0.8840751391762586,-1.7777769048288456,-0.6474283101592406,0.03671142216838007,0.5622966442490328,1.8652336316860083,0.003655681274682874,1.6286608332197055,2.6525361096639055,0.6974161116950788,1.534454988034752,5.7478080191571355,-4.298267486520456,1.2042458988947304,1.601586874289164,1.1572225318204623,-2.2902631054829334,-0.9433256209838621,-0.16633609586124085,0.6582612533053017,3.1136564604645955,-0.23129610115911486,4.468685153705261,19.969147002945814,-0.2299207902270418,-1.5655094344090255,6.8,-7.0,5.040847542919047,9.0,4.109062170706006,-6.7,-5.2,1.3,3.8,5.4,-0.33988775596822074,6.338879889202793,40.18139824973961,-0.21734950864779426,-1.5706050749203366,9.62523043504637,-9.872587496533995,7.227072681305357,12.798612739293393,5.830224299315516,-9.520778329386012,-7.463147392032123,1.7366106477565848,5.33546534726127,7.702298267166645,-0.003789642702423705,0.18865381136524384,0.03559026054263301,-14.279514391997314,273.5535379594784,0.9866409971462247,-3.592287632335841,0.06290067686761844,0.088124144585905,0.06313658070222483,-0.09918508255177956,-0.04383410337712462,0.0042004668840290305,0.044290041208780384,0.10757648641099911,-0.49201470928193086,9.010966874579148,81.19752401476272,-0.2049431316846556,-1.5688339728667038,13.59165088430733,-13.893160223996459,10.169427640893757,18.191432349135304,8.289906686208475,-13.469133765174028,-10.625277408905173,2.726887345799087,7.566154940230131,11.200502151568967,0.01920015027820731,0.3736814433375802,0.13963782109485715,11.356094498041331,162.52929146404207,5.29777302934088,-1.3005854159095072,0.07644098416968124,0.1026109352235366,0.10629602953017069,-0.14651927073843438,-0.047365852585060986,0.005394410645455944,0.05524508263847562,0.17631228891715298,-0.005150203274764906,0.15543665257756192,0.024160552964517686,-6.529573429249494,59.52758219861238,0.4765450255585096,-1.4565562852481795,0.061795830531469,0.08430511783469871,0.06683324386438046,-0.10666718406873178,-0.03826628750428214,0.005102328746245493,0.04603883033041658,0.10625390292000493,0.010529429736243538,0.2145928715149565,0.046050100505034636,10.425809660963608,146.25648874047315,2.9633431922564806,-0.7567643763423725,0.06205751620623537,0.08566990629645022,0.07210917791313709,-0.10733255772103746,-0.03900449026365686,0.008477308407077506,0.04666541603279335,0.1048222801429625,0.19747102212855638,2.4764760328027564,6.132933541046478,-1.9768432910958729,3.565716274579702,3.0,-11.1,1.0378215529539212,1.7,1.8718651211801898,-5.46,0.0,1.1,1.7,2.3,0.2909805523575974,2.803896939316124,7.861838046306326,-1.1690441768066087,0.2501970137805025,3.63072266956531,-8.72568043396372,1.4865251617683624,3.793075102109458,2.4118905946472267,-5.569151943740837,-1.5416567066924873,1.4886355833873526,2.251418395416971,3.066828267856328,0.04882627124281765,2.081757055852464,4.333712439591519,0.21219602539905486,3.611812105333634,8.396043676450287,-7.067207322395148,0.5192295889438083,0.6968234956736465,1.1659620433795783,-3.750513934489212,-0.34769693555220627,-0.0011587184172760986,0.3491265601214403,4.048090916124549,0.4378840700771289,3.7469416463039,14.039571700806578,-1.0662837399767457,-0.047511752318603495,4.76871381441483,-10.7771004060873,1.8825574478339517,6.234583732637515,3.353170482288651,-7.089881904591274,-3.0193162758808687,2.1701409109707877,3.215267456756646,4.0112681004021,-0.053586557767925154,1.2461446361197246,1.552876454129961,-0.10492971965183043,2.363313353293673,4.136009653701685,-4.573309335654929,0.7917848156037017,1.0394169225239716,0.839983013903606,-2.0631466204582107,-0.5892347050362877,-0.03869551848116587,0.45018221748768383,2.196344426170353,0.06843597042476098,2.05140520433545,4.208263312374569,0.1795204179783784,7.553362995944628,8.976112348010439,-8.741029053612102,0.21643448160861084,0.2801362381152176,0.9638471775923444,-3.137579855113858,-0.11779713037262055,0.006942998673811366,0.16233910774259705,2.7181736659960762,-0.02605410259098271,2.085931661785754,4.351110897640279,-0.05093679399592205,4.463525903586684,9.352817927628564,-7.897689724989364,0.7084550238159614,0.9161485521975278,1.1881908590881658,-4.054607664563383,-0.33975168289893065,0.005097209125124423,0.5763968692985971,2.9984853224816157,3.012012644889357,3.497423868410876,12.231973715330096,-1.6744370213141648,1.8788923331550578,6.3,-8.1,1.1860817748044825,3.5,4.24699683877766,-6.1,1.7,4.6,5.2,5.8,4.262584094581438,4.9028238535753665,24.037681739187608,-1.6449699317684718,1.7811244596620321,9.841153537882011,-11.420262374120917,1.6955827650361892,4.89149862181481,5.9827323192911095,-8.255264272094852,2.4762041149717513,6.5395008236018555,7.367702736786561,8.20243866176395,-0.02845809324532258,0.5100107976233863,0.2601110136924427,-1.928338240004133,81.07001211878524,5.86926876619905,-4.866492991739047,0.10393934204037372,0.13808396537860534,0.15370087779483055,-0.24409264786836393,-0.07296769786212846,-0.0025322475836302705,0.06511626751647687,0.22181410402343818,6.031453104952945,6.822633560574143,46.548328701872606,-1.660907462848163,1.9482631656753,14.414011723614374,-16.80465339548867,2.496130325630378,6.924994774336163,8.359953623030208,-11.617620971326744,3.4394059381378734,9.17443030805439,10.364400712474037,11.527588212652677,0.06448568332571375,0.9850294366174759,0.9702829910029419,3.113293272573644,36.438680098282916,7.162198145675265,-6.275360770135511,0.19728816786487458,0.2562698974840477,0.3293438054261193,-0.40876012234571973,-0.10326946684926876,0.014373671239704205,0.15300043063477897,0.506457047177648,-0.03965983801005747,0.42418070470875663,0.1799292702472174,-3.299805604301963,32.34726570449576,2.519888272447438,-3.6665251957744283,0.09008691845729026,0.12304560695205963,0.15956217376354506,-0.2437139383867543,-0.0687164872655919,-0.002869383244631921,0.054329119686467725,0.24075474366928473,-0.013866254897257511,0.5776792619311365,0.33371332966530265,-0.5827962338357403,47.96765206658711,4.043083217180325,-5.33564258743934,0.13626641984276996,0.17905725407803746,0.20553045772650494,-0.3389290234933748,-0.097491343337025,0.002145415992208963,0.08156591074101247,0.27537538827144536,0.0020013637020751133,0.18009385599905187,0.03243379696860723,-0.1253828455658365,7.028102688975906,1.218892,-1.171127,0.016741544251365256,0.022524000000000002,0.08621094470379183,-0.31786025,-0.008893,0.00222,0.013631,0.31248025,0.0028324684031023235,0.1949459122873943,0.038003908717564434,-0.3671380660936024,5.68662041974955,1.0661902555766238,-1.290487273052791,0.022319960642863332,0.030122150187647162,0.0967020828604803,-0.3683839228162592,-0.011478368681129615,0.0032308585262791865,0.01864378150651755,0.35142277740786765,-3.078639642609132e-05,0.16388373496877798,0.026857878587316662,-0.04682535385796889,14.855470181696234,1.5293095884345727,-1.5337805279263295,0.007657939776226691,0.010321776984575082,0.06879656188635198,-0.2295423516130886,-0.005240189204809818,9.453860366778288e-07,0.005081587779765264,0.24504334755641746,0.004011757290317326,0.24612817737544795,0.060579079698159975,-0.3201986126618957,4.820175375626298,1.04034638580711,-1.2541086434513595,0.031196102989856138,0.04210523546181373,0.12485834440876738,-0.45691337498383877,-0.016507065978899692,0.003986201425632984,0.02559816948291404,0.4732298944518629,0.0004417134556265798,0.1241572711819028,0.01541502798733655,-0.053838736676769756,8.942610172594762,0.8671215358392431,-0.9132571237714506,0.006091135144126896,0.008219687741708642,0.055359097786876615,-0.20426792511900124,-0.004053983058868058,6.763494148675388e-05,0.004165704682840585,0.2114150338481732,-4.3293444632734704e-05,0.10992875663942969,0.012084331536290958,-0.06751568731779131,12.148699535302597,0.9879048550974295,-0.885034686027971,0.007863054280692188,0.010603401250055187,0.04846551801554591,-0.16201011682993532,-0.005313572405357899,2.184839215318474e-05,0.005289828844697287,0.167331884427718,-0.0004757787206366878,0.20401347959685967,0.04162149985721828,-0.039343901195156114,12.765628483643155,1.689817364891539,-1.6805993496190303,0.007266771063120859,0.009793859315051367,0.08673485941778875,-0.3098021264576102,-0.004915809049376095,-4.103868429008713e-05,0.004878050265675272,0.3006312769780837,0.009032396997259284,0.3588554235802609,0.12877721503296846,-0.27559333200856706,8.506893721067648,2.1567,-2.903697,0.02592329979057045,0.035015,0.16498332679275973,-0.573928,-0.007623,0.009787,0.027392,0.597708,0.012774645001811658,0.4458826450289635,0.19881133313802468,0.24941466878110177,7.328576885166449,2.678915380262976,-2.831223942720637,0.03585526395053234,0.04833438937603318,0.2109829064836547,-0.7765759748649907,-0.010375901490263071,0.013814473305676119,0.03795848788577011,0.7553699439931576,-0.00041178846699027073,0.24232146295582727,0.058719691409052366,-0.23104934832394033,12.474359626403022,2.1847893326398857,-2.2906800444447675,0.008240319703306694,0.011115487529118237,0.10271573424562683,-0.35736830909918404,-0.005663144341129686,-7.61059578970263e-05,0.005452343187988551,0.37711427955829235,0.018068411826151428,0.5475339247747516,0.2997933987792433,0.5811160517479242,6.593087225733571,3.3672659189339424,-2.652289293280258,0.04497678283779993,0.0608165808284597,0.26293070987385275,-0.9581903945935244,-0.012009555929056195,0.01892502390942801,0.0488070248994035,0.9614649250375611,0.0014159739689148824,0.31265881827995223,0.0977555366482162,0.12297114346896401,6.429072777694884,1.7737071756901384,-1.878702670517208,0.021615394366564834,0.029178915104112708,0.14705056098694075,-0.5333482293519762,-0.014802198849696146,-0.00017636689168343278,0.014376716254416562,0.576715919482519,-0.0005820199102868979,0.19066829228425702,0.036354397682594866,-0.06478510424264125,9.881813856100893,1.3603460534704943,-1.3333181658570046,0.007204107973312,0.0097153948344377,0.08478375130556869,-0.3075942448831007,-0.004860044140968341,-6.0678682457948976e-05,0.004855350693469359,0.31096695686230696,-0.00035279276876106706,0.2847168327562596,0.08106367485475591,0.020222575911468175,12.832760039109221,2.5488243124065786,-2.479333849375001,0.00917613922993248,0.012376041463623543,0.11970606680632312,-0.4439565147985913,-0.006300049515246523,-5.938411693883853e-05,0.00607599194837702,0.4261139795765169,0.008099748802819022,0.12393750114912723,0.015360504191089912,0.13027156981932272,8.15976432556844,0.901773,-0.822284,0.011746657377219883,0.015967000000000002,0.060818887193928264,-0.198836,0.000613,0.008718,0.01658,0.211509,0.01145424267373317,0.1155920975290443,0.01336153301116409,-0.20211285293705947,8.83916323590947,0.7870260961385774,-0.7740045413940622,0.014749994965344916,0.01987974810079453,0.058708090937326415,-0.17047092348002937,0.0023663835353897648,0.012344934226997938,0.022246131636184295,0.19823671983669341,0.00015549716454432821,0.13174477598288767,0.017356685998781252,0.004248013505976066,12.024994675099826,1.1804733353116565,-1.1517584149693552,0.007680491019176538,0.010360577557050884,0.058275810011092485,-0.2037534041098016,-0.005145100310258143,3.546127840417594e-05,0.005215477246792742,0.20167782076842558,0.01619714173671216,0.1407958923026603,0.019823483289302314,-0.20172524627365299,11.938225936444685,1.041088353689974,-0.9903279470537495,0.01935423790708128,0.026122271342001117,0.07061916031350389,-0.19484030159387683,0.004092048186415956,0.017459513253380778,0.030214319528417074,0.22511245356881557,-5.305128136166403e-05,0.08303490462374166,0.006894795385873875,0.1483253132376781,8.785156772559828,0.6755684255005157,-0.5136697735938704,0.006668105393088457,0.008949061125458017,0.038450517766403944,-0.13938887436052477,-0.004582211943263736,3.423659681018952e-05,0.004366849182194281,0.1421304012399869,0.0002195626611061363,0.14244217331571518,0.020289772738904244,0.05718991134971782,7.873322931952442,0.919404512590874,-1.0117467317744246,0.008441479686597895,0.011387673556815851,0.06560786605138132,-0.2408081611043593,-0.005634957540234513,6.100609303471942e-05,0.005752716016581339,0.23617298146926,0.00022788268412638233,0.12007197356183887,0.01441727883503493,0.06851156197225865,13.40588329186993,1.1410545437278563,-1.063344999529277,0.006717464459020848,0.009071168346883868,0.05185685092318778,-0.1806183522781633,-0.0044416298684420465,1.9533825885454095e-05,0.004629538478441822,0.18390890113536418,0.00015565787730024397,0.8806516503878851,0.7755473293309058,-0.0025842095253577812,1.447480916594973,2.749243,-2.758457,0.6999075966132339,0.9439694999999999,0.629444263003343,-1.70417275,-0.47021674999999996,0.000889,0.47375275,1.7041355,0.00023114987338719703,1.245276070328465,1.5507124913327042,-0.0025928223082055638,1.4511260807686028,3.9051635412920547,-3.8978455694321785,0.9861639112804162,1.3302935340451154,0.8896682187213473,-2.4091435995939507,-0.6633682172392512,-0.0007176382728560941,0.6669253168058642,2.4059264342071156,-3.6671733126727554e-05,0.017080573193007858,0.0002917459806016987,-1.057852362757693,26.047187194349014,0.09300757620392203,-0.4657501504899145,0.016683229554348814,0.02249495247111657,0.013282935382102295,-0.025161355338014793,-0.01113998114512675,3.614749266558914e-05,0.011354971325989822,0.02492652067616204,0.0003589211083439565,1.7600931750599071,3.0979279848924652,-0.0025900046143316553,1.4647716514883369,5.481480922440332,-5.4449193633582444,1.356786298438311,1.8301208398746884,1.2558225060710704,-3.408070252148261,-0.9135431125609033,0.0007379238933940355,0.9165777273137852,3.3947675185876585,5.746990040511266e-06,0.055999009976174276,0.0031358891183116662,-0.017397218125511853,0.8438212037871984,0.4137973518878705,-0.5485632899028555,0.04420997194850841,0.0596644741507661,0.04205945798615462,-0.10300805505529556,-0.030172039688477703,-0.0002816309249060178,0.029492434462288396,0.1036644990789522,-5.243651258666355e-05,0.007660087663945589,5.8676943019331384e-05,-3.994760547739238,118.87471686297566,0.057324262001535405,-0.26614835359581307,0.006709134193638712,0.009049659875698685,0.005523971716597789,-0.011537889438010688,-0.004525278811894001,-1.068382392958834e-06,0.004524381063804684,0.011365190502853372,1.9408231873433582e-07,0.02290824818194228,0.0005247878347654617,0.34581827599193354,8.635960162747235,0.4337986582793109,-0.22694499173950186,0.021742380794175523,0.029345502598205703,0.018059506910617345,-0.039373178904878674,-0.014772240903246216,-0.00014183755574789992,0.014573261694959486,0.039151196387075884
-5.39461382113821,7.303091383332466,53.33514375330491,0.875351842391592,0.11951816769221857,14.0,-21.3,5.782148652171848,6.3,8.335873983739837,-14.9,-9.6,-8.4,-3.3,8.6,-7.586896162063858,10.377546879657125,107.69347923948133,0.9014915445129666,0.12363548167015237,19.63000951726933,-28.500339465994745,8.116060531965296,8.890824996338074,11.817435773423199,-21.183050922079953,-13.582353321949428,-12.048139324227407,-4.691528325611355,12.157040079654264,-0.05428547263505666,0.6032811855350466,0.3639481888205713,-8.071169480265,94.17076686271133,1.1853126252333455,-8.49115893710349,0.2709490409163824,0.3585625956096359,0.27144248966938533,-0.5509859374337985,-0.19320190452073344,-0.00022610888757201852,0.16536069108890245,0.4391934962787957,-10.633031211465354,14.805949265786602,219.21613366104683,0.9220904643966087,0.14709069557191867,27.69083901961906,-40.94342661017875,11.57507368026573,12.546280310570175,16.772956744227468,-29.820283107039728,-19.276347540960067,-17.18075125936325,-6.730067230389892,17.589411275005197,0.12191376198752396,1.1759793821733031,1.3829275072967038,7.202390956097836,62.62759754918258,12.604058754424088,-2.4563165545662606,0.25350385964990024,0.3380992235634749,0.3778272141972209,-0.48413232393912503,-0.16663246800364026,-0.0037899571625241157,0.1714667555598346,0.4998476647491425,-0.07396154556956591,0.5289727591919892,0.27981217996718616,-3.2117639876599062,15.741732522325954,1.2460780837067202,-3.621194041718045,0.28105346825735344,0.38117761957511687,0.3046609657595991,-0.7237716361538487,-0.20160436727202163,-0.0026253097678992825,0.17957325230309523,0.48636095643862737,0.09111069179842081,0.6566890723705143,0.43124053777084664,6.563835744848823,57.971538650145924,7.065199439881529,-1.2729184535319467,0.2431834362747721,0.3275246862608246,0.2829428765262899,-0.41722562797907303,-0.1459966592260124,0.027912544408181517,0.1815280270348122,0.5322956514882906,-151.8231707317073,14.217812446345905,202.14619075946854,-0.44362739404340157,-0.5325351753292606,-109.4,-188.1,16.012103959860518,23.525000000000006,151.8231707317073,-177.585,-163.125,-149.5,-139.6,-134.01500000000001,-214.63042852464955,19.612508321555453,384.6504826630819,-0.3444746558180806,-0.7669806052473715,-156.09895865853886,-257.7689034266241,23.575267944838323,33.777063739525346,214.63042852464955,-248.23211742795164,-230.90135968253125,-211.21823421330677,-197.1242959430059,-190.1817256584007,-0.20540370492457222,4.339641598209807,18.832489200912967,0.26972856929315997,2.6236629998690297,17.302128562027228,-15.425874338975277,2.8956335962459607,3.914841329091508,3.0009506872833978,-7.393899879306383,-2.0701896411015994,-0.2521797947320561,1.8446516879899084,6.446287503550338,-303.2553564087153,27.5139729562412,757.0187078367721,-0.36159632304095907,-0.7487899836079603,-220.34796337993754,-362.1350642795462,33.09162134234229,47.46062677292383,303.2553564087153,-350.5334711759041,-325.4206414777115,-298.7774617147127,-277.9600147047877,-269.09723072979057,-0.19813785605394993,3.1250322486071735,9.765826554834806,0.03294316006023311,0.8235432170357977,9.066232979055009,-12.743955984057603,2.9831390027020723,3.962958229274448,2.4308762694616957,-4.781464930174504,-2.1683199017642263,-0.3165881142546283,1.7946383275102216,4.907523359585958,-0.2886815298108985,4.656143410988063,21.679671463687555,0.13247541709220126,6.499258720713094,22.046852160379316,-20.04494430821379,2.0158060749628803,2.7600065266440006,2.7119166992218022,-9.502355995457691,-1.3859773591961155,-0.12386673906357779,1.374029167447885,5.342651663707336,-0.39050716132997004,3.9174815643514274,15.346661807033307,-0.022013837279190637,1.5110772537639754,14.935181933611196,-13.02257153729929,3.4970669813306725,4.632372801857057,2.932288546680554,-7.481234710858962,-2.7243653508497796,-0.21068828539386428,1.9080074510072778,5.344228115411782,-1.6540650406504065,6.608914260533782,43.67774770308678,-0.464133138160962,-1.0392583991987403,10.2,-17.7,7.042360537901609,11.7,5.4487804878048784,-12.985,-8.0,0.35,3.7,6.9,-2.3620276704528105,9.213929490462483,84.89649665521424,-0.4116177756198189,-1.1996198094816177,12.419187391039305,-22.03506521269113,10.09665989325537,17.207757792483974,7.677397329284823,-17.47365445058881,-11.883537687223745,0.5809452395222809,5.324220105260228,9.439392806240342,-0.04497541021374745,1.4875031558618816,2.212665638699057,0.3170563294797437,1.7265160765501975,6.100124955029919,-4.574891059186633,1.0723265171502554,1.483622166311296,1.0689197243749187,-2.634420816959208,-0.8376908940361463,-0.07072394985871655,0.6459312722751498,2.5464336969022288,-3.3997907351335335,12.863901389704651,165.47995896404527,-0.3966633787764209,-1.2497984734895773,15.768887484452701,-27.575269949037505,14.896088480743801,24.481864543644246,10.746835225923355,-24.454863674333488,-16.506363757800766,0.43247988992797454,7.9755007858434785,13.27112692094602,0.063023895956536,1.7740450863740695,3.14723596848798,0.7382818599209191,1.93311201546822,6.5224302514219525,-4.6533177348765875,1.492996210288775,2.011283819766023,1.309463515227133,-2.3856792331712224,-1.0454499154256194,-0.02975570462293356,0.9658339043404038,2.7234568307488347,-0.06419725226501706,1.5507099982867463,2.4047014987864808,0.753867742539901,3.263570652194363,6.2901193793726895,-4.61314041405847,1.1711819868792344,1.4937374254611617,1.0810967645899252,-2.6444439580083428,-0.9089851049038237,-0.06986666065476899,0.5847523205573381,2.0944001258464775,0.02067201422673904,1.400378913564197,1.961061101555241,0.18178821634059159,1.7073568929734355,5.39052940310628,-5.674994966335861,1.1540623742641822,1.5503168476084397,1.0369691474993412,-2.3089098859231814,-0.7950300180432712,-0.02023029567070428,0.7552868295651685,2.1834524413319434,-0.2657520325203252,4.447722062839384,19.782231548268225,-0.21416272081817522,-1.5284130420379027,7.0,-7.1,4.966717431993767,8.925,4.059044715447155,-6.8,-5.125,1.05,3.8,5.6,-0.3792729821584289,6.308553719593613,39.797850032998404,-0.2032376206799989,-1.5317120532227944,9.916781670358036,-9.947397411894647,7.24633004339358,12.757467151368576,5.761090837615984,-9.550067287179989,-7.367095684093904,1.33563435054882,5.390371467274673,8.035613327420574,-0.008861016364129871,0.1770693750491161,0.031353563580284544,-17.135796091196553,346.1904194352372,0.44970461939695144,-3.618302805407208,0.0599108444746575,0.08024449653766123,0.056811021894782314,-0.09918710081661837,-0.03961909535640383,0.0013907086580958739,0.0406254011812574,0.08575739322569403,-0.5693445817635653,8.978203109008993,80.60813106661875,-0.18615890108257932,-1.5322185366369983,14.025335979549814,-13.980919122031533,10.158271881194397,18.216482095372307,8.2006083678002,-13.513440674253832,-10.59661180909282,2.221954949322508,7.619870286279486,11.673380489710208,0.02643103189187269,0.37282604135178105,0.13899925711003996,13.090367214450431,193.29568129385893,5.578261157920773,-1.0814245528553679,0.07005087084979905,0.09415492632917474,0.0930994937524092,-0.1212734229677293,-0.04635591689790247,-0.00086204082066621,0.04779900943127227,0.14164947051545576,-0.011865337911324136,0.1486535824351209,0.022097887570795283,-8.059710276397478,79.18058776647156,0.2787530176401062,-1.5713616838516506,0.05907796566591237,0.0804560946214537,0.06235868199205613,-0.10692899013043966,-0.040542710018335225,-0.0008269007403644986,0.03991338460311847,0.09990477010448034,0.010777871149182845,0.19949315236575835,0.039797517840827676,12.873736546713964,188.12820887316207,2.9626303495881703,-0.39702169485309624,0.056460271617775365,0.08148701751766019,0.062460222579245585,-0.09589383801854673,-0.04086651309513703,-0.006084324592815143,0.04062050442252315,0.11618159177623885,0.1545731707317073,2.6285292613892235,6.9091660779793775,-2.0022009290851104,3.618038182281719,3.3,-11.4,1.0378215529539212,1.5999999999999999,1.9651422764227642,-6.1,0.1,1.2,1.7,2.3,0.22674393179996025,2.877489643072577,8.279946645989948,-1.01430972232364,-0.22263199585310733,3.650845668705656,-8.631016586641039,1.5112261182625095,4.410174944772626,2.529046655010131,-5.401153877493363,-2.0490463328798834,1.5714168674911824,2.3611286118927426,3.036393206227229,0.20491847482475772,2.3300398810838256,5.4290858474411285,0.003374175346807654,3.645638254224303,8.131187674692342,-9.478885936452224,0.4852967390967276,0.7005079862478819,1.2798348959133654,-3.359331843025919,-0.27623030202140375,-0.003961333389197186,0.42427768422647816,5.155667637047959,0.3495876151360932,3.930678076917368,15.450230144358818,-0.972734602731163,-0.43788525944856227,4.968274754967696,-10.736753486806865,1.8116596630331518,6.535629555317743,3.5321132475960617,-6.9986756205974245,-3.3225343977605273,2.3656013263495024,3.2130951575572158,4.070551909350888,0.051885890689995724,0.9796280864800088,0.9596711878204836,0.1841228513099212,3.130317086389443,4.015100828655301,-3.4433290593606425,0.6384822575608338,0.7737949900072096,0.6577551575073982,-1.5489797229059334,-0.31392137829335864,0.013927567095893933,0.45987361171385105,1.3926183350075758,0.28565833745592656,2.826809560278442,7.9908522900816,0.10203211874516042,6.69163777576391,11.10810119268452,-12.471339106204619,0.20887889706661356,0.28615610514665085,1.31018867510968,-2.8421857861390913,-0.12857835190137085,0.0027328177443439947,0.15757775324528,6.5610423328198975,0.0004050700765995141,1.6483945411741627,2.717204563372779,-0.7636599032010344,6.602310004075079,5.597533113769289,-8.708253378735112,0.45480636332492236,0.6419843954661215,0.9044686415014923,-2.095130471154101,-0.3378650470157314,0.0022113721523564027,0.30411934845039007,3.060410106307848,2.8852642276422764,3.520294866405926,12.392475946443916,-1.6418642200728495,1.8019168086620843,6.3,-8.3,1.1860817748044825,3.6999999999999997,4.165548780487804,-6.185,1.4,4.6,5.1,5.8,4.0827024985173725,4.9432960555243985,24.436175892563078,-1.5964582088176227,1.6205917510085772,10.076441730147975,-10.946660294380484,1.7678262341298627,5.17562878328466,5.874509828988818,-8.607364371223792,2.0823347166016153,6.45216164319171,7.257963499886276,8.211368993757192,-0.03816933929135438,0.45848953727038905,0.21021265578641546,-8.492060228271045,79.2842731244614,0.642609247387677,-4.749888716876532,0.10257520504566915,0.1368330861621525,0.14262718894659523,-0.23767540793121023,-0.06671317028537047,0.0033526219859738304,0.07011991587678203,0.2418780525780736,5.785510392255703,6.880095406360539,47.335712800623384,-1.660756626848013,1.9581630674375967,13.44378530428018,-16.39874761032029,2.548745673431457,6.9560494931506485,8.213519857164258,-11.916990959442714,3.2186660055349483,9.024216357070403,10.174715498685597,11.42139510496036,0.10062744409934275,0.9544143289015594,0.9109067112126141,6.050642771458118,39.294934406083215,7.211852719284301,-1.3692763948405657,0.15733575055167193,0.21071636383780415,0.30448490072265477,-0.4188133157541177,-0.10330637213199514,-0.011930973373030618,0.107409991705809,0.4592545378271037,-0.052947678804883644,0.3608047407637618,0.13018006095760534,-4.056560460570745,16.857444362914634,0.3881126326110378,-1.9243130993385031,0.11272763853576971,0.14864413103805116,0.15476329265124408,-0.24714340587856337,-0.06381477866069843,0.005366821024170033,0.08482935237735273,0.19186129980789002,0.07273532677470249,0.5284562468238572,0.27926600480715746,6.03936700916953,38.89969935519689,3.9793726800142877,-0.4873040036168241,0.11797372400483917,0.16273311802653362,0.18472479887626836,-0.2938607901467669,-0.06498520544582145,0.0036933266473784462,0.09774791258071217,0.2890599245039547,-0.0005789244478428376,0.19040794426850172,0.036255185240556854,-0.4409760037562027,7.0418530026919655,1.05724,-1.44344,0.015948352064464762,0.021514,0.09068804817222008,-0.334575,-0.011092,-0.000454,0.010422,0.337337,-0.0008189046199458405,0.20834187194455836,0.04340633560536275,-0.32105267294522044,6.009330145570734,0.975802571297229,-1.3671652271048993,0.021083444751525293,0.028486803491366258,0.10236363303483197,-0.36462441243577226,-0.014669257547495412,-0.0006433576209914267,0.013817545943870848,0.36083380719040326,0.0008022919281731942,0.1705784196594896,0.029096997253528947,0.04768261076650024,11.774321934986427,1.4394692166187293,-1.4462741488789421,0.007689894213554443,0.010388593385259156,0.07342671907393597,-0.26681500836901906,-0.00509909262568306,3.1502122791385334e-05,0.005289500759576095,0.26611001508700083,-0.0011586173990981376,0.26314107828842276,0.06924322708279385,-0.10276157249250896,5.132092979791196,1.3417004724573016,-1.4055892705605937,0.02928935486657103,0.039485955779427234,0.1312272769407676,-0.47927587537334315,-0.02084573024559743,-0.001137557157674286,0.018640225533829807,0.48359939115827477,0.0008330759729123744,0.13248941569155917,0.017553445270290763,0.11509313591205024,10.945256950246508,1.0627471834410291,-1.0654822626795317,0.005945906301890951,0.008021274632116649,0.05820474657265385,-0.2123636277577078,-0.00404650883591549,-4.4063361106531777e-05,0.003974765796201159,0.22207905268618555,0.0011342350964049812,0.11146011264015013,0.012423356709754953,0.0377497023190623,9.582909800405567,0.8237325492844829,-0.8050407691589326,0.007968356326179909,0.010749741657298164,0.05034720979168117,-0.17267562032167613,-0.005355904972950864,-9.58959965183612e-06,0.0053938366843473,0.18124766970249426,-0.003334110620189584,0.21389076702317852,0.04574926021776363,-0.14996635826162055,10.966844961240003,1.5865234884057344,-1.631867092490667,0.0072869830494027964,0.00982084997409711,0.09211681723658115,-0.3434774098853755,-0.005080455118872132,-0.0001220897382137651,0.004740394855224978,0.3316976041195477,0.006053749654442254,0.3754072398188341,0.14093059570839564,-0.4211214210513615,9.152164554537636,2.36057,-2.718333,0.025210168123469257,0.033888,0.17098056464135514,-0.597677,-0.010462,0.006542,0.023426,0.63620775,0.008563314894522979,0.4676072729420144,0.21865656170826753,0.10104627151888204,8.19421327207865,2.8160160864927692,-3.149736682588934,0.03479596976187746,0.04694094935860779,0.2167505773559341,-0.7724469339515263,-0.015081115481984219,0.008846662693356589,0.031859833876623576,0.8209873963789223,-0.001709501179497654,0.2513501374897111,0.06317689161609666,0.034845206966672135,12.572859973903606,2.218831173238156,-2.3245277538791864,0.008170726189717738,0.011025192627848079,0.10637782853761284,-0.3812187919627768,-0.0056697367337953265,-7.351332814350606e-05,0.005355455894052751,0.38529210480418175,0.012115994288015323,0.5447744520204805,0.29677920357421483,0.5040823694010359,7.246802559363282,3.4343650200399405,-3.035832753033239,0.04287732220609351,0.05789119303289393,0.255086013907038,-0.9347590543974288,-0.01765286703482574,0.012031114411772459,0.04023832599806819,0.9795619690068629,0.0030711438923789977,0.3747632942523968,0.14044752671890856,-0.03154074190751153,11.181252022672528,2.9217522073198348,-3.5036786905217676,0.022629885333925293,0.03049384527557904,0.16684010353671214,-0.5665935654457384,-0.015166529448298511,-8.810204582694397e-05,0.01532731582728053,0.6249355131133085,-0.0024172081955329437,0.2007944730069595,0.040318420390142586,-0.02096781883841153,10.832859522247874,1.4356638150094148,-1.9025261562877733,0.00703207634156491,0.00949534105875602,0.08776036212286722,-0.32586636246383804,-0.004801063286750585,-2.5446624172882996e-05,0.0046942777720054354,0.30141262517528866,-0.0016370385945248327,0.29327529694190474,0.08601039979636241,0.12961262641670793,12.283810423313788,2.4085964366015458,-2.0980646608136766,0.009201860569236976,0.012410491111569385,0.12404305222878294,-0.45282500714026314,-0.006249646221810783,6.791046973566949e-05,0.006160844889758601,0.42585069624914473,0.0074119643413816435,0.1287662672071544,0.016580751570464288,0.39362560936511476,8.36512951183485,1.092105,-0.782186,0.01183561351033022,0.015907,0.06243824514013467,-0.20579175,-0.000415,0.007629,0.015492,0.221791,0.010482419450950665,0.12425686495720219,0.015439768488992383,-0.011675078054699113,10.644131448575413,0.8394625668936377,-0.8494764524885475,0.014479662840334601,0.019576845612299245,0.0603204304206295,-0.17433325392791668,0.0009680421340390768,0.010889026801372978,0.020544887746338322,0.20447857476349213,-0.0005062431038345629,0.13311110368129073,0.01771856592325133,-0.08133152185714003,10.571201067504365,0.953138929699292,-1.20977120451231,0.0075753358582579386,0.010230088457135585,0.059235622530740245,-0.21032594319202969,-0.005161368372477207,7.3294508467137325e-06,0.005068720084658378,0.206907715930561,0.014825245202857955,0.14929713988130636,0.022289635976738355,-0.1669474905410514,14.95487857790436,1.140687330308337,-1.133833909316564,0.01926953635046635,0.025980553227596972,0.0707296629288159,-0.18450170088730136,0.0024817511233397416,0.015451540351291915,0.028462304350936714,0.22023036457910833,-0.00032914570470015314,0.09265201358750809,0.008584395621819785,0.003722271821476296,14.166402473316502,0.8461128295463549,-0.8457468227836249,0.006712715479606563,0.009049340943264313,0.04060871365632304,-0.1472185968663115,-0.004499859819725256,1.4058351360846891e-05,0.004549481123539057,0.14280860794401912,-0.0007157735074693384,0.14693674050939812,0.0215904057115262,0.017031564933491904,8.310575809536678,1.0046670770231347,-0.9771674858612613,0.008283099660224186,0.01114609681325518,0.06717846184003387,-0.2497884134886296,-0.0056488423135149885,1.4714747393393531e-05,0.005497254499740191,0.2472478371733174,0.0019575190267383134,0.11762928231833329,0.013836648058726156,0.08637222077244482,11.033794992694451,0.9255812282767201,-0.8424200064393962,0.0066749948945247,0.008990745362903294,0.051372690634674874,-0.17299728432899142,-0.004311733821222635,7.84883171876385e-05,0.004679011541680659,0.1909238843030962,-1.737387877540187e-05,1.054249570487507,1.1114421568730928,-0.0011295017187124535,2.1400858256249666,3.620178,-3.642538,0.7064421658912973,0.953091,0.714434377113784,-2.0308785,-0.475085,3.7e-05,0.47800600000000004,2.0332462500000004,3.447561652514382e-05,1.490787075924697,2.2224461057441087,-0.0012366236565937044,2.144611430062965,5.129630064764941,-5.127197303975091,0.9961928834035343,1.3437900522601511,1.0097670008420883,-2.8784603006472262,-0.6686500744962628,-0.0003560468499322804,0.6751399777638882,2.8644568717627603,-1.1768479834088102e-05,0.016797855115605692,0.00028216793648488036,-0.5665930842189356,22.528732198880885,0.28176506115666594,-0.48151002882998817,0.01651176520478659,0.022278970564737315,0.013299410658151297,-0.024643949668390633,-0.011173371470064631,4.714978565993448e-05,0.011105599094672685,0.024515510774544495,0.0002170920759461159,2.1073234348385927,4.440812059019925,-0.0014477812512395229,2.1598572926279873,7.20013673585236,-7.13282799412369,1.3817935200082634,1.863773737114816,1.4252974262457834,-4.060743906335995,-0.9289642434045858,0.0002896514933974498,0.9348094937102303,4.057457809086405,5.893421793025816e-06,0.05880458743614928,0.0034579795035357256,0.0068565846722837736,0.13876582136265725,0.2290873489863382,-0.2716875960690238,0.04403557184728424,0.05921140833307545,0.044015687778574605,-0.10777844992703484,-0.02901755670635264,-0.0005875516654846487,0.030193851626722813,0.10825987060053166,-1.7879799396549155e-05,0.0076665349483079764,5.877575811362759e-05,-4.244281375057194,188.06489925995956,0.11967151910344863,-0.32123759185237516,0.006224782852232627,0.008392466404987638,0.005489351664575616,-0.011679612887472567,-0.0042130796812271856,3.738966128094461e-05,0.004179386723760453,0.011742391750866492,-7.649431725634458e-05,0.022490099560010527,0.0005058045782191856,-0.28516445070890517,3.4699455211896417,0.06123345967006921,-0.3167505770846546,0.021595960604612777,0.029109122691910683,0.01799641374494806,-0.037721837549724455,-0.01454388367092962,-0.0001948916176202679,0.014565239020981061,0.0374505429135827
-5.449949341438703,7.318967288191697,53.56728216562013,0.9158487590350055,0.046937821241076705,13.9,-20.9,6.226929317723529,6.95,8.394832826747722,-14.37,-10.25,-8.8,-3.3,8.7,-7.672176777537264,10.395018248541565,108.05640438751213,0.9406753090712223,0.06650320333418591,19.663931425123693,-28.43170046142829,8.872188964076692,9.70288735151906,11.90282546286379,-19.809655541833727,-14.482664431146452,-12.522176409219886,-4.779777079627393,12.310290586822154,-0.027498352805157403,0.6256924368569194,0.3914910255399502,-3.160310328557108,87.101893613279,6.596609574695422,-8.189965444233401,0.2687897173142357,0.3674665628744711,0.279506180398317,-0.522934853375329,-0.1820962146382452,0.008115127773425934,0.1853703482362259,0.47688603962147497,-10.752648782145444,14.841162442060604,220.26010263163028,0.9589682601874502,0.06709401075106625,27.61111953830328,-39.649205120806265,12.527463988772833,13.704171935914434,16.892142585231415,-29.160848606716826,-20.43341967673686,-17.65553244510989,-6.7292477408224265,17.636125902179078,0.027896522392897197,0.9982698176951494,0.996542628921107,6.46705174326226,83.82985716806634,11.895767495782424,-4.815172128154903,0.29867569559455803,0.3995195519166404,0.3565600330753718,-0.5678953569975839,-0.18607645400364578,0.009551997266738138,0.21344309791299462,0.5190310788704,-0.03770096147804403,0.585878449204828,0.3432535572426543,-0.897235215483672,23.16685156945168,4.292317763704357,-3.421270206585963,0.2599446369987435,0.3434994847931392,0.30046400327742295,-0.6284527713082867,-0.17220937172320128,0.015483373576747879,0.1712901130699379,0.48596784175825614,0.04616998973379356,0.6537305786328534,0.4273636694396454,5.757555714574966,50.68902432113188,6.729754523803592,-1.6908778993065159,0.27237244069424116,0.3718791138399332,0.3054249162882335,-0.5009937937497386,-0.18341726778068307,0.004893395328427442,0.18846184605925015,0.49507300188492476,-152.2565349544073,13.841269266338504,191.5807349032868,-0.2722798458751672,-0.8978803728190878,-110.9,-182.1,17.198185734664975,25.5,152.2565349544073,-175.47,-165.2,-150.1,-139.7,-134.5,-215.23065886325892,19.30438664899361,372.6593438938428,-0.24363342366092344,-0.9849456953326663,-158.49166037635595,-253.1629380963096,25.0118176288898,37.508266297441196,215.23065886325892,-246.69397279959705,-234.64471114555732,-212.2519582667962,-197.13644484811613,-190.6118277596174,-0.0406982985579663,3.1179191367422585,9.72141974326359,0.11185260782364496,0.9975031749783452,9.7971136097048,-10.037387419119039,2.553518996359548,3.4230627198255874,2.3205518480146403,-5.106350185493576,-1.8182343056942631,-0.13743707666268712,1.6048284141313243,5.425862301934468,-304.12514376058147,27.028318780279783,730.5300160884249,-0.2546884730617703,-1.0077504017786474,-224.9433535843087,-354.56056508879897,34.741710010503866,54.70291750193525,304.12514376058147,-348.437713464089,-332.2677351774758,-299.6066171890211,-277.56481767554055,-270.6154668131847,0.20938493661456836,3.4453289614828617,11.870291652832574,-0.1369089742631064,0.8167057660527952,11.034051233063273,-13.528931380781723,3.19552770521391,4.359306786215974,2.6659196906140514,-5.00511014104702,-1.905891168512003,0.040075965650802736,2.4534156177039708,5.856755762447908,-0.05864558377455008,2.735022047996846,7.480345603028861,0.2717568049473769,2.9991148059150943,12.416329049021883,-9.421660860681198,2.0138398244121927,2.5864263759110537,1.9184686745867099,-4.468574719178355,-1.2906624952966343,-0.09806194401973403,1.2957638806144192,4.122192298255229,-0.17871740371063652,3.416068797974727,11.669526032496496,0.11633480164861969,1.0123544904008464,12.227421262445988,-10.434678926895483,2.9155778603898765,3.9063603235832662,2.57939266857778,-5.852562067136937,-2.1763646288426344,-0.17295850085128522,1.7299956947406316,5.456150228950877,-1.5381965552178318,6.491945753433253,42.14535966552005,-0.4827176703949346,-0.9327927376077092,9.1,-18.9,7.264750870677449,11.25,5.365349544072949,-12.7,-7.5,0.4,3.75,6.8,-2.193897545561646,9.043217749186224,81.77978725919677,-0.43660833768947876,-1.0698684832225158,11.97423217441949,-23.78972461315075,10.364502300201396,16.218290309502983,7.529334183257985,-17.7540719461796,-11.067790768188125,0.6375793502702461,5.150499541314858,9.510246277146315,-0.05216700865399037,1.4949876339254586,2.234988025590041,-0.04394751922878656,2.0658694718578188,5.617896273893521,-5.313682847566598,1.0825443527025032,1.447309255574233,1.0540514467911557,-2.5836581847970557,-0.7738600815621317,-0.03338971611149155,0.6734491740121012,2.417150200632922,-3.155513627059966,12.628325400852793,159.47460242982388,-0.41703603738697403,-1.1473584330154964,15.149412267464177,-30.831796997076353,14.525495013630756,24.119039429131885,10.554245818874787,-24.088017526963252,-16.416378344339247,0.6000858021335324,7.702661084792638,12.814165683282662,-0.03751138205718623,1.7605108587170184,3.0993984836605337,-0.09087183599598364,1.7835110068672266,5.759171625278868,-7.1914580562647865,1.4354867591799267,1.8342321882243204,1.3061148649471328,-2.555688434414073,-0.9649264735695777,-0.20375317462080364,0.8693057146547427,2.872584440334708,-0.07299668582124062,1.4471055765039398,2.0941145495487996,-0.009580400894924124,1.9306689712269112,5.157849206528861,-5.641073836081285,1.0069210738573244,1.3438148803769119,1.0237130992706667,-2.6907510512739092,-0.7629178805934834,-0.0789957121579124,0.5808969997834283,2.3753327702783507,0.032104680528733484,1.5209569685313356,2.31331010012403,-0.10773597225271278,1.9060808811599523,4.479934755569736,-5.911095909282696,1.1821633289314912,1.5628302001304912,1.0899278489826532,-2.1746588466500962,-0.7656713222151286,-0.04934888813197586,0.7971588779153628,2.8677713103578393,-0.38115501519756856,4.59255702453321,21.091580023589337,-0.10236412139755093,-1.418388525800582,7.8,-7.4,5.930408874022408,9.0,4.1309017223910836,-7.0,-5.3,0.2,3.7,6.4,-0.5485081534526559,6.519874686716427,42.50876593048562,-0.08941822982057368,-1.4205235645556893,11.04802220832879,-10.467509686758255,8.310564331728678,12.800240409052694,5.868408299056482,-9.867833202833376,-7.517682576445433,0.2720903243092794,5.28255783260726,9.126794661838574,-0.008068251751209654,0.18036175208641153,0.032530361615680174,-16.402151066733687,328.73656670168066,0.5036453370050258,-3.6412424453745937,0.05731334345125524,0.07748881082051144,0.058859906292020196,-0.08814138149990146,-0.04280346517428918,-0.002007011988213958,0.03468534564622226,0.1068743084797973,-0.8018861144299249,9.28890251998098,86.28371002570898,-0.07182836339726183,-1.4182126341326577,15.58553927265648,-14.774943153126054,11.921762421484319,18.410105625249173,8.360128397359931,-13.879243949311762,-10.895829092169087,0.3244821883694089,7.514276533080087,13.179187821882099,0.012726159205952263,0.36708437864378535,0.13475094104429397,12.76596384001914,188.62272055057088,5.45114346892318,-1.119484499988632,0.07915458906790529,0.10862731735243258,0.09914112602426622,-0.15030142240391775,-0.05956095607780948,-0.0018608610864721108,0.049066361274623105,0.1479271185011621,-0.01110976259647478,0.1469828080402803,0.02160394585940589,-7.599689984204317,73.0147116852985,0.26008324887951756,-1.5303346886444886,0.058827763149102416,0.08237793975879407,0.0630199192782026,-0.11058409356943603,-0.04247383969365884,0.0014912408793290818,0.039904100065135235,0.11878449479380396,0.007475944526432821,0.20623480205457365,0.04253279357848917,12.517295950944046,181.92125421827103,3.0370024996530534,-0.3789175318463601,0.05609830924120343,0.07432501851544947,0.06621978152175458,-0.12990605786163326,-0.03562170799545579,-0.0023369307630516692,0.03870331051999368,0.11184432853166283,0.22340425531914893,2.4586528880698704,6.044974024014314,-1.7447980809722343,2.6013858195700017,3.2,-10.9,1.0378215529539212,1.95,1.939918946301925,-5.1,-0.25,1.2,1.7,2.4,0.32720467874701137,2.8785277113964955,8.285921785277546,-1.017108154989182,-0.1517260509443119,4.193102371179481,-9.24256867788919,1.5519583973903608,4.494633827263799,2.5599566113460983,-5.438590192076852,-2.1114360241154144,1.6244202927859839,2.383197803148385,3.287319593320182,0.0050951409677780024,1.9336611616611028,3.7390454881165653,0.043965462902595946,4.022801163526054,7.92037128777842,-7.271345671125421,0.4698822010249997,0.6357683753515858,1.062792293394772,-3.563736239950047,-0.2922819253609639,0.0006478265176310533,0.3434864499906219,3.514896106681844,0.4939721618341307,3.9183457676785665,15.353433555084536,-0.941766788823095,-0.4675289389869821,5.108456093001795,-11.286163031094224,1.900265607071424,6.497624534152733,3.590030324785839,-6.90106195285825,-3.0822426437482466,2.368329981165222,3.415381890404486,4.433618782148081,0.007457929004043301,1.0324966655653416,1.066049364403549,0.30062370445378556,2.4029317247756996,3.7082853986327406,-4.167687057161188,0.7606110276079938,1.0229023126936951,0.7183225735248702,-1.6292498341028212,-0.5220541691169339,-0.014506909147336974,0.5008481435767612,1.8036441538038044,0.007655471877123962,1.9213302555244158,3.6915099507935167,-0.37865290983620914,8.426908992968094,8.681938691018479,-10.437711931183243,0.2226480843114391,0.3054589417917202,0.908199624114153,-2.6177492327862217,-0.14359111568235666,0.014161756168889953,0.1618678261093635,2.699186706371905,-0.022778248204844292,1.9189479094260364,3.6823610790905557,-0.44252353412422346,4.146716044249473,6.059344732802812,-8.367991087337257,0.5200535318471394,0.7023487016026528,1.0793275248221654,-3.5213760752139978,-0.3813429937576718,0.002789586275097054,0.321005707844981,3.6075815321865274,3.084498480243161,3.362004279115962,11.30307277279404,-1.671740864842666,2.0156753784716193,6.3,-8.1,1.0378215529539216,3.5500000000000003,4.190881458966565,-5.1,1.65,4.7,5.2,5.8,4.366517632456175,4.717341187796719,22.25330788208336,-1.6387779560555504,1.8882885857007965,9.81032799650546,-11.476210103709121,1.6224307500835085,5.086303785552813,5.9108151196329635,-7.122839075505736,2.3178009068606604,6.577719066199891,7.4041046924134735,8.243204521192897,-0.027104017365639735,0.45067044662068084,0.20310385145728393,-4.275471390190753,90.1833243228112,4.755829153300989,-4.8719322393102376,0.09410462235710645,0.12691156532587566,0.13511314441016964,-0.23044224641592206,-0.06282465102553098,-0.0024881450613955525,0.06408691430034469,0.20411446877970474,6.186921898106149,6.576277423811189,43.24742475492873,-1.6304431875031553,1.9169306608105545,13.653648367365738,-16.772646246459704,2.428276963309998,6.793994541026585,8.302566364921654,-8.735798191311886,3.6193614300850467,9.263386405990495,10.413355971111631,11.501126532161607,-0.027159102649953384,0.8237398843912225,0.6785473971368645,-1.209835387603791,53.634847332473,7.159603171405945,-7.006042243686322,0.15054124901128935,0.20760370799244385,0.2722164048263456,-0.5066631351926597,-0.11173146978499807,-0.0019583848707760525,0.09587223820744578,0.41406244044859497,-0.03749120326039329,0.4495066382011616,0.20205621778691,-3.666532657604716,48.571545176931124,3.2259590661728588,-3.9298980143071316,0.09677016933436469,0.1281484116846197,0.14553217122256865,-0.20020758868372918,-0.06047485074772206,-0.00774100247698988,0.06767356093689764,0.17633802466023998,0.009364237004117395,0.4455710786297482,0.19853358611127725,3.5674500519059342,38.726272990247935,4.069115449228335,-1.9684055853340694,0.10891716228964686,0.14635557631630203,0.17204378569460013,-0.29232900171677156,-0.06804568872515383,0.005087229702166801,0.07830988759114818,0.24553832947837262,-0.0012719183596797965,0.18180178096528735,0.033051887562150314,-0.2895193164981116,8.06200662824321,1.232502,-1.315187,0.016124781728466927,0.021752,0.08553954417247059,-0.312408,-0.011746,-0.000989,0.010006,0.30606125,-0.0017982449652637297,0.19099219914070936,0.036478020132604386,-0.6534929011597596,7.088700697165031,0.987907730277874,-1.580936154902265,0.02119498299147225,0.028589422022272156,0.09257547951945275,-0.34661948464646286,-0.015347510788777916,-0.0010545181418234126,0.01324191123349424,0.3311591614917657,1.3323135883657146e-05,0.1721047997255828,0.02962006208858296,0.03253019573592442,14.184344771189082,1.5225057247140505,-1.6008125339158175,0.007955105922267943,0.010724698721389534,0.07202277874810663,-0.24767092926774875,-0.0053509800178502195,-8.93454750838171e-06,0.005373718703539315,0.2513553250690239,-0.0025416457074839372,0.22696917486295487,0.05151500633797059,-0.5530641639713699,5.792824759719414,1.0371625729654752,-1.4830352804749396,0.029328068692401395,0.03952777350141096,0.1145826923288445,-0.401092768277783,-0.0224204507498229,-0.002269732027812407,0.017107322751588053,0.4318516877610684,0.00021879013751920334,0.14638471552203403,0.02142848493846683,-0.047447230185870076,8.581468961785918,0.9235830593205272,-1.0801022781978324,0.005998648432463207,0.008087705885102856,0.06463644588530884,-0.23872463607193767,-0.0040149502545914605,-1.2530040317485153e-05,0.004072755630511396,0.24459708796326843,1.8873687235789994e-05,0.10128133558301422,0.010257908937479143,-0.07583891808463028,10.623701576929728,0.8970535676946091,-0.8538380235990994,0.008318155810420974,0.011219820132757798,0.04581578753400294,-0.15917041169796003,-0.005557900652864498,8.223171608103795e-05,0.0056619194798933,0.15890181369686734,-0.00017855192975407675,0.22129599146109505,0.04897191583674905,0.0333102025108686,13.357255835747583,1.8799251625911912,-1.7899413911267428,0.007501417105253936,0.010132641152456354,0.09296912000926769,-0.33919292651149746,-0.0050608263919683935,-1.4780242577975323e-05,0.00507181476048796,0.32931291572722404,0.004360162413663554,0.34841891064519853,0.12139573729518685,-0.7048466480842378,9.297870972483302,1.992306,-2.923705,0.025032255857248584,0.033768,0.15904118192064273,-0.556699,-0.011964,0.00474,0.021804,0.599946,0.006165896627346865,0.4177513056000253,0.17451615333052575,-0.18639395917156204,7.953652517211607,2.3814216746692294,-3.3377819415939864,0.034304596591176045,0.04630615631960105,0.19563611115371976,-0.7355302334249784,-0.01636821267441709,0.00657616760543806,0.029937943645183956,0.7193679159095324,-0.0007716147623618784,0.261254150847605,0.06825373133510314,-0.07606672771553351,12.760022519311637,2.6957679465782745,-2.2711089043300756,0.008206879630073261,0.011068753737342549,0.11065940392062955,-0.3905648860941169,-0.005629494031779491,-8.495584950738915e-05,0.005439259705563058,0.40220737587756394,0.00871878064772018,0.49553629760805645,0.2455562222471003,0.1799514582065321,7.028105504895862,2.9960226458416876,-2.844450657191775,0.043669833133368204,0.059034688348297254,0.23386699806996347,-0.8387872320271171,-0.02114940326190174,0.008883403098795439,0.03788528508639551,0.8594196454957488,-0.0001769959925601763,0.3215830195565411,0.10341563846710272,0.10722429047629947,7.235074890570964,1.977636168529897,-2.054563617663095,0.0201730150328937,0.027243577903097303,0.14774017343877072,-0.5395625989489296,-0.0139935784935181,-0.00022291155611486657,0.013249999409579204,0.5827822334740349,-0.0010910315760352023,0.19931064740159027,0.03972473416764104,-0.006098192910210401,9.46692532447864,1.3067165852663198,-1.6280487231289267,0.007087027747368681,0.009559278450796025,0.0883571186453826,-0.3231987892402387,-0.004887314794139076,-0.00012726252778107368,0.004671963656656949,0.31901707509422234,0.00023720522304385586,0.3110611393061148,0.09675903238641814,-0.0412517571532074,12.788020791678658,2.5410719020239916,-2.617318937627551,0.009047537429037845,0.012203537636684964,0.13028881652391913,-0.46773461587049747,-0.006087442003105074,1.667366959489431e-05,0.00611609563357989,0.4746694613482944,0.005633272216281826,0.12351964743996638,0.015257103303693592,0.1237410968285415,8.60006912872401,0.994671,-0.858028,0.01210544711409824,0.01633,0.05910708185706442,-0.197521,-0.002048,0.006117,0.014282,0.209755,0.007967394906359613,0.11704158014524338,0.013698731482895429,-0.253215317863534,9.184209420150706,0.7582711245796571,-0.7934192581380115,0.014845174643369196,0.020008033968178716,0.056930854653301145,-0.17652431881618638,-0.0010627933694365359,0.00877706003541264,0.01894524059874218,0.19080267587418753,-0.0009647445844216682,0.12966076248476605,0.016811913328130916,-0.14230114336870206,12.05008753328845,1.1401898773394024,-1.208745194264074,0.0077260406330734634,0.010437533655118524,0.05692191468844281,-0.198069053114314,-0.005268306128092336,-8.366147319086714e-05,0.005169227527026188,0.1926361833091202,0.011269687025642629,0.1372327268933268,0.01883282133057842,-0.3147857231355016,12.975087287256986,0.9575589104278369,-1.0560123250814801,0.019672788477598024,0.026529067478779197,0.06465250505423391,-0.17194685590220204,-0.0009553752811091153,0.01219402770827836,0.02557369219767008,0.2012271895698859,-0.00024863120821860205,0.09251956062397805,0.00855986909805395,0.12279193383184918,8.437434926933866,0.7131507966490429,-0.5614866711152462,0.0063704049186869335,0.008591245407276293,0.04212569443448095,-0.15418825379592102,-0.004317929597049432,-6.607226197913264e-05,0.004273315810226861,0.15470885349090752,-0.0013641777325119951,0.1342475381087822,0.018022401488268933,-0.016139554304518064,8.92784055756092,1.008647691799558,-1.0082487028625942,0.008491637325972839,0.011471422621845768,0.06135425101496968,-0.22483608414282655,-0.005931333057149041,-5.4101387938958446e-05,0.0055400895646967275,0.21420901160975434,9.372378549842295e-05,0.12488232211735431,0.01559559437742264,-0.021212810838451467,12.888994374767313,1.0352697400151565,-1.0767950218697326,0.0066981314357542066,0.009045884239413837,0.0537300291570037,-0.18877293237861698,-0.004525606893672927,-2.6717543988411637e-05,0.0045202773457409095,0.19070987394251582,7.559624888015494e-05,0.9484456545256384,0.8995491595885666,-0.0005753733495131992,1.479395239339281,3.033685,-3.037009,0.7015681110979601,0.94644225,0.6664675381036326,-1.87495725,-0.471979,-5.0499999999999994e-05,0.47446325,1.87444575,0.00011399080343310065,1.3411493609974148,1.7986816085037742,-0.0005904851518913401,1.4832168205770584,4.291321810428809,-4.279493065631009,0.9901268796391253,1.3355922356008363,0.9418856053708258,-2.64358090118636,-0.6668289505019889,0.00026924661891776676,0.6687632850988474,2.650153101629985,2.7611842686743922e-05,0.016259225653099403,0.0002643624188384057,0.6935144509596,15.183809458384534,0.38635829734391935,-0.06388542444701925,0.014908247609310962,0.020108741659728598,0.01252650479905661,-0.024201523330935747,-0.00996859852296559,0.00010142036087082418,0.01014014313676301,0.02404720062113767,0.0001793023911732226,1.8956271051528029,3.593402121789995,-0.0006273181140645265,1.496921031109129,6.032785225944223,-5.954597557950511,1.3646147680779113,1.840281970038177,1.329440977293898,-3.7335252423720777,-0.9205208670851722,-0.0010114337002576392,0.9197611029530046,3.738123230183541,-2.3012603642329704e-05,0.057863228223124695,0.0033481531804014143,-0.04444920875292046,0.746725878573403,0.34378893196346183,-0.5776454416997273,0.04333457739001333,0.05857566537511308,0.04316865318324354,-0.10705587751226144,-0.028968815171888086,-4.1093833610058444e-05,0.02960685020322499,0.10727495504747933,3.940285464728757e-05,0.007447004765551755,5.545787997815055e-05,3.775337694401262,114.29814282941517,0.26295848645691455,-0.055682017257881904,0.006282684039637421,0.008484773476030065,0.005372728355280224,-0.011457158844027999,-0.004259439782347745,7.31144767065823e-05,0.00422533369368232,0.011433941545611729,9.178544243997258e-06,0.021759547785183145,0.00047347791981566876,-0.010486284075116861,2.500997074213246,0.24084367112983043,-0.2671683565537945,0.019963336379788456,0.026925327357710784,0.01696858441653429,-0.03802769103776023,-0.013442366686065136,-8.887415373429763e-05,0.013482960671645646,0.03826895403977896
-5.410060975609756,7.5636896293601374,57.209400809290095,0.9240520752116916,0.13819357534936483,14.1,-21.4,4.744327099217925,6.499999999999999,8.566565040650406,-14.985,-10.2,-7.9,-3.7,9.384999999999991,-7.609272118404523,10.733372971912495,115.20529535418166,0.9508035848574623,0.14366368575091526,19.74465374535733,-28.98131076064402,6.702628388876597,9.183360526557538,12.142600211181536,-20.75276191026216,-14.398343114939186,-11.152251590249394,-5.214982588381648,13.192763968655779,-0.05943650616146992,0.7580024044464866,0.574567645146655,-3.8882941797413846,42.42253427997991,3.9378403498873564,-8.553470548005954,0.27188354945442617,0.36773730999138343,0.36039544183470096,-0.8528810892796747,-0.1991394025356387,-0.014160961990572929,0.16859790745574477,0.566293461601996,-10.666869584966275,15.28978155352744,233.77741995458797,0.9688051329573178,0.16366737305925705,27.749167778502905,-41.77263865946967,9.863762325136683,12.91177616768392,17.23010626149677,-29.52234947190675,-20.324542380313197,-16.134862687549816,-7.412766212629277,19.019541481324538,0.13207992010084826,1.32102522358012,1.745107641334906,5.245051739511329,42.12523130133907,12.745716262149982,-4.740076397930449,0.34223189918529345,0.4645096081901542,0.5245682996751883,-0.834280764330806,-0.23682364738353887,0.007748430572608045,0.2276859608066153,1.199648386544738,-0.08491786042833804,0.6385817067282371,0.40778659616794816,-1.7256190228967776,11.872233582283117,3.2131501852913256,-3.8246850273371398,0.315894667307939,0.4263468462512737,0.354313106706316,-1.12987368468632,-0.23277557196531487,-0.017491926173241277,0.19357127428595883,0.5114423117052402,0.07578158072068587,0.8488572383345868,0.7205586110730215,2.9292797609673227,23.49936463552044,6.941709215611868,-4.006190194232172,0.3214131847002315,0.42925970328761404,0.414799236205431,-0.6656434483750815,-0.18038248121487602,0.027749582679484533,0.24887722207273802,0.827102607575978,-148.23404471544714,13.739049205500766,188.76147307117125,-0.4397984736321266,-0.04778268572448496,-109.4,-200.8,14.158851186728494,19.05000000000001,148.23404471544714,-172.87,-157.025,-146.6,-137.975,-128.4,-209.54337590097515,18.023686991032758,324.8532927507234,-0.24478479405492748,-0.5143276490829134,-157.6517430272645,-260.99511777133347,19.837217634564553,26.725985131253793,209.54337590097515,-241.2478457061832,-222.39046318232448,-207.45599904395417,-195.6644780510707,-183.88880722081595,-0.13560031176641857,7.218279047663801,52.10355240994223,0.02872179654539147,2.1070819462558372,32.090393472034776,-31.794801073094433,6.002753876090424,8.471664730792527,5.3540913834089725,-11.558089725069824,-4.325612942910492,-0.6191010333713756,4.146051787882035,11.775203725949234,-296.0228659787146,23.792995011104278,566.1066115984331,-0.19401399893296106,-0.7412402969902803,-221.98477925876696,-350.2506690522834,29.88331009158659,41.021757877720916,296.0228659787146,-334.1364171109798,-315.3247484254441,-293.77469579121396,-274.3029905477232,-263.7452583541203,-0.2771249993102427,9.119629997780741,83.16765129642236,0.05751512021251747,-0.3319402911070921,23.732144477692394,-26.76895689959299,9.112174641259662,12.418715836419949,7.355303231508897,-14.54286326192711,-6.366364409965995,-0.6020903494855965,6.052351426453954,15.019090657421636,-0.19148720687367174,4.841753245156261,23.44257448698119,-0.3366672299082286,4.890195688620218,19.855812814306358,-22.386728190015567,3.420132619289337,4.5616636955676535,3.278784014270259,-6.798852415315057,-2.3899526920945817,0.150849089049789,2.1717110034730718,6.17738462250123,-0.5569520166257885,8.889549624035656,79.02409251819246,0.17620255609820765,0.8963549793998506,29.823583944987426,-31.240429208810372,8.709342363962925,11.7944917973353,6.976358811158437,-13.72021697665732,-6.350927638518899,-0.5160003411219168,5.443564158816401,11.270058521341838,-1.2085365853658536,9.942556981070425,98.85443932183223,-2.1483187878231296,5.976666937396301,23.1,-49.5,6.2269293177235285,8.825,6.40020325203252,-19.939999999999998,-3.8249999999999997,1.0,5.0,8.3,-1.732482544380245,12.686641128910987,160.9508631337758,-1.907979889352689,4.19498317134264,20.101956898598253,-58.89448273360019,8.465319412281707,12.227826801645335,8.493108274943024,-32.04086658582955,-5.5798830239723625,1.2504549255001385,6.647943777672973,10.904634823246235,-0.026071496540897875,5.983620421642966,35.80371335030275,0.39941731998273244,7.772683668120804,29.110730195472378,-31.252110910463642,1.927910483056144,2.5908250437318108,3.177129403648363,-8.31672939557644,-1.400328817577547,-0.05688031703355223,1.1904962261542638,9.18748547388927,-2.5123101648021304,13.096105778968331,171.50798657392772,-0.62548100217179,-0.45594948961752646,16.76308298026288,-39.312335750337766,14.666903276982854,21.59842994914264,10.591267888491377,-24.90654871998679,-12.960567510039862,0.63377127073285,8.63786243910278,14.091764948646855,-0.44707252490767674,12.111077895500785,146.6782077908877,0.4698731995557632,6.694202139371182,52.18381515081796,-44.52366334346527,2.877156356499293,3.8447649626282407,5.900413108750874,-25.914209283884503,-2.0354022038247885,-0.15554356241406264,1.8093627588034524,16.578429430675264,-0.034095697477137296,3.256789610844972,10.606678569307743,0.7951544596098598,6.884702588208993,15.203766597001557,-12.6851366349356,1.2432021637779667,1.6814526068790372,1.8212674565121973,-5.276962011843727,-0.9200163184014336,-0.0746737669383688,0.7614362884776036,4.493861073124924,-0.18627930223957506,7.74430372392539,59.97424016840467,0.04409637627852697,6.975064900855843,32.96579239128256,-31.5512651517181,2.362953279199104,3.1653241809595727,4.087187755227421,-14.074427645199712,-1.6225895190316164,-0.1308812308139148,1.5427346619279563,7.306704952097748,-0.9134146341463414,4.320856364470759,18.66979972238747,0.12287025180021433,-1.4042389775381123,7.2,-7.1,6.375189539574088,8.399999999999999,3.9634146341463414,-6.8,-5.1,-1.5,3.3,5.884999999999991,-1.2890660431322942,6.131466550514988,37.59488206008416,0.1328431523931447,-1.402751035954941,10.159654158499418,-10.03581654138046,9.053914303623284,11.937263544631573,5.627469309481977,-9.560819753797809,-7.226219609022587,-2.168438140334545,4.711043935608986,8.35831517945955,-0.01301245863988616,0.17745744381515913,0.03149114436541036,-17.298017289631755,350.8610257910108,0.46842030987376104,-3.6426331540280654,0.05903721429446877,0.07488766240227712,0.05660948931102694,-0.11254543778684972,-0.042907494648504935,-0.001184516240599981,0.03198016775377219,0.0864713367637914,-1.8368308034040455,8.73273787850271,76.26071085463602,0.1463022089429231,-1.393537594487458,14.28749510650532,-14.22129250878667,13.01186774914328,16.86961897648829,8.01443541326174,-13.550249647965728,-10.256078349617137,-3.0765410840222223,6.613540626871153,12.024538413809573,0.025070483233348245,0.3604969464155595,0.1299580483749428,13.317535342169958,197.96304927903344,5.4252986587614656,-1.0228548142531777,0.07352397036309818,0.09910736697169625,0.09054072185844768,-0.11640875298482539,-0.050228716998624134,0.0003536574025457817,0.04887864997307212,0.1432149184719815,-0.017685628818939474,0.14619092889475377,0.021371787691110956,-7.817758147775943,75.56155746341683,0.21016033053920635,-1.5239392398588936,0.06573461940002819,0.0895653987145961,0.06390147634867797,-0.12105898281379657,-0.04675965881844551,-0.00947336255780304,0.042805739896150594,0.10294234575995499,0.007929741074947944,0.20191819324031077,0.040770956761431484,13.161747105134294,193.86644189965773,3.017940396920845,-0.40681743215675753,0.05682780304570603,0.07770879909722503,0.06004432671895894,-0.09972229159584699,-0.04122796047806275,-0.004342830873430241,0.036480838619162285,0.09938380190638388,0.1561991869918699,3.468338527189399,12.029372139186329,-2.586989803023553,7.128168578770605,3.8,-18.4,1.0378215529539216,1.7,2.3879065040650405,-8.039999999999997,0.3,1.4,2.0,2.6,0.230935882279056,3.8602539186055154,14.901560316109236,-1.7051333154358628,2.496720035788573,4.842949354550685,-14.700680892882016,1.5620442806386245,3.9424900361268933,3.0637047183195643,-7.6446069479798915,-1.2548540692549115,1.9238876783135344,2.687635966871982,3.524927119033072,0.08966774610950061,3.0042471687676233,9.02550105104828,1.0105421151116267,4.953903374134218,14.128738582943667,-9.436741138035483,0.4403709074330855,0.6019747901670204,1.546004923185497,-5.241175270192944,-0.3356739749828319,-0.0033102334477965525,0.26630081518418847,6.351466901942751,0.3613243698759531,4.690721147043652,22.002864879322516,-1.0378207321695185,-0.35050323385131543,5.857780037700087,-12.523959592899958,1.8267326716705579,6.813132900564197,4.164551841966317,-8.812983884265604,-3.0627687666190133,2.8678842667260684,3.7503641339451836,4.429018233765504,0.07226419073939373,2.7366289492997655,7.489138006145539,0.5052569718129927,4.937629939866245,10.839179024279153,-10.827095212293598,0.9400067509361979,1.2635719673414272,1.562029995512453,-4.68647515985257,-0.5539022951921255,0.03909546326960453,0.7096696721493017,4.488604290423933,0.12490963979984059,2.7140125381573785,7.365864057275457,0.0949081643359159,6.3576587672765665,11.650256550462032,-10.14251475117507,0.23114926641681943,0.30796530279565726,1.2676720330941862,-3.0942395353156167,-0.13872557467575314,0.0013369895160674893,0.16923972811990412,4.887065727882588,-0.27699766051281416,3.2182242182280683,10.35696711878966,-0.7487613487436777,3.5127035857540996,9.210389335798572,-12.192719422390654,0.6149916989364125,0.8958613889942917,1.7691061496224507,-7.039393488783988,-0.5553187530315103,-0.02882680613481043,0.34054263596278134,5.874429727756334,2.950304878048781,3.7853912477997955,14.329186898919293,-1.5827541520129027,1.6187049145817634,6.9,-8.8,1.482602218505602,4.0,4.369410569105691,-6.8,1.4,4.8,5.4,6.1,4.167036516594783,5.318704047084797,28.288612740476193,-1.5522399031218386,1.5153148210800982,10.050883659538181,-12.4836581232069,2.124242576053604,5.620380082154632,6.153397770409402,-9.335684868612997,2.0507523587058087,6.778666188554799,7.6711324408604415,8.676311399277077,-0.042843968059948466,0.449142714282563,0.20172917779310803,-7.775625298830797,74.95946824045936,0.8769798378285799,-5.278135678483454,0.11392386256423293,0.15305526175930068,0.1647865989946653,-0.39227169476495605,-0.07627177526153914,0.0003098159645947285,0.07678348649776154,0.2895023015247453,5.879490841944806,7.412057226660999,54.93859233129754,-1.6014159800212768,1.7710130165959024,14.549665114904743,-18.246537149644414,3.2234981994728615,7.597162336864107,8.583803696102706,-13.099156799009421,3.1189955900796345,9.494427194288448,10.716157926943742,12.189883216239647,0.09306813013996751,0.9332705398265811,0.8709939005081981,5.6783388948333915,37.76748373174281,7.749970554114477,-1.8277904891337107,0.21015363433661202,0.2925387205064873,0.3431083676267333,-0.5373705223320833,-0.16232788915077162,0.008318187787551778,0.13021083135571568,0.5732465361228856,-0.0599513812034785,0.35774659678484105,0.12798262751113565,-3.6241796659414134,15.27949464775947,0.38224714629696893,-2.1470504500593415,0.12569161600534134,0.16725711167490934,0.17676589717778737,-0.427842163708933,-0.08543861523426571,-0.0069036739536583866,0.08181849644064362,0.25276752600036034,0.057249903908266356,0.51642473248245,0.26669450431957004,5.5756817226285,37.69443414289231,4.408361979751823,-0.8108045434194703,0.18320504537775673,0.2578040133473902,0.21822522992328539,-0.3795784199470681,-0.11686008705236031,-0.010843436718570298,0.14094392629502994,0.3720111259800593,-0.0003694527744802609,0.3923852606465586,0.15396619277266774,-0.371432548548852,7.761287346502783,1.940682,-2.618748,0.08405909798261212,0.113395,0.198562153928104,-0.6322805,-0.055428,0.002874,0.057967,0.590989,-0.000516794351020197,0.5448624348853836,0.2968750729492289,-0.26192519074812,7.75790486120515,2.7043406629700733,-3.4363016567643188,0.11873853701931805,0.16030323379474498,0.27640425097446386,-0.8449767297228455,-0.07889386897770184,0.0031242067710000754,0.08140936481704314,0.8347355177196925,-0.0001840977509433578,0.10502191247602201,0.011029602100121227,-0.024296480682429428,19.176668415676808,1.2171113640240556,-1.1092709373070824,0.008181347265142741,0.011043023165293844,0.04323861105275239,-0.1377379949028224,-0.00547896322977841,4.427309791059982e-06,0.005564059935515434,0.13598681312922759,-0.0007144140097448576,0.7660115390611566,0.5867736779748419,-0.24133326287631737,7.80192018300316,3.7706838840916634,-4.8761894213709045,0.1667734892252534,0.22510251924636238,0.3885399153610326,-1.1911352442817766,-0.11026699832004574,0.0051147661914677294,0.11483552092631664,1.1734219862991735,0.0003817336625995833,0.08288383688308032,0.006869730416461066,-0.10298849235533761,17.498503611436366,0.6910179838677238,-0.7817519762812429,0.007679576988332632,0.010348004513541117,0.03501135218794526,-0.1045902938385837,-0.0051943559552963285,-4.4013013675495496e-05,0.0051536485582447875,0.10808700731516435,-0.0002597849570129269,0.08393480300844258,0.007045051156066062,-0.18645714513175243,13.635093923617564,0.7359287832717225,-0.8057447413381325,0.008489303562974294,0.011446647212589062,0.037113054532004426,-0.12189457140103017,-0.00566247232637172,3.836830073069235e-05,0.005784174886217341,0.11956753655353439,-5.396136495485911e-05,0.12251588059850121,0.015010140998826206,0.03425141483873478,19.461449319197854,1.2506612866089992,-1.1986924606798572,0.0077775184628687865,0.010511101226659665,0.04886177864862466,-0.1550376693196623,-0.005340538364032284,6.393779387606853e-06,0.005170562862627382,0.15116176073214288,0.004394929230207287,0.5862189612763251,0.3436526705598935,0.5566463361662696,6.971397045379906,3.9708,-3.453478,0.10053006732910008,0.135237,0.2996614743554622,-0.946338,-0.067603,-0.00187,0.067634,1.08405475,0.0062070038597367705,0.8057758914388966,0.6492747872241486,0.5981097976953925,6.66707168881601,4.882478285991843,-4.637213490414921,0.14240836566059342,0.1914190393111484,0.4155581612978373,-1.3098845949961706,-0.09611187803869525,-0.003251012225930205,0.09530716127245313,1.4906398710325692,0.0004775433957500129,0.19485470426158685,0.03796835577287048,0.08967911409519369,18.48746287790522,2.4338236530004465,-1.916163804601316,0.009402226626376487,0.012686783195326325,0.07785153195453379,-0.25147026679997186,-0.006397062555426101,-3.162873722910298e-05,0.0062897206399002235,0.24797023871155735,0.008754172340416264,1.1084731375722556,1.228712696719281,0.6219714256963158,6.173125599409051,6.234870685950477,-5.398776521149695,0.19840503895322745,0.2676415310671947,0.5776027042906822,-1.764813061344935,-0.1346243920658533,-0.005336562840104407,0.13301713900134138,2.100313660517102,0.0003828215548246004,0.26382354589284257,0.0696028633674728,0.01859001672755613,8.45302777784815,1.6731483827130194,-1.8991214594823895,0.026730421617695507,0.036064607401378304,0.12297897051445386,-0.44258957907824403,-0.0178736504995288,3.445245244594608e-05,0.0181909569018495,0.43086746178134394,0.0006747258461224622,0.18703413147847703,0.03498176633790823,0.03631884405824016,14.421437979499323,1.6794833376922347,-1.7248315659346463,0.008247008296917059,0.011118234055938193,0.07742730837012789,-0.2520406916071608,-0.005521977252708332,-6.489299186900459e-06,0.00559625680322986,0.2630946532770243,6.423058101925437e-05,0.20233904574547623,0.04094108943318992,0.17067013252992094,18.878883838258023,2.1524922793409846,-1.951107664661653,0.01021389901275731,0.01375958481430514,0.07891980784843022,-0.25799222469921584,-0.006846897482207683,7.889760610715809e-05,0.006912687332097458,0.25183214981416424,0.002938406035978449,0.20322075176791857,0.04129867394911798,0.22016021074304362,8.361091852721131,1.621854,-1.250365,0.030935977891337892,0.041671,0.10199554234012113,-0.323804,-0.017712,0.003214,0.023959,0.33751975,0.004152358839046135,0.2680017789735792,0.0718249535330032,-0.09112353489416446,8.4007919083286,1.9392832441717867,-1.648522236803638,0.042500197610444546,0.057298350119600806,0.13461021177815738,-0.4158486973957697,-0.023775058828349023,0.004978788569504758,0.03352329129125178,0.4338330964323137,0.00021485794905699726,0.10375425554279932,0.010764945543240504,0.016039730621714474,14.917859990368278,1.1306887177617428,-1.0816558921069017,0.008141706042294765,0.010994918441332538,0.04469999341381461,-0.14979094863508335,-0.005449677047819372,-3.980200490954285e-05,0.005545241393513166,0.15068804205147174,0.005863104141708121,0.37339179106373604,0.13942142963378473,-0.18665094356009268,8.38628485504501,2.515129595501479,-2.259897013068437,0.05968969253427992,0.08050672006402748,0.18800475559843186,-0.5769336181986303,-0.033223950119337875,0.007084259346452503,0.04728276994468961,0.6029301060146358,-0.00019959235331849765,0.06482895575315709,0.004202793504044799,-0.03220291614719697,12.691087802414785,0.617943699399739,-0.4676451442691323,0.007131466923649236,0.0096214236218388,0.0290487755142491,-0.09315322098381557,-0.004774347379175422,2.698999947535908e-05,0.004847076242663377,0.0941762656530716,0.00030344667800795145,0.1250522576578608,0.015638067145328,0.10385983825921355,13.430196027721394,1.1594133418197976,-1.1267224815870327,0.009159173456910814,0.012354688622672121,0.054695753273484304,-0.18643524426010716,-0.006138670196733794,4.857995245940235e-05,0.006216018425938328,0.1825520759651461,9.714960574652187e-05,0.07673256778912933,0.005887886959513328,-0.07499403481006658,18.39111465223202,0.7031672817325967,-0.7452002105887889,0.0070074953471191866,0.009452955524933476,0.03139152307051134,-0.09729292709442014,-0.004654424724844964,7.215156393124695e-05,0.004798530800088512,0.09646075372927941,5.267821812315456e-05,0.9409187311327859,0.8853280585965317,0.0004911427707632973,2.121209456982111,3.305915,-3.315631,0.7010336329981889,0.9459,0.6574118957325054,-1.730416,-0.4712835,-0.0009165,0.4746165,1.73652175,2.737560411270359e-05,1.3305260558023457,1.7702995851689467,0.0005985258379098387,2.1252418593394324,4.668343122945872,-4.680992353588099,0.9857351768912923,1.3288012468374113,0.9291276539118483,-2.449522166472476,-0.6618729358518364,-0.0024632138514401533,0.666928310985575,2.456642566797672,1.6183844700105462e-06,0.014851132154351614,0.00022055612626601642,0.826819735142464,35.65131859702908,0.47730786029377237,-0.2579725555924305,0.014172718349861037,0.019103173168765617,0.011745733172494353,-0.021671322557127684,-0.0096021929501383,-0.0001956379656802877,0.009500980218627317,0.021809965830446684,-9.796963273271111e-05,1.8809443068616765,3.537951485515353,0.0008674950548187695,2.138908412230272,6.501219131511559,-6.552549634620221,1.3612718201249134,1.836030525639639,1.3112333240241474,-3.475536193966299,-0.9156231333434367,-0.005013630520205991,0.9204073922962024,3.4471996830296034,3.472661443754162e-05,0.04589502903250843,0.002106353689894792,0.11688554874859293,1.948040557626614,0.586916187636481,-0.346922784306982,0.03422372416948211,0.04609890742997155,0.03469788826117287,-0.08309032532478372,-0.02305423385956399,-0.00012018607321537256,0.023044673570407563,0.08450349366967744,2.488832791485544e-06,0.00647189831414001,4.188546778856831e-05,0.9503230571273175,95.61726707247065,0.20378138377678368,-0.17273228172244226,0.00586033433066383,0.007902308139207025,0.0048947763050635066,-0.009754126865318062,-0.003939189204171646,2.7516503445247512e-05,0.003963118935035379,0.009686505533243486,-2.5393216430138875e-05,0.019986727741701415,0.00039946928582089696,-0.6175558831146098,12.918254565126642,0.1406637557359636,-0.4288906603283691,0.020159459140549438,0.027112653402732702,0.01603253616797837,-0.03274324377500968,-0.013622454664144598,0.0001918233799099772,0.013490198738588106,0.03283928689026783
-5.11829268292683,7.560667283249226,57.16368976799524,0.8480099506394985,0.06376952160020055,14.5,-21.3,5.114977653844326,6.9,8.3,-14.684999999999999,-9.9,-7.35,-3.0,9.5,-7.1999929703526595,10.734638253547674,115.23245843452906,0.8740067258683509,0.06496081583330371,20.098989007517236,-29.20215119215029,7.165827707945254,9.75751209234102,11.770999927372031,-20.849304459229852,-14.025296828702349,-10.394780695112669,-4.267784736361328,13.540008875269834,-0.07180179164053992,0.7138263074264924,0.5095479971741413,-4.283420862367743,39.029914535114,2.8252698732194887,-7.865833154940242,0.310184155618559,0.42390363041636636,0.35932909209782865,-0.8040739803370189,-0.23113776031998046,-0.010997200374345817,0.19276587009638588,0.5518911733046044,-10.09923868545871,15.30590192817063,234.2706338347774,0.8930275927360071,0.08341358241893859,28.347467714613103,-42.05273534132462,10.383191937438578,13.679005366139585,16.722700998196835,-29.423421250902056,-19.697082549939093,-14.979781155015425,-6.018077183799509,19.093804927531977,0.1180755852772904,1.2545696018724375,1.5739448859423661,5.704031246069213,47.1932292152334,12.315359835425621,-3.500032791891309,0.30646468250025616,0.40966602029592236,0.4934034301456033,-0.8348125123496789,-0.19346093058881458,0.00955200340943474,0.2162050897071078,1.0527564908362983,-0.10315407375615387,0.6562648987863006,0.43068361737899336,-1.822242174082195,10.511177375279946,2.6981108230457034,-4.060355420952234,0.32333706872171153,0.4306157382984896,0.3851103208045504,-1.1518614609652342,-0.25115806175493816,-0.02521389260558472,0.17945767654355144,0.5772203283700681,0.040467192194558764,0.7583245812935168,0.5750561705939875,3.712873498106659,27.239527019832124,6.4512159966374405,-2.4520206046549298,0.29656690175553924,0.3909709901764498,0.3789749465923154,-0.7651997642093792,-0.21746712157403575,-0.005669240841634199,0.17350386860241407,0.7919471866418226,-149.19329268292685,14.120013895541026,199.37479241027168,-0.5086145064255174,0.07754779432455638,-110.9,-195.3,13.714070521176819,18.600000000000023,149.19329268292685,-174.3,-157.8,-147.95,-139.2,-128.91500000000002,-210.89615477027607,18.76141044838774,351.99052201287265,-0.32296931273543106,-0.44117560923235954,-159.95095184566995,-267.4043143094895,19.53541733338014,26.78124294297183,210.89615477027607,-242.6039855899585,-223.36408320457772,-208.71101990016922,-196.5828402616059,-183.60900189997315,0.2542837638350891,6.7818167302618955,45.99303816286015,0.3186924989530554,1.361134040887925,25.935811567136046,-22.366143309683707,6.00565050778457,8.040123955589422,5.149399951503223,-10.75397657953531,-3.9330571038600235,0.1700147628464581,4.107066851729398,10.50128628554946,-297.93735558272465,24.54703785853995,602.5570676285937,-0.25739457558117673,-0.8474866102152063,-231.3293657498633,-356.93171530953697,32.10819896872261,43.122390336127694,297.93735558272465,-338.0327864512115,-317.7535701691666,-295.77199820364604,-274.6311798330389,-266.0431791383344,0.16678270158777297,9.975576104930713,99.51211862526462,-0.05405324647397482,-0.31488791024083174,27.975868456423356,-26.906705505038346,11.154232042296451,14.942808067957818,8.225525830959867,-14.424766079794527,-7.074625394411935,-0.2062666755681697,7.868182673545883,14.742517814588215,0.3510582820911074,5.001453113033702,25.014533241874513,-0.0241475029807475,3.716661755391806,19.192252499049925,-19.231782625379747,2.2176746770642244,3.0210650161675394,3.1082285176411344,-7.604345879303473,-1.1603486312901885,0.22159517472518198,1.8607163848773511,9.838986732774359,0.06103745011639702,8.105644426924519,65.7014715757325,0.17492991173772376,0.46381716920004923,24.715078231176086,-27.329594249025444,7.924238536480709,10.839880423619386,6.366649844643327,-11.510685439105423,-5.469496422943028,0.14156568873328101,5.370384000676358,13.29484559140783,-1.5072154471544714,10.08081867976979,101.62290525439553,-2.1299269175089557,5.51347968975157,19.8,-55.7,6.078669095872967,8.525,6.462093495934959,-22.555,-3.8249999999999997,0.8,4.7,8.2,-2.153019090248202,12.481736787282648,155.79375322700497,-1.7652112590966644,3.6855799580099102,20.35930247640176,-59.03348517099088,8.926973483839474,13.045332659165311,8.55098626312318,-30.087733477648342,-6.532991834414302,1.073312489050754,6.512340824751009,10.70531994130519,-0.15784027704123083,6.81510252086167,46.44562236985509,-0.22097352581854127,6.93213330030458,28.702292402854525,-32.48890726332663,2.052134594027743,2.7437776383915224,3.528831265781282,-10.313154368233494,-1.5546478019754109,0.03782629838825452,1.1891298364161114,8.533319718445501,-3.101002714826453,13.854831088970602,191.95634450390634,-0.6448442714407556,-0.6365127677712414,16.813335786880373,-44.37933758741114,14.561327471952774,23.29096694024193,11.218619493424441,-28.179915272284525,-14.376240642909814,1.1320162642949607,8.914726297332114,13.995896727658002,0.08171233094309598,10.782233133291903,116.25655134065772,0.021553311168488475,7.717071351796033,54.54471463647295,-49.113936476552894,3.6049265427138795,5.035107357882346,5.704369720708931,-18.119925190539007,-2.2192424947676654,0.14602154752287025,2.8158648631146805,16.57948796957922,-0.2188949731096409,3.296006142327963,10.86365649026366,-0.024930322028718744,4.689645226510885,13.476215314283168,-10.725436515824505,1.284478631279303,1.6759503950660757,1.8956000451420256,-7.017488793696368,-0.9233675835482587,-0.051184899659687845,0.7525828115178169,5.0766146359138045,0.33818985351987974,8.979054136096009,80.62341317894284,0.039939882183259716,6.205768365909735,37.429310132948835,-37.592722250715326,2.5062073582843367,3.451157601656413,4.679464865961922,-11.096341066071275,-1.5736059452618294,0.023798660513392578,1.8775516563945838,19.323798453349752,-0.8882113821138211,4.146207892795168,17.19103989027695,0.11955903856294686,-1.3559765249189166,7.2,-7.0,5.7821486521718475,7.8,3.790650406504065,-6.6,-4.8,-1.5,3.0,5.7,-1.2537461744075162,5.887343425551355,34.66081261038276,0.12940017616224608,-1.3540035864107693,10.124168507512424,-9.847543181055768,8.229595762380209,11.042032746675314,5.385091753996255,-9.334129656981496,-6.7986343491046926,-2.1533942441135765,4.243398397570622,8.113937598898547,-0.007104485962504827,0.14857604515780304,0.02207484119473353,-15.744158974051503,308.0472172801887,0.3187680390781903,-2.949157601832406,0.05486340600746958,0.07422875242935115,0.05394571268309229,-0.10049452677214193,-0.03804718451337716,-0.0014425321829077131,0.036181567915973996,0.09648634551526691,-1.787595811880954,8.396175040843287,70.49575531647977,0.1457419917773624,-1.3434842760226875,14.209988803976882,-13.872079509687222,11.724897992013107,15.626303046591833,7.672068012123722,-13.203226294514733,-9.714031021120666,-2.946462494037297,5.912272025471166,11.731060292346584,0.01894037795791783,0.30467019041078014,0.09282392492494103,12.881138785629934,188.74885954174135,4.529321908352895,-0.8393660121716437,0.07710911810211833,0.10882443893974328,0.08490018561299566,-0.13632529855906173,-0.04967510917794796,0.0019531175826137392,0.05914932976179532,0.1310322463071128,-0.010153140507705966,0.12861985826655703,0.016543067940509217,-7.100268358917458,66.90794065247621,0.2578320808962218,-1.3248839426213206,0.05602447593067274,0.07381264195563118,0.05850629502035761,-0.11321687964778705,-0.0384791673661162,-0.00018598517399421308,0.03533347458951498,0.11467384439400685,0.007016922799134331,0.16437237822369016,0.02701827872291185,11.926148854736335,169.82346255652493,2.3785673331156443,-0.32268556488449673,0.054916906928574136,0.07457130526078815,0.058280645199912114,-0.10266413455605135,-0.040170754283958665,-0.006232371552292681,0.03440055097682949,0.10084684999095304,0.24745934959349597,3.527374603565093,12.442371593875999,-2.5093138143536033,6.655043350896879,4.1,-18.1,1.0378215529539216,1.7000000000000002,2.508841463414634,-7.984999999999999,0.4,1.5,2.1,2.7,0.36355839525600353,3.9853881231621937,15.883318492242275,-1.6980460559591002,2.3807766653248112,5.013398471360181,-16.14872265662595,1.5584303578360557,3.659023922000804,3.224116138961861,-7.755000742499462,-0.7703941575850592,2.089506510327635,2.888629764415745,3.690635152092465,-0.14724899376655973,2.977138520947671,8.863353772910484,0.743517595639479,4.378604691195925,14.00184697923133,-10.327175676418081,0.5188797283166028,0.7160711284533792,1.6198334945306325,-5.6803497398047,-0.46013552330364355,-0.048289677949961946,0.2559356051497356,5.464256829782291,0.5596418914000307,4.79625150664096,23.004028514955678,-1.0249096776498121,-0.39295329877075247,5.806730264634789,-13.044955399843527,1.7157629029273178,7.398948692581956,4.376890712924848,-9.264659444120005,-3.4352451587277777,3.1016110543021593,3.9637035338541784,4.924834532234314,-0.11590442557266116,2.910253712880585,8.469576673335231,0.007504280983096018,2.763978995988932,10.832153479361528,-9.476919677606144,1.0219840827128466,1.5100816361189455,1.7701163767512207,-5.930620872593439,-0.8549578483022828,0.0020704027638405176,0.6551237878166627,4.951231770435744,-0.20567292058239636,2.7381941065071693,7.497706964910595,-0.6945738124725185,6.855921166840497,10.871365534752004,-11.900182270297641,0.19753743152407724,0.2614259973311675,1.251040481883317,-5.472841170643184,-0.1475570301358744,-0.007047957271029882,0.1138689671952931,2.904408268755213,-0.016040700840758468,3.1594548659111035,9.982155049729348,-0.44258818869928457,4.043796575404946,9.908645849691228,-12.179767149888969,0.6847788660514692,0.9310609641783599,1.7274492710724323,-4.927375120802502,-0.4851062388161391,0.007878551374861403,0.4459547253622208,6.333775820920618,3.1450203252032525,3.6148653675625524,13.067251625603147,-1.590783131518483,1.760545410082142,6.9,-8.7,1.482602218505602,3.95,4.370833333333333,-6.1,1.5750000000000002,4.8,5.525,6.2,4.4447153497353336,5.077980722720261,25.785888220318583,-1.5579948685756884,1.6455961366524825,10.82093118336794,-12.123633063774781,2.15876419418162,5.6095891881389415,6.15788241778196,-8.369616996465073,2.2171595599963068,6.842837700472726,7.826748748135248,8.744545936348716,-0.049982555752849954,0.44238048552229736,0.19570049397094352,-7.611969867346773,69.86484024196186,0.6725227798378719,-4.8873603229317455,0.10801476610860326,0.1453396971662393,0.16131718116819213,-0.36827422910163543,-0.0770355700073356,-0.00448270677960716,0.06830412715890369,0.2663568220199768,6.2792927900133515,7.072583151705259,50.021432437785094,-1.6114391774840133,1.9229991610411874,14.442213886554455,-17.8835726697556,3.164852459258504,7.458991864957776,8.609088652029184,-11.709617668760364,3.506336933726981,9.581314151377983,10.965328798684757,12.277707056489739,0.06775746740806808,0.9270492957736247,0.8594203967943734,5.528457078528999,36.072960256775396,7.363252282971363,-1.478689499696053,0.2186874264599483,0.30617857237973617,0.34827517397695695,-0.6294378985811255,-0.1725451192601265,-0.008608714732511902,0.13363345311960967,0.4826266835054899,-0.07034125258929765,0.3578523958995623,0.12805833725105709,-3.628945936035408,14.695894397473204,0.5033041145010115,-2.1152127311036977,0.13056039973654704,0.17033730284112222,0.17332319821215036,-0.3984484673486417,-0.09828104568056611,-0.009333709198000617,0.07205625716055611,0.2522929406642874,0.04859060967118366,0.5055542601282511,0.2555851099338234,5.502213908274939,35.36384282817098,4.038162782643163,-0.7312604111823359,0.14328713108893779,0.19116653963398872,0.2052902072088246,-0.3611810996684961,-0.10228011039069346,-0.005901293300004771,0.08888642924329525,0.39618562284238856,0.003415482611598337,0.3929930352684799,0.15444352576953269,-0.781819118619782,7.272495753177049,1.765123,-2.464881,0.07242808357843568,0.09757025,0.19802275396777227,-0.654849,-0.042947,0.008163,0.05462325,0.65123675,0.00482855256677845,0.5443112653629937,0.2962747536010633,-0.6791299950431675,7.132546946095355,2.446702331156337,-3.3465254719886133,0.10184111222855585,0.13759741544956444,0.27547745001141877,-0.8840936621039494,-0.06116246346318456,0.010740864136037467,0.07643495198637987,0.9023008966122574,0.00047111511858503554,0.11218016580600923,0.012584389600263724,0.14260361073418035,17.85657730426995,1.2862266792323311,-1.179281943984555,0.008695455145694524,0.011729710706826366,0.046063873690108115,-0.14740769283946697,-0.005903849781929906,-3.550048553706579e-06,0.0058258609248964584,0.15272557835915462,0.006823731679605134,0.7638203495338293,0.5834215263619811,-0.6669356070129975,7.167795522255796,3.455026236622651,-4.601819567416061,0.1436527103029766,0.1942648726927295,0.3872632778525134,-1.205124193011228,-0.08666907001982435,0.015890020858835847,0.10759580267290514,1.2658910201918079,-0.00021821428258512825,0.09498291436598444,0.009021754021455932,-0.16812332661795307,13.420077921373352,0.8200127418684833,-0.7839095475732487,0.008627734061610291,0.011671316136674846,0.041341059458839535,-0.13458154262738023,-0.005906201965710842,1.9440951843877497e-06,0.005765114170964005,0.1384223849740426,0.000666764943683068,0.062845487404141,0.003949555287064045,0.45165693716420985,16.00905396641999,0.7645124348055693,-0.5958521542388097,0.008581100404790874,0.01154571168444909,0.02802687788705886,-0.08472160487895995,-0.005795508762456502,2.7615399838687505e-05,0.005750202921992588,0.09034022854866514,0.0007224028301787744,0.1456507463329777,0.021214139907353415,-0.04125429439746972,16.648011842836976,1.41002144345933,-1.4040249073153233,0.00862125679096307,0.011623590997240535,0.05912336991554036,-0.19465049746423563,-0.00564262389054429,7.523301365873264e-05,0.005980967106696245,0.2003699440377861,0.006270864913664916,0.599871695930298,0.35984605157829186,0.7491123891742204,6.5702175333026265,4.054078,-3.228458,0.11197649775707261,0.150755,0.3129623702394319,-0.996464,-0.073492,-0.001269,0.077263,1.126054,0.008875461703444111,0.8277212042179484,0.6851223919120106,0.7923082371954515,6.375648796235904,5.272943495574581,-4.372747757856557,0.1582068384963275,0.21274624787320578,0.4346626055308741,-1.3889183644874843,-0.10411078593251313,-0.0027869967368744112,0.10863546194069264,1.556199081136138,-0.001105117840706525,0.18575320804817122,0.03450425430018718,-0.20458656044992987,17.260969054967426,1.7829520033455821,-1.9337749709300345,0.009841205131570248,0.013274333276119765,0.07477214930473178,-0.2516434195323223,-0.006677799318470998,-2.9123334468235482e-05,0.006596533957648767,0.23243763622522995,0.012571684764236547,1.1377983899980597,1.294585176282177,0.7996536773184348,5.7857228351137735,6.626532960596379,-5.278378134830366,0.22218827788331888,0.2992511195436698,0.6051051401360319,-1.8995567949503869,-0.14678865477060585,-0.004900081676191825,0.1524624647730639,2.196527348583144,-0.0004703702955485196,0.2746163252605377,0.07541412609960142,-0.17613569009146882,9.943509716177727,2.1069844063488015,-2.2211040152567185,0.02724817941812093,0.0366974934949147,0.1262768895536276,-0.4496390504463461,-0.01841516318279208,0.0001524511677670707,0.01828233031212262,0.4319978715684346,-0.0015629214642649237,0.20536442492047635,0.042174547022917966,-0.5493300439249974,17.59054050933837,2.1887277060695824,-2.327586767861729,0.008799791193749684,0.011868033814598482,0.08291492040271801,-0.2854880630558365,-0.0058391292584416,6.014817690502941e-05,0.0060289045561568826,0.27599845038766574,0.00028265720619056984,0.16377224665111692,0.02682134877315428,-0.35808375000688675,18.615482782340695,1.8871553297157808,-1.7028447734638343,0.01047875896807577,0.014114250587266106,0.06676632735961481,-0.20937077273601884,-0.007079640269092464,5.695198961085022e-05,0.007034610318173641,0.22709480588545847,0.00466626610627257,0.19831899036148437,0.03933042193799853,0.3673810837351795,8.682583514086668,1.966411,-1.236152,0.031204328892887403,0.042094,0.10081031192911115,-0.319933,-0.0162,0.004847,0.025894,0.33207675,0.006600205220173366,0.2573434915571707,0.06622567264683558,-0.11345502970335451,7.668282505309323,1.9038543839244206,-1.6555596663839873,0.04271151470328325,0.05768035885467045,0.13216588142878102,-0.4106170949849089,-0.02125865409105733,0.007229683752552025,0.036421704763613116,0.4319877061458116,-0.0006807261235676211,0.11147936534008292,0.012427648896627681,-0.3032085286236719,16.59491166631779,1.1839339803828288,-1.264234705161289,0.008700895152226301,0.01172982343964684,0.04717329856312373,-0.15597920274649676,-0.005887005944708687,-2.982136022245909e-05,0.005842817494938154,0.15585221516291642,0.00933725280946071,0.3577746994813468,0.12800273558896802,-0.21353921648279137,7.6587758805175525,2.250820077947663,-2.3063127283723053,0.06022965984869297,0.08121695875498139,0.18426826471023366,-0.5703566650251949,-0.02945121226655172,0.010256673239034352,0.05176574648842967,0.5958370221802183,0.00013434129157768754,0.06651900984850846,0.004424778671225966,-0.008308151112283878,12.499055054293326,0.5622546162399051,-0.5467339973681302,0.007234958737814971,0.009757034166659823,0.02978459782659648,-0.09540726314437069,-0.004869918052875241,7.0895620569897625e-06,0.004887116113784581,0.09830568453002317,-0.0009628399649133125,0.13713727226111938,0.01880663144322038,-0.4415138914456674,15.485986083710749,1.2630598064833454,-1.390264845572404,0.009746161101809429,0.01318209694675361,0.05833515225237992,-0.19596112516420816,-0.0065145413874861235,-7.691338366848626e-05,0.006667555559267486,0.19288959453617377,-0.0004290614433994191,0.07774291850627606,0.00604396137787348,-0.16109621706203447,17.440666706020913,0.7518433344941438,-0.7831742424123408,0.007294796990179291,0.009873197586552966,0.03230827092123903,-0.1057098232584626,-0.005111388198684543,-4.7307521807178114e-05,0.004761809387868423,0.10267479262308214,7.317109216156371e-05,0.9854256059453486,0.9710636248527573,-0.0010433110610324106,2.1580695875636353,3.41784,-3.410047,0.705517763408059,0.951753,0.6832593821806817,-1.843492,-0.4746285,-0.0010485,0.47712449999999995,1.84147075,4.484848601532737e-05,1.3934808567647885,1.9417888981699287,-0.0009220654929204024,2.161774795900617,4.831891823586846,-4.801738633451985,0.9934191787886614,1.3387547716437698,0.9657505001303388,-2.605285821660382,-0.6672375820961158,-0.001702695449654604,0.6715171895476539,2.6020760445230544,1.7449217846348665e-05,0.014193490083972481,0.00020145516076382517,0.9179146144716881,24.091970155106534,0.38107997750171746,-0.18790621859694798,0.013978012371284945,0.018807696084502893,0.011473964073149465,-0.020746472431352227,-0.009371734100657197,-0.00019774731799668656,0.009435961983845696,0.02086495387371763,-0.00010447682891407454,1.970026960574468,3.881006225390277,-0.0006269400663474207,2.173918298174356,6.7864878598021425,-6.728056093530298,1.3790570566356386,1.859195029477518,1.3629543886286963,-3.6711944453046415,-0.9290983342397275,-0.0024823719848662412,0.9300966952377904,3.671244565670784,2.868996432161777e-05,0.04504238929613653,0.002028816833504714,0.1945895212869007,2.300393915864868,0.5998891175343498,-0.23271789233056533,0.0345814071618654,0.046687896773660684,0.03459129896500567,-0.07869731879874795,-0.02336632853747845,-0.00022641120878254262,0.02332156823618223,0.0799144506824483,2.5094207634574553e-05,0.0060435693491227285,3.6524730477655724e-05,9.796762423345527,520.373207111831,0.31917429737510916,-0.13363758563945335,0.005119101469074945,0.00692887384441551,0.0042023209476460864,-0.00833402609641631,-0.0034790724580300286,5.1076246421251856e-05,0.003449801386385481,0.008186069385184147,-8.174297042175848e-06,0.019139946753596152,0.0003663375617304959,-0.11997882694349786,2.551771251352884,0.16258918374186365,-0.2734837628185372,0.02049171689395642,0.027617891487275975,0.01568102707442573,-0.030990442004266854,-0.013950530681702527,0.00013727390944669204,0.01366736080557345,0.031012662951257403
-4.915071283095721,7.338869049497496,53.85899892567228,0.8386995597158036,0.22795500694469117,14.2,-22.0,4.447806655516806,5.9,8.05580448065173,-14.7,-9.4,-6.4,-3.5,9.3,-6.9074619054281365,10.412159400399014,108.41306337931758,0.8702783762198557,0.24273099690001176,19.997537875612522,-31.70714277760865,6.192741074764916,8.349000360439465,11.420818530706438,-20.339885505284272,-13.294695614663546,-9.153850816961064,-4.945695254224081,13.308379246794534,-0.010870793885758805,0.7988076598547383,0.6380936774426033,-1.3950801370633306,41.37933208753862,7.156209050760433,-8.189242988122334,0.28480224777646956,0.39475649884928654,0.3700088987430505,-0.7587313944678262,-0.2003170416582664,0.007531984348990439,0.19443945719102018,0.64555496584871,-9.647810314797061,14.835252782320415,220.0847251153456,0.8978210341826249,0.25010432372311664,28.321963743629464,-43.127394285482445,8.94853735931572,11.973740403173576,16.203358628078735,-28.536077587118367,-18.868502337506296,-13.004262895271081,-6.8947619343327196,18.907560135532268,0.1068884956543269,1.4017472030741434,1.9648952213261837,4.485926035314871,34.08057540195085,12.676750664205297,-4.666124428003127,0.34959315845265443,0.4702546359647471,0.5749290312083597,-1.0200892429787067,-0.2415284229097826,-0.007251365793171094,0.2287262130549645,1.154513144136409,-0.015617275149589625,0.6569080219481491,0.4315281492998299,-0.38601716616485604,9.736611663447748,3.2471472206748104,-3.1909412935373096,0.27175660319202005,0.3811217997784433,0.3651870574015635,-0.9607372193549117,-0.19760487819746908,-0.03108193265031036,0.1835169215809742,0.7356769058951579,0.013358445594812706,0.9108928874497213,0.8297258524064907,0.7053226629313116,26.79767858539269,7.003734641152287,-6.5041838761667226,0.32391175414408646,0.4436332115456212,0.42560550967058647,-0.8483496163046733,-0.21525670483726375,-0.001043314873339201,0.2283765067083574,0.7859518090835262,-148.97668024439915,14.078452573386624,198.20282686109647,-0.46108637236202304,0.018339519638518098,-109.8,-194.3,13.788200632102093,18.57499999999999,148.97668024439915,-174.89000000000001,-157.375,-148.05,-138.8,-128.805,-210.58486888367312,18.633567701000008,347.2098452677507,-0.33522392833962056,-0.269591664767141,-154.9410399192698,-270.40206495474825,20.0105008270121,27.130208547965594,210.58486888367312,-243.0499058004032,-223.36710886149737,-209.41905214386725,-196.23690031353178,-184.19746503884528,-0.056655226344393086,6.972853130726891,48.620680782687806,0.023626582364612847,0.7711745685624236,23.85933501927787,-24.408804815144734,7.377680134338946,10.002956808526765,5.5106666440626215,-10.621512081474702,-5.113608323276981,0.03529519392524705,4.889348485249783,9.53547379716171,-297.52660957937064,24.42678842903031,596.667992956609,-0.19679956490657768,-0.7350891299827698,-220.65889258773072,-349.9505353905185,33.03603597805626,45.22461084517323,297.52660957937064,-339.12382294765047,-319.24764135109825,-295.6969999842687,-274.023030505925,-265.10596175826265,0.11568938866621317,9.840707589849558,96.83952586892269,0.20282130735119377,0.18079796058034248,35.47070640311003,-27.578777760934848,11.268935301830423,14.91169120492043,7.869694473487405,-14.021079285246676,-7.177371956383116,0.005175777567325568,7.7343192485373145,16.529523343417075,-0.07602787170011753,4.206541271106458,17.694989465521935,-0.027106784996114096,3.4838257073427936,16.10640128215085,-14.805135498946248,2.2437140689751383,2.918576346632232,2.69386111063678,-6.369840806091844,-1.5145014787055144,0.07225967692461034,1.4040748679267177,7.1583604080191385,-0.34122089354598745,8.84821975521967,78.29099283665965,0.15641412832111037,0.08053965849869327,30.08739562914766,-21.827636808559134,9.707597235859769,13.135927612204242,7.193510217453952,-13.57888922084744,-6.5886713273847946,-0.6510871337642026,6.547256284819447,12.683143920824794,-1.5582484725050918,10.04383306688897,100.8785826755323,-2.106527426385269,5.945622933151455,22.0,-55.0,6.226929317723527,8.649999999999999,6.483503054989816,-23.09,-4.175,0.9,4.475,8.4,-2.223651838585806,12.439087934185178,154.73090863439128,-1.700733255274038,3.783431198113391,24.36012822867111,-59.94524428686692,9.328234724483586,14.679723748252659,8.667677629634774,-27.429972241923505,-8.223438554284163,0.9211030003626552,6.456285193968496,11.012368317391818,0.02911493534309427,6.782322545039608,45.99989910495254,0.2751363387295884,6.9658360493306315,31.555290751510636,-36.301747206159604,2.3958401639058295,3.1974262111749354,3.7565008296923867,-10.120527908290853,-1.7374506480861396,-0.11860192752601315,1.4599755630887958,10.86349325063108,-3.201912081373599,13.47451428193051,181.5625351339493,-0.5610852146919265,-0.7698859288665276,15.745156426526343,-37.03924306390622,14.673728179292096,22.26099587808404,11.069871995740552,-28.61059374511953,-14.063845984793723,0.9097295370202231,8.197149893290316,13.781461178751911,0.3737370814748933,11.17311879872571,124.83858369043787,-0.13144510142939808,8.591758205387388,52.321992097736064,-52.90522821148449,2.908667962794542,3.872021832453997,5.578267764418646,-14.351959306685274,-1.7467755223553794,0.1363420823494059,2.1252463100986176,18.342257181635347,0.039120730431380625,3.115166311776273,9.704261150025788,0.7343763502956013,6.278297863495984,16.10722559741448,-12.212024178779274,1.277146813767129,1.7022712982924961,1.7932418135211403,-4.382181559987421,-1.046117866895326,-0.15764069885619103,0.6561534313971702,5.465556350415306,-0.11180074685015387,9.010117793519704,81.18222265310038,0.056736356898122356,6.072825018794349,36.76180012476998,-42.777745777018794,3.090799365980092,4.153995250784889,5.004292211089947,-16.027847978429932,-2.1454230243456665,-0.0036235850493064777,2.0085722264392225,13.323877159233671,-1.0499999999999998,4.275749240569202,18.282031568228106,0.1598528133185894,-1.433679700387636,7.2,-7.0,6.226929317723527,8.3,3.963645621181263,-6.7,-5.2,-1.6,3.1,5.5,-1.4802847610963155,6.067645569408957,36.81632275596815,0.16983619846833026,-1.429870589024535,10.168232369408745,-9.7037764419397,8.768704114299695,11.791852945119707,5.626373251037996,-9.378412768416055,-7.39322018606662,-2.3075410934995246,4.398632759053087,7.875932767466802,-0.006881258848505356,0.169120855807847,0.028601863869178575,-15.828029623836368,312.24905155121803,0.47770750363056286,-3.3651871983929604,0.06345774505556089,0.08491149251828453,0.06010352393644984,-0.10751473079946401,-0.04136037697026403,6.424472065447162e-12,0.043551115548020505,0.10741903881689847,-2.0803684546908165,8.638269815764529,74.61970540994854,0.18180041328076363,-1.4158425052119294,14.27641967361276,-14.087558772154976,12.48241833457843,16.730285102074326,7.999995063690956,-13.27260500598514,-10.422440532528613,-3.3112220161819645,6.307844569545714,11.46734552070768,0.015358156410740051,0.33512003317685457,0.11230543663645612,12.766913569239158,187.05501751280204,4.961088238572536,-0.860455150469653,0.06876760053205781,0.09530765284355229,0.09030614189665132,-0.1524134825919385,-0.050870844168572266,-0.0007995320152906216,0.044436808674980025,0.146861660706371,-0.009594609206945135,0.1385931789769711,0.019208069258942743,-6.847085290990082,65.47252375322338,0.47250704686058964,-1.3923586657998517,0.06384919006773127,0.0853841752026438,0.06222822521033751,-0.11161135434376719,-0.042149442276645785,0.0004239660673210964,0.043234732925998005,0.10309055931255401,0.01248466400885924,0.19291268624685687,0.03721530451497824,12.222323242434989,175.04596981405126,2.8137861266686057,-0.4195129783042402,0.06603848992940399,0.09649122711426782,0.06709978109897347,-0.10040764338252778,-0.04429140261707144,-0.001661125773144302,0.05219982449719637,0.1124300909744958,0.135132382892057,3.5205561512123804,12.39431561383933,-2.451480384116829,6.345375054203931,4.1,-18.3,1.0378215529539216,1.8750000000000002,2.4772912423625253,-7.89,0.2,1.5,2.075,2.6,0.20368103711513932,3.927657408498932,15.426492718536545,-1.5642261809957794,1.69292291800513,4.708333411547299,-13.62082126329287,1.602726335796178,4.200292559755498,3.1635082853362113,-8.455829686186657,-1.4306427901896672,1.9676194164459861,2.769649769565831,3.5148008316499864,-0.05213584205391263,3.0395879878071033,9.239095135621234,0.5795723180460297,4.057112671346935,13.50440265263126,-8.945533786686036,0.5631336045894225,0.7510194362716891,1.6618085079053722,-6.232839641485482,-0.3824344423135741,-0.0052302553222443315,0.36858499395811495,5.667941272935816,0.322857521490892,4.863295595645867,23.651644050628487,-1.0328231502583325,-0.38751805114491145,5.690918292584815,-13.253387045949081,1.7469191979318701,7.413048891689597,4.326228566631556,-9.294995991283207,-3.6336166250375186,3.0065707726330784,3.7794322666520777,4.563172084212111,-0.1446804467412189,2.6319733878704588,6.927283914458299,-0.13593942651196847,3.158283832993096,8.752240248853207,-9.474454438803924,1.0383987149560734,1.3599630860584284,1.595872963096036,-4.675432385670751,-0.8145046271857284,-0.007220472663896305,0.5454584588727002,4.876026002495485,-0.07261704638142531,2.7330630451780324,7.469633608917819,-0.017035770987276887,5.9903906536729625,11.244208832571006,-10.072564639657498,0.23219459433360537,0.3207364908076802,1.2823108753081052,-5.132257367820372,-0.17354018654102052,-0.0016412775266371063,0.14719630426665964,3.846787380440918,0.10494992069910047,3.2826722764730674,10.775937274724871,-0.41073004754246767,3.3673938679896214,9.845255700438146,-12.393928273103647,0.7103779479327864,0.9917797229532866,1.8240320953420597,-6.2548639452818415,-0.41842711489328177,0.03839234200076895,0.5733526080600049,6.690890939370619,3.1569246435845217,3.5588202455513627,12.66520154014626,-1.5727167544957137,1.6601009268769422,6.8,-8.1,1.3343419966550423,3.9,4.3504073319755605,-5.594999999999999,1.6,4.9,5.5,6.1,4.470928340961433,4.997501131391597,24.975017558260287,-1.5517225288704655,1.6064889307798182,10.713818791303556,-11.467444157664072,1.9573268556012828,5.551443174066314,6.1321586637228345,-7.8190943940231055,2.2916611610611834,6.92599887358125,7.843104335127498,8.635236420062315,-0.023432239921831997,0.48763776768798145,0.23779059247571774,-0.6049516863653287,89.65465129181794,6.112820987901414,-5.074620844469062,0.12049051677827767,0.1623134599165061,0.16906946557153324,-0.3356781237783516,-0.07987096457937169,0.004590469389979687,0.0824424953371344,0.2727690822201109,6.340584271566605,6.969434320051779,48.57301474151561,-1.5893490047875651,1.7993689538248283,13.867824397793484,-16.714904185358876,2.787054996876581,7.535655518397176,8.598073812325314,-10.343993479604196,3.4291430271716603,9.806279380304458,10.964798545568836,12.216965886605491,0.07816777305431219,0.957746660905513,0.9172786664756596,5.118784815971192,35.2392306072464,7.477206132192264,-3.606222140057999,0.2164111890728083,0.2891772022627356,0.3527758094492885,-0.545352521354839,-0.14982404075995304,-0.0034731762027352953,0.13935316150278257,0.505952278398006,-0.03239996130666445,0.36154663734877723,0.13071597097820825,-0.9930945048734777,22.721809847040387,2.637870480133641,-2.060982158647194,0.12119531524245515,0.1677971343351189,0.1609437004754457,-0.2755017538218665,-0.0831589082759751,-0.01054872482855242,0.08463822605914381,0.22955263078415283,0.04616638714930396,0.5806513068723415,0.33715594017255807,-0.5212487698948897,49.871515576593666,4.227929379643273,-5.52214316929835,0.14194490341510593,0.19284761864510566,0.21789023487003603,-0.3066272258921467,-0.07485257768799115,0.01409059008720278,0.11799504095711451,0.45146840975793257,0.001637687337458524,0.391343087629598,0.1531494122354672,-0.792558398960283,7.780969753230835,1.846603,-2.746584,0.07286841643733183,0.098121,0.19725738069829316,-0.639159,-0.044909,0.006083,0.053212,0.63496725,0.0023165691080523436,0.5436323911125344,0.2955361766667315,-0.7102378784430323,7.726238191773602,2.571891780084974,-3.6963534375343676,0.10280267893028398,0.13865394070908488,0.27438474802921714,-0.8793200166152657,-0.06402216256733834,0.007676619429318387,0.07463177814174654,0.8879260636513286,0.0004344932648233382,0.10361030810047167,0.010735095944674665,0.06347515925924316,20.236142070418428,1.2181690642418503,-1.1619438946695042,0.007957269243378782,0.010726423676616123,0.0422124902408309,-0.13278834157111857,-0.005383600686777788,7.897751170246917e-06,0.005342822989838335,0.13952488354648537,0.0032772426828125535,0.7638273263869805,0.5834321845354827,-0.7025614265008255,7.801536814611463,3.6294680317042896,-5.0386665810005535,0.14506707933329818,0.1951087968793382,0.3858242858777228,-1.1991950859672105,-0.08986279695469279,0.011863114312583592,0.1052459999246454,1.2445297902960093,0.0015993113286378782,0.08678676073697711,0.0075319418392173106,0.12909382980665055,14.112231328969322,0.6896792541912946,-0.8001128656844245,0.00868666660291782,0.011688172078962385,0.038209210973605474,-0.11526236500313473,-0.0057601984014887374,0.0001492661348799938,0.005927973677473648,0.1274009567761642,0.0006138827239673956,0.06631101363795233,0.0043971505296927,0.19028412605169906,11.569000399393328,0.5308892540148517,-0.5300020945778774,0.007626205243802006,0.010265147113093332,0.029811491331806474,-0.09772705685422316,-0.005138417805435704,-6.929641794807994e-05,0.005126729307657627,0.10490076192311457,0.0012495653045640376,0.13064326228322923,0.017067661980004627,0.5475086554716692,23.645499527971808,1.51730193120295,-1.336847047476764,0.008178229993906532,0.01102810884961225,0.05165463335634156,-0.16577862336171376,-0.005455127667081391,1.0601264277117933e-05,0.0055729811825308605,0.16520320591379328,0.0062957651481182555,0.5937647944668871,0.3525566311483047,0.7367689046600646,6.6341930027361915,4.172026,-3.273402,0.10957171695865651,0.14733000000000002,0.309938955026455,-0.989765,-0.071449,-0.000127,0.075881,1.096177,0.008903785589019525,0.8222408701381153,0.676080048525485,0.7941636342441835,6.452982746138444,5.658162763809187,-3.8680784060818345,0.15442795273317492,0.207641800510235,0.43173025014236854,-1.3871791121694426,-0.10090538615638876,-0.0005957134089912806,0.10673641435384626,1.5074950347269076,-0.00099180243042986,0.17020486624012515,0.028969696491818894,-0.0004218431202290421,18.741588412570028,2.0302759906787515,-1.941998721324111,0.009190988353618352,0.012405030562772278,0.06916708375211834,-0.23004438335197908,-0.006275453038710994,-4.988275759521248e-05,0.006129577524061285,0.21910405998075813,0.012592621677221347,1.1300397735731562,1.2769898898572702,0.8011148308304731,5.840204589340784,6.897527136614761,-4.612688035769144,0.21718666624010255,0.2915370722473831,0.6014931574992286,-1.8980343658693224,-0.14253211073352248,-0.0014604763261805661,0.14900496151386067,2.1613381758928565,0.0007917366265304535,0.2737330372951732,0.07492977570684066,0.14504620817800148,9.2510127757891,1.945422613832319,-2.039815611594906,0.027588455805581023,0.03721493814644919,0.12604067930463994,-0.4411446142594747,-0.018453840812929577,0.00013414808514854355,0.018761097333519616,0.43932519329165204,-0.0014018745059895645,0.18456713336094588,0.03406502671707718,-0.09709801369004495,14.116232102653331,1.909541281861805,-1.5076559761769894,0.008118948604498678,0.010914001787849462,0.07639693596736655,-0.2635266182690989,-0.005470575972786662,2.5252008900117183e-05,0.005443425815062801,0.25608704062171406,0.0017737915159496585,0.15446957471459005,0.023860849512506322,0.1900712655835032,23.961425807281596,1.8299212223682286,-1.717169210733406,0.010061894049737535,0.013592797226064341,0.060602070786819735,-0.17672454612413938,-0.006634381510285677,5.714289549262064e-05,0.0069584157157786646,0.19333191742324501,0.004863547932920815,0.19806248969296317,0.03922874982337514,0.3605947518828448,10.167296739222161,2.059551,-1.232161,0.029950047416031664,0.040401,0.09839424939467313,-0.30194075,-0.015112,0.004545,0.025289,0.31561075,0.006879073703739941,0.25985364608173483,0.06752391738197151,0.048912207055720365,10.496201639661361,2.1183226845618703,-1.7339335157519082,0.04100385028165752,0.05526170074049501,0.1285202359833838,-0.37906828216830146,-0.019773458041072892,0.006761035031631947,0.035488242699422114,0.41035744641554606,-0.0007486527065952134,0.10452775028743819,0.010926050580153035,-0.1339135012208506,15.094336288249014,1.2708536183624082,-1.1759917173757484,0.007920863897589175,0.010685037160706071,0.044568289385907706,-0.15583890154893737,-0.005359618425822831,-3.473393867750785e-05,0.005325418734883241,0.14647084347362388,0.00973136916603366,0.36201689051462566,0.13105622901787845,-0.012315377954026974,10.71613088683734,2.725303331265493,-2.4262110880292798,0.05759228836002569,0.077423652904563,0.17878237232462502,-0.5348817671738342,-0.027382524286260927,0.00937431595198135,0.05004112861830208,0.5604392803057474,-0.0009352608904635621,0.06298208296901507,0.003966742775115898,-0.35140029770151077,11.061689707441827,0.5069780089636041,-0.537196749203559,0.0073398104577142124,0.009892009522697394,0.028838298438399586,-0.09558120529331245,-0.0050426444970849225,-6.49301747820707e-05,0.004849365025612472,0.0949641357439795,-0.0010579349379954207,0.12909726201125538,0.01666610305880272,-0.12562815411321593,11.951761946983927,1.1414140583318144,-1.0688934741891183,0.008744883770024442,0.01181591085179051,0.05587167488145038,-0.19670516669057664,-0.006040129988268358,1.4383210439470182e-05,0.0057757808635221525,0.19058741913121124,-0.0005738987914997966,0.07198448835520375,0.005181766563760465,-0.30228696684266726,19.077143604633374,0.6849662637393987,-0.8533007595539969,0.006919457968354118,0.009326363121337,0.029544380147700652,-0.09188036454383794,-0.004760610205936658,-6.486110276559577e-06,0.004565752915400343,0.0901617681100586,0.00027326797297701227,0.9947195394166567,0.9894669620972857,-0.001301323107196913,2.0669570563127433,3.3337,-3.340661,0.7031871127205682,0.9486632500000001,0.6868010317609781,-1.8848165000000001,-0.472598,0.00043900000000000005,0.47606525,1.8828585,0.00032078101820956094,1.406630209977561,1.978608547621517,-0.0011690285548825068,2.070508473308319,4.710217807610902,-4.717280890171773,0.9880058327251133,1.333919080001484,0.9707193048786854,-2.655057628113139,-0.6648559851175004,-0.002015975944109007,0.6690630948839834,2.6818913887003055,2.5370816731556717e-05,0.014002490597174818,0.0001960697429239692,0.7664506704146933,20.37970071793039,0.3423552796584184,-0.22240496924519396,0.013788770065109604,0.01858651409712196,0.011180624991960247,-0.020424860251103044,-0.009341384138699097,-0.0001266260104839656,0.009245129958422867,0.020487802153043785,0.0002670941428835115,1.988669753216234,3.9548073873571172,-0.0008682050778225234,2.0820692549851643,6.6097342378517085,-6.600306785766356,1.3605729989982456,1.836956838528602,1.3701826830235009,-3.7685948982991655,-0.9169230928788406,-0.005868340020261785,0.9200337456497615,3.783616913385399,2.1766149949124902e-05,0.043525437860649344,0.001894463740961247,0.07233315018268746,1.6196570384573228,0.44015512771980025,-0.38877986768705486,0.03483446626908152,0.047023509975121655,0.03316524217385467,-0.077843752468882,-0.02363883145187594,-7.74697052908363e-06,0.023384678523245713,0.07821585079619374,3.6309858421900736e-05,0.0057227927263246,3.275035658847375e-05,4.417537000283074,192.7222439966402,0.2154816690895254,-0.14704157393097142,0.004952139660430805,0.006682292010162679,0.004065015507035483,-0.00802214552147792,-0.0033159919175019432,1.812393150507849e-05,0.003366300092660736,0.007974618178327075,-2.732793056119365e-05,0.01895714563915615,0.00035937337078417703,-0.39420278127662567,5.687113175237307,0.10174922233816959,-0.3191264362911126,0.019476161743251102,0.026192069450618836,0.015438495161537554,-0.0307136517586227,-0.013149523421154975,0.000134319088918844,0.01304254602946386,0.030854146638489885
-5.172420837589376,7.622346009937781,58.10015869521441,0.6414139473751183,0.1239630241221863,13.5,-24.3,4.892587321068487,6.499999999999999,8.27252298263534,-16.009999999999998,-9.7,-6.9,-3.2,9.3,-7.278269762277822,10.798369605739776,116.6047861421646,0.6731430025225061,0.13392083937843058,19.04216184944453,-34.881410416719625,6.938395926828028,9.173227839076706,11.72470116355393,-22.244036927975678,-13.677174631919328,-9.86741334729306,-4.503946792842623,13.082342340872893,-0.010364286220030043,0.8301061570322351,0.6890762319428259,-1.3879240113838336,46.51191532319782,8.027458642681088,-8.553814310262117,0.2897739179678962,0.3878424589308839,0.37550280443348033,-0.7052150243754473,-0.1719646163905777,0.004498890158419588,0.21587784254030623,0.7468140334012361,-10.191554687319998,15.342526948508773,235.39313316571793,0.7042794103921483,0.13308800018246725,26.7514335630438,-48.01803649095564,9.877328390344092,12.831299236767002,16.624077391621302,-30.12677714926536,-19.258628356941724,-14.16928816424781,-6.427329120174722,18.753037583867027,0.10409373500334627,1.4454711500595572,2.089386845654499,4.390160899204014,34.98103343490181,12.920078574134413,-5.943458116678062,0.3696001045721109,0.49759720752708114,0.5707722248613913,-0.905808498566752,-0.23920031072901185,0.00965769703946956,0.25839689679806926,0.881625947723852,-0.014285936849710265,0.6523556928832309,0.42556795003716036,-1.4393289590841196,13.431452727920345,3.4932981986473703,-4.033069816955853,0.3289167464846405,0.44276793069734854,0.3706121503736532,-0.8257871311017113,-0.1936344068649811,0.019421912631523187,0.24913352383236742,0.7003943560693205,-0.005451392515986899,0.9661530898022642,0.933451792934462,0.6591456106488306,28.190224064771986,7.2330648301674625,-7.319779480499677,0.293656610990125,0.39510801719764355,0.43056064475486566,-0.8333271830240904,-0.23389072283329548,-0.016962466835177416,0.16121729436434806,0.8092326192477096,-149.34780388151174,14.149386946022032,200.20515094825868,-0.5125117310674104,0.09645416757757763,-110.5,-198.7,14.23298129765377,19.25,149.34780388151174,-176.01,-158.2,-148.0,-138.95,-129.2,-211.08012746295532,18.842798882270476,355.0510697176935,-0.31983957266570395,-0.3389775935741053,-160.10292225982852,-272.41708631187424,20.40321933065231,27.394669520550536,211.08012746295532,-244.49896269469096,-224.42474351696305,-209.53791647966716,-197.0300739964125,-184.49141006829964,0.12517590973106218,6.713102488618112,45.06574502269069,0.1812069408417894,1.9609192026496407,24.50593414820655,-21.830030956429,5.5693776379590005,7.463375793224315,4.910729203167554,-9.782418828611338,-3.677100518167144,0.07938761360746582,3.7862752750571707,10.185019074278467,-298.15281916952557,24.682802829443627,609.2407555171903,-0.21423831900741255,-0.7904870227739402,-223.34450735953854,-357.5764020959691,33.15635356565539,47.25958905242288,298.15281916952557,-337.6662296899226,-321.54736706785576,-295.9494261210426,-274.2877780154329,-265.2571925930307,-0.07418258720295148,10.047952861240683,100.96135670171483,0.07822397913821136,-0.4435619740241119,27.377938431954398,-25.190412275333195,11.361238814505022,15.318117527663638,8.388183742137395,-16.25394010440776,-7.6022521658788165,0.13037723036262072,7.715865361784822,15.18716950616096,0.173786252295469,4.051106373563578,16.411462849927446,0.07648628716132008,5.4587790480410625,17.44846580305481,-17.88296632529733,2.1103513453772442,2.792382493398562,2.4785768105037094,-6.230683131022945,-1.1905903830814248,0.14945803760911142,1.6017921103171373,5.9088946966853975,0.10551231120139971,8.51706696114031,72.54042962054783,-0.04413709889917064,1.2035292034489506,29.330962940762088,-28.07646652263019,8.014446945453619,10.322920274969114,6.467623626412549,-12.671358543081604,-5.345907546068898,0.6326679627890069,4.977012728900217,14.510187335106812,-1.6477017364657816,9.888586828648943,97.78414946772936,-2.071003809230863,5.594907194368673,21.6,-54.1,6.375189539574088,9.1,6.469152196118488,-21.919999999999998,-4.6,0.7,4.5,8.019999999999982,-2.3544524414428536,12.595739093288042,158.65264330618467,-1.8275926073761477,4.502679268261173,21.56357469292867,-63.625267400715295,9.506171235082078,13.368951031670768,8.663199870088345,-29.422711575186014,-7.257490064518187,0.5907036018042814,6.11146096715258,11.115800063777554,0.011564756315926046,5.979761133746254,35.757543216662285,0.3918403175249243,6.293365927412493,24.383968473033697,-27.97549475093031,2.1380451958730107,2.8566931862068436,3.3213953304021127,-8.908540977130267,-1.5216305798231005,-0.029295512396988688,1.3350626063837432,8.68118703712238,-3.3983727147854177,13.640656874110975,186.067519957231,-0.5437636241327252,-0.8291330953861085,15.691052323394436,-38.924330394203565,15.430221351839405,22.23701774967331,11.249832600718172,-27.616921582055717,-13.980294664659972,0.5719631959696749,8.256723085013338,13.662454206268581,-0.11165128433176949,11.29996354634871,127.68917614880971,1.3095600381037802,9.888878700171645,57.44436752793277,-48.451805244630705,3.4901760238746924,4.6774366671868925,5.837359261730251,-18.70593477322152,-2.530812076244501,-0.23397154483722882,2.146624590942392,17.838520636451083,0.015655747851240336,3.119168115219968,9.729209731004888,0.24233970030510066,5.766405860994862,12.877692081597173,-12.280423568906569,1.154551818110837,1.5758334183006766,1.7697393023497061,-3.916086885960364,-0.8504405560551762,-0.07873212057068282,0.7253928622455004,4.898018763224399,0.5819511116734419,7.774907499094155,60.449186619470524,0.5726807732977249,5.37242016733717,31.392634117883507,-32.694796350614666,2.780665503772437,3.3751834365042335,4.362539391243138,-8.731650284465637,-1.4214576353073944,-0.026188044230913296,1.9537258011968388,16.941821585403996,-0.9744637385086822,4.281239402404093,18.32901082069736,0.1331788992979843,-1.4601835339073823,7.2,-6.9,6.375189539574089,8.399999999999999,3.970173646578141,-6.7,-5.1,-1.4,3.3,5.5,-1.3816597012329472,6.0761068140811005,36.91907401612278,0.1447842890926962,-1.4572004636621851,10.08868285652543,-9.75052405761352,9.047330165152845,11.91504064518696,5.638187604498122,-9.43430015644889,-7.26522389692971,-2.0365828976614013,4.649816748257249,7.778750260948485,-0.0028282781849761785,0.17163020974854504,0.029456928898329567,-16.22666710007718,324.6526223037266,0.5649519254603005,-3.442465342321875,0.062090747505567,0.0851172058207787,0.05999913505771186,-0.10520981940946558,-0.04079458663390806,0.0035280325647299438,0.04432261918687064,0.10983472121464254,-1.963789084327878,8.651895758488887,74.855300215758,0.15948178636651225,-1.4446339915273974,14.126434315660754,-13.734404412548978,12.800793758215505,17.140058711962972,8.022235116220545,-13.258131972697845,-10.596563685371441,-2.87599089456,6.543495026591532,11.398635698234964,0.015670144894006217,0.34604676714138294,0.11974836504900249,13.098973017828127,193.602675175733,5.165743583472262,-1.0089721531370477,0.06867047264915119,0.08919313794066643,0.0886589177771024,-0.13993889159400752,-0.04864618232959009,-0.005861474032614,0.04054695561107634,0.1384660097739496,-0.0045735840621311166,0.13780152735151013,0.018989260940408998,-7.1452322305916605,67.15872752470928,0.26093502340366764,-1.363479535900255,0.067984973030832,0.092401902185191,0.06358800670346124,-0.11199932203822023,-0.04179006041164214,0.003683902280612681,0.050611841773548855,0.11443669537061729,0.005829051457106888,0.1980250023252082,0.03921390154589871,12.24640595071432,177.40137879895082,2.8904635664037386,-0.48887057418738084,0.05898787944030624,0.08142397428489456,0.06406046952058311,-0.11193804981426449,-0.04268637958616612,-0.0009540524659488399,0.038737594698728436,0.09998409182659036,0.20020429009193058,3.451603224643549,11.913564820369746,-2.39359198995642,5.840920123497607,3.9,-16.0,1.0378215529539216,1.9499999999999997,2.459652706843718,-7.629999999999998,0.1,1.5,2.05,2.8,0.29615372849944793,3.8718461071297017,14.991192277295426,-1.549042891394794,1.7601265351199284,4.555549819177423,-14.947143615355975,1.6714843494976037,4.439437889548318,3.161420223124987,-8.446476909860058,-1.6192109869471265,2.0206698275070876,2.820226902601192,3.656871065114407,-0.036601411014520614,2.9484894084445883,8.693589791709918,1.0578029636489663,4.37491606966218,13.347747649919555,-8.471969251951643,0.5056416770879704,0.6963820627584321,1.595540709486386,-5.237481167778851,-0.4664521211003797,-0.028153519996488838,0.22992994165805236,6.292754198320733,0.45481042310927305,4.764447714842771,22.6999620274705,-0.9901982258778973,-0.46748719441913966,5.641725327295712,-12.425138533991875,1.8946933413837055,7.256235425728089,4.308738842098048,-9.133638650723988,-3.302317907573951,3.072383785295007,3.953917518154138,4.7272008351491035,-0.10783572450601005,2.638079006656688,6.959460845362737,0.7086354307031542,3.792823456331319,12.229240763462109,-7.235423390223039,1.1832001274871868,1.4881697915939847,1.6400981343890277,-4.4741476819780726,-0.8646507866024128,-0.04255910037431357,0.6235190049915719,4.426225058290457,-0.051305142253989695,2.519456377280352,6.347660437018636,0.3975630111273649,6.136219859216878,12.331996674232098,-9.486887054363331,0.22095924565157518,0.29243721728230604,1.1959165651930679,-4.452195932133098,-0.15835006526055412,-0.028889321398244613,0.13408715202175192,4.653632575866943,-0.22000541021970127,3.2783743027517587,10.74773806894308,-0.2510842248447312,2.459647207612499,9.696955657947129,-11.413001706728439,0.7082087302376381,0.9570149955459814,1.8563436553888846,-6.707903845884923,-0.6002297024624704,-0.01738966234115104,0.3567852930835109,6.164098297549005,3.241266598569969,3.40726748815984,11.609471735871066,-1.57903481883365,1.8155398383661758,6.7,-8.2,1.3343419966550423,3.8,4.295607763023493,-4.9,1.7,4.9,5.5,6.2,4.5978784799936445,4.784863444522131,22.89491818272419,-1.568440199054873,1.8095452333939077,10.440601789828598,-11.603869025642497,2.0341174441025576,5.325721404724744,6.060523265147197,-6.664237777579308,2.4936714848249584,6.871788103200392,7.819392889549702,8.640455282700806,-0.009208705467885119,0.495203708958509,0.24522671336626373,3.0351155394356923,83.0447102821116,5.668344599093911,-4.1832451164048825,0.11082324506994982,0.1484766800099342,0.16889055840465608,-0.3630725628226965,-0.0746289051144175,0.0027881421839984766,0.0738477748955167,0.28673053513345803,6.541277231671663,6.680984326552943,44.63555157164609,-1.5826039368910327,1.9331365537527194,14.459438537157583,-16.458689477402196,2.777231379526142,7.5916830697494175,8.51330716317885,-9.195360598525337,3.475307231154326,9.79672189321706,11.066990300903743,12.240800614774287,0.07208704358205734,0.9195272885945143,0.8455304344699792,4.611600459770299,31.091520068329025,6.413187459256397,-3.291255933421029,0.22537886444860428,0.29689198942456796,0.3482833742062396,-0.5525662498503466,-0.14912077683548625,0.013314775354339364,0.14777121258908169,0.47221402461216533,-0.012922796945912965,0.3465852452893721,0.12012133225229425,0.6860784550737354,23.3261558348158,2.3289225673156166,-1.7278544480706286,0.11671475279934693,0.1567557395903642,0.15428909461093862,-0.25459021268044785,-0.08477948882362013,-0.006210169120077252,0.07197625076674408,0.22983968169464306,-0.007007930153382162,0.602856528567915,0.3634359940369573,-3.0813316430784936,46.22453383306135,3.4449670675983093,-5.200100194171126,0.15180727316924653,0.19438267149991917,0.22245156708488628,-0.37564723378829495,-0.10814688043309595,-0.0008282077654122519,0.08623579106682322,0.42838219877660205,0.0018631108820863665,0.3808812214385628,0.14507050484453152,-0.7120300425070539,7.48591480023342,1.727087,-2.49626,0.07093065533774501,0.095625,0.19152763709323742,-0.6134552499999999,-0.043839,0.005964,0.051786,0.62981175,0.0026340019417633496,0.5279171962894883,0.2786965661381541,-0.6164120020166735,7.413431596171701,2.445314582228378,-3.3575233489216654,0.10000598162091213,0.13477579639455534,0.26625592642626295,-0.8406936263215803,-0.06227289837734028,0.007425695580372866,0.07250289801721505,0.8762534996078786,3.1451755038181565e-06,0.10686018093864709,0.011419098270240393,-0.08502934929910527,21.61856404674978,1.134630537639704,-1.1327350557124107,0.007758647506854151,0.010470133469290193,0.042502585136942425,-0.13505453842834161,-0.005232164313682676,-4.8642850059145795e-06,0.005237969155607518,0.13975792943492016,0.0037229420633436744,0.7415302223164971,0.5498670706087537,-0.6101111416852472,7.526099183478474,3.430729939479312,-4.6246365868260835,0.1417566434067608,0.1906755086268223,0.37444630037082627,-1.1460223512643108,-0.0883049985218,0.010804314090824968,0.1023705101050223,1.2224366307530559,-0.0005569077198574903,0.08618801577883932,0.007428374063893456,-0.13114418734792657,13.476163064185172,0.7669406654666473,-0.7609670649828366,0.008487199407711445,0.011453151780289127,0.037913673632616905,-0.12897111702048106,-0.0058317017470861715,-6.942130010405596e-05,0.005621450033202956,0.12380012443113356,4.525013173912816e-06,0.06760127519691671,0.004569932408249266,-0.04569907356376481,12.870846485704302,0.6190758633960071,-0.6081379044494363,0.007565635462935,0.010212955456271818,0.029724029230927308,-0.09714737308355864,-0.005135800174456556,4.133969173312611e-06,0.005077155281815262,0.09697834393698236,-0.00034027536210838783,0.13514496046434968,0.01826416033891064,-0.11526829311339401,24.195334874139714,1.3816689548032874,-1.4350159520200554,0.007911579366068304,0.01066455222928557,0.05259556668001379,-0.170353133016282,-0.0054059563972098925,-5.185115821756271e-05,0.005258595832075679,0.16606974402167518,0.006239542803262872,0.5789777951516326,0.3352152872786459,0.710488140109319,6.786586392261221,4.24497,-3.273102,0.10689858515869091,0.14408500000000002,0.3011022403444142,-0.97618575,-0.068925,0.000233,0.07516,1.056866,0.008822493634148141,0.7975105556391189,0.6360230863558161,0.7619784095832208,6.65320699381599,5.683525735205896,-3.8435625946411163,0.1508755725551724,0.20306783068133205,0.416733586482751,-1.3586233888691643,-0.09754153467787313,-0.001255958974155522,0.10552629600345892,1.4561111787683894,-0.0005345364943976787,0.1853334041389409,0.034348470689727996,-0.10519349261374482,20.08769292666186,2.109985681316148,-2.490930718026054,0.009140787512863978,0.012340609356417464,0.07332474560915314,-0.24118607330892242,-0.006252497115797552,-1.1450611127104956e-05,0.006088112240619911,0.23795731921873625,0.012472172713987477,1.0956480444893937,1.2004446373934323,0.7574385510717325,6.123077721287089,7.3147236921899115,-4.97635512626408,0.21268378155485726,0.28717882239404025,0.5785638818817367,-1.8788000571853,-0.13800010598321694,-0.0026792527183182426,0.14917871641082334,2.0407323811156726,-0.00016840605763163768,0.26716781477780693,0.07137864125314855,-0.01794924124278556,9.577788129968747,1.9104033677078125,-1.993587341063932,0.02656560407569937,0.035745223963495026,0.12294878663494457,-0.43763882652221553,-0.01770024760851694,-2.1451807870913634e-05,0.018044976354978086,0.41722953152792613,-0.0007561806742245101,0.20910043570248443,0.04372299221096882,-0.1657959168960884,19.142142944237023,2.5603907116599736,-2.446358280361019,0.008118655854357625,0.010951087332915166,0.0833138890181445,-0.2806040931887967,-0.00551680010968276,-1.5768630347569676e-05,0.005434287223232405,0.2856372516833373,-0.0008197569300596832,0.1579912993620173,0.024961250674098573,-0.1909895568561791,23.57241316631943,1.8352687221762893,-1.8200899184909196,0.010023635947276796,0.01355949898794306,0.06240799875152924,-0.20097146729685425,-0.00696009606298812,-0.00011650332015074158,0.006599402924954941,0.19117478111296837,0.00469081260415753,0.19578615857818177,0.038332219890800934,0.4009775014199473,11.194889043223597,2.233493,-1.209238,0.028246537466968726,0.038102,0.09610644921498114,-0.29187,-0.014204,0.004787,0.023898,0.30629675,0.006634604825672988,0.25531939772714785,0.0651879948557535,-0.03463262274457773,10.460995764106778,2.032881796537601,-1.6477510928051846,0.038624423141010625,0.05200186917302596,0.1247542594351507,-0.36326145259346543,-0.018643894253951094,0.006996582627024311,0.03335797491907487,0.3907125130299969,-0.00023396575130709413,0.10709660507718494,0.011469682819058516,-0.215631103470003,18.97696745285132,1.2876185425186402,-1.4302600331156834,0.007874070716045713,0.010614473497257105,0.04436459429593636,-0.14503896172885683,-0.005369223351704764,8.381785275252119e-06,0.005245250145552341,0.14624853465494722,0.00938501735825087,0.35587090918076036,0.12664410400114098,-0.10129892492735759,10.681235754873562,2.4712612750268503,-2.321380887307188,0.054333710907270676,0.07340184741869138,0.17344324323873428,-0.49919275494023707,-0.026004669329250527,0.01006050675752801,0.04739717808944085,0.5350978073212524,0.0003693703872154808,0.06090102707261493,0.003708935098499377,-0.27237635440748387,10.703130498638123,0.4600557867772477,-0.4439985389471339,0.007138411768146839,0.00963981858545485,0.028149946939442217,-0.08951376238519221,-0.004710712869716113,5.5801042597818525e-05,0.004929105715738737,0.09638754728020506,-0.00033117549053747307,0.13290016019987658,0.01766245258115286,-0.2523540576626426,17.83943470879642,1.5795710068600342,-1.5874370006033804,0.008653351388805,0.011680339626085015,0.05559403612266044,-0.18720664352094357,-0.005835373249703465,-3.0538294718550655e-05,0.005844966376381551,0.18926217573378767,-1.8247395391769883e-07,0.07261474540697584,0.005272901250519919,0.0012275449764538038,21.798994024061887,0.7436402037444354,-0.7784037735722269,0.006850345462720957,0.00923866153171993,0.029370971691791013,-0.09302233808481845,-0.004632014835491496,-8.26787084798653e-06,0.004606646696228434,0.09196466200607815,0.00015164459257959863,0.9774667821822294,0.9554413102696819,-0.0006866922937574458,1.997917451778977,3.267794,-3.271764,0.7053013034841572,0.9511262500000001,0.6798284096716662,-1.843726,-0.47390025,-0.00049,0.47722600000000004,1.8460625,0.00014696158952838155,1.382223795574649,1.9105426210527894,-0.0005474138831740871,2.001395258499687,4.6000275414050416,-4.616178159018196,0.9899186567921483,1.3362921736423425,0.9608291172011917,-2.6110796615112357,-0.6656029051058869,-0.0005997427087985948,0.6706892685364556,2.6063521071084885,-4.290862797124528e-06,0.014978868687961276,0.00022436650717118673,-0.6176671817352175,30.765218611893985,0.311715407143134,-0.43407921542871625,0.015503786698701647,0.020911881589273706,0.012167457318646244,-0.021593612300168055,-0.01050461540460726,-0.00013961444720236903,0.010407266184666449,0.02168470400784807,1.588145922463305e-05,1.9540691083359225,3.818386080152747,-0.00022018690096399689,2.013049337585965,6.470853809603953,-6.4712651355395225,1.3711846346521885,1.8516331539677426,1.356038389360287,-3.6953858540444164,-0.923107063765076,-0.004294230151282875,0.9285260902026666,3.6665615713279545,3.110887837256311e-05,0.04732138368598556,0.0022393133539562607,0.07925421146941057,2.1156269186164023,0.5286197314499923,-0.5202571097449856,0.03813806614114102,0.05144727185259588,0.036530507646166555,-0.08237718353191761,-0.02587505489711244,-0.00014312383014874683,0.025572216955483437,0.08352545976856038,-5.2744797325181544e-06,0.0060892047069077875,3.707841396262795e-05,0.6793887000109726,208.66597947065264,0.23017329380696153,-0.19581348006328778,0.005441937617423952,0.00734367692965651,0.0043894687197858695,-0.00877892906165067,-0.0036912694114255894,2.138977476546326e-05,0.0036524075182309207,0.008715604631807171,6.615606254918515e-05,0.02028836895088806,0.0004116179146873587,0.5652287208635438,8.85151077834331,0.38870722978654487,-0.05646336478684755,0.02220026326615689,0.02994829214409054,0.01669371282142103,-0.0320221725725026,-0.014900212242806707,2.0980262721191786e-05,0.015048079901283835,0.03216527118640578
-5.611428571428571,7.454042322040808,55.56274693877551,0.984415166947712,0.24471117230481587,13.3,-21.2,4.596066877367366,6.2250000000000005,8.671632653061225,-14.9,-10.025,-7.8,-3.8,9.3,-7.898486754579432,10.578063609138095,111.89542971897167,1.0103161124518425,0.24755417063713825,18.807997884140192,-28.674796725425466,6.5256488007675415,8.893300797278428,12.291952374781976,-21.221823715596553,-14.158710465501429,-11.109542512678342,-5.265409668223001,13.1848045581721,-0.1024245817285322,0.7617199467669283,0.5802172773026122,-4.5495447517160175,41.19107051343087,4.023595005420926,-8.518478378155406,0.30664236211908863,0.4126341498400766,0.36095632195742633,-0.8191185469687313,-0.23174535969380394,-0.023764869317621895,0.18088879014627268,0.539263449806502,-11.089978000398116,15.080807522402441,227.43075552775005,1.0224785263930556,0.2450023117538671,26.547403526046317,-41.49256900198066,9.540246107040177,12.679250598545952,17.447897114292914,-29.29411647596668,-20.115436096886825,-16.02767834087472,-7.436185498340872,18.644671555031337,0.12570063897107345,1.2297365725473157,1.5122520378604196,6.258140327077021,51.681632521307705,12.617114609997225,-2.889702846490108,0.35395769070183186,0.5051642046838325,0.47047149918553177,-0.7013898779030415,-0.2309544188665586,-0.013688503683812137,0.27420978581727395,0.7036609976047091,-0.14157173236503406,0.7037024487426078,0.49519713636634255,-2.698401376290797,11.012212453429665,1.8794720533745035,-4.02067421635887,0.3003363118544065,0.4226795793863707,0.3905251755224918,-1.462302546391472,-0.2557772172296833,-0.03449964956524984,0.16690236215668744,0.5202925693191777,0.0750411175331582,0.8028370266534596,0.6445472913657678,2.590367106759158,24.78393214949839,6.634307258629547,-3.6932275683604048,0.32701441023678657,0.4415386308755418,0.40108256666027764,-0.6236016567093531,-0.19490756946369636,0.0376688621959443,0.2466310614118454,0.7549166736796322,-149.28387755102042,14.281511712747106,203.96157680133277,-0.5301044816617809,-0.04464215659287074,-111.4,-196.9,14.158851186728473,19.400000000000006,149.28387755102042,-174.405,-158.4,-146.95,-139.0,-129.395,-211.05361532408568,18.823909823971267,354.3395810610019,-0.2720637853141631,-0.695333528564348,-158.32626328157593,-260.77262629327305,20.18379807740846,27.98734360343991,211.05361532408568,-243.89399226034442,-224.8396256860252,-207.89568244317374,-196.85228208258528,-184.57066256522506,0.1101457851886312,7.3230632221677565,53.627254955866,0.25805152934074477,1.7259761227351564,27.958925286469803,-23.364205045727065,6.0602311681514625,8.16067557944471,5.364809913029344,-11.656891029893943,-4.022765306550269,0.05034646615745331,4.137910272894442,11.613163796457117,-298.2439428683761,25.103494729161618,630.185447617045,-0.3279300922179386,-0.8440649871119157,-230.71022793078762,-350.02213687947426,31.043466810839117,43.642652434741365,298.2439428683761,-342.0819057792079,-318.06100240538115,-295.0523104154576,-274.4183499706398,-266.4084078981714,-0.6255171366592873,8.867892670182583,78.63952040987799,0.01980594490093868,-0.8456679615684126,18.720264699179296,-21.591088997734868,10.279535874916592,13.797124072711775,7.44077660067816,-15.030642838734767,-7.473788354183076,-0.6985079365734341,6.3233357185287,13.674723169878044,0.14911163048612291,6.437613180337188,41.44286345965108,-0.006599282546415846,4.312973304852912,24.02988191333772,-25.45913232995551,2.4588337458053546,3.3022061375493243,3.793705329069111,-12.08792261512129,-1.4109900569086649,0.2289321668476672,1.8912160806406595,11.011527018620576,-0.5067908962274198,8.017562687458886,64.28131144733297,0.23627258353389186,0.8637312832633914,27.47256148118158,-27.075689870614614,7.75007122298708,10.39181040746531,6.316990373228811,-12.694648220374084,-5.772868018994249,-0.5517012105970692,4.618942388471062,11.99254534165621,-1.4514285714285713,8.203105932436538,67.2909469387755,-1.6036470369109794,3.6554146563919385,17.2,-43.0,6.523449761424649,9.3,5.854489795918367,-15.8,-5.1,0.3,4.2,7.804999999999995,-2.0514776189747574,10.52348412744079,110.74371818049826,-1.1354912511370088,1.3507296796951431,13.856421767316743,-43.28968068512208,9.720060436154881,14.561537486026689,8.010802143896623,-20.610195852662628,-8.55412961860592,0.4980449440957892,6.007407867420769,10.270081587449452,0.25815212762314776,4.792335361567647,22.966478217731716,1.6276882332104388,8.218837042074632,25.460159826119757,-19.546233685630828,1.9431072767784996,2.638928878564329,2.6321458342085,-5.24685388272995,-1.4297319126922583,-0.028528717111772905,1.2091969658720703,6.807375689345177,-2.891809643282536,12.865762462755312,165.5278437480436,-0.46953832664199474,-1.0015961187977673,16.394116927491176,-31.045478585009224,14.34739003188282,21.967370219254427,10.605523078155437,-24.88182040982961,-14.554675724046701,0.6218541319191563,7.412694495207725,14.068778649062416,-0.2775710313121207,7.269702018331752,52.84856743533675,-0.48345285267005833,10.922145134588343,34.496441934348304,-41.86461156505222,3.413091292646089,4.589070099438635,4.027971641524426,-9.038928745211486,-2.3703785426853448,-0.07667039347897182,2.2186915567532903,6.586806252021542,0.36184789192452993,2.9570264181532235,8.744005237656083,1.6109876340846352,4.899003945024203,12.077407764804095,-10.164893842681327,1.113420265054998,1.4862933466244976,1.6828516781117435,-2.579918185180175,-0.8623163733142458,-0.11091329589962214,0.6239769733102518,8.45820700483712,-0.9342950677527042,5.973777450831702,35.68601703206531,-1.6247527544090754,5.759864012655726,18.077604651125018,-26.590025300793716,2.364788602033677,3.3623779761724313,3.4901886022440647,-13.709344129175651,-1.7716579584064798,-0.27872115619189924,1.5907200177659515,5.793530097316455,-0.9291836734693879,4.208328155482084,17.71002586422324,0.07401004874916692,-1.405325470301412,6.8,-7.1,6.078669095872967,8.1,3.8373469387755104,-6.7,-5.1,-1.2,3.0,5.5049999999999955,-1.3124516520465104,5.972167490652874,35.66678453641104,0.08378832150182795,-1.4051703650560483,9.629584696464894,-9.948171817222311,8.658068921969791,11.435959673040955,5.448665994756457,-9.48984103693307,-7.198503209316277,-1.6669718081776443,4.237456463724679,7.864458936113504,-0.010793957986275441,0.16065530959365715,0.025810128500633828,-16.84335907440442,337.1669744853482,0.324503676351524,-3.261127067991118,0.055704740589151036,0.0740595669905581,0.05411385204188677,-0.10062232105613582,-0.04066614125824214,-0.004613018706633887,0.03339342573231596,0.09271164335912425,-1.8727608887508456,8.506931268178034,72.36787960150515,0.0985573897500521,-1.397920297924247,13.6092723881254,-14.056205072496063,12.235256491509837,16.405313024710225,7.763519492879167,-13.429237459854756,-10.417212677777595,-2.3725007696313765,5.988100346932628,11.19574302727624,0.022121041882969032,0.33854288601905763,0.11461128567411266,13.219491505151264,195.15742358139707,5.0708752530894365,-0.8927543092243801,0.07297456353084507,0.09820302268242717,0.08874828295813424,-0.13439872699939312,-0.049116786084924126,0.00020910137488942826,0.04908623659750305,0.1425478358473785,-0.014497385975673124,0.134582175361687,0.018112361925083878,-7.764236939656877,74.71083494532132,0.17676515104842935,-1.357100532062967,0.06542185338700578,0.08462584358846431,0.05912105086862077,-0.10770812185179825,-0.046285289697294785,-0.001923723810444059,0.03834055389116952,0.090348017205167,0.01140602489002437,0.1811375000134476,0.03281079391112173,12.39275487357596,178.71265763075806,2.65496796618498,-0.4174475689243245,0.05625433712775408,0.07568069975793539,0.058975036683693347,-0.0953926074431581,-0.03507028294834032,0.0025217416334875637,0.04061041680959507,0.09201577165652093,0.18795918367346937,3.5678150173928618,12.729303998334027,-2.3339439818801004,5.380250631961449,3.8,-17.5,1.037821552953921,1.7000000000000002,2.566122448979592,-8.014999999999999,0.4,1.6,2.1,2.8,0.2784588765610812,3.9119257070442823,15.303162737433908,-1.3643254644459177,0.8998018671210901,4.9947412559568685,-13.867795439210862,1.6811588220663287,4.9802858349125145,3.289528786047101,-8.197188243733931,-2.061074565482103,2.1027531406259428,2.919211269430412,3.681626528535031,0.16727393823234807,3.1625368562716765,10.00163936727674,1.278708595194306,4.896803336913828,13.89782993851666,-8.442400173607878,0.4190176749802918,0.5527711848631061,1.6289846317054089,-5.114494268452568,-0.2812626602880542,-0.01246938918228141,0.2715085245750519,6.927815393294381,0.436122265180869,4.967805417479111,24.679090665934805,-0.9780011083455586,-0.598545956445597,6.357547956847534,-11.235334948178119,1.9181847145407789,7.43542105959556,4.486031336558813,-9.481322679967363,-3.4599019325370532,3.130413415719909,3.975519127058507,4.874899771230791,0.23406059983209082,2.3626099853754092,5.581925942995592,0.448227306325784,3.3274255304687337,8.484525866664463,-8.405257430282617,0.9038849525345837,1.2741504340046368,1.434162701704604,-3.439440356204485,-0.5238561223095891,0.029168083723143168,0.7502943116950478,4.799154224940838,0.2338110571320418,3.263251338485489,10.648809298127336,0.9713920130809252,4.6230144386165675,11.805657237785082,-11.645176995329171,0.25272290201600234,0.3315010368214155,1.5185691624276112,-4.738023851931425,-0.1777411071435016,-0.016932430128432232,0.15375992967791388,8.181851133472046,-0.24947137650569334,3.002163192534058,9.012983834606288,-0.8984684199523193,3.823285181096291,8.961155389784443,-11.77114660078655,0.54624319993577,0.7427570838978222,1.645556189482695,-6.608678821511972,-0.389171979114566,0.005099533699095678,0.3535851047832562,4.688367085750026,3.5981632653061224,3.1534459114120827,9.944221116201582,-1.9882472911220352,3.6008363634043565,6.8,-8.9,1.3343419966550423,2.625,4.483469387755101,-4.0,2.875,4.8,5.5,6.2,5.094816463306096,4.427072870769723,19.598974203105275,-1.9510329542486362,3.411966198568326,10.245308868742374,-11.209869467282049,1.8105608990155524,3.8497559967604356,6.328921754159953,-5.435978062058854,3.966218537810955,6.925981002407276,7.8159745345713905,8.742598056614533,-0.03744082318761675,0.4216155540110518,0.17775967538404613,-7.7370966796240594,73.61761014403946,0.7087092060779723,-4.9571576923517835,0.10679514574298773,0.14075808770441878,0.15574076178230667,-0.33628729744663144,-0.06815912633284793,-0.001598767629235831,0.07259896137157085,0.3121863987273201,7.2238698152180785,6.154811046203867,37.881699014473135,-2.0286437898491374,3.8585539594148965,13.560075041822822,-16.965849093885115,2.5573923607965807,4.9858521579785995,8.896317156275517,-6.536357562737758,5.944776607699253,9.66110065648721,10.930628765677852,12.104663058564043,0.08462630172509836,0.8960798791054414,0.8029591497376224,5.666519633904825,38.28645493091839,7.608307509045523,-1.3635761317818702,0.23995059515674713,0.3155158875369095,0.34507216252349393,-0.6117247496956816,-0.15275225814499344,-0.011544992116557046,0.16276362939191608,0.5502389071768758,-0.051838369245186845,0.3371839700508614,0.11369302965926023,-3.791317629074433,16.2425693255347,0.3178712474196551,-2.076054243684831,0.1257409240715249,0.17651446624964062,0.16120292599220445,-0.3610966620341476,-0.09091558203178943,0.012467081293905672,0.0855988842178512,0.24545655417357728,0.02947553597796808,0.4859228663760891,0.23612103206715454,5.480157233166943,36.10223567929641,4.082367823892086,-0.6482784353504383,0.1708618949803269,0.23850253854644118,0.2077208832282189,-0.39072670565447404,-0.14657050368187216,-0.018172471064947834,0.09193203486456902,0.33232991501562625,0.0009437566635684949,0.32098992912281904,0.10303453459827239,-0.5951578453912972,6.502222108851754,1.475278,-2.157622,0.07172384752464551,0.096695,0.1697192150930951,-0.5752265,-0.044909,0.004954,0.051786,0.54623725,0.0013291365712018086,0.44667294343416275,0.19951671839613877,-0.5448883578404595,6.450703168969129,2.0730032778800553,-2.8988897760504027,0.10107953441524284,0.1363895027677285,0.23648181643999264,-0.8029488785594795,-0.06358990771086853,0.00661246674682452,0.07279959505685994,0.7671776955082124,-0.0001554840604899063,0.08083418868378882,0.006534166060166372,0.01626220631752233,14.28353659284124,0.7977821941237937,-0.828414391641088,0.007872343006118325,0.010618572381608406,0.03516519338457362,-0.11503503278049707,-0.005397160176052422,1.634653287219828e-05,0.0052214122055559845,0.11511258589446814,0.0018641288730529414,0.6274783521650404,0.39372908243575455,-0.5434483695915743,6.50058052595627,2.903273483981679,-3.926301421892012,0.14244297486526275,0.19277975394370356,0.3331825018538204,-1.110697523815154,-0.0900298267100732,0.00971869901817525,0.10274992723363036,1.0624341652870966,-0.00013985742649354001,0.07234658081205633,0.005234027755195398,0.08337721769472368,11.491692243358939,0.5980404077484127,-0.7107583014611535,0.008501088806256973,0.011463972855022679,0.033217669616112895,-0.10904244731676119,-0.005877937429181523,-7.944150217214195e-05,0.005586035425841155,0.11083557856043998,-0.00022013293734473972,0.05615034176580284,0.0031528608804164623,-0.014315031578010898,11.845373926819102,0.548690493998117,-0.5715218336568187,0.00761642319717475,0.010278959273444946,0.02611846747168809,-0.09012266249764644,-0.005198766660836291,-2.2267351115390664e-05,0.0050801926126086555,0.08683961918869,-0.001062521709463581,0.09955903112692548,0.009912000678932116,0.11501555458102297,15.089083680065716,1.017288100343885,-0.965038144811933,0.007944037803131812,0.010752262427339359,0.042482281085720906,-0.14626626403044038,-0.005481569988060755,-4.4094918805690875e-05,0.0052706924392786035,0.13782129382667802,0.005757670089647108,0.5571952575529472,0.31046655503949516,0.6218333478130246,5.273654619230271,3.568648,-2.935722,0.1066317167593599,0.143604,0.29688987684765994,-0.980151,-0.069526,-0.000608,0.074078,1.0620479999999999,0.008148682733627266,0.7731211468902431,0.5977163077688848,0.6342678628733923,4.961475512838749,4.689473988307382,-3.4725393186444338,0.15057130397009405,0.202530399320346,0.41464273858243544,-1.37345404223174,-0.09800371843543745,-0.0010172172414121914,0.10452668088490856,1.4890904147615152,0.0009012816923665869,0.15218612444249713,0.02316061647282722,0.01777679484004309,16.076176614665172,1.6056347502339516,-1.521614145423553,0.009329934120500271,0.012593657056418368,0.06310460822147618,-0.19977147704662987,-0.0062180491913886955,4.687147625050689e-05,0.006375607865029673,0.20950037096839946,0.011541761545705154,1.0633932166823816,1.1308051332861024,0.633873020483478,4.462156714580253,6.285142394914397,-4.56816569582435,0.21256032585503037,0.2864929391190868,0.5787379322023486,-1.8736377934537634,-0.13912829290091416,-0.0023700289565543255,0.14736464621817263,2.0995864099266566,0.00035174670693630616,0.25379965787240644,0.06441426633615055,0.2561136724946367,8.165189371455519,2.0494726352697947,-1.5976153965634203,0.027217363972069447,0.036734255230610156,0.11951713692563998,-0.4286197567765592,-0.018485376900761262,-0.00018801627257297726,0.018248878329848894,0.41028346962913076,0.0012750729050758237,0.17062770481543604,0.029113813650583575,-0.07994312703002833,14.901236484417183,1.5512987065084425,-1.599712494248073,0.008243955286651594,0.011133145154132884,0.0713091971757661,-0.22946131289601174,-0.0054181661145376245,0.00013671388443314294,0.005714979039595259,0.2473112018462489,-0.0014661086965144922,0.13113723348345407,0.017196974005693946,-0.05064655933776219,16.451342785919582,1.4125813217151069,-1.3143322276230431,0.009988736039385734,0.013451332456047085,0.05510001088143039,-0.18536680404187794,-0.007003481634822272,-8.267641202105048e-05,0.0064478508212248145,0.1736629200703089,0.005012338245435192,0.16611342923555686,0.027593671372396354,0.040045361658308146,7.26090824992345,1.365537,-1.278065,0.027079729521004823,0.036591,0.08616438360867087,-0.27867074999999997,-0.012753,0.005573,0.023838,0.292795,0.007089919245636995,0.21847776374601596,0.04773253325145997,-0.10905545789656686,7.497450521764808,1.6047972489250222,-1.6262706773431834,0.03715550465655783,0.05013939958868341,0.11357460912401432,-0.36405612488628775,-0.01706022402519872,0.008055130022932809,0.03307917556348469,0.3775655527999823,0.0003417471793080336,0.08631201173475375,0.0074497633697002685,-0.03279069100208731,12.02905438443059,0.7914789105994332,-0.8236636827264311,0.008065423708513455,0.010870851717619718,0.03863139399231392,-0.13070531754343553,-0.005405336545612148,4.3884138096567224e-05,0.005465515172007569,0.13484872568599263,0.010030674060377543,0.3036892001076499,0.0922271302620242,-0.15369394715284915,7.4971257258688,2.166483925743575,-2.1980519105425973,0.05221559901462946,0.07044868505935178,0.15810732098564043,-0.5061545836353776,-0.02377679380761032,0.011473929702555587,0.04667189125174146,0.5271396095963301,0.00018282014796301084,0.05675265979193559,0.0032208643934591827,-0.20430394469938798,9.437236389280894,0.44680268251558297,-0.507663495785572,0.0073155223573285015,0.009889548489981158,0.02684048504138969,-0.08819044440697246,-0.004895398614308123,1.2769606156412213e-05,0.004994149875673036,0.09308865524310547,0.0004833051342888248,0.10829800023522726,0.011728456854949285,-0.12531384414114757,10.749246113957279,0.8921290319465536,-0.8093286818940496,0.008928367482622348,0.012000784017100408,0.04884675391875555,-0.16804455207636884,-0.005912077839299616,-7.893259097785355e-06,0.006088706177800792,0.1717472259367004,0.00040138807318395984,0.05628708453736601,0.0031682358857165875,-0.16415165696199197,15.124462458957666,0.4862946188932131,-0.5979823375671806,0.006858479080041671,0.0092429218543294,0.0246098770462896,-0.07427718718906813,-0.004583191474190719,2.9012294799018014e-08,0.00465973038013868,0.07962829017325734,0.0003169322849518781,1.0370635974632298,1.0755009051833762,-0.0007089059665688533,2.20829068451944,3.527335,-3.524956,0.6915679591341398,0.93286925,0.7081379017029951,-1.9504299999999999,-0.46494199999999997,0.000664,0.46792725,1.9481302500000002,0.0004288505658695496,1.466503172131117,2.1506315538706287,-0.0006680437893742125,2.212002114592292,4.974184530785534,-4.987210799685651,0.976898768134977,1.318341104759087,1.0008786288467488,-2.768293001269608,-0.6559221937800618,0.0016771059575637678,0.662418910979025,2.7437234889435227,-1.3697194042131241e-05,0.01350636530403303,0.00018242190372598724,-0.603602101069179,15.179859331176516,0.052722569363055784,-0.3560937604146509,0.011816572611224851,0.015932587054749568,0.010590527983510227,-0.02079936902932185,-0.007882192201464472,-1.8842947226396095e-05,0.008050394853285096,0.02078165516586994,0.0005503355347781104,2.0730659391324995,4.297602387991312,-0.0006009104342572795,2.2234080935328047,6.987691725841751,-6.987527392087244,1.362678091312593,1.8375447153425535,1.411901828354528,-3.9042443083350222,-0.9153870104379568,7.138858064076326e-05,0.9221577049045967,3.868889647985955,-3.845242954957225e-05,0.05395315320248193,0.0029109427404904863,-0.07954353624444563,0.797507139546902,0.16457672713223734,-0.5930923411075923,0.04340721944037707,0.05862255361291489,0.04088774880324039,-0.09564280703077141,-0.028504575745687814,-0.0007913507577300971,0.030117977867227076,0.09594842686422947,-1.8937707338380985e-05,0.006318078724950914,3.991811877467737e-05,-6.146145261631929,276.05849743660264,0.045318980555524774,-0.291701273216034,0.006152101896658661,0.008296086806809776,0.004690479433619853,-0.009467676841703174,-0.004168802542705884,4.822930072099189e-05,0.004127284264103893,0.009618281491354172,-5.771145173635706e-05,0.018028321070222234,0.000325020360611019,-0.08494765060344937,0.3709756297979263,0.048203806412767315,-0.14601000942818892,0.015793679527463758,0.021314343645488294,0.014337512109029601,-0.029193277954483322,-0.010817439984745473,0.00017050885364985544,0.01049690366074282,0.029321593116046485
-6.033536585365853,7.898346364742559,62.383875297441996,0.7549322718728746,0.17599246009088176,14.5,-24.0,5.485628208470727,5.8999999999999995,9.101422764227642,-17.5,-10.1,-8.5,-4.2,9.0,-8.478783631310787,11.214882587108201,125.77359144262273,0.7798702666528236,0.1765569476357447,20.296233890629026,-33.06458887292852,8.001310045867813,8.272357255304604,12.890476676357679,-24.726080393685855,-14.189258772519304,-12.079254428239244,-5.916901517214701,12.745873549014993,-0.05258922403775538,0.6076744326080291,0.36926821604549015,-8.486018551111794,95.8168833750524,1.0675944489405507,-8.372974351892433,0.24813430875917133,0.3339847802202323,0.2569062294737278,-0.44837749967342655,-0.17919721729078325,-0.019015813289665617,0.15478756292944906,0.45348844028188634,-11.854347514104596,15.968250735336094,254.98503154656171,0.800376781908709,0.19902917337572257,28.406854161678307,-47.58865378343511,11.298818441149779,11.645464238310787,18.252709233757486,-34.13516325897759,-19.960509617653358,-17.049797015081435,-8.315045379342571,18.349834028123894,0.11379054221940382,1.2313229803716093,1.5161562819912227,7.082967647429462,60.26936408067562,13.005015008418845,-2.220592779443002,0.2918464503632095,0.38919854362582523,0.4020389740652496,-0.5001416039110129,-0.2015510397972204,-0.00010561064055086833,0.18764750382860484,0.5428220042702983,-0.07295895747942986,0.4862730857171275,0.23646151389285683,-3.66945844371371,18.61181596787405,0.6414327383992424,-3.3193159359042617,0.2525675457187417,0.33955687345392827,0.26462731052035054,-0.48487916337124004,-0.18538557492206892,-0.01855895542750899,0.15417129853185935,0.39520981134332517,0.08309321820154507,0.6984351060187143,0.4878115973193726,6.247407929231769,49.9632681149932,6.995115123652627,-0.8321140302135082,0.27976022022979957,0.37576639182338434,0.30481040966073186,-0.45870657696316397,-0.18016457978600287,0.009652437583442551,0.19560181203738147,0.501374407263961,-147.19532520325205,11.23671114398102,126.26367733326724,-0.3010684402477592,-0.6100393115566343,-114.0,-175.5,13.86233074302737,18.69999999999999,147.19532520325205,-166.985,-155.5,-146.75,-136.8,-132.3,-208.1192277062345,15.414542074969367,237.6081073810009,-0.17093819131510674,-0.8548438750140028,-162.63252252599673,-242.60022845431402,21.0513317013341,28.417232580981505,208.1192277062345,-233.74779053519657,-221.55098874880883,-207.35442702865225,-193.13375616782733,-187.41866713579554,0.040058223953594256,3.808557772854595,14.505112309171153,0.014197870374412665,2.5629422994749955,16.13386806199167,-14.332775483638638,2.4836838801140706,3.3462714813827557,2.619110559764283,-6.376586732129261,-1.677726952838868,-0.010927632584413871,1.6685445285438876,6.679819099702003,-294.1476873645519,21.455408328448755,460.3345465404682,-0.1634049510292903,-0.9458389608447795,-233.14752213322757,-339.87788969302534,29.744641887293046,40.13585786477006,294.1476873645519,-329.70430963270917,-313.32038480093775,-293.265779862988,-273.1845269361677,-266.0462125353588,-0.226110641367393,3.7071639187817187,13.743064320717028,0.077901617206543,0.12377574099239563,10.91005963306051,-11.435954531552573,3.7090663184713533,4.89959579587539,2.928178098665438,-6.166145774257286,-2.662813079823974,-0.3029734357065603,2.236782716051416,6.4655520075057185,0.051990795358474576,2.5329664080105183,6.415918824109708,0.11515539354818453,1.8524851264006141,9.422459189617697,-9.019246948011965,1.8840157142143827,2.5144013635852875,1.8645071916345939,-3.7244118465170066,-1.287069242478211,-0.020477441375858885,1.2273321211070765,3.840971216970222,-0.33634191459331086,4.700592810121431,22.09557276656529,0.6335720386586791,2.6455286209347344,17.43022898614212,-14.848463358595389,3.1202794094660433,4.053370272771865,3.253706235417188,-7.711259573119347,-2.6788762098274828,-0.35637105250573375,1.3744940629443823,8.056072809189386,-0.49664634146341463,5.498981699240704,30.23879972858418,-0.39362089357667973,-0.8605906855289622,9.8,-13.6,6.226929317723527,8.825,4.504776422764228,-9.9,-4.8,0.4,4.025,7.2,-0.7350190434858942,7.653682277466892,58.578852404410796,-0.3395461245152086,-1.031601217602656,12.337435491780335,-17.660400657412026,9.264677086131716,13.064345341473693,6.346528617685177,-13.39630852964129,-7.343133196752868,0.6841479190892622,5.721212144720825,9.787774655171642,0.037749795853964416,1.3875987316449947,1.9254302400627983,-0.4583322558582601,3.065035798236271,5.3616645237760405,-7.7856624045731735,1.0323824269016317,1.395805739388242,0.9926586646364063,-2.4243916284744604,-0.640514679941611,0.05915243190256492,0.7552910594466309,2.1383243971183648,-1.1299483478948,10.661801858013465,113.67401885953937,-0.3083450020892563,-1.1092052177956016,15.146776385081251,-23.27063509448314,12.771597372615611,19.567650946810563,8.876726723765993,-18.540572119584684,-11.258717414137823,1.089195631399337,8.30893353267274,13.365406648065786,0.055432418942271924,1.8560127442158596,3.444783306691686,0.6305085714612069,2.81542080167595,7.748949068948276,-5.73679196808137,1.3821245882037163,1.8278118815217799,1.3115877551976851,-2.7303670476192146,-0.9201593401864037,0.00872701600677335,0.9076525413353762,2.971069436517729,0.052352412213962356,1.0734819606609638,1.1523635198645072,-0.3350112762938927,1.9199412428675249,2.9225997498748915,-5.068110317141013,0.9366014707055099,1.2867504933857778,0.8104886077600081,-1.4539378345022849,-0.5392401128643121,0.014179210887226436,0.7475103805214658,1.7919153806390737,0.13214794323828286,1.6218306690865782,2.630334719189818,0.3317350024937074,0.9021601990277972,6.040449695843676,-4.1254563476486155,1.305582661542348,1.7640437592765532,1.2049077263350905,-2.4677337994909867,-0.7666585419721202,0.043043006589623255,0.9973852173044331,3.073734806978536,-0.39400406504065044,4.283895753779703,18.35176282925177,-0.14049194094093842,-1.4676661733285676,7.2,-7.0,5.633888430321287,8.4,3.8564024390243907,-6.6,-4.9,0.2,3.5,5.4,-0.5585582552931458,6.079217256329252,36.95688244965136,-0.12898682148393967,-1.4690294269092001,10.168232369408745,-9.872226217384211,8.089796555229874,12.021286096074338,5.476670344590098,-9.38818748902866,-7.024192887777277,0.3571390311851764,4.997093208297061,7.695646230095993,-0.01038852430947515,0.16762460295212303,0.028098007514856894,-16.497267252449113,329.6585181174816,0.4713098487148666,-3.386003831261619,0.05551153984835629,0.07549967001979199,0.055445777613368136,-0.10331673857814085,-0.04188579791254521,-0.0023960812038460316,0.033613872107246784,0.09353459412455956,-0.8161973369700896,8.660509623876194,75.00442694525218,-0.11053838163662576,-1.465462262706336,14.27935063670169,-13.906466536076618,11.610855845404995,17.105552661241042,7.799763622933525,-13.245126187620698,-10.05384997655126,0.557096440183781,7.051702684689781,11.020197844703997,0.025678960371637072,0.3494562135916983,0.12211964521784667,12.94608535708375,190.4814388768543,5.210910789081327,-0.9888442297379072,0.0792806003730813,0.1065824635960666,0.09407375076921985,-0.13742575009655467,-0.05062966903794602,0.009433027209564016,0.05595279455812058,0.13211281973711078,-0.014901408679910952,0.1341940585756521,0.018008045357005547,-7.651801750687348,73.27200071499965,0.22792329235641753,-1.3831493341423184,0.052447527351177574,0.07017110106179465,0.05753286120095908,-0.11191465490785443,-0.036990697617912176,-0.004458983953891942,0.03318040344388248,0.09638607804776118,0.014652012246857811,0.19331446466453348,0.03737048224853516,12.286237642354742,176.93661519433806,2.8320514841528257,-0.3856726000969437,0.05749517626548499,0.08076472628656597,0.0642418312324652,-0.10552109438498847,-0.03471620662180083,0.0017474500331086853,0.04604851966476514,0.11443914264980262,0.6994918699186992,2.223564153938867,4.944237546681869,-2.1349020269341286,4.222914481354843,4.0,-8.5,0.8895613311033613,1.2,1.9086382113821136,-4.9,0.7,1.4,1.9,2.584999999999991,0.9946846547277782,2.384160783158064,5.684222639948872,-1.4207094138512113,1.2662172800026825,4.440757179394307,-7.5469088833236375,1.1513857969596384,2.5256296411476855,2.291680060506065,-4.429481310335876,0.01499743732806273,1.9192504413217266,2.5406270784757483,3.4141822759473426,0.0314296751435142,2.036906816687833,4.148989379869362,0.3401457082350961,4.724635096286265,8.613592246976577,-8.340786783932558,0.4756665443741187,0.6280629844337264,1.0827944903904843,-3.513650415267051,-0.3444390657357633,-0.00762540324568986,0.2836239186979631,3.7238473058427912,1.4253213992845541,3.0235376518498565,9.141779932153744,-1.0832863688403744,-0.017982021614086463,5.9618035367294855,-6.7065070687410655,1.3433140448778789,4.172912489608891,3.0909122346911166,-4.941034445080116,-0.7678978358992541,2.783166625467926,3.405014653709637,4.551507041584554,-0.06642904078168989,1.446271726326049,2.0917019063701296,0.2552787198845726,4.133625916188347,6.18509920693014,-4.902798606411041,0.7144913403205682,0.9727982180279383,0.9088910109686655,-2.7531765502518035,-0.5437914341408614,0.0011445828768294197,0.4290067838870769,2.1003464244020185,0.04377553621789028,0.9862039324534714,0.9725981963866911,0.4143910571489616,6.627684002385553,4.228771169036631,-4.738775976145783,0.20339973311212714,0.29187521842965297,0.5116375139342525,-1.1821548949610257,-0.15324492352895944,0.004798836724584361,0.13863029490069353,1.6584368671047764,0.06914932081691083,2.6842296969430994,7.205089065951243,-0.2462391788969143,4.03914601609837,8.524196109240386,-11.06764777410445,0.6408172321315446,0.8337359932527665,1.4288498705323993,-4.966758143244569,-0.42867600166536346,-0.0019471362954905412,0.405059991587403,5.5903098849039345,2.8594512195121955,3.687447409526944,13.59726839802697,-1.585063513429913,1.4033390621920292,6.3,-7.7,1.0378215529539216,3.8000000000000003,4.304776422764228,-6.685,1.4,4.7,5.2,5.8,4.055599101041467,5.185254803214483,26.886867374258866,-1.553133835523328,1.2981522363245643,10.281408452643364,-10.61430300152589,1.5999674731352806,5.257638617873777,6.0780979369417985,-9.16383122337477,2.045229071476408,6.603393307455357,7.302867689350185,8.234429190389754,-0.04177567296178673,0.4401166418746042,0.1937026584549786,-8.717805854913362,84.80297947037901,0.642354223210511,-4.736360982914375,0.08999362457919202,0.12046951518948561,0.13586645072268233,-0.23082902011538944,-0.05800278088166449,-0.004178850847135734,0.06246673430782112,0.22062318942351863,5.777714116051813,7.241321710975665,52.43674012184753,-1.6153501326129827,1.561448085284348,13.2640305225134,-15.702001971223634,2.300781117256402,7.019369048206333,8.543485034998305,-12.887530760296713,3.3360944571247133,9.34150678333285,10.355463505331047,11.644223464533324,0.10491396989933935,0.9103125177705436,0.8286688800097463,6.123689299271401,41.37135500918545,6.917759091591117,-1.3943303828339344,0.14326961309560604,0.18076839551652849,0.28934755745203233,-0.37310190417356265,-0.08237904472138505,0.018084572053791437,0.09838935079514344,0.4269585671300533,-0.058234552115499355,0.3463586523120496,0.11996431603141927,-4.292504397385008,19.13135094089362,0.37653215197285234,-2.0653429884099594,0.08676610189119373,0.1159759769128539,0.13965061424338837,-0.23407997875571732,-0.06090422242995826,0.000581440684135246,0.05507175448289564,0.17875354818284644,0.059788318407475664,0.5084662894806444,0.2585379675382145,6.171684416505258,41.55778289247041,3.907691197000984,-0.5574105413831162,0.13396375393154358,0.17887729741268873,0.184587400351186,-0.2774800363108193,-0.08525594325543026,0.004927015185023667,0.09362135415725847,0.25694239817498166,-3.7867204155781936e-05,0.16971156366563786,0.02880201484183585,-0.6193545228880887,7.0639074650438545,1.087074,-1.315603,0.015463541139013428,0.02090525,0.08102423524907666,-0.3090495,-0.009904,0.000318,0.01100125,0.29315025,-5.4165177103376304e-05,0.1847620605921439,0.034137019034255055,-0.36041879135011384,5.784917041761075,0.8493122520297158,-1.2073925777705419,0.02026575671624853,0.02735275959561222,0.09035952197346414,-0.3296223268977731,-0.013614148408308938,0.00017343141693053007,0.013738611187303282,0.3446336289376025,-0.0002586195147629701,0.15317233341027517,0.023461763722348497,-0.3087562492644282,19.960046508250176,1.4616601202435446,-1.6006393650332198,0.007688244494458544,0.010372706288836124,0.06083432935035542,-0.1966336273187262,-0.005141481417131919,2.7988385439178137e-05,0.005231224871704205,0.19414751450989004,-7.827988927072248e-05,0.23447529889628377,0.054978665792501616,0.14835460337679318,5.053136984919622,1.0639584606293615,-1.113820938518198,0.02796917738273047,0.03761658216862809,0.11480082257804428,-0.4517499218888298,-0.019018351330480892,0.00015673655780518394,0.018598230838147198,0.44220924981924215,-0.006437163162148616,0.11507244091388649,0.013241666657879899,-0.3185926467194534,10.297312200016185,0.8557438324515501,-0.8362713637646427,0.006226871074575883,0.008455574373418573,0.05023958425487036,-0.19764382048339316,-0.004793922395348177,-0.00031208998950042586,0.003661651978070396,0.15953224862272242,-0.00036561675085884735,0.10250704138641889,0.010507693533796995,-0.37019704791485847,17.31743723482421,1.0525277593566489,-1.093718336408362,0.007569876478386026,0.010213573924362241,0.04369708905755517,-0.14748547605383017,-0.0050794413458985135,1.7825727432299e-05,0.005134132578463728,0.1474969623899402,0.00012808567929720974,0.19080714705210206,0.0364073673661625,-0.21667283889827996,15.686463564105008,1.674997795557604,-1.5645908088636424,0.007566824859529135,0.010178833398786242,0.07670495105887257,-0.26197286978314627,-0.004871870860387425,0.00011451326169595219,0.005306962538398817,0.251464763212357,0.005884253820977089,0.35799598556634527,0.1281611256816189,-1.0948972578041045,10.162661240489824,1.983233,-3.137789,0.024943299724138245,0.033708,0.16619199498543674,-0.56445,-0.010162,0.006482,0.023546,0.616154,0.008323663316298456,0.4558671603860595,0.20781486791844933,-0.7885460675668333,7.484737190618658,2.095768201868227,-3.001973841155236,0.03432404865182751,0.046275110056916605,0.2168280891957885,-0.7288228647863351,-0.013665894789468464,0.009180008797614752,0.032609215267448144,0.7969265351967458,-0.00037095022075518783,0.22019132674232186,0.04848422037254395,-0.03766834376489892,19.003880606381106,2.064080684037374,-2.39259256651386,0.008724336660478301,0.011772265686243361,0.08776308688190364,-0.29278102204489564,-0.005880365567541576,1.8752270255797097e-06,0.005891900118701785,0.2790399943678221,0.011777433011155344,0.5719988189535499,0.3271826488842559,-0.578843333676437,6.32840459499152,2.4581063753033705,-3.4282544446078576,0.04154499024525997,0.056160028518193586,0.27279959157430167,-0.9362439968633499,-0.016799060659659498,0.01223604759552286,0.03936096785853409,1.0857682246230653,-0.003890708591613726,0.2972496148995774,0.08835733355794709,-0.3675051758603881,8.460309372363895,1.9036146442994153,-2.399271939265054,0.023062395011182825,0.03105168534599506,0.13639195124961892,-0.5028939392308984,-0.015959864406721723,-0.0002829147056353648,0.015091820939273339,0.4935886291046573,-0.0005250287677325859,0.18076822583314428,0.032677151470862656,-0.10638338313390582,10.210437700346224,1.4599582866014638,-1.473086304989353,0.007476436229343044,0.010078120233969095,0.07867499099908555,-0.2862853291371221,-0.00503199050450384,-3.0335376164051324e-05,0.0050461297294652555,0.2891553680306149,-0.006034575935776399,0.2534510546961164,0.06423743712657379,-0.34503681118883656,18.520249783297743,2.5181682897672832,-2.2091298381391664,0.009678440138528959,0.013056576726900386,0.09872808594929305,-0.3454937269624624,-0.006552582712669758,-1.204411890922449e-05,0.006503994014230628,0.3043554433437886,0.00452459374530823,0.10191216611994261,0.010386089603258777,-0.560719198516217,10.728094861311556,0.842623,-0.840973,0.01049089329814564,0.014213,0.04761696824610396,-0.152402,-0.002169,0.004726,0.012044,0.164319,0.00639906527962627,0.08488707888741998,0.007205816162039062,-0.6178904042826018,10.472506422109046,0.6165399000971621,-0.7077420973650058,0.01237360530278117,0.016669984040725342,0.04195406069703946,-0.12623892181157045,-0.0013691915174597119,0.006660740103445971,0.01530079252326563,0.1421004127937392,-0.0004288749007856366,0.11646594265081674,0.013564315797543332,0.17521083395398665,15.0704211033073,1.2237002029035373,-1.1530652763489873,0.007657841759515094,0.01033286600597748,0.05022717708234363,-0.17434329184430877,-0.0051839198172847975,-8.390070855879091e-05,0.005148946188692683,0.17000517143534102,0.009050502631000264,0.09706710432644504,0.009422022742320965,-0.06760906580101209,7.682599100852364,0.6032893133124658,-0.5977650567015262,0.016021999150175353,0.021591832681876873,0.04960397555079617,-0.15386782146231823,-0.0013393635735913585,0.009093269140818126,0.020252469108285515,0.17182271252024375,0.003583086331008859,0.07052795002040417,0.004974191734080629,1.101458999347897,10.68365904888406,0.5895756601989929,-0.4440930975340344,0.006740933622419875,0.009094009470302877,0.03209038809171862,-0.10031253128738744,-0.004478975015252953,7.154275323298029e-05,0.004615034455049923,0.12951360458947836,-0.0006068596141682541,0.12908905923268302,0.016663985213579143,0.17829714655292886,11.349142356619375,1.160925028130269,-1.1252341166513296,0.008413108650765704,0.011351952491056982,0.05739967992468678,-0.2103103923436234,-0.0056881703270399335,-4.697649836070914e-05,0.005663782164017048,0.2011196668960233,-0.0007959973893838533,0.10226992164656426,0.010459136873594394,0.18874977497951884,14.898199663186798,0.8415158058976591,-0.8284385629770856,0.006675397524673915,0.00903168727486213,0.04240183402799754,-0.14507490392530673,-0.004637034275403956,-5.969501041576678e-05,0.004394652999458175,0.13594030629893664,8.204131759901504e-05,0.7226464906272614,0.5222179504158966,0.0011384818608164333,0.8654986077901019,2.182492,-2.178484,0.6638722083913459,0.89529675,0.5475634275891061,-1.35567575,-0.446331,8.400000000000001e-05,0.44896575,1.35793225,9.841491765508611e-05,1.0217967542072606,1.0440686069084928,0.0012033080079308228,0.8686893385531227,3.084688365122163,-3.0638531806413605,0.9405607854909929,1.2695321104473567,0.7737009433944737,-1.9110946536957236,-0.6340862044176316,-0.0027182166535359943,0.6354459060297251,1.9237877275125976,1.627128055801463e-05,0.016708480285619696,0.00027917331345494203,0.8770918435591837,26.815611853794127,0.4694574266750943,-0.2671661154797159,0.01693164499501937,0.022839880500609616,0.013342921341084517,-0.024170238600482567,-0.01146528655410585,-4.5633653050401735e-05,0.011374593946503768,0.02417711304133048,9.21545263371895e-05,1.443878479784269,2.0847850643841315,0.0014376082925334041,0.8816262149459244,4.339318381735522,-4.316399267831215,1.3210750558137963,1.781356558749903,1.0911803880099988,-2.6929180024226507,-0.8887117547840689,-0.0033613372012451914,0.8926448039658341,2.716811617682334,-2.9470123365436655e-05,0.054740618613464284,0.0029965353261847526,0.03442403493419758,0.9558202154600806,0.5827084188962036,-0.4328775915434932,0.039913530529487096,0.053980706493326196,0.041472467000416256,-0.09951494558599977,-0.026877418497266155,-0.00031223247827663267,0.02710328799606004,0.10006122722315883,2.3743059553907856e-05,0.0077653609251837315,6.030083029837034e-05,0.7698246150770031,102.66254920482697,0.21929836602966635,-0.22929570128955548,0.006670920138854357,0.009006839971026616,0.005756004425379721,-0.011882035565355345,-0.00450840894307802,3.8785924264691016e-05,0.0044984310279485955,0.011854942410532221,-4.687649907309385e-05,0.02231692022466728,0.0004980449283141634,-0.4346052482387527,9.961569966704243,0.2301205199704791,-0.44224412360111964,0.023989636514494542,0.03227206848822438,0.017976413707620605,-0.03628470718638827,-0.01611141480175361,-0.00013623415823843022,0.016160653686470766,0.03609488268622898
-5.806402439024391,7.5725360682343075,57.3433025047095,0.879261812060498,0.1684659721942654,14.2,-22.6,5.930408874022408,6.4,8.80599593495935,-15.6,-10.3,-8.8,-3.9,8.8,-8.160998075817112,10.758437835564186,115.74398466169902,0.9025992305962711,0.17473771093011692,19.923944360036714,-31.140652888468164,8.306395932592427,9.024929945257451,12.475996625484553,-22.145745816100423,-14.517239504363257,-12.44194593822524,-5.492309559105805,12.613834181062568,-0.045310873874385454,0.5834014148483047,0.3403572108470037,-8.301913964392744,96.25582685601346,1.4453767915060953,-8.14282088574967,0.26671807566713507,0.3604896895538128,0.25812924998034303,-0.4856817978288739,-0.18676698930158628,0.009686972366852453,0.17372270025222653,0.4090128987778661,-11.416912094902633,15.341703672872304,235.36787158622357,0.9213708024099284,0.2019834275628818,28.20780620776446,-44.84788460687799,11.592581595851879,12.735778732978154,17.68036248805096,-30.711035507719558,-20.454753532857865,-17.528725971200643,-7.718974799879711,18.035706578489602,0.08799384323295922,1.1192614680617285,1.2527462338876956,7.2188000413222,63.48657082448439,12.067384835021942,-2.2834437701362766,0.29365867926262235,0.3842391890372414,0.3814539700121383,-0.5736224553339038,-0.21909227107812124,-0.00834848467453364,0.1651469179591202,0.469992950170258,-0.0633848942900907,0.5018314189766129,0.25183477307208074,-3.693687077140706,19.450309986835755,0.7657414989920287,-3.7858376099227633,0.26623951795169143,0.3680982440731443,0.27851876933975506,-0.5094923102941482,-0.1882073202794729,0.012745096854470757,0.17989092379367141,0.42612236112977936,0.08719987498297001,0.6422964615931142,0.41254474457503476,6.498818937052275,56.44574613465737,6.805558457470764,-0.9895718009672001,0.259138872471402,0.3496816250262732,0.2843341437303254,-0.4357420915621558,-0.14784960389830154,0.02795764338201529,0.2018320211279717,0.5425728979829085,-147.14014227642275,11.089279429811494,122.97211827244033,-0.28114575543767273,-0.5168115234918904,-112.1,-178.1,13.788200632102093,18.299999999999983,147.14014227642275,-167.185,-155.2,-146.9,-136.9,-132.6,-208.03716567925005,15.181500675944967,230.47796277371748,-0.15354567169660935,-0.7542041120985203,-160.44663263563416,-243.28217683031988,20.137086371202336,27.01707072928002,208.03716567925005,-234.02750418732953,-220.5257637294614,-207.66686974785355,-193.50869300018138,-187.7073281816608,0.014473558354147032,3.8527642168420404,14.84379211057846,-0.003880478468000622,2.195062851585061,16.907149845084295,-13.13718851807814,2.30768590374526,3.1444296448081657,2.638158041077884,-6.708529835878168,-1.6691545870376148,0.0985414556581361,1.475275057770551,6.580018622996905,-294.0225306807096,20.991275901625787,440.63366397817555,-0.10727949116640367,-0.904294811827282,-228.61245857780563,-334.49643933967656,30.255725457051067,40.4203826178416,294.0225306807096,-327.4869037886031,-313.3472861116388,-293.3634029492308,-272.9269034937972,-266.70874989184284,-0.16985912294946276,4.28142402375208,18.330591671161446,-0.004590693091989965,0.6225723820213327,13.141738769844554,-12.249347633567517,3.8997460156033505,5.3571120943853225,3.3057019325638444,-7.559654898386756,-2.8366119984611107,0.022459542841989588,2.520500095924212,6.333956692477606,0.01947647448430911,2.223354351110597,4.943304570602424,0.11953663321815071,1.4103654943611463,8.185419330241146,-7.618767412857059,1.7590654604039815,2.45277400209891,1.6518676168997426,-3.5864990699029793,-1.2458569436482776,0.08205147973652704,1.2069170584506326,3.560996335224335,-0.513977800726324,4.9063505162648395,24.072275388452262,0.4242027460455751,2.2367309790947303,16.654999400203835,-17.226713086834724,2.878845695441345,4.037302031565242,3.3729961447037162,-8.483607837288485,-2.7479022004288103,-0.5944276468137022,1.289399831136432,9.469425978819803,-0.4332317073170731,5.359474488402774,28.723966791840176,-0.37107821513781714,-0.8063741160248266,10.9,-13.7,6.375189539574088,8.525,4.4104674796747965,-9.8,-4.625,0.4,3.9,7.1,-0.6475484972399256,7.447749859109904,55.4689779638716,-0.30257183697965884,-0.9968324795923698,12.539780333583513,-16.856770005669873,9.143111245617447,12.754286167704807,6.197653923148118,-13.117383919756557,-7.0835284198660045,0.7117437066730341,5.6707577478388025,10.017148082639912,0.055415843945499296,1.4221550810825314,2.0225250746488617,0.10267579830722591,1.843548145748902,5.194283839567985,-5.235207418452231,1.0699684237735092,1.4133949539249435,1.0163735449992657,-2.3378253342637834,-0.6655271952146928,0.018949925395856937,0.7478677587102507,2.341395703759546,-1.0137903040635086,10.349336176766965,107.10875929973747,-0.2499389512029085,-1.124092884417117,15.537080938867023,-22.862769409740945,13.305045684295132,18.792024280094246,8.695379430151684,-17.669589520657496,-10.911202006883746,0.8954748858155477,7.8808222732105015,13.596114525449455,0.13121265400784335,1.967137117781265,3.869628440152783,0.506933565881347,1.558086681063993,7.182812664857409,-5.572515107526883,1.5414266373631251,2.049307523457316,1.4258051045232043,-2.9576109554385814,-0.9831689041387441,0.08072767131598871,1.0661386193185718,3.374711534617594,0.07432574636821115,1.042160975642092,1.0860994991512771,0.5121185290705096,0.9041757461786761,3.6497084351864357,-3.244924497313706,0.8226752826400996,1.1130454922499848,0.779619975143125,-1.5196084369727858,-0.540123886113993,-0.04123514504843132,0.5729216061359917,1.9817295310508358,0.02171222148670195,1.7040105119229891,2.9036518247440473,-0.07343404453014311,1.269928143926074,5.179468302923485,-5.796121555738977,1.2128680591617724,1.595474324047391,1.2217877472768353,-2.9221213322568786,-0.8356759411523886,0.02241385543932071,0.7597983828950023,2.981197472363012,-0.2083333333333335,4.5098685452453,20.338914295392957,-0.2196398388654156,-1.5325327921228666,7.1,-7.3,5.040847542919047,9.1,4.121138211382114,-6.7,-5.3,1.2,3.8,5.7,-0.2989819809036995,6.39674232294516,40.91831234615785,-0.20948766939462368,-1.536213876184625,9.952267321345028,-10.261394829536606,7.312598891220916,12.945645926268766,5.848802259537436,-9.505280681825898,-7.503962007426724,1.6701203503390938,5.441683918842042,8.096697846051585,-0.011517536569083432,0.17322649443969795,0.030007418375866703,-16.817261365115648,338.26541663663295,0.5146233622380405,-3.5222927876335204,0.057122910065419544,0.07626447602229802,0.056826127756136095,-0.10583273125027995,-0.041039448889254704,-0.000746615260263428,0.03522502713304332,0.09263076389537099,-0.45908306688003886,9.10510378342489,82.90291490693824,-0.1925113532189501,-1.5378356690571673,14.099565414064843,-14.247329027723673,10.325400387105349,18.375768819233485,8.319261544077392,-13.449678197251632,-10.689188775246112,2.4149342349003544,7.686580043987375,11.738768378988334,0.024566112827140274,0.349385506016676,0.12207023181452875,13.40122906670202,199.44465516943492,5.2684402426402865,-0.9465243579337854,0.07929230758918929,0.10637752254884658,0.09067498137479969,-0.11760067730475557,-0.05223241655815811,-0.001542049341073071,0.05414510599068847,0.133565674125892,-0.015989954318456498,0.1429021893391521,0.02042103571792288,-7.515351147541856,72.1066945367114,0.2393806703088177,-1.5123396851306972,0.06913404079878314,0.08370196583583095,0.06455930292324549,-0.11973383878368696,-0.04727710560629548,0.0009424176637989629,0.03642486022953548,0.10094319915370278,0.016245089430678584,0.19647099650767016,0.03860085246871694,13.043025439264012,192.02488669041813,2.938075527753124,-0.42644258272504704,0.04959478020083242,0.06749349611164376,0.05847570239645343,-0.09534166128755572,-0.025488028479573772,0.006231406422610919,0.04200546763206999,0.0995833408848761,0.6780487804878049,2.2662569543161513,5.1359205829863175,-2.1182759375570006,4.024334484028713,4.2,-9.8,0.8895613311033613,1.3,1.9227642276422765,-5.084999999999999,0.7,1.4,2.0,2.5,0.9638145300503826,2.486967605726689,6.185007871933942,-1.607315534861991,2.003381598350269,4.06932905133739,-8.537412670512964,1.2759930447657095,2.2616289198418453,2.316413656195002,-4.471506681319989,0.25985483396616277,1.8725651306787152,2.521483753808008,3.309145287983458,0.013532740740530132,2.0070813147538886,4.028375404034198,0.4136550665122255,3.620595604342677,8.565806339467748,-6.282553588597276,0.4525218861452689,0.6064876567398518,1.0926568322380017,-3.6308308324399907,-0.3179762004351082,-0.006311316430739802,0.28851145630474356,4.440466298165393,1.3801201332757538,2.927283194368838,8.568986900034227,-0.9424980318848807,-0.4461342904561776,5.377561055685434,-6.975503977098234,1.6133941415931248,4.368910759070093,3.0283403323536193,-4.067670907967695,-0.9334047846451989,2.6636283161915433,3.4355059744248937,4.455044494056241,0.06837000707318333,1.909178794519129,3.6449636694415144,0.38581779924104287,2.7644951752232503,6.955697310404253,-6.007732233390396,0.8022414015701808,1.0851286940762013,1.1718998338601119,-3.695498565740567,-0.5168506060609273,0.04438259972524411,0.568278088015274,3.804663424006624,0.018501534930856964,0.7270389879409777,0.5285856899862411,-0.29072743028157105,9.438882308773554,4.179670874785931,-3.9474270763025525,0.17641662277552875,0.2548391253520065,0.3910259130102759,-1.004960181323598,-0.11238871203874783,-0.006102772621957358,0.14245041331325864,1.2122914264659315,0.16421696265108404,2.7182560793234987,7.3889161127791585,-0.01829539304248127,3.2092667057303776,10.391156821374818,-9.698384406782163,0.6306083302426906,0.8420211646399911,1.5015311081973939,-5.643864673419372,-0.3145366936066356,0.01613999730772443,0.5274844710333555,5.2939022061773695,3.044918699186992,3.4407196073139126,11.838551416154406,-1.6497357259093006,1.798172981831554,6.3,-8.7,1.1860817748044825,3.4250000000000003,4.237398373983741,-5.7,1.775,4.6,5.2,5.8,4.317219794082653,4.834916673675545,23.376419241385797,-1.6123376741666695,1.6544489440469974,10.21172009529782,-11.84192158211189,1.589228525248837,4.898233410065033,5.982681729462581,-7.829367182976382,2.4740675508645404,6.604906580137785,7.372300960929573,8.244644499268967,-0.03862426473341736,0.43546933577545416,0.18963354240071523,-8.666453924763776,84.52516442327078,0.7068659725871952,-4.97069588431719,0.09075240441762211,0.12026618545878523,0.13579978459489112,-0.23261073789841358,-0.057751552668555195,-0.0013418768942958792,0.06251463279023003,0.23511450271999212,6.1483681053688874,6.742639262302296,45.46318422154045,-1.6838131112513441,1.976507878872125,13.211896016302349,-17.719535057251967,2.25269191403814,6.053550306876025,8.427638975739598,-10.899994731260636,4.34673456316936,9.317582998123878,10.400284870045384,11.610003150330275,0.11295249806203271,0.9118494400525055,0.8314694013240677,6.133049005218755,41.926632035278175,7.497079693584135,-1.4915934738623087,0.18060660460050704,0.24394358561414797,0.2966322972270691,-0.38186353752687696,-0.09432209637696634,0.019867632369201305,0.14962148923718163,0.44340329219726443,-0.05405451218801593,0.345237518323496,0.11918894405816621,-4.306875693832055,19.24623683914503,0.437270392947589,-2.0864822344759486,0.07791948758132702,0.1062139759164366,0.13642044220762564,-0.21644307916606784,-0.05337531174428598,0.008459447845957391,0.052838664172150614,0.17358794288566595,0.06057165203940685,0.5012555668730357,0.25125714332120835,6.186402893815563,41.87414739934997,4.153868047301834,-0.4517080395829827,0.12272113408503665,0.1583677190827933,0.17978249124719342,-0.2526657708212158,-0.08932103080916654,0.005026981605055495,0.06904668827362674,0.31092923967106156,0.0004801846872919864,0.16509460406294754,0.027256228290701415,-0.6093404879365328,6.790593522601435,1.0551,-1.313167,0.015508019205568595,0.020978999999999998,0.0798351869736347,-0.2959005,-0.009725,0.000735,0.011254,0.29769625,0.000678634943356393,0.18318649483799754,0.033557291891031696,-0.26214306600275444,5.048210838841731,0.8116368742885479,-1.086281867856213,0.020406658616243974,0.027525710724751073,0.0900859052317341,-0.33807772909448497,-0.013062211951570701,0.000884192942860184,0.01446349877318037,0.3627895799020124,0.0003651801984075511,0.1447422569242037,0.020950320939512195,0.06366644500105363,20.548294691208998,1.5554015657938107,-1.6065531947220484,0.0077053891534381485,0.01038842611203559,0.05759105590352594,-0.1891687328561326,-0.005159187601219397,4.7295855050997224e-05,0.005229238510816193,0.1882890897420859,0.0009584176910310189,0.2374680165019286,0.05639105886136024,0.11218738341297814,4.539872672666078,1.0142283007714914,-0.9491567073894025,0.027875236138162552,0.03757710216666624,0.11617777874404546,-0.4817798953921616,-0.017599316234518755,0.0013216253496978543,0.01997778593214748,0.4587561495221647,0.0011361356673020315,0.10349228989345494,0.010710654067390916,0.28908876833671615,11.238323641588934,0.7387665764163194,-0.7421524526507426,0.006209256587915975,0.008375829252346884,0.04444771916703062,-0.1500262715737079,-0.004220343701496571,-5.062381321644131e-05,0.004155485550850314,0.16282800805205128,0.0005164431607433626,0.10045330454138257,0.010090866393283753,0.1373964515322556,17.436100927895865,1.0095839297380755,-1.1031161674279044,0.007733431794245139,0.010428728291129622,0.042474018755170546,-0.14318239952696782,-0.0050789503880534865,4.8354550195269435e-05,0.005349777903076135,0.1495585165106214,-0.0007880106564273265,0.17833085655655678,0.031801894400195235,0.20136384278145605,17.164389169953413,1.6063385037574127,-1.639234249709394,0.007566160429260914,0.01021154228689792,0.07110420176840439,-0.2352354780857112,-0.005201207499841909,-7.064760783095583e-05,0.005010334787056011,0.2351530993015269,0.006188856568170637,0.35376526519983387,0.1251498628619088,-1.058377046573617,9.701636591659703,1.73478,-2.981387,0.02485434359102791,0.033588,0.16368472529158107,-0.554941,-0.010102,0.006602,0.023486,0.6226430000000001,0.008750745061858089,0.4568528011795955,0.20871448194564302,-0.7249901507838762,7.418030831112089,2.2563744597392503,-2.9356384310437194,0.03401090096953166,0.045851482854913625,0.2150171316819364,-0.7347430978463979,-0.013671348901664352,0.009140993241037565,0.03218013395324927,0.8198426736470278,-0.00022485772425571784,0.2038712843504322,0.04156350058269478,0.2056093404127236,19.65636619880221,1.8846304549083392,-2.2570402964831646,0.008731308007387516,0.011770045477299871,0.08028647893672365,-0.2712707985909486,-0.0060075517052119755,-7.418774643096199e-05,0.005762493772087896,0.25454229003563217,0.012370934783970803,0.5841412376816794,0.3412209855602842,-0.5350669079895136,6.276653604767507,2.66170214309365,-3.53503848888281,0.04112470681326392,0.05554700354947521,0.27624541525576357,-0.9635228377825787,-0.016456005551781054,0.012206837455950309,0.03909099799769416,1.1536994725661185,0.0008967708648188822,0.27592543958912064,0.07613484821244947,-0.2517586199458453,9.37089435058078,1.7610929929314754,-2.2865016893441235,0.02269927848328351,0.030586550740797306,0.12456590293143788,-0.4384385966305294,-0.01536507001711725,-0.0002850571021853761,0.015221480723680056,0.4723776921571696,-0.00031767563113713833,0.16680838059711423,0.027825035837431712,0.11797158136443656,12.846111195588879,1.4009445905503102,-1.590181222591426,0.007485390299747915,0.010097833345361719,0.07045926217452729,-0.2514630879122016,-0.005109014814562977,-7.99300467242821e-05,0.0049888185307987425,0.23989813560096634,3.6652874612287386e-05,0.2351330738517119,0.055287562418954606,0.129962391193542,17.322899923009036,2.2838066446145087,-2.0673851442528184,0.009710891664617654,0.013131904251835476,0.09177217002062395,-0.2994003569013382,-0.00658793768333982,6.992982852215262e-05,0.006543966568495656,0.3029146434354167,0.0051951570341214936,0.09560750717024351,0.009140795427308163,-0.4316576364608288,11.434255797702152,0.998421,-0.850166,0.010849683035023995,0.014696,0.04516726130871415,-0.14271,-0.001745,0.005391,0.012951,0.156351,0.007347143573072291,0.080473747565882,0.0064760240472973,-0.7347254595989521,11.052737853140162,0.5422668904195922,-0.6666300289212118,0.013140832106760822,0.017746830539741628,0.0406101670482727,-0.11823469067052268,-0.0009376559572093551,0.007713350002102479,0.016809174582532272,0.13799291369836603,-0.00018596707128529886,0.10864596633026366,0.011803945999836784,-0.11054957408564237,17.383542005503063,1.2595198668861982,-1.2877299840190313,0.007648296291284092,0.010320741536738834,0.046333192231547006,-0.15996376002147114,-0.005180049029777734,-7.340889867854744e-06,0.0051406925069610995,0.15813072464942385,0.010390713362173351,0.09343112598918671,0.008729375303607281,-0.34377219839595197,7.500305844163469,0.49849127482583866,-0.557260023366501,0.0171518039423605,0.02317497904565506,0.04897824280380833,-0.13991585010040294,-0.0007196899335674258,0.01062062441391739,0.022455289112087634,0.16567605462004414,-0.0007703251140237274,0.0649602514511366,0.004219834268594894,0.5460592934793306,13.286732092226114,0.6087658661565388,-0.47430333342071196,0.006613170649049561,0.008914371758719904,0.028846506476563304,-0.10407779765686029,-0.004582306195987248,-9.034976229526617e-05,0.004332065562732657,0.09697851233747287,-0.00026314748071105606,0.11837063244660805,0.014011606625809978,-0.13842986460666185,13.187099908306994,1.180429462970913,-1.1267338129640816,0.00837274569581647,0.011278345748293207,0.051645803375346584,-0.18322282428600015,-0.00572399669359615,-2.326759531253555e-05,0.005554349054697057,0.1839886805387534,0.00042243737530809955,0.0979388053187996,0.009592009587273728,-0.11290822264914153,16.816790408839267,0.950528557210728,-0.830976843964592,0.0067099831919967485,0.009061674046702922,0.04044131104941308,-0.13304262808277748,-0.004487061130215671,-1.8423303687755332e-05,0.004574612916487251,0.1389107201641531,0.00017679218881139092,0.6934343105964409,0.4808511431123612,-0.00026435895540609096,0.6161376491913639,1.985467,-1.979783,0.6595037209545191,0.89000075,0.5322727634792925,-1.3094337500000002,-0.443646,-0.00032149999999999995,0.44635475,1.31041425,0.00025210433767303104,0.9804987502710056,0.9613777992830039,-0.0002456340443325221,0.6185863324721543,2.8028700139529077,-2.796232065890192,0.9372938136029927,1.2637859542604772,0.7521061132081502,-1.8526839660357202,-0.6312607674192215,-0.0010028108447537884,0.6325251868412558,1.8547158710256264,-5.609707840618159e-06,0.016546889811624572,0.00027379956243804506,-0.07564702441578416,1.5246872380939553,0.12888972360749018,-0.23988312967219913,0.01684112097822357,0.022737991140364046,0.013413033686017642,-0.02456864172249877,-0.01133342607981901,-5.538931056647649e-05,0.011404565060545036,0.024741753986130918,0.00036285239668286634,1.3855001599612666,1.9196106932526953,-0.00016987617810025962,0.6294012988976321,3.9052538402443044,-3.899341883612977,1.3157506982548166,1.7755399578592972,1.0609938947889377,-2.6149670707581496,-0.8864072007335269,0.000248203852797519,0.8891327571257703,2.608032705230517,-1.291548591273536e-06,0.054219416011592345,0.0029397450726381166,0.017634637177878394,-0.0068976943869931695,0.31929870076272276,-0.19195402937888295,0.03923339372658629,0.0530284266304778,0.041154609842399666,-0.0998408542007348,-0.02617830388694778,-0.0002922889526050798,0.02685012274353002,0.10033009444096275,-8.687714951037451e-06,0.007348596314532688,5.40018677939634e-05,-0.1531430131358633,5.785408841208529,0.09191204793034558,-0.10698605265153538,0.006787376320581172,0.009144762639904856,0.005811801459899216,-0.011956919816010617,-0.0045798380280845635,9.814935881323635e-06,0.004564924611820292,0.011876083289583441,2.89687869007577e-05,0.022216452019468005,0.000493570740333324,0.04994110942312579,0.17016485736623688,0.203959381301643,-0.056648031483984645,0.023993817118925287,0.032369418333849306,0.018046944797531946,-0.03735234604998127,-0.01625017649997453,4.493736536197233e-05,0.016119241833874774,0.03757516160322893
-5.568902439024391,7.658182059333435,58.64775245389649,0.9796110903794443,0.14992918218856532,15.0,-20.6,6.078669095872969,6.7,8.761585365853659,-14.87,-10.4,-8.8,-3.7,9.4,-7.827572336492927,10.883123919424222,118.44238624554362,1.0005538111776509,0.15950456571932436,20.972469906102546,-28.26932643502928,8.741189802426605,9.415651205345021,12.416827145498758,-20.909926230367297,-14.664801624779223,-12.509732559704604,-5.249150419434201,13.193743862032582,-0.04635660640611461,0.5932301363888608,0.3519219947199464,-8.258416505501808,101.03163473582923,1.1545645795214259,-8.59623418020153,0.2844916595095012,0.3841375710074132,0.27408867119554564,-0.5328985002965286,-0.1937976424103594,-0.0010388644794513402,0.1903399285970538,0.4527966885630272,-10.955163632756133,15.528923440789383,241.14746322989794,1.0154477751955509,0.17989537715598036,29.419926605568865,-40.603363471789,11.838721459822956,13.177512558797268,17.61539566703185,-29.437748079207765,-20.691044291000996,-17.679824576674523,-7.5135317322037265,19.178246245455874,0.13719142296673065,1.133476755012141,1.2847695541528528,7.315477595596564,65.27180806937545,12.367780245491046,-2.3267390565802835,0.26257167456736547,0.3719815976361988,0.3797874865963028,-0.4673474295465353,-0.16571562555663755,0.005172222740825738,0.20626597207956127,0.5994034100966036,-0.06551052843824205,0.47882747970917156,0.2292757553246371,-3.8074309951366563,21.718639280198342,0.7246671254505022,-3.451617780154701,0.25145608461373686,0.34843660369135965,0.2723346996912478,-0.6212760542300467,-0.18302605631601926,0.011102371877055832,0.16541054737534042,0.4044272577053094,0.08297123851050443,0.6785544884848901,0.4604361938429908,6.260993513575474,54.47234360651146,7.199786193964481,-0.9258000768731672,0.3024422406167172,0.39091099111391137,0.31028984750121724,-0.4517004715560191,-0.18415202281389398,-0.0023682764853538915,0.20675896830001736,0.6762803191550356,-147.82439024390246,11.357392323969233,128.99036040055523,-0.25929147152885246,-0.6686291901687422,-112.8,-179.4,14.158851186728494,19.05000000000001,147.82439024390246,-167.57,-156.32500000000002,-147.4,-137.275,-132.6,-209.00773485599396,15.557814839879336,242.04560259196973,-0.1382164939930977,-0.889921969312486,-161.7951213831398,-242.9141582123089,20.91767497408613,28.284143123867636,209.00773485599396,-234.6592508312935,-222.59225150122143,-208.2691455664771,-194.3081083773538,-187.87125404907297,0.07416673244241072,3.867876594016132,14.960469346537836,0.10202221397471185,1.555420251139088,15.091064911687134,-12.466292329462773,2.849661474494746,3.812288955116256,2.7957380215398895,-6.401433913919663,-1.909956161232432,0.027416696287097864,1.902332793883824,6.866898776788858,-295.41344803823256,21.553911722706847,464.57111055023955,-0.13272654700054606,-1.0235483945761037,-233.74788171501137,-336.98344997237217,31.273286010427324,42.71091072313561,295.41344803823256,-329.54195191366216,-316.63063258983993,-293.92120135896204,-273.9197218667043,-267.0236407143012,-0.21242619864343784,3.962457737185043,15.70107131897761,-0.01791838373395682,0.12471977530793277,10.194437421369843,-12.067197299312497,4.0256673908876675,5.177430178116022,3.0987248436188457,-6.662782861779235,-3.1883253973845473,-0.038769389811712074,1.9891047807314743,7.208598343140351,0.1026313265597801,2.1992921076234575,4.83688577465483,0.09324004089114403,0.14510181847850623,6.362749970702207,-6.815155085658189,2.0754301314805996,2.844932868100196,1.716968706158548,-3.33922384623203,-1.2213698194063147,-0.009308605030805411,1.6235630486938812,3.8665705578890592,-0.2298771102446916,4.962648456580676,24.627879703602563,0.12082532391575462,1.6770346784686412,16.50358783683467,-16.205012030830733,3.395893380050917,4.450698628461374,3.498593417982001,-8.50943320633183,-2.6640291119573494,-0.2581272212544482,1.7866695165040243,9.018119394590173,-0.7168699186991869,5.761325004922665,33.192865812347144,-0.3932456149834811,-0.9049778989035491,10.3,-14.8,6.671709983275209,9.8,4.776626016260163,-10.9,-5.7,0.5,4.1,7.28499999999999,-1.0399706786827383,8.01128479145875,64.18068400985828,-0.33095313729964543,-1.0807306030185033,13.174544026793951,-19.38963416545182,9.745460397967124,14.052629067160733,6.70106457358448,-14.327206280966765,-8.280345114695072,0.7527641332352649,5.772283952465662,9.887307113544047,-0.0641079739526547,1.4629389058454043,2.140190242236149,-0.10260211705001186,1.7808732415107578,5.496540075510568,-5.048749013330917,1.0575284603276904,1.406206316280322,1.0487920947009164,-2.5732989123572003,-0.7517170649097749,-0.012625958631267673,0.6544892513705471,2.2477624497299393,-1.5397488772853494,11.144278618473264,124.19494592616036,-0.29561672276732637,-1.1771580459852071,15.903679047134542,-24.026377718286213,14.1260367764254,21.14829897058818,9.369270498929641,-19.83200718363276,-12.691532093647655,0.8905867284222276,8.456766876940526,13.72879686586825,0.03655861205762459,1.9486603343697664,3.7972770987460898,0.31435637059389604,1.3218582855886876,6.986017977121979,-5.844199280087533,1.6503305186132509,2.2017132673479827,1.4501052529060101,-3.0508326094250884,-1.0986376880060567,-0.061511968500205905,1.1030755793419258,3.4907454791473653,-0.08915074315708169,1.1227543716112467,1.2605773789721655,-0.18159464028809125,1.761766314106807,4.1627896814270695,-4.41142954140092,0.9477795942282051,1.204575338665369,0.8309078103757942,-1.9690945982788863,-0.6940162647673713,-0.018376037543885688,0.5105590738979977,1.625279292584652,0.02912655266584386,1.7209005662315047,2.9614987588559134,0.007989189814482938,1.7768298134680576,6.361815837068624,-5.889433535653551,1.1800335395552424,1.600953962434844,1.2180575357185623,-2.790329448946294,-0.7673099450955457,-0.08768058679369889,0.833644017339298,3.0844870446380073,-0.20426829268292682,4.5426616057774325,20.635774464604403,-0.19432883530388545,-1.5430338543447883,7.3,-7.0,5.337367986620167,9.125,4.157520325203253,-6.7,-5.225,1.1,3.9,5.9,-0.29256477818802973,6.443270695828064,41.51573725971666,-0.18411158226479732,-1.5457208648750405,10.274168074659059,-9.907454977635147,7.646246559514035,12.978850232239179,5.899653286673984,-9.502165717294897,-7.478580451935387,1.459090772030632,5.5002697803037925,8.387599898950812,-0.006000216642776506,0.17549003714244366,0.030796753136256256,-16.799325138713936,337.4885681147787,0.4891103639330136,-3.560868570194003,0.06047937727064718,0.08270480042514289,0.05868209350740421,-0.11471457139146843,-0.04071403974561555,0.0032241766160435725,0.04199076067952734,0.10718148060896915,-0.4483958851084425,9.171288701600046,84.11253644809666,-0.16777313031016705,-1.5458413586197721,14.400487284673703,-13.962621230634939,10.96001657902327,18.5413643564923,8.393780322030398,-13.44298648382441,-10.76415523646267,2.053305926903135,7.777209120029628,12.112421198834383,0.023639690486473658,0.3623784117904578,0.13131811333177462,13.221761772285946,196.49018214816545,5.441755575841513,-1.074248392086993,0.06738910289535123,0.08951074994260153,0.08991625485069396,-0.11202198265570235,-0.046066157339671523,0.0040442256502104534,0.04344459260293,0.14150211742515173,-0.00812867840026605,0.1452608312210276,0.021100709087023866,-7.749797812015244,74.73112165763902,0.2206105223524828,-1.519757897545611,0.05841276681895914,0.0873778075795705,0.06382747683229725,-0.11745474204190046,-0.04376939774873789,0.01037142745712426,0.04360840983083261,0.10161152887787012,0.01533947389730393,0.19893191532518778,0.03957390693494768,12.825506026692977,187.10381811484154,2.9551109462219625,-0.3648785609788315,0.06625359516429434,0.09196177051979501,0.06534551640450505,-0.10618186726121948,-0.04190109160484882,0.002646735065578225,0.050060678914946186,0.1148596588372405,0.6221544715447155,2.3794037120503595,5.66156202491903,-2.0337415038702185,3.603261125379687,3.8,-9.5,0.8895613311033613,1.4,2.003861788617886,-5.3,0.6,1.4,2.0,2.584999999999991,0.8874635401893614,2.618049107498234,6.854181129272298,-1.5156716579678275,1.7455519610150674,3.988135288334974,-9.439694266817263,1.3555599631256232,2.9687635037198574,2.408590483664261,-4.941393163616727,-0.31843142013710185,1.923563723569266,2.6503320835827555,3.441154171276812,-0.015348552244858975,2.1003505608457687,4.411472478445134,0.06932483495779371,3.0437291324493696,7.161353936022029,-6.972894172676849,0.40233320243658505,0.5595815172936783,1.1465522434922228,-4.276074010483129,-0.2538288594094624,-0.0010361543881107077,0.3057526578842159,4.300420532489077,1.2822414680404044,3.207781542982998,10.289862427502381,-0.9489404521686537,-0.47088007339209303,5.682566785452833,-8.632197959347394,1.4593935406020098,5.019342499209959,3.250765661414933,-4.79507488000149,-1.496663815259319,2.944439732201365,3.522678683950639,4.393791035756857,0.06893773945309267,1.8126392290681768,3.2856609747568744,0.3141540663582558,3.1096993827744708,7.000347960908577,-5.836096662756347,0.7616157196377705,1.007793965524781,1.116745657231094,-3.1817782581974177,-0.47136095477406376,0.057424232983063955,0.5364330107507171,3.328645676842986,-0.021311211725145735,0.7161467706383158,0.5128661970956885,-0.013720595009891364,3.6922619473729226,2.526963290378982,-2.6331838733925133,0.20588649190144329,0.2648668234258701,0.41046589912189974,-1.386411382321859,-0.14715303738281546,-0.00115981069988021,0.1177137860430546,1.2618510861699823,-0.0071654976049471235,2.8613421401103114,8.187278842771057,-0.15600641123211195,2.64359268161642,8.185665343612973,-9.296947809137642,0.5630835793780594,0.7280908736278163,1.559414291292607,-5.819479733721722,-0.4090371396971815,0.003615517344872624,0.31905373393063485,6.168750733213038,3.0123983739837397,3.412135912236585,11.642671483574592,-1.5842096410954076,1.6942967477729223,6.5,-8.6,1.334341996655041,3.8000000000000003,4.15670731707317,-5.385,1.4,4.6,5.2,5.8,4.268735899518567,4.797228474725641,23.013401038718495,-1.5414470610637656,1.5350269805349956,10.27359979157961,-12.00293254343449,1.656337526712939,5.476036621628004,5.867533769631127,-7.277328743985353,1.9473564846034275,6.59654113054845,7.423393106231432,8.263586961164547,-0.040554571528569894,0.43032879036407595,0.18518286781620885,-9.017336423380343,92.18481987152666,0.609660980568209,-5.318234348185001,0.09010593881479918,0.12014110253735785,0.133824516237465,-0.23739619501189885,-0.05881928134323634,0.00048113306850672277,0.06132182119412151,0.22002959419332913,6.0727942735096825,6.699127286328514,44.878306398431235,-1.6011647562063547,1.8293312869668732,14.017254862124762,-17.708484620352213,2.419169459306962,7.6100188437313685,8.255343691066528,-10.279270167158659,2.837973627784131,9.279746174168688,10.4479924715155,11.733950640224666,0.09803843594867813,0.8893435001058602,0.7909318611805422,6.251964115969754,44.3160200140022,7.722753982962603,-1.410184727630518,0.17863072044315317,0.23424725299102625,0.2973054649336634,-0.4657439756708845,-0.0936947430410058,0.0124109698616236,0.14055250995002044,0.46110234283578344,-0.056747878997097684,0.3404544858324883,0.11590925692346397,-4.491899973046319,21.478888859098006,0.4350265660362389,-2.218989367302052,0.0822074283974919,0.11150391831723325,0.13256610224392398,-0.22058267477670493,-0.05388013511106861,-0.004243620032960015,0.05762378320616464,0.1622828444739303,0.05446041376799955,0.4964154062695145,0.24642825558172715,6.323836237575921,44.61510278986398,4.356753029996911,-0.5684999276560351,0.1376668300381463,0.1868810341412312,0.18318242763389567,-0.29001728831693896,-0.08624307599309125,0.008920614584794819,0.10063795814813994,0.26510061287909376,0.00029312400373689883,0.1693144843017989,0.028667394594384107,-0.4059411584084485,5.783996788740854,1.065382,-1.191036,0.015420545674676767,0.020860999999999998,0.08359388656468045,-0.313061,-0.009904,0.000378,0.010957,0.30886925,0.0004145230250867051,0.19141021321951257,0.036637869724739265,-0.2649558241396332,4.600270875033635,0.9136360259604431,-1.032653990184529,0.020093675216223395,0.027101980528613324,0.09556902383247232,-0.36424838288617173,-0.013123065005048402,0.0003431643899749647,0.013978915523564924,0.3704286711763745,0.00045530317788731664,0.14384609006367713,0.020691697626607514,-0.00561950219174414,20.04784777053128,1.4040063260243616,-1.5050013645030096,0.00784823783355681,0.010557569939172605,0.057471087014016195,-0.18277886399865867,-0.005207489668504315,7.175036155121321e-06,0.00535008027066829,0.18647323040463704,0.000586157774791278,0.2484725287946882,0.061738597565627155,0.01642696416551599,4.348680487394905,1.1002231791829429,-1.029305285155133,0.027554985498014432,0.03728193247063527,0.12222057849560404,-0.5160863795034679,-0.017670785712318747,0.0005850326772002686,0.019611146758316524,0.4910694924710611,0.0018383110932796774,0.1073357048049548,0.011520953525976397,0.284881924131349,10.938803116068298,0.7514374538914563,-0.8655817689878377,0.006251005746100756,0.008454984860266173,0.046408795852384374,-0.15523440505771186,-0.004265160104600965,-4.792718908326089e-07,0.004189824755665209,0.17506068072862274,0.0006438821978033585,0.09213860952954964,0.008489523366038814,0.04039377075508468,21.153951625771036,0.9292500637427292,-0.8860136746885156,0.007924357008733587,0.010681611017502323,0.038229491360534294,-0.11913994848270246,-0.005310406071685498,3.5845592192896927e-05,0.005371204945816825,0.12576079898185205,7.126101448304379e-05,0.18134668659738348,0.032886620739849624,0.0032591917102348174,16.727988986027345,1.6011776558599673,-1.6195779451580399,0.007687914439761588,0.010371699694536902,0.07315184357675812,-0.24666033875618465,-0.005257879543315299,-4.983810367587601e-05,0.005113820151221603,0.24480252883293738,0.006165469433334307,0.3643578199055566,0.13275662092633003,-1.0317493629796,9.24281178235067,1.779604,-2.861276,0.025032255857248588,0.033768,0.17013654417131346,-0.576993,-0.009861,0.006843,0.023907,0.63069475,0.008717958520747587,0.46635820406997325,0.21748997450337082,-0.7826738995403344,7.420384372286273,2.2247351710972723,-2.969320145957342,0.03436983127344408,0.04636102203874994,0.22121648637913516,-0.7406350519567672,-0.013607896821227627,0.009573381781456506,0.032753125217522314,0.8123527119488939,-0.0010521700750250151,0.21908669585429416,0.047998980300352,-0.10499061278236252,17.132938998447923,1.9193347176665132,-2.2187038930992435,0.008560464902461705,0.011551831552374974,0.08827235057943486,-0.30733887177871444,-0.005819654833705347,-1.1399798335852575e-05,0.005732176718669627,0.29047691945275056,0.012325071656515873,0.5907250652621613,0.34895610272898475,-0.6262401587457923,6.193901755533167,2.5601369538692533,-3.792003154946004,0.04247792742861712,0.05732227156285492,0.2829204791915047,-1.004420492763197,-0.016382796917155117,0.012742170791451462,0.0409394746456998,1.133288312738833,0.0010331421073561306,0.2931670431706137,0.08594691520140049,-0.12557965120151907,8.113863827062671,1.7154364712874848,-2.116178003718973,0.022101052569463046,0.029779488214622504,0.13405965619489588,-0.4851581535658609,-0.014957100773720387,-0.00017260126626898663,0.014822387440902116,0.5133231541336272,-0.0014875355072440706,0.17717809271122364,0.03139207653678696,-0.06273278560808576,9.601341644716712,1.3061984725633067,-1.3040783080162535,0.007584915389934256,0.010235785614520935,0.07811554678310495,-0.28638500325542665,-0.005173865029106084,-1.590210840144382e-05,0.005061920585414851,0.28032339437540177,0.0018462467895926174,0.25413713071430855,0.06458568120770154,0.09537116358524426,17.3498630656449,2.4273592049488935,-2.1943283046099333,0.009416057035781938,0.012717476305049462,0.09947600256120295,-0.3170927915672185,-0.006042160947371464,0.00026756048365512243,0.006675315357677998,0.3364994850052938,0.004187833182494963,0.09592601844025705,0.009201801013800536,-0.6208717562839227,12.327412436235015,0.811596,-0.843271,0.010849683035023995,0.014636999999999999,0.045017574285464046,-0.141818,-0.002532,0.004605,0.012105,0.15211750000000002,0.005923177882588548,0.08749751193233192,0.0076558145943485655,-0.6875102250462174,10.751310085558465,0.6281035246357826,-0.7806675858780154,0.01288077653859216,0.017389993898548783,0.04309508110340329,-0.1298538284851256,-0.0021707944106869174,0.0063948293461892815,0.015219199487861866,0.14684442570636275,-0.0007438692503802469,0.10366114317227587,0.010745632603783077,-0.10188018356759712,19.23582320153805,1.1576139513274877,-1.0678613896739522,0.007706701775006117,0.010393915232870945,0.04397396504684075,-0.15031381750200035,-0.005244777910215172,-5.285623826093154e-05,0.0051491373226557734,0.14271565603644326,0.00837856087640009,0.10313746236875958,0.010637336143867297,-0.303819180299382,8.318211718709787,0.6134135782124269,-0.7877157825621709,0.016881814350539957,0.022806456103038733,0.052400086800078155,-0.15635809240033186,-0.0024094666973686787,0.008784603677820692,0.020396989405670054,0.18018198039764954,-0.000998677009524158,0.06834206381326419,0.004670637686256274,0.48940695183234345,11.683060362264044,0.6540674383764115,-0.47585360272693317,0.006672767660674268,0.008997767938687593,0.030778469090393227,-0.11114631714363374,-0.004659744388675872,-0.00010607169630827678,0.00433802355001172,0.10112544689103267,-0.0010517682472306659,0.11331758372021714,0.01284087478018842,-0.1521690002618287,14.0275233927178,1.0658144850945463,-0.9976385965791662,0.008426546253783005,0.011379285163871395,0.049884182506581644,-0.17644959038021935,-0.005856768273903768,-0.00010345469745105847,0.005522516889967627,0.1647695490167344,0.00010119922324301009,0.09298728115056769,0.00864663445577472,0.0506634432801646,17.290625328639713,0.8220025940417574,-0.8237765216036408,0.006677073823609764,0.009007287110710967,0.03860806728403972,-0.12917080942724363,-0.004457362595858779,5.118237935624237e-05,0.004549924514852189,0.12511895551946028,4.12895074883951e-05,0.7460326693610673,0.5565647437539994,-0.0009205465759029543,0.7221174672901807,2.098582,-2.099589,0.6788249930660841,0.91540875,0.5623824097305345,-1.4484047500000001,-0.45664974999999997,-0.0002615,0.45875900000000003,1.447355,1.2467029961466784e-05,1.054888036225854,1.1127887689724383,-0.0008056264474150932,0.7248303625911987,2.9650379989365723,-2.9551422069692745,0.9598155963656227,1.295475626140837,0.7947340443436619,-2.0455652885039894,-0.6459975730562489,-0.0012474904117290644,0.6494780530845883,2.0488683061999606,1.4768704966900975e-05,0.016593657153676233,0.0002753494577337504,0.385542455599988,7.259125636354147,0.32742825366662637,-0.09089821782174344,0.01676592123180504,0.022614753639287454,0.013221117182221655,-0.02454410155971718,-0.011333492359271138,-4.7171725566079806e-05,0.011281261280016316,0.024388448871110954,-0.00011322125244272625,1.4908074286133544,2.2225067892087615,-0.0005165582899181187,0.7359426507053102,4.1207293950901995,-4.150291205496038,1.33145499667047,1.79729278020482,1.1213075265871286,-2.892311141652053,-0.8945062148668824,-0.0013337233380688387,0.9027865653379374,2.893418345632984,-4.005280261055796e-05,0.053036090859695025,0.002812826933677826,-0.043795484680920614,0.4219702610345428,0.15658942708333962,-0.45239488313662457,0.039586010726000834,0.053378714568726435,0.040057130756788205,-0.0987110402869352,-0.026723978910486168,-8.018222095387134e-05,0.026654735658240267,0.0988883086776747,2.1060189831931256e-05,0.007600232186827253,5.776352929368496e-05,2.0359957736774255,59.17217977312907,0.23256640303557483,-0.08771036521830174,0.007032621652666878,0.009482576562998828,0.0059007916724744865,-0.012064213014787255,-0.0047111517462114704,3.5196400687488214e-06,0.004771424816787358,0.011963869322510394,-1.7579055430075862e-05,0.022202318050505154,0.000492942926815787,-0.022490366005556414,0.8294432727936165,0.17390269581570938,-0.2372537834943436,0.023907362148996334,0.03224318711465786,0.017876609447457743,-0.03702589663680178,-0.016177330318731257,9.336767217038079e-05,0.0160658567959266,0.037160332910014
-5.460710659898476,7.66019240739505,58.678547718312764,0.9681254596706781,0.1693027204871247,14.5,-21.3,5.633888430321287,6.5,8.692994923857869,-14.959999999999999,-10.1,-8.5,-3.6,9.679999999999994,-7.685692209193621,10.875786250168794,118.2827265593606,0.9899246487030553,0.18267024184665237,20.341079624091872,-29.2524676728785,7.8854420702904315,9.3826551870129,12.323021890378648,-20.764319452439345,-14.369905769076436,-11.96420951105189,-4.987250582063536,13.50616472873539,-0.006804645143717692,0.649271061975599,0.4215529119189222,-1.9426362929447887,92.70506772068991,6.970529372606255,-8.478734239221788,0.2450071656008849,0.32115797202414675,0.2682923433855001,-0.46504422261058986,-0.1540991426635253,-0.012636004626435493,0.16705882936062144,0.4559876833676195,-10.746484534534543,15.528487362542583,241.13391976864472,0.9992347296340355,0.16785553398559605,28.555286366332968,-41.9719099051144,11.22684389262306,13.314721893986425,17.477409290713727,-29.52824407769267,-20.329652635508932,-16.962734797261223,-7.014930741522507,19.42501219845854,0.07139584577234309,0.9985880378287649,0.9971780692947029,8.739362444544641,101.63352161111348,12.584371220626196,-2.3127607129639842,0.25072238096229954,0.3399202768333797,0.3349812862228539,-0.46561681337517097,-0.15202244354467254,0.04039598012159318,0.18789783328870718,0.47958228943720144,-0.009568444555348487,0.5953740134304075,0.354470215868231,0.718498790855892,30.76906158329379,4.761299115077085,-3.966206193074327,0.24511576533296728,0.3334548653193957,0.28251535988290893,-0.5363487323406231,-0.16025850433216846,0.01278323951579598,0.17319636098722724,0.5109186411185556,0.09839849770278948,0.6861146730803935,0.4707533446162153,5.687929715205765,45.03675587088635,6.899534330502847,-1.1934973487351876,0.2391711108877546,0.32544658214852396,0.303361482610943,-0.4989901614380832,-0.14260012862027366,0.024373556304763157,0.18284645352825032,0.5768268837831313,-147.7475126903553,11.635615568196389,135.38754965085417,-0.3600041282854899,-0.533640114336257,-112.8,-179.1,13.788200632102114,18.69999999999999,147.7475126903553,-169.1,-156.0,-146.8,-137.3,-132.5,-208.86567896727487,15.855504193853507,251.39701324130618,-0.1827454565002174,-0.8891310966438679,-161.27872886330795,-244.56781479427275,21.419160346239643,29.395054299441483,208.86567896727487,-234.91732945878846,-223.211689954215,-207.59539737746707,-193.8166356547735,-187.90763091663075,-0.13620293230865685,4.346798079660687,18.894653545341836,0.2563729583988639,2.1058716114867435,16.145504780454814,-14.572101704404414,2.628587450864351,3.5071876102331676,2.9657392788652834,-8.563808908464505,-1.9919710320504875,-0.19594960739705947,1.51521657818268,7.989170655379291,-295.20717495599064,22.0753802188058,487.3224118048425,-0.1659001782558788,-0.9979542808082087,-231.59907980496794,-335.49921479049624,30.880474335987206,44.18279351210941,295.20717495599064,-331.1600360319692,-316.99935563780593,-293.02893374335383,-272.8165621256965,-266.5021732632058,-0.026452333778327144,3.717017793425177,13.81622127663937,-0.20948745632348081,0.5139415144072195,10.852142022448009,-12.102773716822199,3.817704982428846,5.1304248940833395,2.961203365404975,-5.53271452558765,-2.684575300354478,-0.09936015177366997,2.4458495937288616,5.950903373748676,-0.19228121939142512,2.9952027483187305,8.971239503536077,-0.06875626959016522,2.5338645161810875,10.807694889566227,-11.759561728818198,2.026502465901148,2.804082688266773,2.1101642082816254,-4.667026308398739,-1.500053191883819,-0.223736426015636,1.3040294963829542,4.193572718156794,-0.12319422161800199,5.3264819045653375,28.37140947966198,0.10078308765138068,2.3884636084170916,18.77074294132624,-20.762748571118856,3.0958015582838723,4.088650176288826,3.5764964415943776,-10.375566974365283,-2.265084680264043,-0.05376887134637465,1.8235654960247822,8.754353936751524,-1.0221319796954313,6.004475278777014,36.0537233734443,-0.4146674824633353,-0.8971901938389966,9.7,-15.8,6.968230426976328,10.4,4.959187817258884,-11.4,-6.5,0.4,3.9,7.0,-1.4724333401510716,8.347950029138334,69.68826968899072,-0.3516798504468711,-1.0759912974494095,12.552857792150123,-19.89123959712893,10.181680651038507,14.673196801906181,6.9668897214427785,-15.506134234415,-9.068400975232677,0.5712175567482664,5.604795826673504,9.79261998560171,0.031412468867723496,1.5048387118481479,2.264539548676793,0.21768350325980207,1.965669458428918,6.264392256445129,-5.165299745847625,1.1066681858161573,1.4258796435776404,1.0709524824887973,-2.4442890385270672,-0.6731679762071885,0.000817684272118438,0.7527116673704519,2.5647385321435214,-2.161642135255768,11.656402552871707,135.87172047459404,-0.3157401327649667,-1.166966447125894,15.91369744471701,-26.916700159682605,14.773876471853773,21.98560130707559,9.759332289029441,-20.788679663342272,-13.656591602172163,0.6347165827005411,8.329009704903426,13.62028135704131,-0.10947431844425189,1.8069899979471895,3.265212852681184,0.3040897830352436,1.258066160060066,5.340203840045662,-5.7182767116969755,1.4718238336371547,1.9903881086915978,1.34120993310376,-2.8208955421934476,-1.1895031079992577,-0.11256178645163106,0.80088500069234,3.415168792862903,0.04319488807011219,1.1813544446358557,1.395598323860891,0.4880568105296037,1.0483135689547245,4.08718091604898,-3.9526970183278753,1.0432179220128253,1.442339285915858,0.8960516205271114,-1.6844583135464175,-0.7468343065995884,-0.0034682650356454986,0.6955049793162695,2.200376965073681,-0.07525439632420523,1.7538776959387141,3.076086972311293,0.04716886381136984,2.3523564427402093,6.380076352916857,-6.471729848208253,1.2370145453254173,1.6440205779203425,1.2270914485220286,-2.95657152375954,-0.8799977937606756,-0.07993777388872038,0.7640227841596671,2.614866574620586,-0.2789847715736041,4.427626122538619,19.60387308098637,-0.2002492777537232,-1.5324545615199574,7.1,-7.0,5.189107764769607,8.9,4.035532994923858,-6.7,-5.2,1.0,3.7,5.479999999999995,-0.405662305117028,6.282423540227777,39.46884553880811,-0.1873976270296566,-1.5369093372989262,10.022587063680632,-9.816175224586377,7.234309354373383,12.612744603284744,5.731345293427158,-9.46819696896118,-7.410179024538257,1.5232843119863957,5.202565578746487,7.743433863721586,-0.008571013368946969,0.17627819687080296,0.031074002692021565,-16.399720727453005,325.6576034749904,0.4069412688629823,-3.5492779747540633,0.061030626179346424,0.08237870200195352,0.0591494594471751,-0.09142681618831511,-0.042034140801901695,-0.0022422866670040453,0.04034456120005182,0.10114221333548618,-0.5812321780724191,8.935758428343984,79.84777868972054,-0.17366115438578533,-1.533382237530354,14.110137650340286,-13.817121780488412,10.291559630440378,17.997564948505833,8.14883648350418,-13.309552818230445,-10.634061784005608,2.281806697450611,7.363503164500225,11.354467909768829,0.018757420216117367,0.3515627969376087,0.12359640019059431,12.76559001198044,187.0915617722486,5.211762121968057,-1.0028845639115196,0.07043177798244991,0.09479989514220483,0.09411686904103761,-0.16063139475264038,-0.0452230335572746,0.0017888438751815228,0.04957686158493022,0.148116807594532,-0.012000007509472705,0.14796473286424305,0.021893562171586806,-7.342015748031103,70.33000697204372,0.3665984351584258,-1.5170980787968815,0.06315823758085712,0.08523861407159455,0.06270674221575973,-0.11388095162561737,-0.04630793637672254,-0.0028204700545668613,0.03893067769487202,0.09961905653106955,0.012773403988990446,0.19841696783693194,0.039369293125602084,12.24737870246473,176.33376349470544,2.9019869464146884,-0.36192518976935717,0.06360254452247731,0.0859203300739037,0.06550102375477394,-0.12309933263461759,-0.03903559183209505,-0.0004983958315971601,0.04688473824180865,0.11179234741476647,0.4603045685279188,2.576472603143822,6.638211074750703,-2.123557971032574,4.075272713165316,3.8,-11.5,0.8895613311033613,1.5,2.029847715736041,-5.8,0.4,1.4,1.9,2.5,0.6601912932005852,2.7982880932080803,7.830416252590114,-1.4015602304567458,1.1236731018989339,3.9779718617550914,-9.03621378766202,1.4589653752541876,3.3609389237596643,2.4761311727449646,-5.640836771593293,-0.7415042884673751,1.8155212346514769,2.619434635292289,3.273375923264826,0.05840022377024771,2.316389127458378,5.365658589807386,0.4193025202235368,3.7146573525887785,9.672226837393355,-7.613497995531537,0.48768928910675136,0.6734370349846894,1.2447908608906653,-4.604118164869096,-0.3639815083167964,-0.001518591422248937,0.309455526667893,4.42663929366687,0.9537159801053084,3.602404806834972,12.977320392307712,-1.0685866051089676,-0.1702346123128078,5.326705422546218,-9.07960628074687,1.5609155128239591,5.281106716490377,3.4056526426568174,-6.139668613192493,-1.6896609996985277,2.780615137261662,3.591445716791849,4.25210678890428,0.08101713724137939,1.5936213297279191,2.5396289425637812,0.5299748380736101,3.5186285018539722,6.305662044654673,-6.242152276128418,0.7164717600894087,0.8540489865913952,0.9837105845944842,-2.566318181728313,-0.47645435061712865,0.016756909341272275,0.3775946359742665,3.183144647254296,0.08134868778780528,1.3702098501575741,1.877475033468842,0.6252167376600688,4.679644387671275,5.713573212739214,-4.651499993303198,0.22359291343862986,0.30189597792494594,0.7073511562179227,-2.282251682362685,-0.13487102063836837,0.016616599543678143,0.16702495728657757,2.60295775750174,-0.04078504445503076,2.953686350854943,8.724263059226791,-0.22652165890126957,3.695314852848142,9.106517420760538,-11.358866436361255,0.5574682594216113,0.7282250389919407,1.5567433574753247,-5.981874636927825,-0.33620542473874804,0.01471192224512565,0.3920196142531927,5.366905039637405,3.11248730964467,3.2807601579978316,10.763387214305958,-1.6440010622503665,1.9758922889169224,6.5,-7.9,1.0378215529539216,3.6,4.139289340101523,-5.1,1.6,4.7,5.2,5.8,4.413977607191656,4.603927451952205,21.196147982839125,-1.6208641870000677,1.9222740403313976,10.223937071058636,-11.659101311096611,1.5467439665313745,5.064985232925359,5.8369692595782245,-6.699781353382617,2.2964611228125076,6.647194116334741,7.361446355737867,8.220414802979807,-0.0013254564442223506,0.49460219549164985,0.2446313317851602,2.2125659326387006,94.4423202691907,5.998480615756013,-4.889836017738853,0.10612902401821428,0.14365437464885128,0.1521406793286163,-0.25823484670135494,-0.067383686594539,0.006010452248419519,0.07627068805431227,0.2588524284315382,6.266513962121784,6.4447685412757005,41.535041550616924,-1.6339988510245615,1.9654958576522397,13.099470168222702,-16.29482597362784,2.242514633525795,7.142565200458499,8.228913608292723,-9.649368070327176,3.3153400041817456,9.349039639337006,10.457905204640245,11.465420404192475,0.030669001454659874,0.7492575538729236,0.561386882035637,6.510860267401795,60.5419189323838,7.436294265090228,-2.1926297047298875,0.14315769158104727,0.19489763694835494,0.26384478239384107,-0.5471865191810599,-0.09902593592078096,0.012413502737351867,0.09587170102757397,0.4200702613100429,-0.0017329751378025744,0.4378867777141198,0.19174483009685497,3.6758552193599687,47.15190889681501,4.050442835598338,-2.069287671276385,0.08798495584213148,0.11843120993000823,0.14890423367533887,-0.21452755442664087,-0.05777855266842882,0.0018019206489186586,0.06065265726157941,0.2119111166915418,0.0831626370491021,0.5336776319149245,0.2848118148063216,5.412051002562766,32.37156909230011,4.015635403310775,-0.4796690052090876,0.143952066802704,0.18992891557567876,0.20527653282677222,-0.26707138024510957,-0.08859002615526046,0.0004224921711016103,0.1013388894204183,0.3455598609445726,0.0006960830829971674,0.18160935484200602,0.03298195776612965,-0.26062809406075715,5.714680448634306,1.186562,-1.071996,0.015067686346672432,0.020385,0.08770237318685091,-0.334991,-0.00925,0.000853,0.011135,0.322851,0.0009849871323446004,0.21040148384163307,0.044268784402760976,-0.22532887186147207,5.5979078268516,1.1433278690640158,-1.2562133043124646,0.01962062692288833,0.026463402814669135,0.10145124227555054,-0.3966781727931733,-0.01209838719522186,0.0011186503470793025,0.014365015619447277,0.38599818041213846,0.0004656037143328221,0.14727274189881917,0.02168926050639621,-0.025649395322491515,17.955510569016784,1.3418469168397629,-1.5079705321812977,0.007559369670739397,0.010195744186909668,0.05976208675137687,-0.19881209078011533,-0.004972431210343386,0.00012452325948663772,0.005223312976566282,0.19951534889729317,0.0013947499295135907,0.2754121113333412,0.07585183106908874,-0.07309024118670238,5.915675912321124,1.4420656877051445,-1.4289023479188228,0.026601573311306945,0.03596010748480703,0.12794510766244657,-0.5451183247928578,-0.01547156633711952,0.002091623828937073,0.02048854114768751,0.49061660325995016,0.004312821997194185,0.1124809539769696,0.012651965007569151,0.34286529521101866,9.630369624291905,0.681021398312323,-0.831257255782961,0.006208117684178227,0.00838361080768316,0.04868888767491433,-0.15680433204030372,-0.004021318817631831,7.67344973705052e-05,0.00436229199005133,0.20101588379145507,0.0006583514684356676,0.09656533193911866,0.009324863332512172,-0.04047227853212946,17.01041695546451,0.8946402722206288,-0.9619971121426684,0.007540205666059262,0.010166378746894102,0.04123308243057647,-0.13395759465955676,-0.005027856320438472,6.71163759656736e-05,0.005138522426455632,0.14044780362530052,-0.0008093593170363856,0.1845144126182036,0.034045568463840686,0.03662197804110081,13.953755679864205,1.5367832531044074,-1.4957084465656527,0.007421933979585415,0.009975498041217326,0.07572401651038294,-0.2604923387641219,-0.005108135291576104,-2.4484888179552764e-05,0.004867362749641222,0.2599151807844572,0.007041769433238921,0.3831293696856308,0.14678811391570878,-0.6216375381349186,8.740063148198105,2.019885,-2.937525,0.02449703645636806,0.033047,0.17625047129001803,-0.611692,-0.00878,0.007504,0.024267,0.651184,0.009959259727777375,0.49236256372590687,0.2424208941587477,-0.4782296758710128,7.832974837074348,2.5645492003762866,-3.0674879623327875,0.03346120277192977,0.04515684663532651,0.22754246418758967,-0.7784193599555478,-0.011583630836358293,0.010744766391341766,0.033573215798968215,0.8269073349766871,-7.68461038287362e-05,0.22611975012293078,0.05113014139565666,0.07144466357397451,13.088255064378071,1.7342580427799084,-2.0247162905190565,0.008534221237735687,0.011515830393028413,0.09324896308111263,-0.32671203919501823,-0.0058026999024670305,-6.061836641264192e-05,0.0057131304905613835,0.32032988365788234,0.014086483631894646,0.621131210498797,0.385803980655701,-0.525166526937389,6.991505065258844,3.0240009947417796,-4.073335528817015,0.040982846214411846,0.05523771890366395,0.2889216261723478,-1.0399950142883374,-0.012994859073468397,0.014462728495586137,0.04224285983019555,1.1367333158208042,0.00387928106593517,0.3145466280334086,0.0989395812071875,-0.21512907944353404,8.482234627655485,1.7206385244818025,-2.4790155351254874,0.021857253694474683,0.029503272704309358,0.14160272649055683,-0.4928024201855594,-0.014510895640102316,0.0001386795617024164,0.014992377064207042,0.5501636240795748,-0.00010854688270692673,0.1846552161063628,0.034097548835287546,-0.06720272944081544,9.08581600791088,1.4322711052428223,-1.3306537800522902,0.007253935870901662,0.009780457113436109,0.08156150258035957,-0.30016773033536165,-0.0049098359737135815,-3.2512874103156125e-05,0.004870621139722527,0.30804148233240297,0.003717446906055088,0.261019867401435,0.0681313711782627,0.1878134476627445,13.835757763306233,2.3051889147483884,-2.097808250831593,0.009594854636252386,0.012961049758052772,0.10673029436894504,-0.359095861141851,-0.006303826603130382,0.00012980543239152892,0.006657223154922391,0.3829293322028022,0.004838087188510286,0.11355428057652499,0.012894574637252161,-0.494336343497528,10.738810343293359,0.906793,-0.963627,0.011297428905012686,0.015241,0.05305073385689355,-0.17605,-0.002048,0.005391,0.013193,0.180361,0.006843501223102245,0.11701390199699233,0.013692253260561725,-0.4453681286243089,11.169868011405047,0.8645296283001154,-0.9565895619106756,0.013798946684387968,0.018608877911903604,0.0558361000942105,-0.170971742818912,-0.00168832220869073,0.007438403228694878,0.016920555703212874,0.18614938847266765,-0.00042267759106872233,0.10997512608823727,0.012094528358123685,-0.02290804918221232,15.470100462340799,1.1216458963500715,-1.0190013245465146,0.007421051101387912,0.010013134398554023,0.04699089919432189,-0.16206102828662364,-0.005090844918263378,-8.74200135835973e-05,0.004922289480290645,0.15823978669494593,0.009682153606691373,0.1490321323942411,0.022210576485974607,-0.08390715230133015,8.595838180173883,0.9940034515659099,-0.949065785708146,0.017985788785107985,0.02424720106650663,0.07187019474984749,-0.23607926394612463,-0.0014604159195284005,0.010689814585804631,0.02278678514697823,0.24684609115090467,-0.0022756012289030054,0.07186200805414845,0.005164148201574497,0.7113149931381368,12.22099464827773,0.6676227617510962,-0.4936814182065522,0.006563078347799663,0.008905044584885528,0.03193923562695602,-0.12261613772584216,-0.00492811374824932,-0.00025022727187293215,0.003976930836636208,0.1024788973151659,-0.0005975542925220375,0.12386636630718019,0.015342876702144542,0.03161180471053482,10.965292876550373,1.0360896074180381,-1.0185499845440316,0.008151445112209691,0.010988043696824948,0.05505403405411273,-0.19736011680877166,-0.005614436208643405,-6.716745709430848e-05,0.005373607488181544,0.19381910390221316,0.0010427018704529552,0.0940262942340739,0.008840944007392637,0.02220834299046267,14.716059312770295,0.8171192423949328,-0.7522736330299127,0.006639175484617677,0.00895633616181098,0.039427794819997995,-0.1308792196536694,-0.004281212726149709,5.2919793712564185e-05,0.00467512343566127,0.13730051525361212,0.0001232667582181786,0.8063128614209568,0.6501404304928512,-0.0005396807402809924,1.0867479067993777,2.416212,-2.419108,0.6840986091573085,0.9225194999999999,0.5917578478814408,-1.56441275,-0.460005,-0.0004255,0.4625145,1.5672725,0.00015827320598754983,1.1401419540182582,1.2999236753125722,-0.00048095746207801627,1.089887596918806,3.422586197322758,-3.409213943760746,0.9660989509796878,1.303535094282965,0.8362745311412828,-2.2112339229410822,-0.6506240281191004,0.0007345623054877499,0.6529110661638649,2.2107758016150267,-3.660274010201719e-05,0.016178597199510036,0.00026174700734399396,-1.9496604544270593,56.836399526304724,0.09882123064640014,-0.5000976821881209,0.015310019052687767,0.020651642510577245,0.012350528068057363,-0.023118063773291994,-0.010296816690419118,-9.274630341136493e-05,0.010354825820158129,0.0230251123846279,0.00018091466369794153,1.6114208259148504,2.5966770781920983,-0.00036516422151531067,1.101680918645222,4.801552996133155,-4.767455228430517,1.338180215215336,1.8053372300955917,1.1800633737928237,-3.123414562367107,-0.9009441895327029,0.0005127439911176319,0.9043930405628887,3.123808673474268,-6.376590263215132e-07,0.05278662141676234,0.0027864274005965925,-0.08107195570483282,1.506474926491367,0.3711862734054054,-0.5866502157345077,0.037581534861540165,0.05069481141194649,0.03926812341587248,-0.09738131478668824,-0.025326814469016752,-0.0003457913450728711,0.025367996942929738,0.09888007219310843,-5.2306326707659234e-05,0.008045145648299381,6.472436850235047e-05,-7.53183893352891,280.43170241642946,0.0703330431787935,-0.32974321552790586,0.006987683371665557,0.009433547827540458,0.0057694802620577405,-0.011838175685679487,-0.004723109715182496,5.082786971010307e-05,0.004710438112357962,0.011851612285451492,3.011292969868524e-06,0.021431688413268177,0.0004593172682434134,0.39973885385467917,16.885649961988467,0.4742509937826972,-0.31841756723688897,0.021443233717612545,0.028930369062573277,0.016716513967633566,-0.034700267327654875,-0.014568626881862867,-3.970354668609674e-05,0.014361742180710409,0.035415731470821554
-5.660162601626016,7.55250580112321,57.04034387599974,0.8851310672845119,0.09722247312927301,14.8,-21.7,6.523449761424649,6.700000000000001,8.676422764227643,-15.5,-10.3,-8.9,-3.6,8.8,-7.958635146675622,10.734176010683372,115.22253462833038,0.9100913132363991,0.10889363640514027,20.724591596904045,-29.680012053635302,9.2029626805334,9.465357911058302,12.298754335261444,-22.068053579052037,-14.538537681047845,-12.696317796149032,-5.073179769989544,12.368826843664657,-0.05993709745122978,0.6036159762467682,0.364352246780339,-7.816306504702949,89.44131050853387,1.1233550937566568,-8.361551909109437,0.2828230134711794,0.38478115289655895,0.28224473844854603,-0.5018550989046531,-0.20632582160281154,-0.018375734688737433,0.1784553312937474,0.45434346296585143,-11.147440117030147,15.323661322448547,234.81459632510555,0.9298571877074626,0.1384283421117427,28.92709281445913,-42.46960931460408,12.488476607585994,13.326636231278176,17.454914522461213,-30.797751395871426,-20.508346872679173,-18.02009631343229,-7.181710641400997,17.51173739364441,0.11227288513841775,1.130655410900953,1.2783816581996028,7.169639400484822,62.02177713013877,12.004652094423193,-2.4095207945203034,0.3056478169951562,0.4254743311548498,0.3852585677237754,-0.5292895350769844,-0.22939962505496772,-0.006485422428059495,0.19607470609988203,0.48956584957430527,-0.08480373156533356,0.5190846153649911,0.2694488379086207,-3.4531040111311384,18.808008048354257,0.795200910344805,-3.8066296208095394,0.25508780092269107,0.3492992868341099,0.2933179742746336,-0.6149139697915035,-0.18998456647167877,-0.027357152905638275,0.1593147203624311,0.48453567779371665,0.08029439128913388,0.6659172758297736,0.4434458182485467,5.8410129805790785,47.75570236398667,6.677027671611679,-1.4791731511409107,0.28400453278552945,0.3741137735723058,0.31005344186614847,-0.448762914400751,-0.17871479114361902,0.028293347820744823,0.1953989824286868,0.5893368136042988,-148.07916666666665,11.8421418713974,140.23632410230354,-0.3347906076441912,-0.6394465324144165,-115.2,-181.6,15.270802850607717,20.225000000000023,148.07916666666665,-168.8,-156.925,-147.4,-136.7,-132.31500000000003,-209.36204417392045,16.149460903257044,260.8050874658278,-0.15626895731004423,-1.0084695615406982,-164.7117595744541,-243.0433607974237,22.648044687271533,30.65348065726053,209.36204417392045,-235.04581038065103,-224.04176032078007,-208.29677190370052,-193.38827966351954,-187.41776881072073,0.1091521994723244,4.334524654847586,18.788103983481587,-0.23006570088570716,2.9482477582543076,15.926879462727467,-16.95160952528093,2.450850712881022,3.3155110545210666,2.8615111723895055,-7.981725531319012,-1.5808431154117981,0.03716707507301109,1.7346679391092685,7.2230563167126896,-295.8892149363746,22.52098160233995,507.1946123329345,-0.15582617358890058,-1.0912573857313776,-237.06670775340388,-339.78861100770064,32.32596806279077,45.07939864528885,295.8892149363746,-331.0261987602318,-318.3035423527467,-294.5914915527441,-273.22414370745787,-265.5542813572721,0.005521576801491988,3.377035110667867,11.404366138683534,0.028914809941240478,0.9744117810305961,11.728648435605319,-10.705599994102613,3.019156244909511,4.141390387223264,2.575466551488566,-5.44094020862962,-2.190993565310861,0.013886739031899964,1.9503968219124026,5.118311287552633,0.14744729722815011,3.0714297520281373,9.433680721643624,-0.5433788870077291,2.823912391060766,10.719446379233723,-11.889496732517449,1.9938581436943272,2.789506825206713,2.0952421638793135,-5.041664039807392,-1.0795459176684443,0.07563599638590883,1.7099609075382687,4.337522797675474,-0.2627352538538671,5.25020293242733,27.56463083166853,0.14288831222169818,2.9676981186713816,20.058022579713448,-19.241661724092022,3.0856969419387177,4.113745584062522,3.473943838582552,-8.803573578254605,-2.396328079681688,-0.2557091280457515,1.7174175043808335,8.470573585717045,-1.180487804878049,6.238384765104951,38.917444477493554,-0.46271708568215436,-0.8952406411605773,9.5,-19.0,7.116490648826891,10.625,5.14329268292683,-11.9,-6.525,0.4,4.1,7.0,-1.6929373358239,8.65921328941327,74.98197479155138,-0.3897331301895759,-1.084714543673897,12.847881043681769,-22.290274539813723,10.250900486813633,15.695318153979404,7.219976751693797,-16.072757301770274,-9.75941798261368,0.6759588048476595,5.935900171365724,9.665945588991331,-0.06898993073016517,1.6277534277016723,2.649581221394543,0.10078378146856458,2.598282087911681,7.471727729620287,-6.416197280376692,1.116261123680291,1.5389268263870042,1.1324767191242135,-2.844360477706954,-0.845795305644833,-0.012777970975576425,0.6931315207421711,2.401985827227607,-2.4553575542718797,12.065779482656664,145.5830345240985,-0.36222950293821626,-1.1361115308937537,16.017335678299556,-28.964796398774432,14.402201555098346,23.352813472789144,10.138145407706558,-22.604622510449992,-14.519806196679074,0.6100572821296315,8.83300727611007,13.452060684421017,0.10660870215798139,1.8452350069577728,3.4048922309024516,0.6558691184601082,2.1432620458681253,6.919348395644924,-5.407243490644794,1.5279895139437167,1.991288778339227,1.3612558660426268,-2.4994838543337563,-1.035024086475235,0.06046246268841293,0.9562646918639921,3.2478071785971867,-0.09857210064603683,1.2448815065015488,1.5497299652295657,0.05952750660157178,2.432532662946371,5.101872905387831,-4.205795787414206,0.9159527131032401,1.2826507262771694,0.8823706992075345,-2.1335433433188102,-0.747499606450956,-0.061828855514942646,0.5351511198262134,1.9113643488226324,0.1552313615981542,1.911271223952598,3.652957691509262,-0.3407013969875667,2.6736533421282545,6.498254011913362,-7.515126990702483,1.0676862019319069,1.4721308416658818,1.2830798205505958,-3.3743820762036485,-0.5424358648301997,0.09706896186476176,0.929694976835682,3.05377778852756,-0.28353658536585385,4.535655187552161,20.572167980368828,-0.1779716749451186,-1.5233802147487099,7.3,-7.2,5.337367986620166,9.024999999999999,4.13150406504065,-6.8,-5.225,1.0,3.8,5.9,-0.4046341182944526,6.434293677746179,41.400135131484454,-0.16728136401525304,-1.5259680178368025,10.309653725646053,-10.150817190294289,7.770041583363735,12.884413177161335,5.864990327103596,-9.589470662306335,-7.463790084009104,1.2464985084675269,5.42062309315223,8.367306277613258,-0.008658715532496735,0.187893143985477,0.03530383355674719,-17.479685715712385,355.87898374095545,0.4158992161967209,-3.8654262917576485,0.06074220876565891,0.08352387086285852,0.05895502686445467,-0.10666433434550858,-0.042906561369706525,0.0001303119348964321,0.040617309493151996,0.09130176204891802,-0.6068171479158958,9.161254340219879,83.92858108619755,-0.1513929541207898,-1.525039091088284,14.476749577341511,-14.275804019051314,10.893063543972625,18.37854244091081,8.350460257956701,-13.603287537465693,-10.685028695004842,1.8024530389797544,7.693513745905967,11.90975161216861,0.019993487011251455,0.3833204869475396,0.1469345957136989,12.938492283098965,190.92220829839223,5.710400232830817,-1.1375416021462792,0.07256539657949568,0.09940531752835213,0.0975496610465502,-0.1391479426893658,-0.04928644649063025,-0.0004027464226481481,0.05011887103772189,0.13426327345070826,-0.011682099415330584,0.15549785083186693,0.024179581613329542,-7.893946506754817,76.7749530151233,0.294664340288486,-1.5782622480291275,0.06423998652159194,0.08612111799640543,0.06410287168441609,-0.11870567988518323,-0.043996202248957894,-0.0006357844135796023,0.04212491574744753,0.10984232675463458,0.008337047378795032,0.21336659765062552,0.04552530499300392,12.97546971674336,190.04668522277282,3.173404878903797,-0.41032219281593313,0.0633328499478389,0.0846028841478665,0.0667525635526989,-0.09176711978400648,-0.04594493806067677,-0.009119606393612131,0.03865794608718973,0.10167314581540754,0.3541666666666667,2.68124374213583,7.189068004742548,-2.0324274365176533,3.5101342979629555,3.9,-10.6,1.0378215529539212,1.5,2.073069105691057,-6.2,0.4,1.3,1.9,2.5,0.5083882083500634,2.889351552852337,8.34835239597021,-1.183397592413946,0.29391438970402195,4.506419953072763,-8.925969435619432,1.4185923519406107,3.7274518123633054,2.5637972954534267,-5.710480555765814,-1.2236011678399503,1.7998341521368257,2.503850644523355,3.3562273276242154,0.0350625484753442,2.439975822677595,5.953482015251206,0.3548918117419859,3.8288372322717263,10.100044600699572,-8.460073629668669,0.46233490376977304,0.6341654494434055,1.3020391522658306,-4.490747740072988,-0.311976269030457,-0.0008195039743460752,0.32218918041294853,4.778931085350302,0.7447502094951953,3.8578226960448485,14.882795954118743,-1.0758682695565152,-0.1506898689077647,6.094922577317803,-9.751248342490587,1.5128114362285312,5.329531730032915,3.557864835841466,-7.225679628884295,-1.9903597368970658,2.753256455074451,3.3391719931358494,4.454812600828917,0.002904448103849718,1.2806780937781608,1.6401363798832633,0.31220293398660887,3.26770722189573,6.053283982916196,-4.041549908267471,0.6328523137390637,0.862117185159827,0.8334222301361609,-2.2581220671927964,-0.4357490126929402,-0.010569419382936734,0.42636817246688685,2.2120633595995285,0.0482748629757094,1.5354735880593466,2.357679139627844,0.19535168415722176,5.7619257738654,6.001053466348449,-6.190944528503947,0.1937618511192562,0.25104437454663664,0.7647814147255146,-2.251282913268315,-0.11497290687675565,0.004454396140060303,0.13607146766988096,2.615989440096292,-0.012581945151977653,3.063232416727885,9.383392838892558,-0.2841108021338125,4.2361377386514345,11.026626524600825,-12.84639828982342,0.5960275046981693,0.7818808592557082,1.6282466965748181,-5.269180611791143,-0.47722805100709803,-0.0177618480800892,0.30465280824861013,5.723549893951141,3.101930894308943,3.292178821631411,10.838441393598387,-1.6116982705577625,1.8062475409051988,6.5,-7.3,1.0378215529539216,3.7,4.144207317073171,-5.2,1.5,4.7,5.2,5.8,4.393911024458421,4.626375553930728,21.403350766007854,-1.5656717711046115,1.6321573919488364,10.244918911818043,-10.332337216232919,1.57911909880099,5.119999352852655,5.849317299743058,-7.040981075169285,2.2854716690014607,6.602443617240892,7.405471021854115,8.230035947104614,-0.03453405104785362,0.4276049092802876,0.182845958440603,-8.567214745901845,83.26083636479729,0.5847033375842489,-4.678227097653259,0.09965756193765858,0.13146092395326847,0.13907693223698567,-0.2900098200343336,-0.053071882108634824,0.00456605350274486,0.07838904184463363,0.21466204276924788,6.242109341278559,6.448333103331248,41.58099981151761,-1.6330667820234135,1.9604874194534085,13.820444692885172,-15.124564627922382,2.098421857665284,7.02737352757547,8.215945336738425,-9.350609560110437,3.4047985680452477,9.328746682292158,10.432172095620718,11.553718708949233,0.10312905454240788,0.9039393575026788,0.8171063620423559,6.064270619116949,40.17638927508473,7.04704850438357,-1.390084922041546,0.17316280325396533,0.2364959439368338,0.29460263121881164,-0.4297280660723004,-0.1074867110189078,-0.0001126153684622988,0.129009232917926,0.46552076250581015,-0.04795257889682288,0.3420122447893953,0.11697237558588125,-4.1444724014724805,18.273519095177974,0.42228682589686256,-1.973838970471336,0.09346520692251509,0.12932353154195492,0.14426207070759836,-0.21354389939469837,-0.06157451970066309,0.008742171579516594,0.06774901184129181,0.20322343078402394,0.0599943753090633,0.490094399307234,0.24019252023231852,6.0704975789440825,41.00833303858562,3.865765574065167,-0.5629890415162278,0.14256651547792054,0.18443461371172332,0.1836168483107182,-0.28690086732052683,-0.08946954175239394,-0.0019272164107364508,0.09496507195932938,0.3025673540247503,0.000831648055151101,0.18844644193096943,0.03551206147644223,-0.23338830959820211,5.273900737981382,1.08648,-1.124295,0.015508019205568596,0.02092,0.09294870490000892,-0.352999,-0.00925,0.001091,0.01167,0.3405465,0.001176564017361478,0.21999478077822388,0.04839770356965878,-0.26216210991093325,5.314107856251431,1.0796909707412237,-1.2594527757376117,0.020007653934915534,0.027001479525080654,0.10726156034953584,-0.4199083458775847,-0.012052317004334633,0.0014557242111865871,0.014949162520746021,0.4003356815577611,-2.382860559144006e-05,0.1503997898485659,0.022620096786492783,-0.07488924029340262,15.974393445487799,1.3460377893555575,-1.5253343653070286,0.007959377793478143,0.010752759729097536,0.06273292394730497,-0.20709729060176113,-0.005426707809290299,-1.8564269294691405e-05,0.005326051919807237,0.21201562584801645,0.0016651227501761538,0.2894122446515721,0.08375944735426143,-0.1657599834452709,5.452426953236959,1.4525007011984243,-1.4414254373257116,0.026994555979614882,0.03649147400902379,0.137051255022437,-0.5900064161073735,-0.015355043838119684,0.0024753798341763398,0.021136430170904108,0.5161976949550693,-0.0012838992453278728,0.11409244057237132,0.013017084995760082,-0.06807655013068911,8.808867845748926,0.7042019789739749,-0.8406559069769267,0.006398310247450443,0.008654884632650657,0.050959176397774725,-0.18610785415234893,-0.004460135185101901,-5.025467827551714e-05,0.004194749447548756,0.18327158807953514,-3.353486703072673e-05,0.09407757555768066,0.008850590222811114,0.035253466787750515,17.997997933817267,0.9339759503063721,-0.8862624124451746,0.008126890426090527,0.010970990679437012,0.04057431608540725,-0.12871030854668436,-0.0055224853009757345,3.1528595341428926e-05,0.005448505378461277,0.1324686659203627,0.00110902442240993,0.1907362493323445,0.036380316809370296,0.04347029519985064,12.589166969761228,1.6464863922685333,-1.4731714013408361,0.007624029857709841,0.010278899623377549,0.08062659681452365,-0.28662878764916344,-0.005004870096105731,3.477562632840448e-05,0.005274029527271817,0.2796395569394934,0.006108881303301341,0.39174602693491284,0.15346494961928947,-0.563661289996203,7.747630201835941,2.151352,-2.844693,0.025388080389689927,0.034249,0.1842678358095861,-0.64205,-0.010342,0.006722,0.023907,0.67992,0.008637047996970853,0.5065065485227299,0.2565488836964086,-0.4399856151966512,7.204278014574479,2.698828160127947,-3.0349331537782978,0.03464830192785531,0.04673983129624113,0.23916468568885133,-0.8182836272266552,-0.013989748117739577,0.009380733313148554,0.03275008317850155,0.870520391683829,0.0003822308042193658,0.22439600587069158,0.05035356745071946,-0.054986490221528385,11.520089659062975,1.5551011327840383,-1.683896704020267,0.008984952829103754,0.01212009791450353,0.0946086198202935,-0.3287398393628409,-0.006083274957160773,-1.759955840379232e-05,0.006036822957342757,0.33667886774525574,0.012208419367343659,0.6428677845114646,0.41327898836267896,-0.49940278547207817,6.407681079223547,3.2208258774375293,-3.9934981478075775,0.042171744608986206,0.056993835402577506,0.30496215228076146,-1.082188892083875,-0.01614732748816748,0.013211545828234432,0.040846507914410024,1.1967560422748074,-0.0015811508878453987,0.3157927361888835,0.09972505222966176,-0.25763482415534467,8.305152410513056,1.8985541941824926,-2.3260555889020944,0.023052035298788263,0.031089989693414425,0.1445783669788788,-0.5203600405045337,-0.015579410634743916,-2.9547581810411908e-05,0.01551057905867051,0.521488058437682,0.0005406515687468868,0.17302691448978016,0.0299383131378537,0.0621911246119273,10.30991586010048,1.497146738890592,-1.4338734379307618,0.007741584955462469,0.010468490356986663,0.07728594017600912,-0.2721936398470711,-0.005256972098431832,3.723968116070388e-05,0.005211518258554832,0.2833286612514233,-0.0015223717775039677,0.26598600720750915,0.0707485560301931,-0.06947052348961819,12.002791825554823,2.0227743588553726,-1.8516961399946337,0.010019248508646347,0.01352451440215329,0.11088232361581728,-0.3829025307488073,-0.006678036012375157,0.00018766252189133842,0.006846478389778132,0.3761262008612125,0.003950306971146704,0.11665165573384091,0.01360760878544654,-0.3704777164912615,9.229671814652347,0.877702,-0.941854,0.011476823773451864,0.015422,0.05535064964490535,-0.18736,-0.003136,0.004363,0.012286,0.192458,0.005587533044142066,0.1228083765586904,0.015081897352981096,-0.40509267572047153,9.769381415110818,0.8403758408025016,-0.9922795304989942,0.013983656784629381,0.018840809822413568,0.058599680720442214,-0.1888913541809223,-0.002946868700410583,0.006115056885371661,0.015893941122002986,0.19697719806836908,0.00020155498421874546,0.11014025349583637,0.012130875440127096,-0.031105952340894475,13.393067049634297,1.057152689248913,-1.0157613391878977,0.0077886827935279065,0.010522072197433806,0.04850336395937685,-0.16932640406420674,-0.005261213043335121,-4.384924762189043e-05,0.005260859154098686,0.16716735611595993,0.007904675297591812,0.1575195673011118,0.02481241408272949,-0.14446218237679428,8.024685218125219,0.9122376371542468,-0.9734702511352404,0.018192407915970068,0.02454380574964329,0.07584354734451848,-0.25638753295385674,-0.0032162804469908707,0.008719617369255963,0.02132752530265242,0.26300252021820725,0.0006097956016992972,0.07311435209440725,0.0053457084821849545,0.7651031445348433,10.482626240428083,0.6690591557246903,-0.4741060166312596,0.006761922121084318,0.00910618750660487,0.03340337255578811,-0.11653032736526991,-0.004717314875150221,-3.435397471233427e-05,0.00438887263145465,0.11946211968654999,0.0002847427435096366,0.12114883428598734,0.014677040048853623,-0.013883312831929348,10.43981971605717,0.9314896447122168,-1.0075522674291304,0.008554960849217266,0.011542838366756182,0.055081241880752384,-0.19217664502196302,-0.005935751286440073,-0.00010087931595609972,0.00560708708031611,0.1976020641828389,-0.001007755158357311,0.09787427039165142,0.009579372804698094,-0.021078242459372867,12.783578080375829,0.7958021191586657,-0.8285977534742252,0.0068682491938013915,0.009256409155982269,0.042336610152685,-0.14749035169622587,-0.004739965990356651,2.0352902896155964e-05,0.0045164431656256184,0.14235875015595298,0.00012913364336017573,0.83056785749163,0.6898429658982366,-0.002645047162817289,0.9649170756460896,2.471295,-2.478935,0.6974279444027832,0.94072125,0.6123146753186938,-1.62307775,-0.46917425,0.0006975,0.471547,1.6200635,0.00019315596896577408,1.1744227343803377,1.3792687590293895,-0.002659220293803728,0.9679972928233047,3.48750462965069,-3.465250285576928,0.9830943211586369,1.3260505997656828,0.8652369809829359,-2.290155751476634,-0.6619130406938798,-0.0009217832416512561,0.6641375590718032,2.286701277250005,-1.7930950197305935e-05,0.017242283270890245,0.00029729633239362164,-1.0524372671822824,37.667087868881126,0.3250930573520357,-0.5013813502217715,0.017996401011926715,0.024275585657130387,0.013882898536364506,-0.024709673348154777,-0.01201823259028657,-8.302006656948219e-05,0.012257353066843817,0.02452195362891932,0.00029988793938680173,1.6597850841526667,2.754886525575675,-0.002673412481721224,0.979521954845548,4.863059051156177,-4.90377473996265,1.370888322431669,1.8503246837883776,1.2208172297095532,-3.2187760273717103,-0.924664831253952,-0.001555195093999255,0.9256598525344255,3.2216112081180333,1.2704682555007137e-05,0.05628239868561588,0.0031677084018066166,-0.012651699992304784,0.11405279958528292,0.3407414022613637,-0.42700984798385333,0.043170417542801105,0.05823269243649895,0.043081502559476785,-0.10133174897124171,-0.028625471160763305,-0.00023078145017466078,0.02960722127573565,0.10151597977887256,-2.532540674779828e-05,0.008171353773421127,6.677102249040369e-05,-6.903224179519772,292.03957080397737,0.12708922256242605,-0.3438586729152247,0.007067699859535168,0.00956117271492271,0.005841355619003062,-0.011590943006010266,-0.004821640856723737,1.664606286152484e-05,0.004739531858198972,0.01161638559148162,-8.206082649516207e-05,0.022979499964357584,0.0005280574186119102,-0.43743383069886804,4.838591271477512,0.06524505955135101,-0.3205368990534302,0.026068789667995404,0.035147373486017396,0.018745090435764934,-0.03725465235333661,-0.017606396776524775,-0.00014039535464262936,0.01754097670949262,0.037470764027398976
-5.539245667686035,7.646735096555594,58.4725576368951,0.8940514508306301,-0.041171391958449544,14.3,-20.7,6.819970205125771,7.4,8.635677879714578,-14.9,-10.4,-9.2,-3.0,9.3,-7.79834337704106,10.852625272774482,117.7794753112634,0.9092025220738003,-0.025181600553131123,19.89582611985365,-28.440543436659933,9.462469492545763,10.316707486067823,12.227739880361096,-20.86075353860569,-14.639909309651223,-13.13840734806826,-4.3232018235834,13.120768504788423,0.020574749040353085,0.7182173644785768,0.5158361826385528,8.681145536620408,124.75773908325259,10.846576844731008,-3.7903861270155783,0.2401917438452179,0.32046955446998615,0.2735158056702009,-0.4358630649573918,-0.1719729065177789,-0.0021792009273862156,0.1484966479522072,0.4779956970279616,-10.909350992169434,15.489920014889869,239.93762206768574,0.935650149718231,-0.0019678604458137627,28.075921700677128,-40.9315690418682,13.155735247155754,14.59202680528703,17.350160005456665,-29.66374866286762,-20.680644702298974,-18.45836284082369,-6.088617897011943,18.64626833130622,0.024896079277340104,1.0809903818440973,1.1685402056394474,6.071161489812987,85.68803797977853,12.887082531358061,-6.225163952113744,0.24821558191884366,0.3352547285024865,0.35944670989155547,-0.5778230514889541,-0.1433434976759787,0.026665154912770717,0.1919112308265078,0.48242005566059887,0.027032298568239868,0.5704098017728899,0.3253673419585875,4.504303860253995,39.524030055432476,4.903631205880379,-2.552564216900754,0.22312902415710514,0.30109680618456175,0.26020761033174583,-0.4119744831434851,-0.15332334363339814,-0.012385395159331996,0.1477734625511636,0.40534980475072707,-0.02394884468299357,0.8334487811172073,0.6946368707457586,-5.421347951304959,78.46518776411784,4.205977967119125,-9.8119127816147,0.2457165523137396,0.3292276324384168,0.3171678469363647,-0.578514721560608,-0.18161425184768826,-0.01876329587638465,0.14761338059072857,0.42286740207910606,-148.082874617737,11.33057406119146,128.3819085561447,-0.2299155816399513,-0.6679506565025406,-112.5,-177.5,14.381241519504322,18.599999999999994,148.082874617737,-167.3,-156.2,-147.5,-137.6,-132.8,-209.34442387532053,15.593393806870125,243.15393041613558,-0.13194863014333802,-0.8450266877887214,-157.15101669572704,-243.1832047231976,21.49912927141046,28.685124172291523,209.34442387532053,-234.70443176565038,-222.94998782082507,-208.93011229200698,-194.26486364853355,-188.22198609244393,0.034983739593045605,3.598851665195868,12.951733308083073,0.16609726022295934,2.5210222035076724,15.274357357903853,-14.547675402325227,2.560518822758829,3.4203797186760063,2.5373864302644398,-5.492327157743175,-1.7905884645605736,-0.04504836175689064,1.6297912541154327,6.212641487108563,-295.8939072518101,21.68369398909904,470.18258501288994,-0.1550454958310017,-1.0477351144365825,-246.1024913418618,-338.7201342876694,31.576882596026717,43.17678841411407,295.8939072518101,-331.472115553127,-316.8923232194937,-294.91181795658946,-273.7155348053796,-266.8530414145954,0.11878316688351766,3.7152610423947543,13.803164613136156,0.11311328633115918,1.60729647366552,12.718896355380954,-16.179949891967606,3.5991841039532746,4.848996898462202,2.8337448881485177,-5.418799144521179,-2.511867015604888,0.0013811209912413247,2.3371298828573135,6.0867296861343565,0.043012689254438595,2.5075593911098393,6.287854099943147,0.12473580779430958,1.928028281103444,8.562070388414428,-11.006171221863795,1.8215021129939235,2.479679932109757,1.7936637242444229,-3.5091693482120005,-1.3114079915169956,-0.031305175931765634,1.1682719405927613,4.7342667734986765,0.2261577846256817,4.397249816140444,19.33580594554717,-0.38442851465730077,1.93809163259513,14.61681542081972,-17.057709647335646,3.3614236872931893,4.463699369347987,3.1672754815700164,-7.254112368685544,-2.0387897255053824,0.41303784057884796,2.4249096438426045,7.4024038356415165,-0.7390417940876657,5.773103185171079,33.32872038663246,-0.3771700995371681,-0.9335696244595328,9.9,-15.0,6.968230426976329,9.6,4.781447502548421,-10.8,-5.6,0.4,4.0,7.1,-1.069839511712838,8.032006211438366,64.51312378058451,-0.3236169442930183,-1.0692591892362378,11.792888285101592,-19.06658200842155,10.186967418614026,14.198271958029762,6.72224023705446,-14.467034744444021,-8.715933559008944,0.6631546744296026,5.4823383990208185,10.083535850061782,0.08533974149757943,1.4279649253231215,2.0390838279530676,0.5388673945807927,1.918927464339962,5.75186736997404,-4.3389011562037085,1.0643751195725957,1.4306048053500644,1.018116185484195,-2.2679878989184052,-0.7066436572555311,0.016707452518684524,0.7239611480945333,2.5735508840982737,-1.5860166540647405,11.22033875320782,125.89600173673719,-0.2766689345292713,-1.1869046511169012,15.863334737364008,-24.350942690772285,14.314306040279794,20.846086932562088,9.452667367766251,-19.31179152542681,-12.616725446858062,0.8161088031241371,8.229361485704025,14.040839359001836,0.0846147999601485,1.7517207461101931,3.0685255723528515,0.472266537996905,1.5902721622310318,6.456724865131863,-5.542563876664262,1.3409697312964641,1.765002409096108,1.2734735681879132,-2.4109448316599433,-0.9030238171188956,0.08304848928477732,0.8619785919772125,3.0807750388329844,0.12009411110227922,1.093092272902644,1.1948507170794682,0.49317997467604824,1.156862691305701,3.9556208229487226,-2.843899846945646,0.8958479337765786,1.1934846620721569,0.821855250213883,-1.5442015400770106,-0.494278827672795,0.05498844091971944,0.6992058343993619,1.9714094442269263,-0.06402139600057048,1.6844210602744218,2.8372743082960077,-0.23129147011472534,1.9732747775281396,6.166141914624119,-6.505631520165754,1.1904405609464812,1.6167131082928456,1.2010339583016945,-2.826913165776537,-0.8655093613867232,-0.02153991931610408,0.7512037469061223,2.691626590583653,-0.5356778797145769,4.426073160607256,19.5901236230479,-0.06934275451578185,-1.562676504459706,6.8,-7.0,6.375189539574088,8.9,4.06697247706422,-6.7,-5.2,-0.4,3.7,5.5,-0.767319353111296,6.277236334651971,39.40369600107492,-0.06110020380969761,-1.5603203963710566,9.629584696464894,-10.269248258603792,9.097576183787416,12.716228600270863,5.76638939067522,-9.54340222900426,-7.4056348339209634,-0.6280407192770536,5.310593766349901,7.782038236664249,0.0033993906720808137,0.22182169035833454,0.04920486231342885,16.78235539126785,339.0397439762825,4.499040603331508,-0.70387939060187,0.06496476238503301,0.08545117328887085,0.0674062667173972,-0.11667532226261121,-0.04824196479613148,-0.00019360132629478444,0.03720920849273937,0.09637668229804626,-1.0896626554286126,8.923100589604125,79.62172413219349,-0.045280534760234505,-1.5579185577881536,13.609143347290752,-13.88444529391742,13.05333873019916,18.068108347403708,8.19829683672294,-13.446627976940615,-10.529691217364924,-0.8774673449057415,7.538417130038785,11.255555325919072,0.0001331215603648399,0.3993503244307262,0.15948068162292628,8.47864880091766,134.32327904509367,5.357304327544646,-2.641532069722372,0.08166305059329655,0.1121972745056081,0.11514065137290054,-0.17873997470010253,-0.06422063486157725,-0.011788373582421685,0.047976639644030844,0.18693825834507038,0.004694010723908219,0.15312560542377218,0.023447451036396772,7.941307303277448,89.22354130516464,1.8690070835749157,-0.3163905295433256,0.06481052241854986,0.08353612406409447,0.06797582211443971,-0.11772390756678165,-0.05156742341399906,-0.003965955823385461,0.03196870065009541,0.13511986470352663,-0.005542303640957879,0.2716199949184158,0.07377742163948024,-13.820131812485615,206.55598507279242,0.42288639114458487,-4.114653565781968,0.06455268578245452,0.08582087862071927,0.07447234107401288,-0.10256181034921752,-0.03484907058439076,0.0032917791316745084,0.05097180803632852,0.13715573318450636,0.44403669724770645,2.1261772213611367,4.520629576634963,-1.8262888734795557,2.708129854897935,3.5,-8.3,0.8895613311033613,1.4,1.7553516819571866,-4.7,0.3,1.2,1.7,2.3,0.6345862872589229,2.334452073923129,5.4496664854439985,-1.2451110040782714,0.890182734055216,3.5596202214141504,-8.726601409030373,1.4569428057301403,3.0046591475163913,2.1180768418501428,-3.936336479628626,-0.7380005877983615,1.533739267272285,2.2666585597180298,3.045372996681056,0.00852381487572184,1.8804725547425896,3.5361770291401213,0.29804855072984837,4.094378874949952,7.839902324187946,-7.209398917822634,0.4739212734718961,0.6560808555216583,1.0457341187351192,-3.3555634258903773,-0.32065430209339874,-0.010809031709646826,0.33542655342825956,3.373487195422636,0.9114657720789362,3.009634020272714,9.057896935982898,-0.981047580213299,-0.2603956784458714,4.677709249563353,-8.161592619600398,1.7668909951962042,4.4938861164323765,2.874057241847943,-5.075663850298362,-1.4339969138951265,2.2511582657905453,3.05988920253725,4.024896900551574,-0.05116380675858043,1.3164112256585714,1.7329385150399021,-0.6156333661194466,2.921357991143786,4.0508943795164924,-5.921723002777963,0.822755916781106,1.1230717981970775,0.8795942103558048,-2.498908959381169,-0.5725781997545181,-0.0016839878655302981,0.5504935984425594,2.0347774873807754,0.012068676689545501,1.221533404033356,1.4921438571693184,0.014529029820319676,8.107049255395832,5.047432036959837,-6.864062725245234,0.23445569448510148,0.31529469257138887,0.6279716228761892,-1.8152248350030566,-0.14952640770328013,0.008627620679173602,0.1657682848681087,2.3251549262137976,-0.01068887452397356,2.3442147894328684,5.495342978995788,-0.07788300945620079,3.4547357056714683,8.38326733735776,-8.744547343489254,0.5530020022500647,0.7541824851537883,1.3122673486594423,-4.335838825695973,-0.43707453078249436,0.0003671375114470757,0.3171079543712939,4.173273193386283,3.0998980632008153,3.3934983091969033,11.515830774522241,-1.7016930508482448,2.136423882899524,6.5,-8.5,1.0378215529539216,3.4000000000000004,4.2140672782874615,-5.8,1.8,4.7,5.2,5.9,4.383362646356799,4.757904216794639,22.637652536192206,-1.686500934398534,2.1089666593343885,9.568998693000207,-11.840892873154147,1.7012850274462694,4.820451367328682,5.927923051742387,-8.083624138757894,2.521517201672742,6.579117478042137,7.341968569001424,8.372998276954776,0.0011513727990010317,0.4857343897383499,0.2359378973744872,2.707719226848033,95.79138451612515,5.882367931971138,-4.747802091293324,0.11504299439897667,0.15446270879911883,0.14900864297621763,-0.24936068366435163,-0.07662897544676223,0.00037330762050058475,0.07783373335235662,0.226330865051863,6.194504076903415,6.650749417085801,44.23246780886712,-1.6692018531931454,2.080888263949678,14.414994415252096,-17.6041042509287,2.3657271608178863,6.707672089887964,8.331932590111567,-10.947608816776857,3.6451375774114236,9.309837258812038,10.352809667299388,11.88272198742925,-0.015830872621711737,0.7174211643180226,0.5146931270114272,1.029912601684896,57.77346217412255,7.038604608043021,-6.18072940571869,0.19255517526563493,0.2724318131597561,0.2823857333983856,-0.560267728620762,-0.11686036009075468,0.001183696999515052,0.15557145306900144,0.4357817382052248,0.0012812438440282055,0.4587533621858354,0.2104546473168083,1.8645953669518,49.55166093310459,3.985597859341642,-3.5467322230491636,0.09308952454048182,0.1272917961959444,0.149183958764576,-0.1826465487044295,-0.06674523111378233,0.008032159202188712,0.06054656508216207,0.20777449844593301,0.03537554012743836,0.5049638625710252,0.2549885025026492,4.433580286644797,32.39580911360086,3.922144427253034,-1.857051718374361,0.1284548269788366,0.17369058197055215,0.19481554539593698,-0.2906846390826921,-0.0887711611486305,0.0066458069628648215,0.08491942082192165,0.31026343868501394,-0.0011498807717725483,0.1451014938397956,0.021054443514540236,-0.24864543367960487,5.971978408188939,0.818922,-0.855013,0.013128442644867105,0.01769525,0.07085433389362987,-0.26180225,-0.009606,-0.00093,0.00808925,0.25758025,-0.001626554609928719,0.15858714119311138,0.02514988135180384,-0.35271159034798266,4.556373501981806,0.7237879658541048,-0.949966479838201,0.016729821748368068,0.022612708545121426,0.08027452613601288,-0.3036406212797714,-0.012484898619913372,-0.0013918364692231833,0.010127809925208054,0.29561943920291406,6.961059413296686e-05,0.1302128052503547,0.0169553746511668,0.012452746297302293,11.382846780448393,1.1012675603579531,-1.0416176300484394,0.007516575526988611,0.010138671664219362,0.056349079917934614,-0.1986277925113859,-0.005094442236080065,-2.0977346958497942e-05,0.005044229428139297,0.2005680202475621,-0.002301363128297694,0.20190298327459455,0.040764814655181204,-0.21978465380106638,3.673963805542413,0.8512148294118311,-0.9929549286035054,0.022927971744201414,0.030885583332798526,0.10402113539104615,-0.42152639192144825,-0.016620876712454234,-0.002009203705680537,0.014264706620344292,0.3806544311310288,-0.00035491465746400854,0.09760207083445917,0.009526164231174786,0.0719060246132603,9.176527478098333,0.65429947461616,-0.7897852526013521,0.006329857270203173,0.008527389068994692,0.04360349697277043,-0.1543796604851987,-0.004427839237551668,-0.0001271551945227999,0.004099549831443023,0.15678773682103,9.834645557703298e-05,0.07595022157655086,0.005768436157527172,-0.02415772001051596,9.489850449421835,0.5715116505489531,-0.5354133272573446,0.007392523401487059,0.009981106434515594,0.0354287189900975,-0.1232203293830236,-0.004963035204151321,7.313995400639806e-07,0.005018071230364272,0.12597027670333036,0.000633608166964426,0.1677380950771368,0.028136068540106585,0.0034830985192667984,10.492660325464444,1.2275694202306013,-1.2234166710699341,0.007550566237213809,0.010176402251825263,0.07233539499239991,-0.26638930562654345,-0.00504200878222906,-4.801264786107818e-06,0.005134393469596203,0.2541972362840332,0.0032242595178576553,0.3165701599341203,0.10021666616071451,-0.13698896187281542,8.673706978549795,2.071859,-2.92707,0.023161211857494514,0.031184999999999997,0.14581234390713446,-0.531508,-0.012265,0.003177,0.01892,0.52432875,0.0045601129362329886,0.40323049976128317,0.1625948359377342,0.23342610447788378,7.289544257167492,2.631967414339854,-2.5450583854860542,0.03138397537330011,0.042329718710514594,0.18920959881182597,-0.73605205933806,-0.016678680461674283,0.004458949104200329,0.02565103824884031,0.6707266259692186,-0.00011946705378196455,0.1944768540518485,0.03782124676190398,0.042800468531017696,12.507022188553753,1.9077753510796578,-1.9478566933524775,0.008425447880773113,0.011363368499770078,0.08249791974499447,-0.2841054878572159,-0.005686812429000565,7.640496052317334e-06,0.005676556070769514,0.29613489582710517,0.006449894702319546,0.5026817566272097,0.2526889484458173,0.38893195141527565,5.591418583742723,2.893616719469132,-2.5688015462545954,0.03733980805968363,0.05039617148298633,0.2459765345134014,-0.9595701951332265,-0.019138836544465215,0.0058987196919730745,0.03125733493852111,0.8742959244570394,-0.0004661117629223836,0.26915538364094543,0.07244462054290453,-0.14068503550099118,7.895505089989502,1.5707062321528418,-1.7603652125026277,0.02238636352758863,0.03019209034573167,0.12354454010084862,-0.4357754791143865,-0.015018119449441932,6.24708631017137e-05,0.01517397089628974,0.448934233880842,-0.00016886576327221288,0.17138301709261605,0.029372138547767927,0.0019552550125715275,9.854603359499972,1.3787490918759318,-1.2675289021693565,0.007276821173851451,0.009820868362337884,0.07495090619864132,-0.2669964666359095,-0.004948156664571913,-1.469543695161105e-05,0.004872711697765971,0.2749270075020884,1.2878799453437486e-05,0.21507516604873297,0.04625732705089006,-0.0074379337082400125,14.989356343657047,2.1510354731213153,-2.0061449720253717,0.009352299794394591,0.012602793886339888,0.0889837471275937,-0.304635333656148,-0.006192104390573276,7.151734748380608e-05,0.006410689495766611,0.3078884481060338,0.004201598813320689,0.09192799017456206,0.008450755377534378,-0.0346942188979594,7.463079809447656,0.64086,-0.626327,0.011118034036573509,0.014938,0.04494120597362297,-0.155426,-0.003136,0.004363,0.011802,0.161431,0.005942542911907103,0.07602738101583571,0.005780162664127057,-0.06883526882299527,7.4173194181529745,0.480700108828696,-0.5207582569154597,0.01317908257045235,0.017768428636077797,0.039068139637777874,-0.12732550096718978,-0.002604633878733581,0.00631228693756097,0.015163794757344218,0.12915565972409698,0.00014642276151788898,0.10545081822672145,0.011119875064685049,-0.043025858660499586,8.894619808039632,0.7536287392483779,-0.7721650960590356,0.007661465115184962,0.010336219642152691,0.04805880672810431,-0.17576290639993092,-0.00514784412047959,1.1287052677003529e-05,0.005188375521673101,0.17670133375862354,0.008405649083792923,0.08677385809391278,0.007529702448502511,0.21184245881365227,6.68287922757724,0.5427493335391769,-0.4955211570171474,0.017352304394267003,0.02341342471364688,0.046341400298753735,-0.14546559034767637,-0.003059042407814505,0.008916275991739893,0.020354382305832374,0.15670804750755263,0.00026026905471908103,0.06347110266851036,0.004028580873956583,0.512867520562549,9.890828535592883,0.5526826205672118,-0.4099057714998796,0.006638816369127946,0.008948993319705615,0.029040474044826438,-0.10170426318262056,-0.004546665684912191,-5.266324528045913e-05,0.004402327634793424,0.10010295924546736,0.00020678905295080973,0.12005997928503863,0.014414398625923903,-0.032165181300240334,7.278689091770522,0.9108659174160384,-0.8061751015120433,0.008311755300993868,0.011226265625897191,0.055806159891698646,-0.2075617467102599,-0.00554460771080523,0.00010057461051311772,0.005681657915091961,0.20342075447056965,-0.0004824011774543144,0.08843804314710627,0.00782128747568943,0.03353724325614246,11.387507535170638,0.7157245533534873,-0.7121580969660537,0.00683056463228412,0.009207579112018482,0.038909355740827614,-0.13493097047980607,-0.004696959083457062,-6.416443248376033e-05,0.004510620028561419,0.13235440156004086,0.0001760305002442319,0.7367006967060246,0.5427279165271419,-0.0006975216411630626,0.845224938278839,2.336196,-2.3326,0.672150317878372,0.9068269999999999,0.555292336508347,-1.39821525,-0.45228375,0.0005455,0.45454324999999995,1.39785875,0.00026729555945632856,1.0416937473417978,1.0851258632509972,-0.0007327983486675313,0.8479473466642764,3.3096909000772006,-3.281857055537877,0.9528051915143155,1.284381994262891,0.7846545165593807,-1.9756332273445951,-0.6395758208707704,0.0007713781373025674,0.6448061733921204,1.9728629880645765,-1.4847785854476159e-05,0.015637461117503533,0.00024453019020143486,-0.7722361840345888,24.680460607554426,0.156654619170449,-0.4742850551675965,0.015414305883545473,0.020751635361545725,0.012434953950895104,-0.023528585630911113,-0.010291960325033274,-5.7707633184787854e-05,0.010459675036512451,0.023544151753634952,0.0004320046158761252,1.4720152921561054,2.1668290203414244,-0.000825438014878226,0.8587951509383633,4.643263506018514,-4.618912440017972,1.3248298339347406,1.7872279955036152,1.1068512899430734,-2.7856576050404795,-0.891442409431046,-0.0014837342993989852,0.8957855860725693,2.7733652251582512,1.2866702138736662e-05,0.05549630737839574,0.0030798401326373815,0.01326704483815833,-0.02802890683331638,0.21279193936351717,-0.15387156510289776,0.042636468863824356,0.05684558626162654,0.04189422143969275,-0.10218829167377144,-0.02789987613377359,-0.0007365371157740559,0.02894571012785295,0.10340879978532005,-2.1096527061680276e-05,0.006582678818000635,4.3331660420954234e-05,-6.976644955756559,350.0142880249766,0.0733173445134525,-0.32659091572630167,0.005388912881813183,0.0072916906278903924,0.004663991837439368,-0.010440916739148862,-0.0036672531505252954,6.749480358495983e-05,0.003624437477365097,0.010169807604044885,-1.9972276575909667e-05,0.021112918159280795,0.0004457553132004888,-0.20102228329229704,2.3513828952149707,0.07517423046574238,-0.29252106559118507,0.020870059593977124,0.028149889861742442,0.016873086579972125,-0.03575999237216486,-0.014145922694238871,-7.521159734905699e-05,0.014003967167503571,0.03583738074077545
-5.66890243902439,7.619279702544316,58.0534231856038,0.7697984146996051,0.20857829712220344,15.1,-23.9,6.078669095872969,6.6,8.639837398373984,-15.885,-10.2,-8.3,-3.6,8.5,-7.959549582437208,10.83063404599839,117.30263383833947,0.7984344782958304,0.22236487013043948,21.382349661004216,-32.780334981468776,8.621720698442278,9.230564488746072,12.241586422706497,-22.631998644410835,-14.307371884231422,-11.647677886861459,-5.07680739548535,12.145394356686154,-0.050133932785081055,0.5800596652206689,0.33646921521591444,-8.317952859928992,93.61349296592951,0.9982639877377942,-7.904375445558976,0.2660395783681951,0.354873317423561,0.25300634396259375,-0.42125587782973856,-0.1905537909018989,-0.00755852156830672,0.16431952652166212,0.4363130923410681,-11.10994314389791,15.456268628033623,238.89623990193635,0.8267903214676147,0.27053213820334854,30.30584976186789,-47.456440782218905,12.499815453114708,12.943618866140728,17.34927538200893,-31.005278024425035,-20.180964843207686,-16.597385657868045,-7.2373459770669575,17.79979747202691,0.12544115037417083,1.1417111621633573,1.303504377808404,7.197211011446312,60.721472468648585,11.93321553417331,-2.2169095723281385,0.2547504748085743,0.3460668614297944,0.36843129187083834,-0.5273465165879044,-0.15671904193056374,0.0037505932905192996,0.18934781949923069,0.4631302203707519,-0.07057858970883932,0.46967706200035986,0.22059654256928987,-3.711342046499844,19.902053425840577,0.7229976154669465,-3.3984780312341387,0.2603945636603318,0.34987610933061575,0.26234933624453993,-0.4909619248914307,-0.1896842503469784,-0.01696428781330179,0.1601918589836374,0.4070331594425743,0.05978521863802406,0.6634441364520736,0.44015812219263756,6.120938635706705,47.84297380493943,6.40527051832403,-0.9630932795225593,0.27296700357556325,0.37396881191125925,0.2944194868239429,-0.48617201075849004,-0.19341798404753954,-0.0004624705566396367,0.1805508278637197,0.4632372156740945,-147.61361788617884,10.926195378423587,119.38174544748496,-0.2509983603989626,-0.6237658137236632,-115.0,-176.3,13.936460853952667,18.125,147.61361788617884,-166.585,-155.425,-147.5,-137.3,-132.91500000000002,-208.70219086628452,15.007519658646823,225.22564630467085,-0.1550577357413578,-0.7831760310013949,-164.02379645124353,-241.157804712489,20.84373785291977,26.640253584597303,208.70219086628452,-235.60111533511468,-220.23559197013634,-209.154218283983,-193.59533838553904,-188.25351152793692,0.03102676757524506,3.604146077879122,12.989868950691458,-0.17522862665161426,1.40541426086605,11.818436442888096,-14.381011623497447,2.382288250529492,3.226456151413851,2.5650271369144546,-6.560632344336842,-1.5349767881638359,0.09026114807740271,1.6914793632500151,6.419129694244921,-294.95468133096585,20.761700689370155,431.0482155149932,-0.10596717397229344,-0.91643528833416,-233.76370074060853,-334.4844046854549,30.202561210980935,39.195046325758085,294.95468133096585,-329.2057707944189,-312.9438311457843,-295.1487504633413,-273.74878482002623,-266.95381747619405,-0.4453669849715593,4.161806779685225,17.3206356714339,-0.22418242282801173,1.1533937719229952,11.421372939669133,-17.14483800506874,3.697001106516274,5.023703358089563,3.1711712367557103,-7.246095560485427,-2.968745719731869,-0.34436062940277345,2.0549576383576937,5.767082289312699,0.04260599292270448,2.1871640685188978,4.783686662620139,0.13995809636934026,0.8201339640477898,7.7070911603526975,-6.768493548999417,1.718631649533586,2.3132270142246094,1.6576168477791708,-3.760709556981764,-1.1203313243464301,-0.03185496006851019,1.192895689878179,3.5745638245330875,-0.36417729358201395,4.55181918314279,20.719057876026696,0.14618471751084172,1.1401772074506082,12.351155765732523,-15.817947053388176,2.872042780749732,3.887421972350043,3.2282526405084195,-8.00793218643543,-2.524721699098065,-0.4358805349003003,1.3627002732519777,9.512981422378886,-0.3496951219512195,5.434063362024456,29.52904462249653,-0.3846743177973011,-0.8636349676371453,9.2,-13.3,6.375189539574088,8.825,4.493191056910568,-9.8,-4.7,0.5,4.125,7.2,-0.5303277621610188,7.575413520454218,57.38689000588056,-0.3331428853844104,-1.007040085430583,12.017525961960532,-17.85839284932223,9.169321949478034,13.275081741525781,6.328259318264934,-13.271811442765136,-7.304645217902985,0.7282147883916799,5.970436523622796,10.082498255145055,0.006406904781640092,1.3169013968904533,1.7342292891320272,0.07681653782180936,1.4513805517155003,5.305856074619015,-4.229865028058363,1.0464952083558192,1.368283918756303,0.9680078180264725,-2.2954203332980576,-0.6598601959501516,0.0008346657594403561,0.7084237228061514,2.329723980693354,-0.8505197209914004,10.567055937823786,111.66267119309693,-0.3025814021136452,-1.058872870362478,15.857132656057505,-24.452395139842835,13.403101537100218,19.083932419256545,8.877665014244041,-18.077218885706742,-10.693270989655373,1.055726640064045,8.390661429601172,13.979442465400595,0.031848342227869995,1.7961844687509327,3.2262786457820702,0.7257201846665104,2.1952164077780285,6.865092840828677,-5.477530279491015,1.3426276454492398,1.8198348963976363,1.2810115612327047,-2.7080629984561213,-0.9522368835896096,-0.0706323669619558,0.8675980128080268,3.0721227140181853,0.008945308835024694,1.0307974490363114,1.062543380939767,0.4356850034835171,0.9821508755843822,3.955875351282132,-2.825413958789098,0.862169504584183,1.1427628056108448,0.7721296372338093,-1.4827248173238314,-0.6022643382144965,-0.042142306209247866,0.5404984673963482,1.7681162103046755,0.029780651987003907,1.5358173902973615,2.3587350563397984,0.3609736595023291,1.1472334153968387,5.3769677328061345,-4.922517366149469,1.1058094167921029,1.5650340674677663,1.1129743733548698,-2.185789565602008,-0.8422836319419893,-0.10430185644844078,0.7227504355257769,2.995472742140741,-0.5448170731707318,4.356645420060172,18.980359316131274,-0.0729721123351746,-1.503519507281853,7.1,-7.1,6.078669095872967,8.625,3.9452235772357724,-6.7,-5.025,-0.1,3.6,5.5,-0.771029137733069,6.180143953472883,38.19417928564744,-0.0625227770953479,-1.5042745460793463,9.98710141269364,-9.971462278337246,8.721331576858464,12.29748787966787,5.600957632144763,-9.440512438839129,-7.201230565857649,-0.23583617818246028,5.096257313810219,7.767387176535808,-0.007296222507553693,0.17721127461420055,0.031403835850389604,-15.38361586888141,295.0716098290641,0.39358521235454164,-3.47753300880817,0.06254401237722833,0.08346494003902133,0.06194740980334508,-0.11452239123633462,-0.03957928854967477,0.005569559505825161,0.04388565148934656,0.09736193505113237,-1.1143377589125962,8.797400382300657,77.39425348650374,-0.046653482021892775,-1.499830382581352,14.019787345523772,-13.984073876046784,12.338180449120596,17.52893367363334,7.971561913734647,-13.320834301946594,-10.339954910097742,-0.32583260391501934,7.1889787635356,11.265057660495938,0.02378930357816057,0.36440926078327646,0.132794109344614,12.159462142642402,175.1049979149764,5.319027572310915,-1.025182739709273,0.07244086347227044,0.09810520697080286,0.10262647502262096,-0.1482695112643228,-0.04736901076528545,0.0004520987593407688,0.05073619620551741,0.16285217030122284,-0.010390675017129496,0.15503693352191814,0.024036450755879662,-6.75956897497067,60.22681077656311,0.28097166812019253,-1.5414519721746915,0.07723323972739628,0.09593300626263929,0.0713499954653918,-0.1270583944011543,-0.04588643051353166,0.008248842029766312,0.05004657574910763,0.10057084507298862,0.005407560488965395,0.19475444983820867,0.03792929573178334,12.01219390475378,171.41192561650112,2.821530649512321,-0.3689791666402219,0.06151140132094729,0.08327987703014866,0.06703344052621976,-0.1035581397397525,-0.04534111604208029,-0.0070902391974423055,0.03793876098806838,0.10777269867739447,0.6232723577235771,2.069468595384981,4.282700267284685,-1.8525295870536795,2.8025277945668465,3.7,-7.9,0.889561331103361,1.225,1.8114837398373984,-4.4,0.6,1.3,1.825,2.4,0.8868792572731248,2.3543286125314533,5.542863215784277,-1.4028752032518732,1.1939888105513417,3.8080683024218973,-7.433109248469773,1.3150587457025085,2.5409059639744656,2.2139795550115506,-4.583385325862603,-0.09826146439254772,1.7494383159671192,2.4426444995819176,3.228417979216932,0.0291274738340705,1.7256172649397703,2.9777549450582135,0.30242523098543456,2.555279289331149,5.876152928026788,-5.163787023989417,0.46453349681924433,0.6397374511244308,1.0043922790479554,-3.0116283954064214,-0.3528649235079313,-0.015540345624007051,0.2868725276164995,3.7734387088202657,1.2743785886869918,2.8430502759646954,8.08293487166293,-0.8154578679469742,-0.7990842685089232,5.240224246392703,-5.072562141192572,1.807365582321101,4.381282718939605,2.9062422878217276,-4.031862991539942,-0.9280534752392333,2.607546793126116,3.453229243700372,4.231913458306483,0.1353641622204849,1.6950408858752486,2.8731636047887474,0.16485541754577063,2.372732890152564,5.301653518809436,-6.231973521288827,0.807722225092283,1.1525531167912517,1.0857816256069328,-2.6297671737021098,-0.4796043524860367,0.02360777311144832,0.672948764305215,3.4887512720291483,0.04052015746085664,0.6096379157165958,0.3716583882792751,-0.12234311806058518,4.558405932582295,2.4849354264603827,-2.6499724928282853,0.16102532472351572,0.224240825867144,0.3516265724038349,-1.0776244366914782,-0.0887833750868174,0.01361952024524601,0.1354574507803266,1.1085019526258284,-0.159214328131058,2.3399858899995336,5.47553396539691,-0.09678894738708409,2.789008976212715,7.060266063209549,-7.767587253472116,0.6227144762592567,0.8304797616070121,1.3304525930062958,-4.761619854909545,-0.4863985932902675,-0.02177464770167501,0.3440811683167445,3.8654986914846257,3.1084349593495935,3.3690213516273437,11.350304867720933,-1.6708718866728385,1.9205968426171767,6.4,-8.1,1.0378215529539216,3.225,4.23140243902439,-5.3,1.975,4.7,5.2,5.9,4.396046282113185,4.7297564186421,22.37059577968614,-1.629123674623935,1.7683332646933634,10.0554077026695,-11.078231572069798,1.557519660128646,4.47762014501091,5.963397490406168,-7.391401165219964,2.845441804010898,6.6024364850102755,7.323061949021808,8.349808937604005,-0.04253099800978506,0.43734593528796506,0.19127146711290494,-8.643426440481294,83.26165711831351,0.5706944705468595,-4.8770444410273734,0.08934439158287948,0.11521171139647912,0.135906636030619,-0.24887131716940075,-0.055617091448479136,-0.0040973706772258756,0.059594619947999986,0.20667426362161706,6.220062583115746,6.577629055519804,43.26520399201834,-1.700606876333349,2.1022492292856647,13.633855987828754,-15.877665608528703,2.259871976004704,5.787280352098575,8.36015935966145,-9.990659667181788,4.5028664913744,9.262842916902565,10.290146843472975,11.672928213426651,0.11627723674030102,0.9196781787364783,0.8458079524440456,6.089354386941475,41.33239272395586,7.540066426826922,-1.412856958043483,0.15963368764774424,0.21652836155473068,0.3085159044590282,-0.4170106461393327,-0.09926287924878838,0.006044612053660081,0.1172654823059423,0.5501390930472889,-0.05935152764979529,0.3461434403528356,0.11981528129929708,-4.338980731416955,19.388991897997172,0.33995080467482713,-2.115874291073186,0.08418867470047091,0.11038321717959548,0.13624978362850776,-0.2163864639768591,-0.055064295930461596,-0.0027727056176044475,0.05531892124913389,0.1619195392130096,0.04936698466129015,0.5050816129626803,0.2551074357529827,6.04532064720472,39.98390725899365,3.956568106911782,-0.5785020602122426,0.1356708642417557,0.18121836417353587,0.18639991816885504,-0.29588550671970415,-0.10273166696096322,-0.001345231888304896,0.07848669721257266,0.2856736116113635,-0.0006489001405440225,0.13816292326065116,0.019088993363928584,-0.2559154873057822,5.530406405633819,0.841743,-0.840987,0.013215916175758936,0.01783,0.06817499729159957,-0.259276,-0.009072,-0.000395,0.008758,0.2498395,-0.0009181900589886691,0.15390423789131005,0.023686514440904957,-0.3055526198789459,4.204537533973172,0.7384151701586352,-0.9616397910125581,0.01689994348412272,0.022814365506328024,0.07825884940516042,-0.2996291757557416,-0.01193765772764698,-0.0006554255877938846,0.010876707778681043,0.2993594866867531,9.774938894208995e-05,0.12036662222551199,0.014488123745979116,-0.029402788591092854,11.345822349529325,0.9151995590986671,-0.9756257798595718,0.007584553707020564,0.010231899162907846,0.05247573553931799,-0.18353388882375132,-0.005113317596471148,2.2900670557507024e-06,0.005118581566436698,0.1868974944974094,-0.001299685011699582,0.19790007467800833,0.03916443955756128,-0.10571800859848796,3.236402588702645,0.8092104066947481,-0.8635419110015737,0.023051908448990473,0.031131732495897117,0.1028327333184998,-0.41928185188935646,-0.015876409018948365,-0.0007577055189227032,0.01525532347694875,0.38682902254702695,0.0005572573096146506,0.09055380870511891,0.008199992271003268,0.25773721562081864,9.195236187531474,0.7855997934967318,-0.6783954096452881,0.00632840943564593,0.008531985056920025,0.040642769303880895,-0.13988653242675303,-0.004350182632916906,-7.183384768196893e-05,0.004181802424003119,0.15289414688212077,0.00013863246167377288,0.07020405736808645,0.004928609670941574,-0.09502340553215533,10.731133832916083,0.5130355392449678,-0.5757367198475444,0.007453631908632842,0.010053452846451143,0.03225401847380607,-0.11093565204619012,-0.004923925511941371,0.00010347281216593852,0.0051295273345097715,0.11071663245305294,-0.0011265149036325584,0.1550525779009848,0.024041301913740966,-0.08179606727638022,10.649510681667792,1.245372595193348,-1.1939921011022037,0.007485968826368778,0.010099660080260232,0.06734840066405197,-0.24637137909214574,-0.00515482726109498,-2.0955417268550514e-05,0.0049448328191652536,0.23366769375913596,0.004793994451439113,0.310628892434204,0.09649030881490027,0.051854647003195045,8.272937675385855,2.09349,-2.612282,0.02351703638993586,0.031665,0.14471176076772171,-0.537817,-0.010823,0.00486,0.020842,0.521114,0.00677965094184446,0.4029095315268807,0.16233609059521045,0.4900118154431248,7.464647761533506,2.7690026437499733,-2.403273591431705,0.03203442884119528,0.04323989144737934,0.19065686508570573,-0.7263176190427998,-0.015281850982428832,0.006471464013823548,0.027958040464950505,0.6869702797751865,-0.00038444816390354874,0.17500694563061564,0.03062743101895726,0.3077472525243328,12.731961188773738,1.70968884313244,-1.7162578132026942,0.008631371709814817,0.011628168259930554,0.07459859879770644,-0.2683554508766001,-0.005976721913206151,-4.766301227618034e-05,0.005651446346724402,0.2694179669802169,0.009587781225703784,0.5053892584500482,0.2554183025566897,0.5188779084952582,5.590300955508415,3.001017523136385,-2.228984061663331,0.038324548440172475,0.051801488845042765,0.24932508860814326,-0.9388531027495587,-0.01716808275942975,0.00904895177045732,0.034633406085613015,0.9319303610344934,0.0014705820324837488,0.26304885206834044,0.06919469857447165,-0.118516956023185,7.937622931065432,1.4640350866509242,-1.7135295753872166,0.023052088836351854,0.0310038575403295,0.12154791472664267,-0.42388554430905895,-0.014927271584754135,0.00017339504038647608,0.016076585955575366,0.44600953252909115,-0.0005432004199552154,0.146042319442584,0.021328359068169753,-0.022278310348093924,8.093586798559706,1.0057688010853152,-0.9361610664953951,0.00747625584100699,0.010080852523343052,0.06593186659988123,-0.24872561581783387,-0.005063404813132978,-4.4987083900951346e-05,0.005017447710210074,0.23898267025341996,0.0002786669380896176,0.19978907175275662,0.039915673191828135,0.23848511418895801,16.110056913774155,2.0576744691762934,-1.7651686530098576,0.00955108170080137,0.012870085739763715,0.08305635904066651,-0.2910924703510103,-0.0063984146163195334,-1.82135461956353e-05,0.006471671123444181,0.2855433359724422,0.006155578924252629,0.08308541713306407,0.006903186540175256,0.1741873131815758,7.2440261891316045,0.609954,-0.548308,0.011119516638792015,0.014999,0.042094351067256175,-0.137826,-0.001382,0.006238,0.013617,0.146976,0.008704850956493907,0.07078427340847186,0.005010413361965297,0.07744545054388519,6.805970368274384,0.5020298370499675,-0.4521343187063452,0.01363845539865973,0.018394394720238485,0.03867147802090461,-0.11930092813309863,-0.00042106182681708715,0.00900744609955069,0.017973332893421397,0.12955169320498877,-0.0001228796587214534,0.09378031205732688,0.00879474692956961,0.0306257539953097,9.569350715204425,0.7163513533718289,-0.6919362134763085,0.007605083407003439,0.010260669152069371,0.04280818858211375,-0.149979491785858,-0.005213546007849802,2.4541728169198435e-05,0.005047123144219569,0.1543115520054429,0.012309054521152999,0.07856378085277091,0.0061722676618822135,0.40842674355145114,6.168725289287789,0.458976008033658,-0.3948521751596154,0.01783057007075824,0.024139292869303195,0.04470977058492545,-0.12403847087740866,-4.16926039668826e-05,0.012395169993849329,0.024097600265336312,0.14691019963201135,-0.00011775500155650997,0.06202288454675056,0.0038468382074995492,0.6109729988273129,9.72045813426304,0.4578191694185078,-0.3951494774684964,0.006700752978891379,0.009046050860871376,0.028500003720590552,-0.09790044834846899,-0.004817138355405547,-0.00019687106411680924,0.0042289125054658285,0.09989013986858909,-0.00017356533559944188,0.10185962717999307,0.010375383649247182,0.06724945439833281,7.608579077639135,0.6987756636225516,-0.6589735048663916,0.008326000869193474,0.011242100389653339,0.047514278174700934,-0.17414314173788528,-0.0057221248974149265,-3.915469315590159e-05,0.005519975492238411,0.17329922493031816,0.0008403237957773874,0.08491360722509685,0.007210320691978019,0.18059880572609757,11.482004176617723,0.6960866951729457,-0.6436593588536318,0.00664376073793899,0.008953909934366587,0.03718574701327966,-0.12479499658543433,-0.004479023496504394,5.612857579836241e-05,0.0044748864378621935,0.13435778578080873,8.740626006500162e-05,0.7025649585529421,0.49359752098649723,-0.0008338108769527586,0.6860273498966092,2.063946,-2.078451,0.6685535248962774,0.9018835000000001,0.5371646505724241,-1.3243315,-0.44955925,0.00102,0.45232425,1.3258475,0.000131114082276267,0.9934147226341469,0.9868728111462789,-0.0008197205513319042,0.6884173481111184,2.8817663547351486,-2.9336365015489716,0.9468414268878735,1.277295343040374,0.7590211215345346,-1.8724777603467677,-0.6368798454233623,0.0005371736122058704,0.6404154976170117,1.871792411389076,-2.3832253748695214e-05,0.016036344412493138,0.0002571643421160999,-0.9653723296092229,34.05863888827366,0.319265406941883,-0.44934150195301276,0.016079488422706442,0.02168894493449952,0.012655946737319262,-0.023433947062169697,-0.01084152655316446,-0.00020632308606206504,0.010847418381335064,0.02349165586982193,0.0002036218292563036,1.4037561015886142,1.9705311927472637,-0.0007525754053010591,0.6981132384898348,4.073156652022999,-4.038633268114808,1.3209078454542642,1.7831948673562312,1.0706930028039554,-2.6361628977110314,-0.8894313914019666,-0.0003351032664900659,0.8937634759542648,2.627951247944732,-1.1524337082346089e-05,0.05434761054254295,0.0029536627716839257,-0.013889042074763703,0.4842946472972831,0.4304125158073731,-0.44090959535329427,0.041727768477290414,0.056464326116467886,0.040997141059383964,-0.10001231117429492,-0.027820056264214785,-0.0003297541993676767,0.028644269852253098,0.1008292718861727,-3.367384225484735e-05,0.006820460580527559,4.651868253053033e-05,-5.970149725517474,333.0148834258728,0.20283895020843778,-0.3039363111450615,0.0051846112999240825,0.00700245742937943,0.004543721252269932,-0.009822301709053368,-0.003496617289484037,1.9006880167952208e-05,0.0035058401398953927,0.009919424180316811,-7.703996607886336e-06,0.02164508383953903,0.0004685096544206737,0.194445131566989,6.445336549435931,0.34480825734388904,-0.27225327540013605,0.021698791829970653,0.029275549548516452,0.017259659370737517,-0.035781349515825296,-0.014750016707558829,0.0002451640272105851,0.014525532840957624,0.03597250271126272
-5.609016393442624,7.542186045437592,56.884570343993545,0.8152031449595556,0.2715146429337225,14.5,-23.3,5.930408874022408,6.300000000000001,8.568852459016394,-15.75,-9.8,-8.4,-3.5,9.1,-7.876198671381037,10.71150188181568,114.73627256414086,0.8418856259660777,0.2750239992112009,20.31878706928817,-32.12899977794174,8.382998716530112,8.976343237737836,12.136559859197012,-22.432620702197436,-13.858050679114815,-11.885660118218096,-4.881707441376979,12.889093291738206,-0.05841377460419793,0.6162344377097191,0.3797448822194136,-7.959258204056803,88.49342422631317,1.3485145303688846,-8.338105745586883,0.2707993139644773,0.35875775906909413,0.26836882114583643,-0.49428165465937346,-0.1871176185226265,-0.001111909173270531,0.17164014054646762,0.41486607092197847,-10.995397669551812,15.262807251461464,232.9532851952646,0.8627414641860007,0.3039681429962351,28.48541840349382,-46.29921408176935,11.643347671502857,12.78416842311525,17.186442896347796,-30.515258950662627,-19.45885979127367,-16.64441235014305,-6.674691368158421,18.319235157379982,0.1336713212523728,1.1807644938624546,1.3942047899662584,7.371088704037057,63.732377208690465,12.581963702425368,-2.2531494500351346,0.25519375551838547,0.3411343597563762,0.37252253365906973,-0.4904170230447139,-0.1668619989341657,0.0014957409089120244,0.17427236082221048,0.4924405780697495,-0.08244610253473832,0.5135374926986777,0.26372075640724435,-3.459302912849284,16.214965190728332,0.997034419656103,-3.261118111646554,0.2525187823287325,0.33982608627404953,0.27791606769623345,-0.6328728874029355,-0.17124879496577727,-0.020429651204504826,0.1685772913082723,0.38395655263854367,0.06403981148469806,0.6942561198581748,0.4819915599605284,5.928250892698524,48.42990812203013,6.987657175909479,-1.3803827263620556,0.29089498596790997,0.3790571300485,0.31799062873921724,-0.5013320270866044,-0.1809017610926075,0.0015135085570119888,0.1981553689558925,0.5496944347476943,-148.07233606557375,11.94795206205749,142.75355847722383,-0.3535912265228404,-0.767572464403329,-114.9,-177.0,14.974282406906571,20.599999999999994,148.07233606557375,-168.75,-157.9,-146.85000000000002,-137.3,-132.6,-209.34961659139609,16.42723177307391,269.853943726289,-0.257761383427033,-0.9796545498419196,-163.75762685973947,-246.94836749256075,21.364635141330968,30.186782441806486,209.34961659139609,-236.67346080777324,-224.187735168659,-207.45694698323538,-194.00095272685252,-187.94550346358085,0.05620511616772403,3.839276454234724,14.740043692041153,-0.35885157472144563,1.6810609204607987,12.024298797204107,-14.958002503704812,2.5189229528442914,3.395540470199011,2.6954350707264707,-7.083365600664626,-1.4798498859199398,0.13711032027058856,1.915690584279071,6.468918509942194,-295.8648014654945,22.88705971017012,523.8175021768924,-0.26095546027120115,-1.0397354208541683,-233.83886314247928,-340.56331419529477,30.299388309874555,44.77940859636851,295.8648014654945,-333.8703991962418,-318.360398467089,-292.7229098529853,-273.5809898707205,-266.15727163067623,0.06595880620967577,3.5368707941233275,12.509455014322576,-0.30556260197368873,0.9601105419945477,9.866566661415064,-13.80205428406676,3.189287347776881,4.284498597770174,2.75547544697131,-5.698390100471186,-1.9878507446988039,0.3032545580805568,2.29664785307137,5.8054947443866345,0.074103747819148,3.0413968335399133,9.250094699066612,-0.28128813097769634,2.7709065467006297,10.354716603694564,-13.711731867393311,2.001554011516184,2.6946842726919886,2.140992137671472,-4.9771523771219135,-1.2731181060338688,0.08883063005696419,1.42156616665812,4.496994171932072,-0.39451468015988583,4.43608925473766,19.678887875998928,0.2631108531896294,1.569890120350931,13.709782532031149,-13.743457913184283,2.994055792614153,4.118114607359432,3.1132369449734685,-8.34905882564734,-2.5821607308978027,-0.4649034968703759,1.5359538764616292,7.624682205079443,-1.1319672131147542,6.089954324217562,37.087543671056174,-0.38568092993875014,-1.043418993206599,8.9,-15.4,7.116490648826891,10.6,5.087704918032787,-11.6,-6.7,0.4,3.9,7.0,-1.626023584437656,8.480728101868515,71.92274913782235,-0.3343707237180772,-1.1861557834705383,12.072771939945017,-18.837737610367107,10.414684214286565,15.531326992513005,7.14556829622221,-15.104215864959182,-9.997199261391255,0.6390313355888296,5.53412773112175,9.757290032752316,0.030316319273614476,1.453124527568077,2.1115708926199472,-0.02737869254592548,1.1587011573993866,5.8060215667608555,-4.365317203610673,1.12213264745411,1.4917986244949484,1.0538642851273918,-2.563179689498938,-0.6787745951793818,0.03859782376815411,0.8130240293155667,2.481780525996091,-2.36675834799281,11.820227325440312,139.71777402508582,-0.30660768883289163,-1.2367728866674996,16.053522565678026,-25.2427916124586,14.569107571864592,22.806958377902056,10.006241918005017,-20.752032611835507,-15.23138563480379,0.6300495768228879,7.5755727430982684,13.345645115331353,0.16735621632830855,1.8296195347767996,3.3475076420368723,0.9005518781190884,1.7515529859570291,6.632438491508652,-4.905111287898275,1.2743566995601463,1.7895455032490601,1.2952403039042955,-2.3768497687447736,-0.8772831681100492,-0.07628197741445314,0.912262335139011,4.137419589067244,0.037668715360108906,1.1866012752651087,1.4080225864607823,0.2610234440572099,1.1480470382920398,4.164336598337477,-3.5105753753014852,1.0133197643540264,1.3595673342330827,0.8771353661877236,-2.174293062112555,-0.5987107561791598,0.025739547871545324,0.760856578053923,1.8371258232506766,0.05671085100441902,1.660359814846203,2.7567947147561176,-0.01713219175483954,1.0330293593274824,5.2501319270840945,-5.69896808213505,1.3241941287846097,1.6686506877485607,1.212712034184854,-2.8622541208660377,-0.8626586024698262,0.06272421230093711,0.8059920852787346,2.976153855209074,-0.5203893442622952,4.455985136525439,19.855803536935635,-0.052459530391851764,-1.5426142247655308,7.1,-7.0,6.375189539574088,9.0,4.085348360655737,-6.7,-5.3,-0.4,3.7,5.8,-0.7371516771153236,6.320536159250628,39.949177340394684,-0.0429498517455024,-1.5435842322724553,10.022587063680632,-9.79839948417841,9.055260404946017,12.668716794964382,5.797942095070868,-9.492394755957118,-7.442295590208339,-0.5266624321013444,5.226421204756044,8.207931970101477,-0.014090447398821171,0.17759450511535885,0.03153980824716922,-16.311868362983585,322.44093816960907,0.4110837381912664,-3.563649987501461,0.06009574313814969,0.08059189240160278,0.05992570586863309,-0.10667086637902423,-0.04530170929875915,-0.005308935637686418,0.035290183102843625,0.09819538099860245,-1.0689036118882853,8.99557247393991,80.9203241339054,-0.02840874920553116,-1.539186416332581,14.103816779599025,-13.77734193019315,13.112503193066248,18.10400037070562,8.248301032096881,-13.437780203459301,-10.774122506606723,-0.9378061043892936,7.329877864098899,11.934053321544475,0.027399738392602714,0.3664995592935693,0.13432192696238052,12.61436660780728,183.46042410770815,5.404817500130154,-1.0137995881782387,0.08441122439030183,0.11028962052126329,0.10458662356361874,-0.16005697230604224,-0.056734160793380006,0.002301494013239147,0.05355545972788328,0.18743123356899505,-0.02010296721347884,0.148035863549923,0.021914616896971422,-7.311931565663898,68.79333685043355,0.29325348844597404,-1.4785043988758186,0.06342570805418266,0.0840388672502998,0.06629416980721048,-0.12864830660505322,-0.04951433975890712,-0.004363502998741066,0.03452452749139268,0.08733675151032153,0.01345627470791926,0.20037633996097076,0.040150677616154526,12.291270396381904,176.35431483009842,2.925400854698351,-0.40491629265738754,0.05838336193776704,0.07981208162601625,0.064497576247629,-0.10806075005577342,-0.03469614665621392,0.0025949498380226817,0.04511593496980232,0.10140689455431182,0.34149590163934423,2.3580845884345862,5.560562926212713,-1.8140569980602643,2.6032557140141055,3.4,-10.0,1.0378215529539212,1.5,1.8876024590163936,-5.3,0.3,1.2,1.8,2.3249999999999997,0.4893226930048731,2.6298972346044454,6.916359464580109,-1.1442616915622037,0.3009483536088666,3.788869711656376,-8.603083842250266,1.4678015778065046,3.4852868041147045,2.339397545618051,-5.078862619439128,-1.1077782997331727,1.6221368310892814,2.377508504381532,3.189637542710794,0.029680553770740154,2.035790677948126,4.144443684420491,0.057333396641272294,2.547310360857848,7.36457467486329,-6.405373583010138,0.4823351210996136,0.6241604182741198,1.1676848109525988,-3.8842284341324467,-0.2948422177807806,-0.0030145811124673155,0.32931820049333926,3.856972482957148,0.7146306166501758,3.43902641321835,11.826902670813467,-0.8968792975514845,-0.6220506378210131,5.034853508720797,-8.97163723493441,1.8440791774744878,5.633928719963908,3.2391571786500366,-5.776824632876131,-2.4406891025589967,2.3953252397702527,3.1932396174049114,4.126962722250845,0.018036934543753783,1.3622070706923093,1.8556081034441219,0.18034389029512352,1.4242182021201106,4.633989094823656,-3.7008308489558503,0.8852327518986529,1.1439958389618918,0.9356535478213068,-2.30637630674053,-0.5863962569336788,0.010745706489645318,0.5575995820282131,2.5159575751448835,0.04120965130238834,1.3567233349810521,1.840698207682108,0.09936040333782921,4.094035862939502,5.761443709618806,-4.764087968760015,0.221939329741366,0.29588577706224495,0.7068346323920254,-2.940197513140406,-0.11994869674181238,0.01725045958912178,0.1759370803204326,2.82235836424581,0.04127829479556896,2.5159929402527217,6.330220475401536,-0.2730745739077696,2.8005617943883694,7.65478586299249,-9.619327094597136,0.6156466397082727,0.8279558319262533,1.4411938205591983,-4.630920794614067,-0.45031529984057833,0.003829583917081547,0.377640532085675,4.803273719581848,3.0151639344262295,3.5581319315025355,12.660302841977963,-1.6227022817546097,1.6692436339632657,6.5,-7.5,1.1860817748044812,3.6,4.29405737704918,-6.3,1.6,4.7,5.2,5.9,4.269349623360273,4.999458520017376,24.994585493374327,-1.5843515227492002,1.5319484001470496,10.185497223604715,-10.511719918263697,1.5492246314297478,5.057669589115508,6.05717722937827,-8.192041868367246,2.348735258449657,6.72064320826877,7.406404847565165,8.384664192197604,-0.04786148230777176,0.4430985753358979,0.1963363474647024,-8.718725047319825,85.48180081420799,0.5910806686648434,-4.720282081009928,0.09395963984186224,0.1276999167758311,0.14132515646715008,-0.27329689050951833,-0.07275563033811563,-0.0036373028025226684,0.05494428643771544,0.2268517757143207,6.059149893053153,6.966440083651302,48.531287439103565,-1.6522205957595948,1.846658753685631,13.338791431815709,-15.33314957281372,2.167988032049789,6.680476988742234,8.485688397035274,-11.81886003952217,3.6814841604498723,9.441376818971168,10.361961149192107,11.846974316789062,0.0916397812495552,0.936290523281161,0.8766399439861103,6.017610421274159,40.02015480234858,7.06473513595214,-1.3212241959333038,0.17458320855788798,0.2342310574538895,0.31244071690545694,-0.5333432949884874,-0.11416929617625693,0.0008181849755518333,0.12006176127763257,0.46276966166840344,-0.06651488205481286,0.34828984556837433,0.12130581652604203,-4.201779594045064,18.60180398554739,0.3549391415604144,-1.962251420327737,0.10220020918629161,0.1310385262161239,0.14636156972093906,-0.2625525670457774,-0.07933032601941287,-0.009944832942540269,0.051708200196711046,0.2195778696823795,0.06100932685293611,0.5121034539036838,0.2622499475000824,6.223745587523162,42.26095824191682,3.8975867194977067,-0.4742325518866378,0.13239466212678772,0.17392895994359478,0.187740225332273,-0.29822749932252085,-0.0942937796486987,0.009295755775732053,0.07963518029489608,0.3127584695859754,-0.0031838479841181794,0.15266652891979432,0.0233070690524184,-0.07519398924785335,5.14836897339867,0.969817,-0.924607,0.013657731636873605,0.018364000000000002,0.07676834648060026,-0.287506,-0.011924,-0.00295,0.00644,0.27325525,-0.004502573223445653,0.17708420646995832,0.031358816181094824,-0.36542011606048075,3.960259697987005,0.8666795054468708,-0.9894276645161151,0.017398415103997984,0.02348026316691524,0.09104988944970552,-0.35387036381528003,-0.0156331621670403,-0.0040379902424312174,0.00784710099987494,0.33944899201205075,1.0427334235995006e-05,0.12349595227896064,0.015251250229287323,-0.044043906746442645,11.960567851371197,0.9765530778006125,-1.0461666581098918,0.007669825528007031,0.010339966742156271,0.05386971178672867,-0.18824904612385934,-0.005160335910176554,3.212558807789002e-05,0.005179630831979717,0.1886915224365522,-0.006367561178573051,0.22893798381996885,0.05241260043555233,-0.37781189275179455,3.0891707772675945,0.8394001152986124,-0.9749848239918585,0.023792898293172698,0.032128825232835806,0.11980717838097014,-0.50434573057037,-0.020810054801982954,-0.005428870686095443,0.011318770430852849,0.43597638296140295,0.002002217250457881,0.10143994739762634,0.010290062928033198,0.25531422541936183,9.357751368565644,0.7189284407589913,-0.7682798368941859,0.006542738485583708,0.008809919558175514,0.04506159597583737,-0.15406065284240306,-0.004335643811237945,4.2061912030605907e-05,0.004474275746937569,0.1739866847709743,1.3875643454998953e-05,0.066172270628863,0.0043787694001794835,-0.1230138700626721,9.729882994142052,0.4915541146279462,-0.5214259725443017,0.007544178892430349,0.01017136213542508,0.03129469679829397,-0.10586039298959858,-0.005023829239434192,2.2488644732856013e-05,0.005147532895990889,0.10738341963504291,0.0003315893659795376,0.16161156462283582,0.026118297819841037,0.13369379588734784,11.32392302904199,1.31316561917826,-1.3088417199735898,0.007744987277852401,0.010436940560920429,0.06976272238415301,-0.24679151629124985,-0.005188074505193881,6.289685484706332e-05,0.005248866055726548,0.2465747470872649,0.0039558176802031945,0.33181697116895775,0.11010250235574094,-0.26271169039270464,9.342489951399473,2.148288,-3.098554,0.02378538739148537,0.032086,0.154397303214317,-0.552493,-0.012205,0.004139,0.019881,0.556489,0.005593256800582646,0.42732087126255214,0.18260312701658668,0.18639713489999496,7.515419129078861,2.817507048464617,-3.2073500533843835,0.03234612499851277,0.04372954804777697,0.20192938538422198,-0.7417592383669201,-0.017156255033857388,0.0053474433003536884,0.026573293013919582,0.7435144253286161,-0.0005646926953781091,0.19386194237143634,0.0375824527000261,0.12197820479065409,16.64067007671412,2.049239400660641,-2.1553385586626317,0.008696942838907401,0.011730889341667695,0.0820570182228461,-0.2863208245637968,-0.005941869189219056,-2.3257656121983728e-05,0.00578902015244864,0.28008104143098644,0.007907050956571071,0.538799923039226,0.2903053570670758,0.3749997060408741,5.417540848656918,3.1501886016108056,-2.602112732527194,0.03874347018203049,0.052500894497014186,0.2654914111731564,-0.9813668072972956,-0.02002946405563412,0.007544310423370967,0.03247143044138007,0.9922249730904205,0.0002908504484883134,0.27356426041522536,0.07483740457652924,0.01025423032694051,8.076645709853645,1.9854417955475514,-1.6924066687746748,0.023414779244524057,0.03157162188240484,0.12628591005408754,-0.4585255753648028,-0.015373102840799855,0.00024778008048377184,0.01619851904160498,0.44618411378814304,-0.0007981208617668341,0.15771217608819998,0.0248731304864754,-0.14722547662365013,9.000715827790607,1.170576843626015,-1.281334426632001,0.00785376780203321,0.010579674026163239,0.07164215387255617,-0.26063145647531827,-0.005311006462419601,1.0815606063244252e-05,0.005268667563743638,0.2587219625834615,0.0024807887631581975,0.22421537903882358,0.050272536197523324,0.1869695334731309,21.936502989229346,2.8490724449381974,-2.5098230488656306,0.009388977795317166,0.012669716161450413,0.08977255836235347,-0.29282031747002285,-0.006244048297499132,0.00017101511932935082,0.006425667863951281,0.30808031443227346,0.0033338216068665516,0.08555665946304071,0.007319941978474714,-0.2661305948587847,6.351440088561132,0.584915,-0.525506,0.011656218641891041,0.015725000000000003,0.04335819617259802,-0.14934775,-0.004165,0.003577,0.01156,0.154113,0.004715321590898612,0.0801117378314075,0.0064178905383681685,-0.33370745763627757,6.491760632172019,0.48999755827388386,-0.5662968216788181,0.014148147265340234,0.01908434997109587,0.0417015195706751,-0.13774517328087865,-0.004398374612271029,0.0049252255280073836,0.014685975358824842,0.14320229733635664,-4.737640676350391e-05,0.09066820394392616,0.008220723206417388,-0.039806981722233986,7.362647965222974,0.6768307655250027,-0.6397565913696791,0.00781550520908995,0.010547010349723449,0.04329966862897913,-0.1573923122076033,-0.005258701047299545,-1.928308575642907e-05,0.005288309302423904,0.15710603573193543,0.006670191678817491,0.09237986261425332,0.008534039016628319,-0.0025072950393589012,6.164901851525292,0.5414459682326545,-0.6794665749501362,0.018712131206274803,0.025171560452170755,0.049288657706936925,-0.15677536237353631,-0.00572075244601622,0.006641214350282818,0.019450808006154535,0.16887454343149494,-0.0013705662082397518,0.06555642903316536,0.004297645387580445,0.14638107628838545,8.423764405776993,0.4472678947946337,-0.4036771696806809,0.006841149290186649,0.009268398252675048,0.0304920216985912,-0.10718578249768246,-0.004911820429263837,-0.00013809212758652018,0.004356577823411211,0.10144991149294974,-6.61430633591755e-05,0.09963055142034541,0.009926246776322091,-0.04470544052215099,5.890147697198767,0.5726363217160373,-0.6897661147598865,0.008601181238619197,0.01160285762258116,0.04840689157694364,-0.178234032530414,-0.00589625492841859,-7.592929949531463e-05,0.005706602694162569,0.179363678153232,0.00029515924788355003,0.08069864661414587,0.006512271565354796,-0.07186717320620545,9.798581733473483,0.6151060698034005,-0.5931718180992741,0.006810767843259845,0.009191165203030663,0.03650084826856846,-0.12648902927057576,-0.004635532162130085,2.3720230568277764e-05,0.004555633040900577,0.1306524018306936,0.00022599417569264035,0.8378210056465992,0.7019440375026789,-0.003687363135192163,1.09838247738697,2.478204,-2.495217,0.6894634052849711,0.9296975000000001,0.6118518867690422,-1.634322,-0.46337975,0.001994,0.46631775000000003,1.633327,0.000296490888321573,1.1847166921513859,1.4035536406621214,-0.003628368572073517,1.1012383384369722,3.5082915492429594,-3.501335795148623,0.974533756742365,1.3152753124509706,0.8647324476725446,-2.298708295503415,-0.6550349547936708,0.001575963858094099,0.6602403576572997,2.3170903002660754,-9.22061941005386e-06,0.015155917989241919,0.0002297018500966268,-0.02720208954015018,2.4102737274972164,0.19782270593143306,-0.22909461385629495,0.015331156440760833,0.020683524035297714,0.012179670069830917,-0.02346230249068631,-0.010171320769347401,-0.00018642024987225447,0.010512203265950313,0.023518879849810048,0.0003505214248576171,1.6744540145752134,2.803796246927049,-0.0035093729123139464,1.1118896656685626,4.913913511524639,-4.956504744425391,1.3548365108657257,1.8266576212926384,1.2203322103763556,-3.225381708051027,-0.9120201592162163,0.0018654795983820138,0.9146374620764222,3.2512164707218876,5.48191598726357e-05,0.053788090132491785,0.00289315864010106,0.0571676597320616,0.40911389965043865,0.47276424762409397,-0.23236079363102033,0.04129501367966432,0.055437530998869645,0.04048101299787524,-0.0977494901134954,-0.026753675389148107,-0.0005484730871927121,0.02868385560972154,0.09938769836823938,-1.3201526499427524e-05,0.005994265499951165,3.5931218883904795e-05,0.1310054084836619,32.2048059178823,0.1446975204873326,-0.1158794464878677,0.00507068611646088,0.006833257223117535,0.0044375375066669775,-0.009652010351662929,-0.0034473951710311274,4.540396186718254e-05,0.0033858620520864084,0.009664877739070921,-6.657018645497889e-06,0.020585538348042526,0.0004237643890787294,0.039595460468803086,0.12718162950347978,0.17449557583223607,-0.056151757379599224,0.020756586273223816,0.027998841743058944,0.016581558934297098,-0.03473493730700204,-0.014148364743707679,4.3485560236921017e-07,0.013850476999351264,0.03479574809985761
-5.551983723296032,8.053438864863327,64.85787755009113,0.6882559869372673,0.20022481550076954,14.8,-24.7,5.930408874022406,6.200000000000001,8.841098677517802,-17.4,-9.8,-8.2,-3.6,9.7,-7.800785620112168,11.422402866882788,130.47128725337214,0.711555451930388,0.2183618721472933,20.748708518695395,-35.805422079646874,8.322496553625216,8.770146630442618,12.520583567433064,-24.219706977270782,-13.90262405293586,-11.492592885054888,-5.132477422493243,13.672539619684976,0.01299337202048463,0.6847488494444851,0.4688809868155461,0.6242332799639431,80.3980553077254,6.646126157428091,-8.31633405464657,0.23120164189974549,0.31376470120518807,0.2713762666684296,-0.4978744708767185,-0.16169076679059077,-0.003558407047270562,0.15207393441459727,0.47639469043949834,-10.891150471305496,16.254604093637525,264.21215424089775,0.7408632082522492,0.20486992632637424,29.39283145087912,-49.33967287968441,11.813925559890109,12.450636987912556,17.734953267003835,-33.18324702035298,-19.597225772653363,-16.32786080417351,-7.146588784740806,19.49457602923178,0.10340284825209772,1.2244154124951123,1.499193102355576,5.984808000983817,51.17600432455503,12.232717347669443,-3.92660765457158,0.2370092063802525,0.3182151910028434,0.4002831566431814,-0.4960570397549736,-0.14866785878171257,0.011619535976771678,0.16954733222113083,0.5354999658585612,0.019723235413603064,0.5293690597963707,0.2802316014696935,-1.2250519243667988,22.645389008952662,2.8208611818970946,-3.708682636374202,0.24009360638462823,0.31394287391140363,0.2809455825598803,-0.4755600677092771,-0.15155825543743306,0.03375807610603644,0.16238461847397057,0.6051264885696979,-0.07396326635905294,0.7997206372366128,0.6395530976221341,-1.9871782601049885,44.503737561199735,6.490142974890694,-6.198654014171203,0.22617840216281804,0.3091991947732636,0.3004770845812898,-0.4911693651938779,-0.17652979698367233,-0.01493425866063024,0.13266939778959125,0.3923352517869014,-148.29125127161748,12.736470681195641,162.21768541295614,-0.46486225624652977,-0.5947239562117823,-112.9,-183.3,15.122542628757124,20.74999999999997,148.29125127161748,-171.39000000000001,-157.64999999999998,-146.7,-136.9,-132.20999999999998,-209.62933265028335,17.5111423062585,306.64010487003617,-0.35808183567616414,-0.8485384981704067,-160.8163231948832,-250.6385005901155,22.08551347521018,30.693280740064125,209.62933265028335,-240.42526600482321,-224.25431222015226,-207.63475120985427,-193.56103148008813,-187.37406860024717,-0.11051028535075191,4.1194066566720515,16.969511203034006,-0.13195236665136165,2.418301422814241,17.164818649625797,-15.906273458153704,2.538014019976232,3.2733192513166465,2.8137270928238585,-7.399654798860978,-1.7737791457128207,-0.03972087585462347,1.4995401056038258,6.735106713531233,-296.22707588352625,24.480610137953306,599.3002727264623,-0.3776143421932909,-0.8687799480230516,-228.83138053511806,-349.40290002178966,30.735814642802954,45.3643779533985,296.22707588352625,-339.2618770693283,-318.1216883270263,-292.95978961230907,-272.7573103736278,-265.53584989309815,-0.6721278116307267,3.248336376907236,10.55168921753883,-0.19093147459720453,0.5404696972898813,8.607950020021743,-11.150067177439961,2.888182860199124,4.058518801557882,2.527252872427621,-6.11212622775996,-2.7621157499423328,-0.29503851802674497,1.296403051615549,4.048163353052792,-0.16174218384199812,4.4496834619478225,19.79968291153196,-0.46825488514316743,4.662625905109864,16.4989267718113,-20.989508272455435,2.0562239637325415,2.859353354928527,2.735028458906951,-9.186336172025335,-1.4196569901481872,-0.19752727600103734,1.4396963647803398,6.555914004531368,-0.201318989917224,3.699795974182625,13.688490250577962,0.07659423300847554,0.9217821641535449,12.148982290189206,-12.032906268948432,3.071306789320694,3.968819368068376,2.769790049549738,-6.463890025785329,-2.333910273654304,-0.03657588397742051,1.634909094414072,5.575752283849056,-1.3091556459816889,6.467027065295275,41.82243906326162,-0.43454585130228435,-1.003189426532444,10.0,-16.4,7.264750870677449,11.200000000000001,5.342726347914547,-12.4,-7.300000000000001,0.4,3.9,7.389999999999998,-1.8728409978639196,8.984481192502574,80.72090229843249,-0.3727522875604082,-1.1697588523654248,12.71762227373446,-19.959169223641606,10.211388481244233,17.069571322751486,7.50529840747162,-16.543482359564358,-11.316786408252877,0.5651483278776651,5.7527849144986085,10.176489814295902,-0.019782917356719425,1.625101513116713,2.64095492793423,0.1744827316887649,1.286358536586416,5.39353318977955,-4.988799422316676,1.1710452870533425,1.5238537745451715,1.1693183068917836,-2.823585088425847,-0.8210084958521198,0.01987914152854249,0.7028452786930516,2.722219786684595,-2.7090967372963894,12.50241825798874,156.3104622976902,-0.32403163096501725,-1.2845701272237628,17.624947187594874,-25.301874969572985,15.195366645381846,23.1666423554806,10.507177155703193,-22.437648311931,-15.61055209139783,0.8075587742243624,7.556090264082771,13.837117188554526,0.014223538944811237,2.034769107844429,4.1402853222380145,0.7023058356392886,1.8333923594222687,8.259117429101279,-4.955066647056658,1.6300000642445196,2.2374048054126865,1.505467669811457,-3.3478861577550956,-1.217247384822477,-0.05193311218747476,1.0201574205902095,3.8005057577726156,-0.025365807400626703,1.800815752241555,3.2429373735213183,-0.04447965101722504,1.726665394379662,6.930215380669847,-6.428605299470381,1.3339931216239713,1.7675851207743059,1.292632202788698,-3.3007496225102115,-0.9406908282765349,0.08404729487612014,0.8268942924977709,2.712914931441908,-0.09325731286351331,1.3998991416901694,1.959717606904873,-0.3071186607525382,1.3704261253801189,4.248161563386753,-4.881195477339252,1.0664914974781188,1.4342214314275064,1.0242670001552308,-2.714926841405452,-0.7836707553832092,-0.06570064875172496,0.6505506760442972,2.252751903272559,-0.4758901322482198,4.445366167403228,19.761280362293263,-0.06307282921097769,-1.5611231784361168,7.2,-7.1,6.2269293177235285,8.899999999999999,4.082400813835198,-6.7,-5.1,-0.2,3.8,5.589999999999997,-0.6818176318496691,6.30662113350857,39.773470121616924,-0.051230777567431815,-1.5626021916499002,10.136970667912555,-9.977906898458054,8.941198453974703,12.675364882249804,5.795829538002524,-9.410370506149455,-7.299242303766436,-0.4889460833286337,5.376122578483368,7.916358532852148,-0.0031311932254616914,0.17905868882948223,0.03206201404533334,-16.20522895815418,323.5718961503474,0.46767777784146647,-3.5920450584083414,0.058029439806533224,0.0773624239305918,0.05891989948159708,-0.09389323675915379,-0.03533092317742438,0.0013907086495106302,0.04203150075316742,0.10130694523340786,-0.9886220595749294,8.97325173903488,80.5192467720925,-0.0364762733535643,-1.557216702154581,14.172321114585936,-13.98949872212912,12.794208785408559,18.088028241210655,8.240976337076324,-13.25661998577926,-10.413048646102162,-0.741065256482124,7.674979595108494,11.492397293605343,0.018306195585321303,0.36820611592469427,0.1355757438043494,12.981513951309061,191.38617225586887,5.488341160860568,-1.0248728997459233,0.06782727402034,0.09099012638678375,0.09650661694950302,-0.15544029556016342,-0.04431479754042972,0.001378869629266477,0.04667532884635403,0.14380864891129264,-0.004009923232286223,0.14862596604550007,0.022089677782958145,-7.527412723045221,72.65250165308431,0.2696932065085975,-1.5264810717147173,0.07049632767076636,0.09372076097300881,0.06614529921407114,-0.09317399912790723,-0.042429536872549176,0.0036011457449819607,0.05129122410045964,0.11662295578246795,0.003680860589550249,0.2030939367036514,0.041247147125786754,12.203249411104384,177.0739853433346,2.963509232189947,-0.4765959781090492,0.0500350256324311,0.06877914321119782,0.062156181271918784,-0.09930575985879361,-0.04124405985731305,-0.005143815320800726,0.027535083353884764,0.10087496390351702,0.25595116988809763,2.558591670902004,6.5463913384091095,-1.8640693177205316,2.832091620793544,3.6,-10.5,1.0378215529539212,1.7,1.984537131230926,-5.9,0.1,1.2,1.8,2.4,0.37313526346000986,2.8480320724436594,8.111286685667725,-1.0590694664123812,-0.11258696473039498,4.279999354879405,-8.296162457500188,1.536861115246446,4.053299117211285,2.5276434971248998,-5.236347531744036,-1.6535419043592574,1.6465262416031952,2.3997572128520277,3.274599108001619,-0.007635866405632128,2.2163112827199036,4.912035701911545,-0.11748938396533315,2.87313193213041,8.210549180074862,-8.75011345468312,0.49741804813595686,0.6380344380380752,1.2551980408286378,-4.700157296143013,-0.28272452018411776,-0.003140829899708847,0.3553099178539575,4.133306841825284,0.5584019817814914,3.868218029426086,14.963110723177033,-1.0262209411457712,-0.25875805671635854,5.608840773503824,-10.972188920488417,1.9126938410360772,6.098818410307257,3.5109340786945977,-6.945176814426416,-2.8222632849200933,2.5193501851348823,3.276555125387164,4.243548467111584,0.11937921648932376,1.0526067478420489,1.1079809656026147,1.0313771462774932,5.668616744594733,5.475471000087523,-3.4192162079595345,0.6476291860404682,0.8726456810536751,0.6891403844942603,-1.409686086670192,-0.3407461349435066,0.04850176534207257,0.5318995461101685,1.6209427184843785,-0.010655027676119437,2.5887905800559,6.701836667386163,-0.283779077772804,7.006971771958879,11.29029371424182,-11.934859477436998,0.22981426717203313,0.2972496307411584,1.185464193824846,-4.17339779303604,-0.13335736328006248,0.00020845044578665217,0.16389226746109592,4.410600340673511,0.13246612806600386,1.7227171423278,2.967754352470062,-0.08561222196961142,3.523213994528505,5.791953269320351,-7.078556491526748,0.4533546505530458,0.5944258666079713,0.9839790567678215,-2.9967411565465096,-0.19202832102097792,0.04926502261798042,0.40239754558699337,3.627346508015112,3.1393692777212614,3.4355934789119043,11.803302552342,-1.7279181498748415,2.221077871167549,6.5,-8.5,1.1860817748044812,3.5,4.2795523906408945,-5.9,1.8,4.7,5.3,5.9,4.444823622363618,4.811176440844934,23.147418744941323,-1.738955637331597,2.3143784839544734,9.83356985767215,-12.288992762920357,1.6226633977059812,4.739457546218086,6.018853799499054,-8.115072977603749,2.7147452507801457,6.665462728278601,7.454202796998231,8.332680208455537,0.030433993110290127,0.551848468977529,0.3045367327128428,8.025100672737494,87.60600946840101,6.209818328297072,-3.2134863417651793,0.10681420844138866,0.14370307903766352,0.16215623494221013,-0.2894239824921437,-0.07351950307500021,-0.0040436805994545355,0.07018357596266331,0.2902790241384253,6.299772969822083,6.6850679815360445,44.69013391775841,-1.7118879937123066,2.3431091335297936,14.393652600819328,-16.703743864402625,2.3074927200180335,7.334602202035785,8.390558556971646,-10.479312202435864,3.1003525149076383,9.415971519211766,10.434954716943423,11.889418679659277,0.057676085956192606,1.002452081755751,1.004910176216439,4.040158565198238,28.592741913588522,7.047527806637488,-3.5694437107809582,0.18666220942022294,0.2634889284985991,0.36287441599845843,-0.6031210375825212,-0.14503803878853777,0.0006056197758129711,0.11845088971006135,0.6157061298871171,0.04205425716467037,0.3656294869472528,0.1336849217253113,4.377417641395366,29.10037442120632,2.654370121168021,-1.2641192083277453,0.0966309054938662,0.1299695998825767,0.1494782638129121,-0.19539968078705927,-0.06593497701863257,0.0037179095733212643,0.06403462286394412,0.3132785710116968,-0.06306207798847917,0.6805301138538037,0.463121235861871,-6.29605945048338,47.95892855178722,2.683968823054199,-5.655871201910203,0.1186100795123818,0.16018765110644753,0.2027451923374291,-0.2517584786054108,-0.07891472645643463,0.0002257399592850845,0.0812729246500129,0.30311737836256514,-0.002315790253428479,0.16460325963692268,0.02709423308310018,-0.2370989215251691,6.013100053677597,1.096108,-1.07259,0.013921634831767603,0.018839,0.08066132474378176,-0.29747524999999997,-0.011627,-0.002237,0.007212,0.295557,-0.0032743616042768087,0.1959457602632769,0.038394740965153586,-0.4128367058284275,5.025231295123072,0.9266374584608958,-1.273754918920555,0.01814190749396472,0.024517584421101322,0.09843126858646016,-0.3805834111016417,-0.014990479277565,-0.0030353069335797792,0.009527105143536323,0.3533022261064658,7.112020229590326e-05,0.12565410986984715,0.01578895532718362,-0.09618780377300132,9.756984349900522,0.9336907704781102,-1.0001953486938742,0.007678002589448006,0.010366205382208397,0.05604539320927569,-0.2014606752404301,-0.005076734002749933,6.438678334823645e-05,0.005289471379458463,0.20067761955709934,-0.004628777772782096,0.25501058643760466,0.06503039919525103,-0.4052658221936118,3.629023727108465,1.0473379389328044,-1.263362551380076,0.024824766815753314,0.03355189188537251,0.13106388910583192,-0.5374567466779446,-0.019999591748394115,-0.004006707887828405,0.013552300136978397,0.47352026761277466,-0.0016576910622903467,0.10836438427753989,0.011742839779850333,-0.29965476419499676,9.08899929064751,0.8123654637352737,-0.7493496954808254,0.006399105892734428,0.008629686229993428,0.0486379551577684,-0.1825978861690719,-0.004296952705793222,4.285762924275126e-05,0.004332733524200206,0.1747510356813152,0.00010032382975992045,0.06493249534892306,0.004216228952237916,-0.06150530559893567,6.976136327584648,0.42379222281941353,-0.44625158413527793,0.007604704046639678,0.01027467252636094,0.03180238125570672,-0.11467414533730771,-0.004972141548176135,9.77190357249046e-05,0.005302530978184805,0.1134538161155342,-0.0011621888292829975,0.16539278506401459,0.027354773351231328,-0.2656376459023146,10.121068474889208,1.2938189350143257,-1.311018862789079,0.007578642166493823,0.010228934362280225,0.07229380415526275,-0.2647964325333048,-0.005112721243479713,-7.71444187977397e-05,0.005116213118800512,0.26068514915264784,0.004357837752914574,0.3289967301836243,0.10823884847151649,-0.062411795249747534,7.83988649608799,2.124013,-2.471862,0.024230168057037052,0.032746,0.15543188274160866,-0.560184,-0.012084,0.004319,0.020662,0.57504075,0.006163452378042297,0.4255938454925032,0.18113012132109668,0.24689564648168474,7.280081447326529,2.7174014629267362,-2.737976308517709,0.032839641370042985,0.04429249153669021,0.20240496986947207,-0.7299009892666164,-0.016721800890973432,0.00583781375667487,0.027570690645716774,0.7583667818384916,-1.8387481401622218e-05,0.18795882285593488,0.03532851908938871,-0.0005278034914213466,11.876240999026168,1.5993443780602294,-1.822104697540922,0.008814021946618459,0.01188752495900133,0.08171789645500785,-0.2863076590485244,-0.0060126236616922105,-5.3421283568115565e-05,0.00587490129730912,0.29184224258073566,0.008718204862360397,0.5330553880643898,0.2841480467444772,0.4678537366924962,5.214869156746747,3.2589226200525823,-2.6640427325469145,0.039970849076451584,0.05415497004893803,0.2650748112191474,-0.9387934889429839,-0.020832821117705503,0.007731451809214882,0.03332214893123253,1.0147448106570305,0.0010842960870600692,0.27936941473184024,0.07804726988761095,-0.10527720439012697,7.3413065925461165,1.7897995030587193,-1.638634682057011,0.02336188569471073,0.03157052754626255,0.12996608647730026,-0.46162236946336904,-0.015340997609627302,0.00022012386990783003,0.016229529936635248,0.4799039034882713,-2.5926860474569034e-05,0.1619313344365299,0.026221757072395293,-0.0465291120800694,8.267633391472994,1.0724635688249624,-1.073930391211734,0.007752371898948941,0.01044404128149078,0.07382812032104856,-0.26922047720183984,-0.005149108177180195,-1.2254603652532916e-05,0.0052949331043105835,0.2684622050006576,-0.002190180154095221,0.21075589729438468,0.04441804824436123,-0.40386409646023014,15.842241087681803,2.0655751075006683,-1.9747486079577214,0.009559206566499733,0.0129084579793767,0.08813639008656625,-0.31114550827563464,-0.006563835105164747,-0.00015004161872998842,0.006344622874211952,0.30454606881243074,0.003789478401315596,0.09262045617018909,0.008578548901173917,-0.17653371289055686,6.209243461184396,0.589875,-0.638,0.01183561351033022,0.015906999999999998,0.04676198205738115,-0.162079,-0.003802,0.004121,0.012105,0.166194,0.005359187459030028,0.08425421063902308,0.007098772010404869,0.0796809005484459,6.370220405782259,0.6196261118821927,-0.46694221693004945,0.014589165487822572,0.019657178401820068,0.04394100027029432,-0.1433271501064666,-0.004186619635217255,0.005600877995735764,0.015470558766602815,0.15233663429322974,-0.0001655055038471809,0.10028371036281657,0.010056822564133282,0.08960004915273977,6.39422737127018,0.6414650544096895,-0.6735184623423026,0.007901810700637037,0.010656396609695681,0.04804823833908263,-0.17855262460177573,-0.005398200173163494,-4.427413594975124e-05,0.005258196436532188,0.1772620583078308,0.007579228804660534,0.09694877307223783,0.009399064600212266,0.18595633784359353,6.570487388104784,0.6570477102124744,-0.5299418505347474,0.019039679330305082,0.0256995084871202,0.05134448743617041,-0.1563480406769054,-0.005171917209722654,0.007825111072104466,0.020527591277397547,0.174812976812532,0.0014136258114003783,0.06923948879903563,0.00479410680915178,0.31515562846630635,7.510926239968438,0.47649099170758036,-0.4098595701830974,0.006822651846841459,0.009194160339445841,0.03256584853793628,-0.1107731290153395,-0.004568876585396845,-5.503212614476932e-06,0.004625283754048996,0.12300140481193222,-0.00023408994813586413,0.11591466063880068,0.013436208551008327,0.051879020528635814,6.751789917739142,0.7378999940544796,-0.7156719305140693,0.00858525902973558,0.01157262057147067,0.05507606285361066,-0.20639440018020816,-0.0058393937190264495,-3.5730008576017756e-05,0.00573322685244422,0.19655932584048275,0.0005098632091188446,0.08169237847965297,0.006673644701662868,0.05898279106590013,8.494348472425251,0.5283436597288681,-0.48909008597623277,0.006913958643618097,0.009324276679078926,0.037407253430953705,-0.130732499351793,-0.00457259138401034,0.000121516515261026,0.004751685295068586,0.13351745229428402,-3.7931019293452484e-06,0.9900186120663746,0.9801368522378308,0.0007028785542825122,1.9234696257151,3.256351,-3.250314,0.6961158414394057,0.93949875,0.6826373457991954,-1.9201567499999999,-0.468893,-0.0006765,0.47060575,1.9168435,1.4792583587926317e-05,1.3999583092261467,1.9598832675713314,0.0006645996781863841,1.9275143738264022,4.595399645131546,-4.595080665704841,0.9831308971142465,1.325604860737469,0.9647103047725963,-2.711407176952779,-0.6608630087123045,0.0010282320179139407,0.6647418520251647,2.7113741364773296,3.158148440528055e-06,0.015054637854996776,0.0002266421209451019,-0.6527673054155565,21.048072399536814,0.22671420371489268,-0.3617799322357294,0.014783527345956947,0.019914735888820725,0.011852041183931477,-0.02217706687964217,-0.010007481318260597,-0.0001613295453727799,0.009907254570560128,0.02239829645107745,8.060602678269239e-05,1.9789460195471216,3.9162273482813963,0.0005685973488988821,1.941074994756132,6.445750565450322,-6.457392107962525,1.3617245756784253,1.835807002400467,1.361587428256875,-3.8167079235444095,-0.9152926963650321,-0.0008365899950131504,0.9205143060354348,3.830439832122635,2.0213182790199722e-05,0.05371845192212639,0.002885672076909804,0.010818018254755285,0.24270133464613597,0.3057415279120509,-0.18860312694041098,0.03874540655506827,0.05207572155416265,0.0398775320852639,-0.09837252680690953,-0.025298394770507625,-0.00046088402207268564,0.02677732678365503,0.09998900302659343,4.813903835581463e-06,0.006687440086799927,4.472185491453861e-05,-5.0187034211803105,211.7287768753192,0.11391860575021076,-0.2460243739381277,0.005658115781191091,0.007644866547106259,0.00478925972259444,-0.009883158909045028,-0.0038585601941534793,5.6666902604373e-05,0.0037863063529527795,0.009980967894419523,-4.591939198763622e-05,0.020224229151316223,0.0004090194447649489,-0.2711959405545932,2.6506662062038844,0.08064086122520137,-0.2421383688168002,0.02024201742730811,0.027308616945782935,0.016076439471622028,-0.03293935715390765,-0.013653174218363425,0.00020476313264642017,0.01365544272741951,0.03291173149143811
-5.7217700915564595,7.7558676714321075,60.1534833367657,0.8919426402587077,0.08818366442300007,14.9,-22.0,6.375189539574089,6.7,8.86907426246185,-15.6,-10.4,-9.1,-3.7,9.3,-8.051570378999056,11.013632128673816,121.30009266575613,0.9176473651881395,0.10381944804976273,20.839235824991405,-31.714874736076574,9.241812160775128,9.478878703293129,12.572312511570496,-22.013665798966315,-14.604681792728448,-13.020448628737746,-5.125803089435319,13.118905204094567,-0.019125095761927717,0.6490734726727914,0.42129637292751687,-4.656677626659437,75.34596076241537,5.380173110352002,-8.404335176131319,0.2560627367488794,0.340998405699785,0.2895050659682633,-0.49389236356630295,-0.1692055564850083,0.012426564452698963,0.17179284921477672,0.4830144370149151,-11.27508259136916,15.708974973584887,246.7718947207163,0.9367006665283142,0.11975068152960411,29.086184183982905,-43.6979414882469,12.726024795898445,13.434934011823767,17.833074332613446,-31.119583730451602,-20.67874732954028,-18.285026937765462,-7.243813317716513,18.531892292987145,0.12244151995823263,1.1660891672185492,1.3597639459044493,7.291874673280577,65.98624472658152,12.751630655659632,-2.5388420759011128,0.2840866246297715,0.3879345837569574,0.38701938315324075,-0.5014643624113051,-0.18559133347225565,0.012884934853478858,0.20234325028470174,0.5829275210437741,-0.02835043874959628,0.5435489285253483,0.29544543770105425,-2.73357859669477,21.42081533463999,2.7164458311299806,-4.095329719179333,0.2983493931089574,0.4036228561988109,0.3013620016197982,-0.5666342703437319,-0.1947599035948819,0.03476380076035153,0.208862952603929,0.4352901595037906,0.05404275827968234,0.7304713226309648,0.5335883531862311,2.967918864127,38.017982265522015,6.728430521237291,-4.5795378449623865,0.26436855874693027,0.35849920449128736,0.32538940286430623,-0.5048922190346293,-0.14092757265357922,0.008077170431820846,0.21757163183770817,0.5127364362199176,-148.17843336724312,12.126755215319315,147.05819205227422,-0.3953621191103999,-0.5908403595609557,-112.6,-179.4,14.677761963205468,19.94999999999999,148.17843336724312,-170.39000000000001,-157.14999999999998,-147.1,-137.2,-132.5,-209.4790223927104,16.63543007689285,276.7375338431912,-0.27504387353400783,-0.88207001819098,-161.69962839676302,-244.00888679326243,21.543134416085785,30.14883615185684,209.4790223927104,-238.00518302797997,-224.24726410553032,-208.100175422166,-194.09842795367348,-187.80412874757837,0.20407827966660042,4.0575982543794655,16.46410359394329,-0.29525212881180335,1.6728535664994046,14.359229185918874,-15.932936753110878,2.761507722333312,3.712619063833699,2.882736188322771,-7.1217645655228505,-1.5095407145059543,0.32117942256150833,2.2030783493277446,7.035233857416871,-296.03544636651037,23.20212383813863,538.3385506003209,-0.2891163049158623,-0.9551445923152175,-233.02354266045498,-342.41390814803026,29.973077547010057,43.117613707179714,296.03544636651037,-335.5334660721196,-316.7259296536639,-293.17543689814846,-273.6083159464842,-266.12503343156345,-0.1889834792472356,3.4728476212913555,12.060670600709026,-0.033462246387109706,0.32583355909215683,9.657244487078167,-13.03134133418039,3.6269455951364726,4.774091202455157,2.760339852926412,-5.3182971784141815,-2.672201239129942,-0.05800296423319651,2.101889963325215,5.57034390620509,0.2834510782509411,3.4706439808344975,12.045369641702727,0.08927767193869958,4.092997538252553,15.85919703049681,-15.27761998702769,2.0838921190885915,2.800378699114245,2.3374450908174222,-5.575340484131225,-1.032852509569274,0.22932456426561174,1.767526189544971,5.487672564068805,-0.05209012647090154,4.52021516483249,20.43234513638162,0.0878679965020345,2.5911069357402274,16.68882285750647,-15.351877436988339,3.2702777185883103,4.297822256781709,3.148303827510858,-7.061420910254993,-2.1372942242147226,-0.3090407276943843,2.1605280325669867,7.55124005782935,-1.0893184130213631,6.341155425436194,40.21025212953888,-0.4649802492623913,-0.9339649822332801,9.6,-17.0,7.116490648826889,10.7,5.214852492370295,-12.09,-6.8,0.5,3.9,7.3,-1.563974993269392,8.834999359491924,78.0572136822227,-0.4074485132758428,-1.104234865061966,13.046022001363161,-21.172329406213606,10.189902124377358,15.420770723383331,7.323740466465946,-16.222651966882715,-9.926864784497972,0.643298235505344,5.493905938885359,10.005712964349096,-0.09044136578782742,1.4467704899226006,2.093144850510882,-0.02682837940710306,1.7033478477279935,5.29704501287693,-6.264732535154198,1.1073535302847222,1.476576996968902,1.0535204514254464,-2.401023926964008,-0.8218154749749962,-0.09173611131382363,0.6547615219939058,2.2986654357505243,-2.2781115760821793,12.294550618463662,151.1559749099652,-0.37268113376443296,-1.1908290117821674,17.566586511958704,-26.32563484136892,14.29339142371289,22.223498407971682,10.27998088789998,-22.073235430195172,-14.336240755573197,0.8916069121337388,7.887257652398484,13.656172546304697,-0.07738128985190312,2.004868095499607,4.019496080352221,0.7158443553505011,1.8055558663592892,7.184725538052952,-5.60703249855369,1.513953150890426,2.0340436341513524,1.470602069992088,-3.244617510753204,-1.216441949329683,-0.1863433991276348,0.8176016848216692,3.302404379428217,-0.12499715725049941,1.3615331409108677,1.853772493798613,-0.14063252409268626,1.7085222358716559,4.662760054931819,-5.344022249693706,1.118355196610078,1.4509670920086202,0.9962201108535631,-2.1881502745023726,-0.864978545005617,-0.017157263351857847,0.5859885470030032,2.3181426740002227,0.07365858955386849,1.5067518126075126,2.2703010247960247,0.2537704161411542,1.1793868640123026,5.123065348803144,-5.196809975862351,1.1451806631302615,1.5989837511482485,1.101364317977926,-2.4186255936508987,-0.7561249352337651,-0.04195893568816975,0.8428588159144835,2.9020951967605857,-0.3180061037639878,4.395483589286398,19.320275983686038,-0.14659427817483428,-1.4940817427338307,7.1,-7.0,5.633888430321288,8.7,3.9786368260427265,-6.7,-5.0,0.4,3.7,5.7,-0.46101979568065643,6.238139787698582,38.91438801086811,-0.13431139406729894,-1.4982468497447468,10.014008852771306,-9.847096688624244,8.163852861676293,12.350537287048446,5.650518712643721,-9.409955009207835,-7.092977175391459,0.4792516857190327,5.257560111656987,8.150898109855904,-0.01082014287193329,0.17869293283050142,0.031931164243566096,-15.935309097179747,314.9724954129509,0.5441830328995465,-3.5684470082322886,0.06499394986682125,0.08731501929035927,0.06195058802737593,-0.10971029987033747,-0.046714967272385055,-0.0019130815741419394,0.04060005201797422,0.09911371013420996,-0.6831553495485096,8.882586722691302,78.90034688613181,-0.11821479273969883,-1.4969491486373887,14.118711465082267,-13.839637474391072,11.679191438753687,17.56983350019548,8.046304548186203,-13.3591585526178,-10.084183627778987,0.6378785749505292,7.4856498724164915,11.80713134916628,0.02511391275522138,0.3560202068938448,0.12675038771673602,12.864026199391711,189.20927467907842,5.298784814667118,-1.0150784221480242,0.07414070066639082,0.09955153668151841,0.09415377095480233,-0.12548041764637782,-0.04580620767678474,0.0016470367575747713,0.053745329004733666,0.15332407328655268,-0.015543932244191089,0.14927570901110493,0.02228323730076807,-7.325985660301122,70.51986948682588,0.3619204802588076,-1.5878636398476904,0.06926088527181362,0.091424560156108,0.06598514146276684,-0.1259695984007329,-0.04928298970550177,-0.0024044514693203627,0.042141570450606236,0.09717681329846829,0.012994148424390494,0.20154128481380484,0.0406188894843992,12.535292137650181,181.19805396423016,2.967698450949457,-0.3877187099396295,0.06545175377824003,0.08533825201216567,0.06631150500265902,-0.10732360027735241,-0.042485363277650644,0.002483463667259934,0.04285288873451503,0.11585025042090388,0.38036622583926755,2.418122294359159,5.847315430476804,-1.9489820811938814,3.3463332265430505,3.1,-11.2,0.8895613311033613,1.4,1.9380467955239062,-5.390000000000001,0.4,1.3,1.8,2.4,0.545692369163319,2.6776378159556575,7.169744273435783,-1.1563171854615468,0.18880098856785255,3.882444893456643,-7.703362952140921,1.4430460366048639,3.4756405118293783,2.409526860502527,-4.895629971513348,-1.062197370602826,1.7069268183732267,2.4134431412265522,3.2707451811678925,-0.03308249756136641,2.1105045426654514,4.454229424611506,-0.16237010370681423,3.6623891680060083,7.589112320617409,-7.778155468720386,0.5006538990010453,0.6649817057239188,1.1649689394331653,-4.077782325468372,-0.3387218588434402,-0.008010739350128582,0.3262598468804786,3.890642381485429,0.7931926031344657,3.5423075553839474,12.547942816930197,-1.0570853903515591,-0.11344485514600589,5.00068180464052,-9.808890346036645,1.6917864068831308,5.426785078213101,3.301054802819534,-6.182344971814546,-2.1006219228904137,2.524184639866205,3.3261631553226865,4.348107676339257,0.01449052480424211,1.2813733037111994,1.6419175434637534,-0.005121941572508539,2.0483860396891487,3.8391323530911485,-4.2825061665025554,0.7753290613324046,1.0238437408839456,0.857255693576654,-2.4321034988642616,-0.5408208427603363,0.0398633509234074,0.4830228981236092,2.646966623139565,-0.04623546008157225,2.066276772363306,4.2694997000081205,-0.2610958394535812,6.9953634994338465,8.34610986680738,-8.437263624149848,0.19767928541916377,0.2661409075969764,0.9301888175017627,-3.1360396654886977,-0.14925322291600665,-0.010264439038692284,0.11688768468096974,3.3461153869564813,-0.061873453337720055,2.1239159768279428,4.5110190766249945,0.29747077501333274,3.115740916790079,7.8350435146021145,-7.28312691440692,0.6216883078302847,0.8359477993864761,1.2295387374625535,-3.707236491252021,-0.5971340759458242,-0.026258357425787242,0.23881372344065194,4.126075722802076,3.0344862665310273,3.46260372156837,11.989624532619125,-1.6026196106557946,1.7492033034144203,6.5,-8.4,1.1860817748044812,3.9000000000000004,4.196032553407934,-6.0,1.3,4.7,5.2,5.9,4.305643440441539,4.865083338561876,23.669035891152365,-1.5783482285116717,1.6948363694203943,9.863969097984937,-12.939451830462351,1.624849456257036,5.53039366424564,5.918274906988356,-7.946661876614705,1.8811547722145296,6.684566362774606,7.411548436460169,8.380551744617735,-0.025375577952885878,0.47607391894772677,0.22664637630224674,0.19801190958054224,102.61957978018484,6.333238242575508,-4.469660218731177,0.0970048709705607,0.1310913494419105,0.14812751845668748,-0.2773702229259719,-0.07512916222036103,-0.0012603967281272221,0.05596218722154947,0.2331332641706302,6.128662656415527,6.792977325140796,46.144540939877004,-1.6038041125590057,1.8571989188877103,13.739787996179034,-17.668653206665255,2.332334176908163,7.548957491568211,8.30772832970283,-11.292346435594167,2.881033947408066,9.44172186162878,10.429991438976277,11.896829143162527,0.07391909545770668,0.9318119606225043,0.8682735299591554,5.343164984908743,38.10476062060146,7.352382658446558,-3.7623052773688643,0.2092387859167106,0.2819110993487799,0.32777936883493325,-0.4539960413662779,-0.16785830629199036,-0.008343906079744903,0.11405279305678953,0.5074106889105158,-0.03544925407767121,0.354605175388814,0.1257448304125315,-0.7318367247004317,27.01636875028986,2.770338522743192,-1.8939928739713439,0.10609077593875288,0.14265813499410093,0.14916221390346313,-0.25591187259184695,-0.08360760387109384,-0.012237120756149873,0.0590505311230071,0.21942446037380717,0.01990529699069194,0.5668124687064132,0.32127637468105863,-1.1865998778319813,58.28206917184195,3.6979658775328743,-5.744552439312156,0.1286175936456345,0.17504640444366254,0.19297588065686036,-0.3108601241840471,-0.09869860127765911,0.0027483936527231247,0.07634780316600343,0.32877944134776704,-0.0016560021249963613,0.1623132530507525,0.02634559211591762,-0.08517523933256074,5.728580206914247,1.024612,-1.023024,0.014010590964877938,0.018899,0.07978367187727418,-0.301101,-0.010736,-0.001405,0.008163,0.28844,-0.0023423451156157358,0.18935297225912698,0.03585454810336571,-0.40415660673531795,4.922866163158267,0.9596433650143369,-1.214140508412762,0.01809222939587307,0.024432906256721888,0.0946281186402022,-0.36503014500609104,-0.013688755078980767,-0.0017237451202006455,0.01074415117774112,0.34139553978190296,0.0005309877618488143,0.1297373006208078,0.016831767172373856,0.08908875870994751,11.250550016445526,1.012916608863913,-1.0257042889364196,0.007477184894559189,0.010077287684261738,0.05615554663489278,-0.19788861730368157,-0.005029323726373558,-2.502368819263959e-06,0.005047963957888179,0.2046603338336624,-0.0033138515383477987,0.24225118341791513,0.05868563586738036,-0.5480455279887348,3.6745622736011416,0.8625473451747595,-1.1984321760105288,0.025010824996448463,0.03389421688882686,0.12420623433363116,-0.5167663896861647,-0.017987879249485226,-0.0020024662834752104,0.01590633763934163,0.4417928502314476,0.00014328161627479163,0.11406556932149566,0.01301095410463693,0.046411349530681024,9.488662430005713,0.7543102557867019,-0.7903171041548342,0.006258468891240829,0.008468683194665712,0.05004487902558255,-0.18483268923003188,-0.004178549640291847,0.00012441833397068867,0.004290133554373865,0.18934844771799345,0.0007504308496768806,0.06696037894401456,0.004483692348326029,0.14576753665634473,8.770993753493478,0.4744454744896378,-0.4370371616056529,0.007326335545245307,0.009886082244585615,0.031149845237566292,-0.10487992200807895,-0.004863707353077967,8.656474642109932e-05,0.005022374891507648,0.10880327540946555,0.0007683709610703957,0.1708022353176069,0.02917340358949116,0.10403855397355652,11.300909194427872,1.2786459640366974,-1.3271723683731453,0.00745549298302446,0.010053775474956242,0.07277114208997523,-0.26297114603167177,-0.004922728450543526,4.4089655488015745e-05,0.005131047024412717,0.25870263568743734,0.0035776600442464996,0.33665623005408035,0.11333741723422588,-0.04799122994709645,8.781522259370071,2.148528,-2.913551,0.023785387391485373,0.032085,0.1555775534742235,-0.559403,-0.012805,0.003478,0.01928,0.5636990000000001,0.005058504902998834,0.4340786977430978,0.18842431583434366,0.2989877792876086,7.679843057093375,2.7244121592309276,-2.9881857613133382,0.032369264383053,0.04369389886157896,0.20360281973224562,-0.7427342292168017,-0.017829065860798618,0.004537702195535603,0.025864833000780345,0.7521181730588062,-2.4605477452894524e-05,0.19552683343465288,0.038230742592982495,-0.12011313263822938,14.226954679517647,1.7559011145980097,-1.9746375908267086,0.008451166290972572,0.01139880226540042,0.0822268891857953,-0.2882112329557924,-0.005721977980924361,-3.072295533295357e-05,0.0056768242844760595,0.28756898425648775,0.007150706961533534,0.548846414955383,0.30123238720937645,0.4858253497848921,5.452282491456444,3.2539521225237302,-2.5138077691931833,0.03994604184312021,0.05368382677541504,0.26863889507539146,-0.9843314332856893,-0.02171305485179147,0.0065602128871380914,0.031970771923623575,1.0226355949952137,-0.0003981458219730093,0.27486423707123997,0.07555034882075481,-0.1365223068383193,7.976025550776075,1.9096689916561653,-1.5443837415625248,0.021998448933856857,0.02966544162779333,0.12643326339054933,-0.4727255479694022,-0.014331060994084968,0.00021535605426216485,0.01533438063370836,0.44948973430502426,-3.4253012386807724e-05,0.16089279661191683,0.025886492001603638,-0.09758692409231542,8.255040817518093,1.1418727851475705,-1.0563875693542955,0.0075420712242769365,0.010150326797100132,0.07239569830897907,-0.2681943988502688,-0.004962150038568846,-4.047738505802908e-06,0.005188176758531286,0.26880279160674075,0.00032183443081130027,0.22485894971072684,0.05056154726501118,0.0014711302612677771,15.656467655989214,2.2571474342707396,-2.042310393800533,0.008988575492882,0.0121368544523864,0.09096528173740588,-0.3069815163357095,-0.00584491490578108,4.3472165004461774e-05,0.00629193954660532,0.3138008478847497,0.004171561857770791,0.08874123398075441,0.007875006608427002,-0.3249090761713581,6.927080445103453,0.537499,-0.636549,0.011298911507231193,0.015241,0.04420884651995459,-0.15033075,-0.003257,0.004363,0.011984,0.157984,0.005900100432092062,0.0815213623383684,0.006645732517503551,-0.12663394728676824,6.159732329223306,0.5148110221475015,-0.49507694484196224,0.013878621702711062,0.01874248196493973,0.0425034548721097,-0.13939441823806614,-0.0032139322864925945,0.006035533718582994,0.015528549678447138,0.14867609167702536,2.6419162724219467e-05,0.0954091860534921,0.009102912783389873,-0.03820113875070371,7.689623265099721,0.690856157636696,-0.6485194108296573,0.007602290278342799,0.010249195896748404,0.04447493428990242,-0.1639194585438441,-0.005071640460492502,2.5344813714744626e-05,0.005177555436255902,0.16232284399172836,0.008345831835699945,0.09196678905234382,0.008457890288598306,0.017958245061626316,6.3504386872691825,0.4998509864667161,-0.5173089623158316,0.018519239790866997,0.0249370128528595,0.04922735583604626,-0.14603165892275088,-0.0040431575690724935,0.008319690678354558,0.020893855283787007,0.17364002810262405,-0.0001759278962643042,0.06950718441652506,0.004831248685512825,0.27136123588707817,7.780165898718838,0.46853370165564473,-0.4645393337080356,0.006701950454683366,0.009084756186393119,0.03235599641414758,-0.11484276292683918,-0.004869945068284192,-0.0001735044690783079,0.004214811118108926,0.12108290421089561,3.7926886288294155e-05,0.10356517422112241,0.010725745311451438,-0.02736981929362232,6.529459045854214,0.7003223488342045,-0.7049620394309015,0.008202135516357572,0.011066642583808173,0.04921486565400306,-0.18211912202458186,-0.005518170458353072,5.743063378450391e-05,0.005548472125455102,0.18187938962370295,-0.0005367493781872543,0.08646749535786846,0.007476627753463004,-0.025440557732823593,9.006704614106155,0.5864879020091748,-0.5858240535941702,0.006782184444429692,0.009155108505424062,0.03889193744442351,-0.14299092509292488,-0.004635745695955186,-7.931114231199755e-05,0.004519362809468877,0.13692192622461327,5.6668325910400406e-05,0.8715607821059951,0.7596181969052139,-0.0017115299924728453,1.646006221585675,2.843416,-2.856403,0.6847072173680051,0.92392925,0.6219707129799436,-1.6605910000000002,-0.4603785,0.00038100000000000005,0.46355075,1.66017375,6.852181555082325e-05,1.2324309070861996,1.518885940741313,-0.0016808977335403537,1.6494500275826312,4.0234582579367455,-4.024091338927413,0.9694936612693779,1.3078901747279295,0.8789131767699631,-2.3433398730373636,-0.6522171684958754,0.00012810824525990097,0.6556730062320539,2.359552781156354,1.1023557701228034e-05,0.014878769436699066,0.00022137777995045026,1.1278205211662429,31.92555650194251,0.4142406348555667,-0.15943906745393355,0.014263581119306356,0.0191587764772833,0.011702860192016879,-0.022083216759825223,-0.009532094087350824,-0.00019133966330248456,0.009626682389932473,0.02216884745703844,6.237561115568914e-05,1.7420262705034502,3.0346555271241598,-0.0016104336574501174,1.6616060619602964,5.669738009609184,-5.604270670407233,1.345375715697773,1.8145400108399674,1.2402875444674073,-3.3104456916742246,-0.9041935289978752,-0.0012498138951017417,0.9103464818420922,3.308595033702471,2.8828702131246382e-05,0.05097667416688494,0.0025986213091167545,0.06222461630688447,1.0447653847210763,0.5632856393184948,-0.36396967530444746,0.03708913624423663,0.05002184320138474,0.03809591607639501,-0.0928332140794015,-0.024398795768692926,-0.00036189479137066147,0.025623047432691816,0.09370985584229326,1.480544415174544e-05,0.0060684584358007,3.682618778704068e-05,7.120067013719498,315.6686203768084,0.28000050865002596,-0.07818109773804659,0.0048716542289535935,0.006576920774502821,0.004203129995299489,-0.009091719623263224,-0.003306880154105193,3.699188935274954e-05,0.003270040620397628,0.009005617559653527,-1.8259963864365257e-05,0.020147308909010956,0.00040591405627511223,-0.24301595695415254,7.777901117644138,0.23594483504501115,-0.37360303439437276,0.01958812566026944,0.026476132151011918,0.01605404662555436,-0.03324545031278354,-0.013291115111681025,0.0002013584621991995,0.013185017039330891,0.03295339607188825
-5.786686991869919,7.894490694966979,62.32298333292022,0.8918642148859819,0.1303447630580954,14.7,-21.1,5.040847542919047,6.8999999999999995,9.009451219512194,-16.3,-11.1,-7.4,-4.2,9.5,-8.14471053660106,11.213302678514705,125.73815695998506,0.9170120185214313,0.13910449726816276,20.84827962477555,-28.727793634158388,7.1774451878248815,9.76229833406413,12.776802488337841,-23.173432357515008,-15.741607770660472,-10.63202526016585,-5.979309436596342,13.538215788501175,-0.04509484492608393,0.7644243938425515,0.5843446539015522,-3.7620694963295396,36.98110028043296,3.4317984558896732,-8.130624570674167,0.3052481612942673,0.4115006148090653,0.37103217785163867,-0.7610547223455013,-0.2101911744448713,-0.004874893455124485,0.20130944036419401,0.5899490564050824,-11.435630850244795,15.990349061678268,255.69126311431506,0.9393126471319729,0.17054629311741154,29.520807495255617,-41.70067779673447,10.267581724753247,13.93932995849569,18.15742618584641,-32.077827244751326,-22.320540463248356,-15.268000876521175,-8.381210504752666,19.004673200039974,0.13682436630167835,1.4603438351765443,2.132604116938138,3.4374705803708894,26.013037161539767,12.02368227394496,-6.583181190991436,0.35463634588843573,0.477131396943832,0.6095617147765272,-1.2420390358201476,-0.22571984909193887,0.0232203525365422,0.2514115478518931,1.430370509166457,-0.06377885861889852,0.682729508816846,0.46611958220929184,-1.607675590800625,9.641494579866448,3.1192709432114865,-3.841929528026721,0.3299060269019903,0.4384295839169261,0.38521455083760325,-1.3399604826487985,-0.20371430526399892,0.015310678858649753,0.23471527865292716,0.7197618803623224,0.06604328697002904,0.8265157849686683,0.683128342802374,3.60874648159841,23.31441753159417,6.7088573356728,-2.8765543468154617,0.328658443824309,0.45839798880467203,0.4036511524970949,-0.6325005204780847,-0.23838834288023075,0.015394024504652134,0.22000964592444128,0.6316333034535029,-149.38282520325205,13.154227416644266,173.03369892879567,-0.5260668435145732,0.0007248925725398259,-111.6,-194.3,13.565810299326266,18.125,149.38282520325205,-173.855,-157.425,-147.85000000000002,-139.3,-131.3,-211.1749005122476,17.843282442824428,318.38272833440647,-0.3783379172346573,-0.4346242118947834,-161.40974483614522,-267.4187767460515,19.76303182284991,26.194326721193136,211.1749005122476,-241.06484409414756,-223.24255380279345,-209.15535504094564,-197.04822708160032,-186.98785542148255,-0.1689814850891036,5.193784425440396,26.975396657947226,0.11540806619922171,2.0569285518594613,21.151720582973997,-18.642176070951077,4.191700099638432,5.649475289020431,3.786911420794953,-8.751095041097528,-2.991281440971937,-0.20047121064547468,2.6581938480484943,7.689500705219812,-298.3635824808555,23.79305379789058,566.1094090293153,-0.2690182468565869,-0.9261986474920216,-231.59188124729928,-346.7706577102471,31.796223420448772,45.21053557571361,298.3635824808555,-338.47626354156296,-320.8672879838889,-295.577781481771,-275.6567524081753,-267.79280145754285,-0.32225832087059847,8.269170929556354,68.37918786221991,0.1565090010514714,1.2954187296265562,32.29888069375603,-27.735873966675094,8.041900730161291,10.889048690667472,6.288919112262884,-13.76853279203234,-6.0822618403604,0.12477743236467731,4.8067868503070725,12.11338901499932,-0.24378678111820454,4.511266617597478,20.351526495049388,-0.01579677039791787,4.565811503190378,17.977100612328265,-21.17897636292035,2.9087297342063216,3.8318951581514025,3.000380159304946,-7.322430627086186,-1.9711592810865795,-0.24229910174277258,1.860735877064823,5.933631947318515,-0.4075888235275493,5.720982709899309,32.729643166966845,-0.003582041993779891,0.5101118063371377,17.177505240844084,-17.069120181317803,5.215159870136007,6.976230658762119,4.467063064843541,-9.452078512612577,-3.929275577946717,-0.4057235896171016,3.046955080815402,8.611022268067643,-1.3728658536585368,8.963743905032812,80.34870479501289,-1.8407446920773494,4.185085993337038,15.6,-44.8,6.523449761424649,9.3,6.09359756097561,-21.2,-4.6,0.8,4.7,7.8,-1.9663044907948286,11.921736638736615,142.12780448339498,-1.6949947788996533,3.34488997632484,15.524933160534937,-55.89054320640972,9.260068601106108,14.005036768909488,8.286909107341472,-29.547741552549496,-7.30600431270469,0.9743533360715554,6.699032456204797,10.412466295147436,-0.014078807391533462,4.223578988297864,17.838619470391205,-0.27488717220514625,7.584448020918638,19.85046848559216,-20.895913824571032,1.5320514097597868,2.084376024644717,2.335127092010314,-5.639803123130952,-1.0447573946702189,-0.013132984933692582,1.0396186299744983,5.454955666646617,-2.8463452606264363,13.249476716601231,175.54863326375815,-0.5355738166716013,-0.8262963436441244,15.890401796374125,-36.95651181198265,15.041522590532159,23.120334019103513,10.843652082821215,-27.03865816172557,-13.759049430295448,0.7292248736061675,9.361284588808065,13.76974872274807,-0.506604304524524,10.269865089796086,105.47012896261238,-0.1563005560930938,7.994604113374399,48.119395448398706,-48.72892704896119,2.4437655143712242,3.343180040142164,5.045587062612821,-18.237555975798642,-1.9270850465715788,-0.29044661908417013,1.4160949935705853,13.935586206508203,-0.01684210887666418,2.264518077264471,5.128042122257576,-1.1321290414889205,9.67515181881708,8.077931264679222,-14.994121330652364,1.1942282635009058,1.6388526870150417,1.4073274123947912,-2.8643254484520186,-0.8340957652624668,0.0063152592770416675,0.8047569217525748,3.311780306941431,-0.03874972765029237,5.482511808847308,30.057935734150178,0.45508543803098706,6.746268549892209,25.742671415665534,-22.195303408173064,1.8102796326574573,2.4435628219333436,2.9742185957727556,-8.356443405768566,-1.2401699409849294,-0.0959505344802345,1.2033928809484145,6.890109506108484,-1.0293699186991871,4.136450749888072,17.110224806249587,0.05105165755821249,-1.4510494525197886,6.9,-7.1,5.930408874022408,8.1,3.7956300813008133,-6.8,-5.2,-1.1,2.9,5.0,-1.453538059278606,5.871682704661028,34.47665778421545,0.061777025276731436,-1.4476480359050286,9.699904438800498,-9.941907465998785,8.440389497617458,11.576977670420112,5.391267974417256,-9.557973113573656,-7.474512185027409,-1.5391898792324485,4.1024654853927025,7.140652369355532,-0.008640743293327782,0.1641077652814052,0.02693135862565678,-15.683155187049035,307.3462957555452,0.49399633106645546,-3.255906337392911,0.06273444575216008,0.08387842513690658,0.05840643437230864,-0.10351570421951486,-0.0417338699375692,-0.0022657692722513334,0.04214455519933738,0.09483414598817162,-2.06995750370187,8.368691396946875,70.03499569733265,0.07912274144583836,-1.4355652808722594,13.608112500778823,-14.007496062780625,12.149563848934697,16.43424935237887,7.678831142851844,-13.460134422428213,-10.619397924716656,-2.31286966611325,5.814851427662216,10.202826657387286,0.02458512405414737,0.32257822123963087,0.10405670881812423,12.332871807554831,178.52406313687078,4.734709802355323,-0.9119913752799449,0.07252617400243651,0.09880353897161287,0.09396046098944598,-0.14743771728841182,-0.041774797539342545,0.0013654655885138034,0.057028741432270325,0.15695375262289335,-0.012161043800319831,0.13717765550022334,0.018817709168537956,-7.378893151998976,70.85428674503626,0.2872698529586603,-1.4772931383103913,0.06466970827237167,0.0897617524361769,0.061265316135339885,-0.10945102399748596,-0.047325325532828914,0.003783553125207697,0.042436426903347986,0.09410037413795504,0.0077352118998432655,0.18524156027292932,0.034314435652349304,12.363652273662835,177.85504510194585,2.710945292939884,-0.3769913576729308,0.0617038017191676,0.08304692407853126,0.0628725304942616,-0.09972098588506786,-0.04707655545607901,-0.006093952233110116,0.03597036862245226,0.1110566075517089,-0.13851626016260163,3.2731337750060265,10.713404709085202,-2.4796626267844375,6.488438234485338,3.8,-16.7,1.0378215529539212,1.5,2.151727642276423,-7.4,0.1,1.0,1.6,2.2,-0.18726022626074112,3.676392086229258,13.515858771689116,-1.6221226516667826,2.0489935894840077,4.1693337922522735,-15.007737958046226,1.4726669932285592,3.786842787655367,2.7949713607747833,-8.052001207842045,-1.5839151504410123,1.4340548891795664,2.202927637214355,3.0133197357257377,0.023290149125824926,2.792046764001751,7.7955251323726475,0.8496555261672742,4.917734260555172,13.305846139889136,-9.259847352000271,0.4836103998130299,0.6431414107528667,1.4788061435416007,-4.648237980098111,-0.39228046267737393,-0.01079888153967105,0.25086094807549275,5.478146894658437,-0.23489420715862697,4.491008006902352,20.16915291806104,-1.1031978263294862,-0.07574163003891154,5.4396903457263965,-13.407515751397419,1.6951497161897282,6.254935547493014,3.7533014660904405,-9.460287355095772,-3.360156238705925,2.1779351774140903,2.894779308787089,3.88640888458937,-0.025926243013831868,2.5614190061144133,6.560867324884149,0.08933953332308268,3.7181160593147426,9.701513197242665,-9.736266275056629,1.0096505947583299,1.302630592679422,1.5254430295453818,-4.762696185391495,-0.7447558313093718,0.02405489876756578,0.5578747613700501,4.400615699959383,0.03242668120792256,2.469506315245001,6.098461441034942,-0.12517173613359364,8.338928024309363,11.777509991532591,-10.357125720961193,0.21130013496660258,0.288788093918556,1.1341808426240607,-3.514573629198189,-0.13278081895794713,0.004280562544451907,0.15600727496060887,3.730838992053601,-0.09021553286542022,3.044189767033151,9.26709133770935,-0.3290180709781747,4.185152862622082,12.111299152090305,-13.088361790717409,0.6670129859838028,0.9549902260581201,1.7129652664535797,-5.635885235850117,-0.5304115332981489,0.014913603370857636,0.4245786927599712,4.753712634865151,3.105081300813008,3.1065716132920755,9.650787188512128,-1.5857949199537948,1.8123030835793603,6.5,-7.3,1.1860817748044825,3.6,4.013414634146342,-4.685,1.6,4.6,5.2,5.8,4.391885661984065,4.360958308771589,19.017957370843956,-1.5359047748517387,1.615230114496657,10.03319514531686,-9.64643800369757,1.778683677681951,4.987179623890316,5.657719898756686,-6.200190391653722,2.265333811494254,6.426822804570046,7.25251343538457,8.20241673703439,-0.039337644442251504,0.42180029874240044,0.17791549201917828,-8.34093052236534,80.06941331347666,0.6786252959408561,-4.528828391819247,0.10559477442164189,0.14268044900438787,0.14434342375609371,-0.27824566444493104,-0.07114017958987187,0.0004360344238205083,0.071540269414516,0.25137682794049365,6.2190285747681235,6.065789374593387,36.79380073693004,-1.6071592293788914,1.976189021632086,13.031171659366311,-14.294727910028891,2.586970521376991,6.910146775101429,7.926610198134258,-8.84540918185235,3.385026903944437,9.068427527053199,10.295173679045867,11.376248472151264,0.09157131626433411,0.879352100554003,0.7732601167487374,5.858429502998707,38.94853992156558,6.654884453749198,-1.2791203759484941,0.1818397925174726,0.24602830208031182,0.3181910820321825,-0.5039696802641854,-0.11345018920829819,0.014293165754772547,0.13257811287201363,0.4791598721821727,-0.05420768067850924,0.3333270467533698,0.1111069200973232,-4.061960455422346,17.699306062358588,0.4654388116115115,-1.9123910351703493,0.11063394029762433,0.14826837003964943,0.1470189760959265,-0.289592001063253,-0.0801999702163303,0.004998428233317498,0.06806839982331914,0.18187137233884482,0.0639388319333682,0.485720464391679,0.23592436952886828,5.909480121685144,39.106728994091554,3.7275546518142604,-0.5162399907284158,0.1423950604050015,0.19043515348495754,0.1891361193787773,-0.29332726315323177,-0.08215319611166066,0.009673366635041153,0.10828195737329688,0.31793231065606886,-0.0027211761272669045,0.35159910600299793,0.12362193134210739,-0.9503586870749753,8.216095325993226,1.47397,-2.270066,0.04458481391490046,0.059966000000000005,0.166626716109219,-0.544679,-0.030883,0.000497,0.029083,0.551006,-0.003849931187931105,0.48381984228189073,0.23408163978567365,-0.8428043508025153,8.107890197896879,2.030891673705307,-3.0508555803350474,0.06257257381029202,0.08409378951659877,0.2310359483674059,-0.7260351189432095,-0.0435674781261013,0.0005324317618083654,0.040526311390497456,0.7563665504658144,0.00028572213381623573,0.11463243673164931,0.013140595551035581,0.10595439643827041,24.554394151280114,1.2020279338373299,-1.1848623455946623,0.007267296795050758,0.00979631531342558,0.04409833747974377,-0.13617944829547493,-0.004921252394574719,-1.2036801708421754e-05,0.004875062918850862,0.14074094250572733,-0.00544900167970894,0.6776789322544493,0.45924873522153054,-0.8138479287342603,8.037156262257433,2.828056164915236,-4.084071840725746,0.08821018097241029,0.11859409270714265,0.3249472021909847,-1.0206504287927838,-0.062112391473111955,0.0005149402857780265,0.05648170123403069,1.0535623902797497,0.002085199419916555,0.09396068664690611,0.008828610635158081,0.1785696789909767,18.109378930252806,0.8539269413418349,-0.8150041016243218,0.006707774860416674,0.009042513972368675,0.037544650086613805,-0.10447042660401565,-0.004375656032013904,9.777196231477384e-05,0.004666857940354771,0.1220515946944449,0.00040384858668755097,0.061730068769699456,0.003810601390311824,-0.060666488894032145,14.347348115934906,0.5697565333410864,-0.6205946552991384,0.007243522054065748,0.009773750543361125,0.02713700847656462,-0.08709153681872477,-0.004813424879512695,6.233984917508774e-05,0.004960325663848429,0.09131736843497888,-0.0002997910498171413,0.1498863447093709,0.02246591633033636,0.18154881062328435,24.93352021421808,1.5656263779313688,-1.4954352281006946,0.007229185412070564,0.009734077802154607,0.056145634995119445,-0.17773527092657826,-0.00497815530635691,-4.419150895209963e-05,0.004755922495797698,0.17121416928769856,0.004267636916717608,0.49692602433338584,0.2469354736597848,0.6999681552579148,6.597817515942774,3.393018,-2.745552,0.06369407390921916,0.08604200000000001,0.24807408610601694,-0.855819,-0.041586,0.001555,0.044456,0.916957,0.006040410962853852,0.6834924638477222,0.46716194813662987,0.7641011727318385,6.4362224273864275,4.090328025179108,-3.4522326141457875,0.08962761608166932,0.12089728065394106,0.34263564663252727,-1.1647283694506567,-0.05853417690773206,0.0019475228066842924,0.062363103746209,1.2792908630195994,1.0100321202444186e-05,0.16329800124689814,0.026666237211231944,-0.1731745952091702,16.674074197629885,1.6234967372047338,-1.5502384178606257,0.008269983814616858,0.01115685936830797,0.06620760209276184,-0.21706890957886393,-0.005593805665097934,-2.04938050343982e-05,0.005563053703210037,0.2167627569304615,0.008556945357577117,0.9394411031368572,0.8825495862629952,0.7930226721309447,6.028974237063416,5.599376431151509,-4.2479886544786645,0.12498125003508057,0.16857968881067903,0.47578533408144286,-1.587882358551168,-0.08222864576741795,0.0011652357182666412,0.08635104304326108,1.7712112808512255,0.00012161404361361006,0.22718418327256884,0.051612653129224154,-0.09238484030456079,11.505744653786238,1.5722166093564909,-2.0790269003990587,0.020655970611057946,0.02785380056818016,0.10273957699512007,-0.3593825741324784,-0.014022842092756265,-2.656856560990335e-05,0.013830958475423894,0.35572556571263036,1.4323099129575232e-05,0.1461238117328459,0.02135216835533619,-0.037358625347402676,13.44616379028523,1.3515714483548487,-1.2747404919792626,0.007474375353101592,0.010084382049633156,0.06194063693873687,-0.21235566126502817,-0.005115793152139816,-6.808680650796759e-06,0.00496858889749334,0.21041838924390777,0.0007539187607695441,0.17880276243669294,0.03197042785499245,0.36779185809882764,20.161324937767056,1.8017283100714576,-1.7494678093386675,0.008882818124701514,0.011968931277909822,0.06952560443345963,-0.2252671226019288,-0.005971275455925469,-4.2412837142742036e-05,0.005997655821984354,0.21927132176084135,0.004930634384187697,0.194496532037084,0.03782890097445244,0.17391860768946313,9.298032088934653,1.541838,-1.19061,0.018562179775690135,0.025039,0.09194135641719793,-0.28949674999999997,-0.007068,0.005573,0.017971,0.3047245,0.006973437264586841,0.2600549378521233,0.0676285707012717,-0.1554740930052728,9.207051017909938,1.8784567976006552,-1.5805389646030266,0.024866161112563238,0.03354024294685317,0.12289108968705739,-0.3743102043097456,-0.008758626342571976,0.00799433467039128,0.024781616604281194,0.39975524696903036,-0.00020588725546050453,0.08956890986731099,0.008022589614818481,-0.07666793560172719,14.118908179704235,0.8615257745211565,-0.926084493037071,0.007539769076619045,0.010176748613539859,0.038684628758178144,-0.1309403611371668,-0.005109532055441285,-1.4116511455571849e-05,0.005067216558098574,0.1279147710152984,0.009863206599796254,0.36301956973519306,0.1317832080107247,-0.2634945667455857,9.1767015685936,2.2909576501645232,-2.0937212820177438,0.03407855670006591,0.04596584811659484,0.17149387028168056,-0.5219228307097159,-0.011318483177230184,0.01168457440264974,0.034647364939364655,0.5557496173522994,-0.0013603764365372813,0.05872386248794639,0.0034484920255032376,0.038316091923758865,16.97062434254276,0.6346821270213096,-0.536391564346483,0.006621637986882771,0.008919791822561123,0.025799231082149453,-0.08375486052687801,-0.004671921714792026,-0.00017074102250830996,0.004247870107769097,0.08077746353345555,-0.00029093817685180775,0.10081871012627176,0.010164412311525213,-0.05385572164340022,10.599754188743582,0.8846095328665795,-0.8525239987065311,0.008414923892175257,0.011355847799120918,0.045087408835330606,-0.1597695120739527,-0.005711922552212179,-2.0022855458617754e-05,0.0056439252469087375,0.15640613713070906,0.00038469613756197805,0.07666694292112723,0.005877820136871382,-0.33668371215708115,27.629323471965428,0.9037310550218735,-0.8947775639457556,0.006491974450662304,0.00875294778399677,0.029806318956227915,-0.0892335947368145,-0.004317487771042059,-1.6837650008570828e-05,0.004435460012954712,0.0895027552144089,6.348273804325684e-05,0.840117258393225,0.7057970078501488,-0.0010667159437048376,1.452593412299099,2.729042,-2.705878,0.6860074595136346,0.92531925,0.6060935414810934,-1.563794,-0.46174025,-7.4e-05,0.463579,1.5657975,0.00015562250875038268,1.187970102726331,1.4112729649716094,-0.0012094139239355857,1.4559598386245423,3.811982122406705,-3.8393588205226172,0.9688733193819596,1.307002694914821,0.8566146309606475,-2.2200689811889336,-0.6522063718208135,0.0015188359009391935,0.6547963230940075,2.2078753391145916,-5.364824261326876e-06,0.015730299503212912,0.0002474423224607804,-0.09601759139354454,4.939775180075985,0.2380554822330279,-0.24622835642627686,0.015023693140075648,0.020317756672942056,0.012403263606202048,-0.023893479038010222,-0.010095416059651818,-0.00011808364675869147,0.010222340613290236,0.02395819142591048,0.0004064234316719752,1.6790988045497246,2.819372795440314,-0.0014758599183863081,1.4686142047897945,5.318696827811798,-5.396272559545658,1.339589246909075,1.8072963342347212,1.2093755485069855,-3.1187883160591854,-0.9028671923572956,-0.0019025555965406088,0.9044291418774255,3.1182279270148507,-3.55121750654874e-05,0.053657972359638366,0.002879177997747715,-0.009033721195782093,0.2691142990613029,0.1567672506731036,-0.35488670694718183,0.04028696462779688,0.054151760030480875,0.04015502264667271,-0.09896664242282946,-0.026961051809548803,-0.0006970268170044466,0.027190708220932076,0.09958234399785536,-7.295108407832971e-06,0.0064512348820622,4.1618431503536096e-05,-0.7271264718594961,28.10054866211099,0.09651758593060981,-0.1451304202268309,0.0054150366576836894,0.007325966510913247,0.004727925062226286,-0.010335250176886362,-0.0037164790980972868,1.3177868679617889e-05,0.0036094874128159604,0.010338219875562838,6.5846416059503825e-06,0.0212886993568891,0.0004532087203080104,-0.004327614841378402,1.3140447589369808,0.22714602416359048,-0.19555765949497458,0.020080374228676177,0.02707172764835882,0.016866850535458743,-0.0364703359293196,-0.013498053204320062,-3.805992469232717e-05,0.013573674444038756,0.03626124093959949
-6.004069175991861,7.766214208777566,60.31408313661855,1.111438582312089,0.26315572390280195,14.5,-20.1,5.633888430321287,6.199999999999999,9.235605289928788,-14.8,-10.7,-9.5,-4.5,9.689999999999998,-8.453593622737323,11.023521154633428,121.51801864665072,1.1332545832740786,0.28769377378623684,20.354403032202885,-29.110081095698792,8.058258367107719,8.831972912061236,13.090485544286414,-20.32179019978297,-15.1934515113015,-13.820473711225947,-6.3614785992402645,13.571296795676732,0.007049776911436359,0.7607613699076986,0.5787578619438383,-0.4661058152610973,42.97269260325765,6.675860957003413,-8.23165240005931,0.3633198670408343,0.4899882417363127,0.3927642323745417,-0.7680853709053691,-0.2539436513231012,-0.005689413414965538,0.23604459041321152,0.7352452425803258,-11.851425353360515,15.723096400380637,247.21576041566254,1.1481602487984612,0.2781529069006945,28.57017542373821,-39.62704212024592,11.262794279473423,12.669703305266843,18.569118912964573,-28.423620917601355,-21.43245187123214,-19.735593068673836,-8.762748565965296,19.350678314057276,0.11515033436520726,1.2454807987602023,1.5512224200803517,5.324558159978033,47.32424476146009,12.762140286968737,-3.6766453745284347,0.3581415214814298,0.4792754727583616,0.5414650392306166,-1.0345672710212694,-0.20647327763521128,0.026732630958797632,0.2728021951231503,1.1586651759944724,0.009902050228834572,0.6389316881724936,0.4082337021509526,-0.7872932718304637,9.310470611935246,2.7579859384517116,-3.516529332277002,0.342028791973755,0.44473853056954493,0.37808755105099334,-0.7192968284296389,-0.19805709727444867,0.011482266183417012,0.24668143329509626,0.8623572654072834,-0.02384703193986028,0.8566470521991812,0.7338441720415468,-0.1351303217038992,29.060016088609295,6.859898933250224,-6.138468456388268,0.3797481001946871,0.5097359025689336,0.4257852288785494,-0.6948963917145793,-0.2559666579681987,0.0012237130980846146,0.253769244600735,0.6224066695480044,-149.6671414038657,12.969080872006458,168.1970586646438,-0.3880610118047518,-0.4089433896793575,-112.1,-190.1,14.381241519504322,19.900000000000006,149.6671414038657,-172.07999999999998,-159.1,-148.6,-139.2,-131.8,-211.57031870097012,17.729226680125425,314.3254786752712,-0.27640336016571054,-0.7330438475945993,-158.64613667384435,-256.06182691456837,20.686720001086243,28.905643667660144,211.57031870097012,-241.87993700354522,-225.35388678930104,-209.73991991623018,-196.4482431216409,-187.58565148768346,-0.07098672050874132,4.6115195031051055,21.26611212751876,0.28254736119524526,2.3960966278789533,23.371635469533874,-18.662418864262296,3.8257452115604864,5.160529904900814,3.3675757064379503,-7.34949104435684,-2.644153884233444,-0.0786688161514828,2.51637602066737,7.305917832638432,-298.9501281474029,24.006292280370033,576.3020690505538,-0.26580270342660506,-0.8846490859189737,-228.3769631623382,-348.1058208640755,31.800400553855166,45.068228900011945,298.9501281474029,-339.10890532799067,-320.6842578050058,-296.1690987982029,-275.61602890499387,-267.7703121907408,-0.21085290390497663,7.063050969449568,49.886688997042484,0.2331302587436666,0.006958305529261466,22.104322176510255,-15.397819064711587,7.192786468115076,9.665112455993112,5.666282057516575,-10.929442858463268,-5.485776934524678,0.3508662088296788,4.179335521468435,11.19823312293638,-0.09587504476328003,3.612134314077359,13.047514302935113,-0.43085964342714195,4.069821732774798,12.716589410352297,-16.05479651166103,1.9595781014241307,2.653698366626653,2.3338096816273635,-5.866176610049278,-1.2260671423010123,0.13459259753636957,1.4276312243256408,4.83416885580778,0.09811187287236023,5.37617619560373,28.90327048617619,-0.2631837231843239,1.0806432665046684,16.469228935960096,-20.877201308112355,4.9323416744778825,6.482792524821752,4.091362809391582,-8.634858376849692,-3.156796140316159,0.4889608385333767,3.3259963845055927,8.518645997306239,-1.1587995930824009,7.887930784983317,62.21945206868753,-1.5119840407508185,2.675044934672992,11.5,-34.3,6.523449761424649,9.2,5.627975584944048,-17.349999999999998,-4.7,0.6,4.5,7.7,-1.6613921669996363,10.525026655759758,110.77618610445343,-1.3825443896856642,2.1953764495066457,12.771928105799784,-42.981229732774466,9.39919191476793,13.195005409711559,7.651921444921545,-21.10241250033371,-7.054902155412931,0.7672673684794665,6.140103254298628,10.573650413770196,0.012939501685688788,3.6089401992021064,13.02444936141694,-0.026585278504646374,4.8007711299059945,16.908544832922406,-17.52843604626347,1.583151521273803,2.1846932182744316,2.2220936167614465,-5.408311129594899,-1.1505996760639023,0.015967179727157887,1.0340935422105293,6.025944795728484,-2.4150998286056957,12.46919300323196,155.48077415184883,-0.37507369198340257,-1.1084253874834666,15.835219946603921,-30.313950375999056,15.028689629602908,22.830803365722257,10.422170569825301,-23.06301453136875,-14.162744174393712,0.8068074717909629,8.668059191328545,13.981413677088064,0.37344261233203857,7.991486183024834,63.86385141347683,0.6644793578061072,6.391719295353054,34.55005322184502,-28.084947025417534,2.8181809580562662,3.658133015410951,4.258952356315723,-11.32162378871362,-1.7173040994606459,-0.11698310783437887,1.9408289159503052,11.080490315233956,0.017546551678834312,2.4070403625448025,5.793843306919815,-0.2116674983266881,5.613340672899428,10.366915742076296,-10.006628695051216,1.0139938458976234,1.3696144632653955,1.4197972700061852,-3.89437747898636,-0.7014649897966652,0.06428861566196493,0.6681494734687303,3.6835176688443916,0.06725966823245844,4.460099832474375,19.89249051563795,-0.2992256244471614,3.8427662994226557,16.37910018818987,-16.476289723871325,2.1029386803383754,2.82392657130675,2.7824789282228743,-7.0110384603236335,-1.2395057264273892,0.12208625727988975,1.5844208448793609,7.173128334983797,-0.7676500508646998,4.247837253744617,18.04412133430061,-0.051060569862952446,-1.452388946320306,6.9,-7.1,5.7821486521718475,8.45,3.819938962360122,-6.7,-5.25,-0.3,3.2,5.2,-1.0941276950470353,6.030575667249414,36.36784287842071,-0.0384871232186626,-1.4538663722317975,9.739614039278294,-10.052353668109333,8.25680219884789,12.149737949522752,5.429572949257449,-9.515087966533008,-7.533310176014953,-0.404362018932283,4.6164277735078,7.3976490664334715,-0.004336200181938187,0.16980266361943222,0.028832944572254052,-16.87636041811801,340.07152665868944,0.3496989776940327,-3.4505286465549867,0.05861347765480054,0.07993541159287994,0.05669337214396576,-0.09639018477044282,-0.03937516637200657,0.0022657692728521583,0.04056024522087337,0.10049681817624265,-1.5708707687046697,8.591936637956513,73.82137519065945,-0.02224381317442537,-1.4481810136008328,13.662517981175776,-14.202209416259358,11.83369554649892,17.376585604959853,7.732765256979702,-13.486380901875691,-10.809214984605475,-0.5951428709555667,6.567370620354378,10.863413534300737,0.014810525138416976,0.34887440332721426,0.12171334929691975,13.043173009804457,192.8134973391849,5.207004811032981,-1.012668219541838,0.06824734605373016,0.09008862072526838,0.09108642429212677,-0.14555580737042945,-0.04927148746935671,-0.010723010653172271,0.040817133255911665,0.14341554363397416,-0.005476826982332387,0.14403427275540362,0.020745871728178007,-7.842801014659735,76.0468332562809,0.266215325238212,-1.4557358012703812,0.05944959935314294,0.07894765712022045,0.061908464226356395,-0.10180799321825312,-0.035164863862840234,0.0059660113072569285,0.04378279325738021,0.10907979109485139,0.010536587958672856,0.19018149675580634,0.03616900170827878,12.265525495165742,178.0036522215014,2.786098877176068,-0.43197762677342777,0.05716440151732424,0.07635941787687445,0.06133570484317792,-0.09144859042712077,-0.03457314060639728,-0.0007411098217081713,0.04178627727047717,0.11843770211829785,-0.09664292980671409,3.1857226833046903,10.148829014922036,-2.294863033910742,5.0307759134773065,3.2,-15.4,0.8895613311033613,1.5999999999999999,2.1495422177009154,-7.9,0.1,1.1,1.7,2.2,-0.1257273119830728,3.4738398463119995,12.067563277824975,-1.469684980870944,1.3811783075078576,3.473457554747807,-13.20875872799456,1.5659858499798653,3.999101881652173,2.7269163562842587,-7.556444314537141,-1.7855308003427026,1.4127589139489232,2.2135710813094707,2.946376901969056,0.02563988732648895,2.8474035202043475,8.107706806872109,0.6588659955364146,3.3110681849007806,12.40894374863045,-8.516485226813707,0.48034630619570756,0.6386202999176479,1.5452368802306609,-5.586186994414455,-0.3927704798859497,-0.010798881539557905,0.2458498200316982,6.344630990359492,-0.147372753726424,4.409029329193358,19.43953962568723,-1.0223410175813685,-0.3469185825375476,4.887337473434059,-12.484165957777513,1.7763076223987109,7.023528373917834,3.7859915550761856,-8.957994529578873,-4.006868312088018,2.258740728277492,3.016660061829816,3.815295439442555,-0.005964480971143873,2.1081058359293174,4.444110215479247,0.5468028335198643,2.5330279443436527,7.483330948757122,-6.156988151615657,0.9690376447483867,1.316652221119976,1.322876911130789,-4.062825360986233,-0.647876142802906,-0.02499088342651634,0.6687760783170702,4.551736835973578,0.035412609335857374,2.319208585540356,5.378728463244099,-0.08074322901344265,5.865548474456851,9.349626456851727,-9.836896256611247,0.1978969818866605,0.26887827469695486,1.1068105484656583,-4.256583582842439,-0.13020441805350147,-0.0030466425467364573,0.13867385664345339,4.427663888310882,0.16463300930297023,3.2532411392644307,10.58357791020253,-0.6730560006584035,3.6840840871470855,9.743284178053297,-12.0196056858726,0.5575361439590789,0.7983472123429146,1.745780788038588,-6.47468576464858,-0.26404985740795794,0.021139902060530166,0.5342973549349567,6.338444414340185,3.0313326551373345,3.33278284006402,11.107441459025196,-1.5896777483077236,1.6834022989429434,6.4,-7.7,1.334341996655041,3.6,4.126347914547304,-5.59,1.6,4.6,5.2,5.8,4.297463690059437,4.67174364508327,21.825188685375913,-1.5909618344889667,1.7355505211523772,9.739264121140925,-11.661756126096897,1.7576088086676067,5.002926538669436,5.811368004549816,-7.705084607736526,2.331262285449349,6.522229227427448,7.334188824118785,8.158703607986858,0.017735296562259535,0.5306730945357144,0.28161393326411127,7.171810483012463,96.30410828684568,6.135758761309442,-3.9122437808899573,0.10742777453252159,0.14568940825096727,0.15353025697907507,-0.2539578690552738,-0.06970623885361264,7.961360531799633e-05,0.07598316939735464,0.2383322456545783,6.106714485470388,6.501565529796496,42.270354338237986,-1.572586682812431,1.7720073202671696,14.40747346711254,-15.41746425651841,2.517626078943826,7.343271248683721,8.12576981823456,-9.951220533853014,3.081909074174386,9.211495634769024,10.425180322858107,11.496388985415706,0.0777177123326744,0.9795820595980823,0.9595810114864209,4.303330578692619,30.80325913360651,6.947697239547399,-3.565316209825682,0.18787407607881462,0.24851632823148262,0.3472476897769718,-0.5408413613396581,-0.12952569016489035,-0.0022326978979622103,0.11899063806659227,0.6078888506610189,0.02458532033073236,0.35376317030926374,0.12514838066726114,3.3928550773020723,30.377253466819496,2.608914751429211,-1.6483433087900792,0.10035819496914924,0.1362016547900014,0.14097847789052323,-0.1860299425213652,-0.05986421992802608,0.0020807118807395454,0.07633743486197533,0.21799395046496983,-0.042926118181185385,0.6545374337991374,0.42841925224436017,-5.904845093778303,53.694923893258775,3.2283084149505457,-5.602778274536392,0.14457586674081116,0.18810643234939065,0.20083205812094868,-0.2857990832165219,-0.1075896522524441,0.006899390255402807,0.08051678009694654,0.271674812744948,-0.002745808019706731,0.3018623488452965,0.09112087765039949,-0.6388326833668666,7.150117874176406,1.376385,-2.023011,0.04352771853310597,0.058599,0.1482813337463196,-0.508723,-0.030764,-0.001048,0.027835,0.5040852499999999,-0.003878857606561916,0.41021646409193585,0.1682775474120905,-0.5032383229246137,7.051372070853587,1.9210380868285732,-2.6226425710839103,0.061158182765688816,0.08236836782414664,0.2027180862577563,-0.6705821825293006,-0.043669166967524514,-0.0017043920285102255,0.038699200856622124,0.6984529745649705,0.00022065590295138138,0.11810375313547421,0.013948496504685033,-0.006723662537098225,15.640396487740063,1.0689220460381466,-1.0945964490197801,0.007331935416847861,0.00988977009925404,0.04815109267778566,-0.15986324535853663,-0.004966766316541258,-6.014221577791041e-06,0.004923003782712782,0.16370556358259306,-0.005473458056810422,0.5727689867960444,0.3280643122353673,-0.46242715530304385,6.919516222837503,2.6131817680052647,-3.5385600017739907,0.08665108066574945,0.11671211823378877,0.28413463865049954,-0.9530900151876599,-0.061996469712774796,-0.002281402700835808,0.054715648521013974,0.974525780991557,0.00046256566519807166,0.09183024783682785,0.008432794417773224,0.009289911010477235,17.546153546626623,0.6850122408011489,-0.9047571370464348,0.006742498611048942,0.009089442227737804,0.03772004091132936,-0.12237722967318684,-0.004563483533085059,4.1983811410521775e-05,0.004525958694652745,0.1219351269126671,0.0003121231143060114,0.06883579456772101,0.00473836661376949,-0.06106606490459612,13.38425158570837,0.5103581644567924,-0.5806071146135585,0.007396630135442043,0.009975490397724263,0.03021564195975803,-0.09865436811390095,-0.004963084307047653,-6.788420732343513e-06,0.00501240609067661,0.10002567196733436,0.0004399374823732764,0.15216292905650144,0.02315355697905389,0.10222544639963914,16.366040566509835,1.2217920992159927,-1.2914368009607908,0.0072550705970888685,0.009785612921052865,0.060390179669594674,-0.19765013851697041,-0.004911345298400467,-7.04892197285746e-05,0.004874267622652399,0.19838463451666716,0.005847195463953589,0.49699897861644654,0.2470079847457911,0.6504781102695137,6.268279514400696,3.265397,-2.652119,0.06298242484433647,0.08496100000000001,0.24791035909395678,-0.862278,-0.039183,0.003418,0.045778,0.91461375,0.008265524643401474,0.6818640196231869,0.4649385412566898,0.6575862355934159,5.915273201050866,4.303088083843863,-3.276979643874534,0.08836940394299897,0.11916823608356428,0.34297377109660215,-1.1996141339388595,-0.054969742738770845,0.004553311000924135,0.06419849334479343,1.2886451616822414,-0.0007895533449890091,0.17039295831014922,0.02903376024168425,-0.24449721487456944,14.084097509475974,1.5296025741686186,-1.4910362180757697,0.00833897288711749,0.011239420928047673,0.07067307717180624,-0.24123357995643951,-0.005653654232366891,6.943966284859342e-06,0.005585766695680783,0.23749361961374846,0.011678636247795237,0.9322626982626075,0.8691137385718776,0.6447005135690185,5.279708850455352,5.219486002469926,-4.374447204614517,0.12378752220940545,0.16701227787701467,0.476272147235123,-1.6557496740372766,-0.0770001246577785,0.006777121486589387,0.09001215321923617,1.803047651553672,0.0010024225041033292,0.24617146716984928,0.06060039124855618,0.011726480880799552,9.780440429457459,1.6424375879186837,-1.8769330109772961,0.02078354789367501,0.028027982528897218,0.11067568896598726,-0.3741942255936882,-0.014197859812483537,-0.00012743842762985027,0.013830122716413679,0.39765544646545153,-0.0011166287685492704,0.15239535000319518,0.023224342702596365,-0.12063849745574903,10.04419520253521,1.378386719263193,-1.1828609033749309,0.007652810604632876,0.010286455386577464,0.06728684663450203,-0.24959603944180717,-0.005110687090928494,-2.3205923111832717e-05,0.005175768295648971,0.23938800946859623,0.00012262652839958304,0.18663604656821048,0.034833013878611235,-0.0641362349853357,17.158668907689133,1.801208048285692,-1.8392713816277186,0.008755584971599376,0.011791276244246193,0.07379290641424263,-0.24183669157270166,-0.0058144075901404475,6.1015628629033306e-05,0.005976868654105746,0.24443967350535603,0.0051923540652421074,0.17051597692595838,0.02907569838701397,0.03678339691324563,7.0216740228148,1.19347,-1.062694,0.019368715382557182,0.026128,0.08531298514707168,-0.28260175,-0.007431,0.005573,0.018697,0.293339,0.007342601254672369,0.21942686734856334,0.048148150114404015,-0.2670393955686299,7.310233381418314,1.3192573103221894,-1.4087815395972465,0.025806100993938364,0.034814336126935734,0.11064841991034909,-0.3457813229849269,-0.009308150990323867,0.007936382187179195,0.02550618513661187,0.37692408838541547,-0.00024258044250059882,0.09999054195859167,0.009998108481172881,0.0038545750760577624,10.932435038413308,0.8660399643776335,-0.8092533584066006,0.007750279348021322,0.0104565766104152,0.043914104294615355,-0.15342094748686133,-0.005274750431756884,2.721173449540568e-05,0.005181826178658315,0.15691606308824,0.010382680415018088,0.3044434543326566,0.09268581688600039,-0.36458333392833003,7.354223763391735,1.6779421893571385,-1.9637550048683283,0.035717159843376874,0.048112461947929244,0.1535021038751886,-0.48293428952697537,-0.012456642500109565,0.011127956331611531,0.035655819447819675,0.5205918765946325,-0.00018919384943146876,0.05994686756258571,0.0035936269305661904,-0.11069677003276064,13.447985285217758,0.5529853410856684,-0.5153208327988016,0.006454928957919134,0.008701064176664119,0.026427440617624014,-0.08513514803114587,-0.004470810442504635,-8.439119958216133e-05,0.004230253734159485,0.08669248731902345,-0.00034318341613081405,0.11832709091240523,0.014001300443792613,0.020385924307109077,9.263009931862186,0.9845552934792928,-0.8010598931039753,0.008758198820405497,0.01180283750023827,0.05336364624851584,-0.19438903922399875,-0.005917234123269168,2.7851128613191415e-06,0.0058856033769691014,0.19024277769783687,-0.0002801524098247254,0.07740377939966019,0.005991345065351258,-0.1635572082425084,16.00332704739465,0.7301785971970399,-0.6789408458014096,0.006479491013074885,0.008727613233206236,0.03167454698697036,-0.10328542343588659,-0.004329094876851042,1.1792093575490867e-05,0.004398518356355194,0.09965229699845807,2.8896233565577424e-05,0.8553504624684913,0.7316244136450619,-0.0005161157870966193,1.5522286093603848,2.816679,-2.822647,0.6866257046387514,0.9262017499999999,0.6127961567064104,-1.624735,-0.462397,0.000163,0.46380475,1.62403725,8.420805650759522e-06,1.2094838280463414,1.4628511303056317,-0.0004318720170293625,1.5559957265317603,3.992662839440304,-3.9838095912637104,0.9684270902006379,1.3064144755148068,0.8659792558846545,-2.291549197816207,-0.6522463673974839,1.0729825738483786e-05,0.654168108117323,2.301243657256635,-1.1718979040653363e-05,0.016804956845648682,0.00028240657458411447,-0.19338820530716508,3.4515117443135823,0.06100233489845036,-0.2997089644579988,0.01748685452935619,0.023603720490222718,0.013595891585498246,-0.025469393863880745,-0.011720574319902638,-3.0149847707551872e-05,0.011883146170320078,0.025420990210758384,-7.883532229658983e-05,1.7094251501257058,2.922134343882292,-0.0002606154348741317,1.5700871001897392,5.527680578976464,-5.549080076806136,1.3406519118786437,1.8090991171182504,1.2223352759403154,-3.232035140851885,-0.9031117379629408,0.00026067024603252525,0.9059873791553096,3.2402498710823293,1.410390309886771e-05,0.05572155165457857,0.003104891318793868,0.007015103691161278,0.035478785640865595,0.17982942347976652,-0.1761775691888678,0.040474715699859956,0.05458084283028256,0.04226699156249926,-0.1025258795543815,-0.026682785275036966,-0.00011353266391706321,0.027898057555245596,0.10367074489927675,-1.7303295115119527e-05,0.006917516749839196,4.785203798430584e-05,-1.9879164532905313,55.421283705672124,0.04670022560348089,-0.2050421466296616,0.006290951103042148,0.008481079531895034,0.005235974863297989,-0.010944301600886554,-0.004247051827780481,4.164892257861152e-05,0.004234027704114554,0.010879602532260916,-2.7448440143210675e-05,0.022739208887714628,0.0005170716208391199,-0.04404826192341393,0.11216093980392028,0.05827564308213066,-0.17952795063791735,0.02401544174993893,0.03244977252155237,0.018505073567142247,-0.03898029630256042,-0.01616087989138739,-0.0001930514010878312,0.016288892630164985,0.03931852264080269
-6.501219512195122,7.8946711043667515,62.32583184612334,1.09753208440565,0.29003280045895785,14.6,-21.5,4.151286211815684,6.4,9.654471544715447,-15.9,-11.0,-9.3,-4.6,9.3,-9.145109166868345,11.21108409377466,125.68840655768719,1.1176295519130137,0.30019702729757514,20.36616269718147,-29.28378495452158,5.581647403518603,8.918924341629529,13.67552406784969,-22.432260893176597,-15.38713101235809,-13.289784314933149,-6.468206670728561,13.213469060397752,-0.04638829239902148,0.7056103997221838,0.4978860361960999,-4.3787397595949065,45.926591784538815,3.24781420052544,-8.293979476472892,0.30939649420139664,0.4091259342400909,0.3540131034713699,-0.6977511947425972,-0.2036306254460446,-0.00803927077287303,0.20549530879404634,0.572628361422183,-12.816872470852303,15.991770391635072,255.73672025877616,1.126427226856804,0.30430348271131225,28.28170396832572,-42.24875817034108,7.75923300035755,12.61908460682084,19.383447074877758,-31.087646685149256,-21.63477827576542,-18.904549935982462,-9.01569366894458,18.895711663202462,0.11464098466129308,1.1592653219339557,1.3438960866386378,6.7836513040649065,59.01760182464384,12.448155368433074,-2.5332773318126565,0.34499009694161314,0.45189581109625154,0.4347906117784038,-0.6407550098607442,-0.23983778434397962,0.00475173256746575,0.2120580267522719,0.7324406002308409,-0.0637393369865243,0.7047242994851172,0.4966363382847891,-0.9257155179847251,8.507009354556605,3.549334089123763,-3.5289779559781342,0.3393809818824411,0.462559409790275,0.4087220483035275,-1.385112635291685,-0.2443479410400006,0.009691110284694764,0.21821146875027436,0.7256029987339137,0.05829765680598257,0.6960785675180147,0.4845253721579313,4.728957781565858,38.04945755446952,6.705542177391373,-2.293912648981928,0.31105060599678325,0.4310468221432154,0.3476271809006288,-0.5248656883582641,-0.21809953483181005,-0.018144128783271134,0.21294728731140533,0.7144191432044891,-150.3496951219512,13.317531537357544,177.3566462485128,-0.40082154867629416,-0.3867967758470616,-113.9,-192.6,14.45537163042962,20.07499999999999,150.3496951219512,-174.755,-159.875,-148.95,-139.8,-131.6,-212.54473646540382,18.05810782091649,326.09525807184525,-0.2527873042698905,-0.8387064941764639,-162.73452042746095,-250.0704434739076,22.01793119328224,30.39466506043297,212.54473646540382,-243.77752615971374,-227.61907291966943,-210.7324610377907,-197.22440785923646,-187.58721685422546,0.03018411539487131,5.279877395467155,27.877105311165025,0.11645403471241561,2.070923255551863,26.933233706130473,-18.280673881257897,4.820741072171177,6.6227210978834865,3.9704293723029456,-8.579895978948509,-3.3874525367772526,0.03855540395612422,3.2352685611062335,7.997459953969911,-300.30471549302143,24.774976340669564,613.7994526807367,-0.2657708559493467,-0.8920033183270917,-230.08868011459435,-351.72338347639413,32.04880603204037,46.44596096590851,300.30471549302143,-342.23479737339414,-322.7891577454574,-296.7818493662541,-276.34319677954886,-267.0612038630777,-0.20091622706268603,6.013321063877557,36.16003021727351,-0.2215346465811254,0.18975248843257964,15.449255967030075,-20.057496143158158,5.7782671023712435,7.763107998212869,4.72849449072559,-10.912990905729531,-3.9727372531922596,0.1435293682178873,3.790370745020609,8.60075278215348,0.036283838519874524,4.645324979883068,21.579044168725623,-0.22721115677706863,5.4837673502220365,19.81777853904374,-19.440684829826562,2.1839896474958267,2.901256447536194,2.772732570390701,-7.847149568410398,-1.2435840127756412,0.17425689561369925,1.6576724347605527,6.655068869669428,-0.44536304363022444,5.7681685044764635,33.27176789603424,0.22611575921130248,-0.19606363436754082,17.26305495325263,-13.62163598947403,6.516425456133678,8.625076071532556,4.716381411802502,-8.735707531899472,-4.947844645270952,-0.41954717157429444,3.6772314262616037,8.771897642160734,-1.5531504065040653,7.931536969139401,62.90927869282503,-1.372011028807002,2.22187056229037,14.3,-34.4,6.745840094200489,9.5,5.773272357723577,-17.869999999999997,-5.3,0.4,4.2,7.4,-2.2211718896851913,10.398292217491553,108.1244810403454,-1.0063686777496212,0.6785595767717951,12.700150926513482,-39.29289495469268,10.301592919694253,15.590828500132966,7.98481475699332,-22.10261520971702,-9.57918397471867,0.5121285924263828,6.011644525414296,9.986202400508125,0.04542784163162076,4.142048057737948,17.156562112610704,-0.18442072540461274,5.13879288330973,15.578753707990979,-20.010194205550846,1.8444876352195536,2.4707139257701063,2.4791666166158755,-5.886447814645676,-1.2694044282406107,0.030587762359225723,1.2013094975294956,7.2253421214195885,-3.208223018382986,12.776757542286676,163.24553329437944,-0.3470192867889054,-1.1448219779739508,15.886554841966307,-32.229339943581635,16.140937495767844,23.3464131844281,10.766050819661416,-23.90560953240724,-15.280342575993995,0.27306757159121886,8.066070608434108,13.764242654012737,0.015546720837805447,7.133825060045252,50.89145998732965,-0.7688518819546225,7.188178969922763,24.26071359965396,-33.67100391456896,2.1371127860257757,3.115284344650069,3.741480624471027,-7.301785823473549,-1.4184776260840455,-0.11944100016405124,1.6968067185660234,11.995543968688715,0.06283929110323525,2.5909645659919165,6.713097382225681,0.09654254501083194,5.28544883426707,10.055266010170733,-12.048516478782247,1.2182503727280054,1.6066755534850055,1.5605611251918874,-3.922429745376384,-0.7675535212523218,0.020796928524251267,0.8391220322326836,4.279828145216154,0.07018986805462663,5.207837451486989,27.121570921110493,0.31886642916241753,5.476234014873086,25.06473700073136,-19.04187729893834,2.5188369283355576,3.24235763608634,3.1485082833620783,-7.964034780644111,-1.4743318158343957,0.0205235003010832,1.7680258202519443,7.708547981531614,-0.7087398373983739,4.291386821415031,18.41600085101461,-0.08475385016027273,-1.4877326708107448,6.8,-7.1,5.708018541246568,8.5,3.8813008130081297,-6.8,-5.3,-0.1,3.2,5.3,-1.0033848921780533,6.0890992714846535,37.07712993799493,-0.07450144328825214,-1.4887267754359068,9.633808645955698,-10.060676854842189,8.145674425482788,12.083171834465178,5.511005452046146,-9.58209959583159,-7.562314403593067,-0.1885276666445785,4.520857430872111,7.5591997441854275,-0.0070184884580000075,0.1668827610850537,0.027849855947371112,-16.48926942799924,327.47137785970295,0.3377294209320196,-3.3623539575560306,0.06389084807914189,0.08512529750745888,0.05849961053802278,-0.09977405647592306,-0.04216897108405468,0.0017667119665829567,0.042956326423404204,0.09838988508946968,-1.4443987168202277,8.672769457588021,75.21693006447161,-0.05768557771326157,-1.4845536021467611,13.587443089974618,-14.10273564203897,11.566780021592574,17.164655440457757,7.845284619446769,-13.572896700786213,-10.80025451749368,-0.14992388890754726,6.3644009229640774,10.894543770743896,0.01701497868767584,0.33159597945684954,0.10995589359194738,12.868533379808824,188.6110635122564,4.925112135761576,-0.9346950670111216,0.06869122958217128,0.0917467166412366,0.08840189911674985,-0.14079107793039225,-0.0494669721637917,-0.007233584891601266,0.0422797444774449,0.12006078579821813,-0.009567527449536846,0.14299104187530115,0.02044643805658413,-7.328043236502355,69.64910690548285,0.3588104606214182,-1.4075683693748329,0.06369560741098475,0.08622219064513234,0.06310758591046513,-0.1088416450259389,-0.04085788325641296,-0.0021863869040424566,0.04536430738871938,0.09640189156582935,0.009381235128481618,0.18557470665968526,0.034437971751828236,12.309054071866626,177.38662981326894,2.715668713972974,-0.38527343287686905,0.054582527845682065,0.07475697753482334,0.06201627521740035,-0.10416035921501622,-0.0367036866355971,0.002715970116781166,0.03805329089922624,0.09049650436373445,-0.20396341463414633,3.318768159456531,11.01422209622249,-2.1683210343434234,4.347017796974395,3.2,-16.1,1.0378215529539212,1.725,2.241158536585366,-8.169999999999998,-0.125,1.1,1.6,2.2,-0.2804465309221655,3.5739410238322327,12.773054441830988,-1.3290881041214697,0.9123012417106082,3.5658085835159863,-12.906429394674992,1.7336056757592502,4.754671318238594,2.845817460519754,-7.710125529135488,-2.5321024414759323,1.3392221008826521,2.2225688767626615,2.9664180107775215,-0.003969559015815154,3.0223377766234294,9.134525636005055,0.369268515874572,2.7017765465079853,12.23053021031866,-9.023310000511513,0.5530121427361829,0.7352898198964257,1.6999515991178107,-5.810732196414451,-0.41660667018163755,-0.027295767946336313,0.3186831497147882,5.931086766079574,-0.36870924148961925,4.644199514275165,21.568589128393683,-0.9940186663689858,-0.4590541522860816,4.827993713906289,-12.741264339048092,1.8172093906731805,7.52930947979641,3.947189964007177,-9.311803469650252,-4.563232953371399,2.1874801064662597,2.9660765264250113,3.7547590251076564,0.0769418580704252,1.9185237498953998,3.680733378912706,0.19653310585703596,3.278637380600218,7.896990711696501,-7.238806505387408,0.868673963276674,1.139506148736125,1.2012930418952081,-3.3327666509512666,-0.5609948094828616,0.04841006852675303,0.5785113392532635,3.808852883597185,-0.005085000316268985,2.9347125447001052,8.612537720020168,-0.007003040029008825,6.1944667652053536,12.007398593804226,-11.501448484301756,0.19296414078496704,0.265316539005414,1.3676107154284334,-3.878201960516869,-0.1482740761157022,-0.0038638310145296295,0.11704246288971183,5.671629951055033,-0.044424675709317955,3.0659239530573625,9.399889685930884,-0.42484998753796377,2.891095718514438,9.557554720327058,-11.124227410622868,0.6562554073931778,0.8630246640144192,1.725521536764946,-6.413979004340081,-0.4544965883966824,0.019726116746383526,0.4085280756177368,5.128605217906664,3.080386178861789,3.298735815573473,10.881657980947187,-1.685463244063192,2.2205362813630396,6.4,-8.6,1.334341996655041,3.6,4.1224593495934965,-5.1,1.6,4.6,5.2,5.8,4.363829977863744,4.633570717757503,21.46997759645978,-1.6286865123132177,1.9710769208770964,10.23177879070818,-11.78966482460113,1.75296198121225,5.035991871323,5.821129148646979,-6.970679876201267,2.3493437483593276,6.551817171357126,7.385335619682327,8.210749336537157,-0.04274360364272694,0.45354441109487564,0.20570253283539758,-8.57179491767707,81.49270984393075,0.7273213263050137,-5.086213306467744,0.10643334165920425,0.14091263676229504,0.143926632479584,-0.263957698391342,-0.06485414948333526,0.008326919852774239,0.07605848727895978,0.21644572194362482,6.20061938651769,6.451432366852282,41.62097958406925,-1.6974608302793022,2.3461550195372727,12.87433482028533,-17.30902899441232,2.501149170551772,6.918633447269553,8.170249929500697,-9.365633452247557,3.467509041717001,9.175722802758592,10.386142488986554,11.546539556484795,0.09704808057848228,0.9628513449776247,0.9270827125252209,5.951031917176003,39.13113265688202,7.569209586112096,-1.3484349731524992,0.16378514859659973,0.20865794929802253,0.3159577149123459,-0.45411746084668725,-0.09587831003401212,-0.0047295839885582724,0.11277963926401041,0.5020345848427699,-0.059357101952323785,0.36082002760644816,0.13019109232191803,-4.111147953304296,17.568341004789485,0.4111732072438947,-2.143078984669306,0.10716783925522165,0.14568361085936193,0.1535441140832049,-0.2960587979635317,-0.06756094346527347,0.007583086344398982,0.07812266739408846,0.18645469615541405,0.05737674376189918,0.5218330147404959,0.2723096952731547,6.046424489770465,39.90579669671202,4.243563256546566,-0.5907037440157802,0.1352295412390342,0.18503069572945247,0.1887143849306922,-0.2887150722446531,-0.09604627125046884,-0.014201033071993024,0.08898442447898364,0.28866063786860774,-0.0028085506189275697,0.2952987676318878,0.08720136216491164,-0.4835548556077506,6.563660924860557,1.33086,-1.915025,0.0446737700480108,0.060203000000000007,0.1473089970682378,-0.509288,-0.032071,-0.001227,0.028132,0.51224225,-0.003971066686460668,0.4020217551792902,0.1616214916374371,-0.37583490433501193,6.556809859122181,1.7983471524446364,-2.359973096853051,0.06264327088670944,0.08448751950122593,0.20107969331082856,-0.6679446431122181,-0.04539757208640758,-0.0021209146164338543,0.039089947414818346,0.7011448716669565,-0.00024081442134040663,0.11298835412824168,0.01276636816860895,-0.0040996265109115885,17.447748147902963,1.2135011614039126,-1.0687797391311302,0.007276362420465676,0.009817301168537544,0.04564955987068918,-0.15147346702488998,-0.00493749621848163,-2.2187035407550165e-05,0.004879804950055914,0.14949233925337424,-0.0056136968581453695,0.5612155843399097,0.31496293210598625,-0.3328526475749246,6.467557113503405,2.5777747962785313,-3.242293173488498,0.0881715976616725,0.11890688476470009,0.2814547640490657,-0.9163347491088445,-0.06415449618698653,-0.0031738706494930614,0.05475238857771356,0.970023908412569,0.0016832626281378833,0.09067711465582137,0.008222339122304976,0.20201588162916473,15.335380887704058,0.740876938834709,-0.7524832993445218,0.006771066465312729,0.009118541191921887,0.037878369687624924,-0.11647786648601344,-0.004555998179524011,-6.18056426994419e-05,0.004562543012397877,0.12839374033365208,-0.00034065583854090244,0.06936292202536234,0.004811214951896497,-0.027816640016619452,12.279296012366364,0.5987354627011258,-0.5955791383485995,0.007257006702806733,0.009793933303414411,0.03087283896809551,-0.10512408682436479,-0.00496262233025503,2.077606480061315e-05,0.004831310973159381,0.103373426706237,-0.0010250501067006477,0.14393100740090364,0.020716134891438975,0.1628527271217324,17.405771138082685,1.3778849630615897,-1.1612481702810618,0.007147740072727003,0.009644548634017789,0.057045397211951114,-0.19593623056545828,-0.004918480043693968,-7.528045309743514e-05,0.00472606859032382,0.18335553353190298,0.005514471801263349,0.48951290763904914,0.23962288674523624,0.5622395400164119,6.053690575670776,3.203088,-2.622497,0.06262511770967663,0.0843,0.24511318562161857,-0.866905,-0.038582,0.003237,0.045718,0.914358,0.0078001381549640605,0.6715663554777285,0.45100136980963873,0.6017843223808365,5.751141055510303,4.020870399305337,-3.2757202940953105,0.08831511504848091,0.11919957583702857,0.3391796139282795,-1.2181066648584058,-0.054519501708973905,0.004588111153608827,0.06468007412805467,1.264140474766298,0.0008477951578886791,0.16793757291823147,0.028203028397666308,0.183256252209335,12.352505882164946,1.4699839967673745,-1.6851607252307081,0.008311143692513009,0.011211998835277424,0.07019267975100865,-0.24105612774874752,-0.005573928225552888,2.4776951343983633e-05,0.005638070609724537,0.2435720028687454,0.011034857595789014,0.9177105272216299,0.8421926117734019,0.5788525860656304,5.1922502971883215,5.208202955616169,-4.119846468232475,0.12330117263890299,0.16628848384742806,0.4706836894414198,-1.6952379142589462,-0.07539356345800403,0.006383081739788402,0.09089492038942404,1.7473722395808444,0.00152108309960047,0.24424319595980937,0.059654738772661836,0.0349397923854998,10.176930260069385,1.8052770727598728,-1.7852029182154778,0.020519407267377002,0.02763127482933974,0.11034421550596042,-0.3794771674602259,-0.013495477669420042,0.00020054376886530505,0.0141357971599197,0.3922447838459993,0.001198337956464433,0.159369967699802,0.025398786604635928,0.15158210996234817,13.44625289831809,1.5158338307013306,-1.5322553258931282,0.007590285130068112,0.010263038791256042,0.06794616327336139,-0.23384020625109514,-0.005163070810972293,4.616199910048523e-05,0.005099967980283749,0.24612015049280406,-0.0004839039761181758,0.17606100379793443,0.030997477058336283,0.008360706924782043,14.784762763474408,1.8038539733776295,-1.6419363044368835,0.00879313680326953,0.011824562614015974,0.07147115787700913,-0.24465797531266006,-0.005934437625240828,3.786288975572732e-05,0.005890124988775147,0.2359942633450502,0.005063212149109141,0.16089824518346502,0.02588824530311842,0.05136438719664966,7.160024683925906,1.3004,-1.02314,0.019278276647228344,0.026007,0.08074335128742598,-0.260405,-0.007854,0.005391,0.018153,0.28336,0.007162555243878548,0.20361157306072908,0.04145767268426462,-0.3052131901413645,7.586288616201644,1.203240387091612,-1.2672562477595484,0.02563789015241841,0.034567730338138515,0.1027175160801442,-0.32290539973921073,-0.009566033894655789,0.00785247248472159,0.025001696443482727,0.34586358666079825,0.0005878960278837001,0.10155850042091095,0.01031412900774417,0.04708932315244934,10.83395058160614,0.768234373131098,-0.7214910753058204,0.007652386388641055,0.010325104616489347,0.04451753214501577,-0.1512491001130842,-0.0051531219640655315,3.992851160004754e-05,0.005171982652423817,0.1609538516151413,0.010135466196490667,0.28159522043375457,0.07929586817113482,-0.42468724153904575,7.631175588888306,1.6622111670737738,-1.7129523604873929,0.03541386536374826,0.047755108578334614,0.14200433567219595,-0.44357377666603387,-0.012848644540019959,0.011196596922975373,0.034906464038314655,0.4893174433186562,-0.0008468723457242401,0.060040754526934,0.003604892204163545,-0.4911835834424739,13.981653730814283,0.5418465366280222,-0.5502062294198916,0.006500849776322272,0.008767519623119394,0.026690768660884805,-0.08785550300391158,-0.004396936416585201,-2.5851431564917368e-05,0.004370583206534193,0.08622565126126432,0.0008313793874226387,0.12375401796216887,0.015315056961780815,0.14039058727589215,10.66796631574594,1.00084294752758,-0.9310520922014359,0.008533307024064143,0.01150592438001945,0.0547080653278163,-0.19177758533280295,-0.005729468698366435,-8.5230651616611e-06,0.005776455681653015,0.19870087886979365,0.000512470811307031,0.07286591708398556,0.005309441872490259,-0.15756871202044878,18.746092902361564,0.6889441535157307,-0.784226939778699,0.006527053557839114,0.008772337939076624,0.02961007830806186,-0.09132161160057704,-0.0041966513012690315,6.10126807723594e-05,0.004575686637807592,0.09378445201321074,0.0001374011557091462,0.9064710548327418,0.8216897732495836,-0.003334786015422777,1.5849085576420787,2.85203,-2.858131,0.6875982916940911,0.92764425,0.6391946562898336,-1.73931925,-0.4635845,5.8e-05,0.46405975,1.7392305000000001,0.00018967435117322776,1.2817953588075335,1.6429993418605335,-0.0033274124327958726,1.5887021429167358,4.037548581327786,-4.0614479240658,0.9683608691128744,1.3065540782207223,0.9033167543359913,-2.460853520677146,-0.6527862360647776,0.0009101356743261377,0.6537678421559447,2.457975085595078,-7.14977844483192e-06,0.016413046946095005,0.00026938811005471856,0.057626237198033024,1.5879703408624586,0.23230140249890788,-0.16179597232779205,0.01691709633412003,0.022773118090126845,0.013249162952541506,-0.024236431736683092,-0.011383832515655041,-0.00023697659852188122,0.011389285574471802,0.024374206616211057,0.0002543098834024233,1.8117789905842097,3.282543110722338,-0.003301365751828167,1.602534536164832,5.5939699133206195,-5.7113101298473685,1.3339020428578887,1.8005540973341223,1.2750372380524355,-3.476190565970758,-0.8969972202588352,6.269382577378003e-05,0.9035568770752871,3.45916747484576,1.1828491630923528e-05,0.05486284392083658,0.0030099316430820754,0.030853783015875054,0.12661579623710573,0.20466807567189715,-0.1570886506039496,0.0415794878224044,0.055788198518165195,0.041449513672636835,-0.1011400186255167,-0.02733756859429025,-0.0007841781486709332,0.028450629923874947,0.10250111345371515,-1.0069019771104243e-05,0.00662606030758297,4.3904675199726525e-05,0.5495533078086783,15.81575843729344,0.14934873242068755,-0.06244491862160971,0.006051260155853099,0.00816689877128181,0.005122069683730216,-0.010792116831346177,-0.004073037611196715,6.1402887119790936e-06,0.004093861160085095,0.010675838364123131,5.4660428944614125e-06,0.02224610428164128,0.0004948891557096584,0.04729213213882471,0.027011840394751907,0.15651264782680915,-0.059336041508548466,0.023228865026974757,0.0313808952068573,0.018053511151847182,-0.03660800587215259,-0.015680110557771115,-0.0002422817686945004,0.015700784649086183,0.03760409165759777
-6.110344827586208,7.717224385344198,59.55555221375114,1.0050513659245808,0.27189177735949155,15.2,-22.0,5.189107764769607,6.199999999999999,9.194523326572009,-15.9,-10.7,-8.9,-4.5,9.0,-8.593834798405323,10.963845893080716,120.2059167672229,1.030029994291626,0.3032874039896245,21.294631283271798,-31.73339047395291,7.4415757626155665,8.678403630277,13.031920916184765,-22.156332620449493,-15.091447087208797,-12.612635123069019,-6.4130434569317964,12.740342185251805,-0.007476147688943941,0.7598144915257152,0.5773180615324811,0.31688945809879665,50.11836554396849,7.4919886408445215,-8.163583110673837,0.29466748028048717,0.4002102582238897,0.3555021669874302,-0.7060350702938143,-0.2179929226418968,-0.01179773287977065,0.18221733558199293,0.6220336855524563,-12.021507728575445,15.688142405402482,246.11781213218757,1.0418598520336373,0.2901218327850157,29.762530484112258,-40.985546555312,10.494094575374309,12.411541662006634,18.487395173726256,-31.096722744155127,-21.37882318365603,-17.92881487878782,-8.967281521649397,18.15576424062424,-0.027611595245172454,0.9349087744368754,0.8740544165190602,9.419194632463832,127.81541941164184,12.54012506228299,-2.5879050560902277,0.33967022651295864,0.43699716678007183,0.3768945975356983,-0.9471901317431928,-0.2748877883355549,-0.026316736562730147,0.16210937844451698,0.5961836921763701,-0.010844340663583345,0.7481040868984987,0.5596597248342365,0.8627482104791603,14.017670561532572,5.095701234612345,-3.364315334117861,0.30460476233218703,0.42012726414398505,0.39605412486195024,-0.7757639699841564,-0.22717106640444107,-0.027663901945311892,0.19295619773954398,0.7039668277231412,0.06889152441981326,0.7598264044654331,0.577336164922868,4.004354393678681,28.221137951387593,6.648469651588066,-2.031800829995109,0.2907571386426687,0.3827657852602585,0.379588931830687,-0.6622531266812686,-0.1915742590976654,-0.03326689787188831,0.1911915261625931,0.8555054897884373,-150.6021298174442,13.902895109338964,193.29049242128127,-0.40852721465421604,-0.3462484999944362,-111.0,-193.3,15.122542628757165,21.099999999999994,150.6021298174442,-175.025,-160.7,-148.9,-139.6,-131.3,-212.88866454444067,18.85540493062952,355.5262950980079,-0.22813403577515076,-0.8034504511118659,-159.9307158023355,-260.1701654164583,22.596034251517633,32.943847894537896,212.88866454444067,-243.88833937264263,-229.7665464857185,-210.12610340251382,-196.8226985911806,-187.3476169096758,0.3478259228978887,5.5181951463653665,30.45047767337029,0.14796346803306648,1.850951890355355,20.62192123853154,-21.91610792525294,4.234747905217151,5.655974624503974,4.005568487662168,-8.761807230014293,-2.6186066641088943,0.08978065715867345,3.0373679603950796,9.32634800105551,-300.8074459250743,25.95304373549863,673.5604791367047,-0.2307048990774273,-0.9259387261335306,-220.85861730196757,-351.7519521638564,33.350085770781284,49.40899819860533,300.8074459250743,-342.17883848034785,-326.15739263099715,-297.15002664564946,-276.7483944323918,-267.39485191155734,-0.15204773867269278,6.006180034221751,36.07419860348399,-0.04199628504249958,0.23811860215960534,19.15587122513567,-21.74525066820261,5.960006425733128,8.23359463873474,4.751351811895385,-9.13303390192803,-4.237392809318698,-0.27158212679066907,3.9962018294160426,10.125960278767625,0.4863667525984352,5.27892812296413,27.86708212742159,0.49966792450437153,4.092167861541659,23.237793140346106,-18.62103605326013,2.8172451419228888,3.8018744695390776,3.358907142269644,-6.815189564834501,-1.7049796123813492,0.19345766117371038,2.0968948571577286,10.334703777223204,0.3724150401187652,5.673492847293473,32.1885210882902,0.22229399626099827,0.778923379653504,18.7740534635879,-13.91726222735032,4.802440299421318,6.455187561997568,4.280475379068151,-9.262678750406668,-2.9115056701794786,0.2758040142072865,3.5436818918180895,9.504383192580239,-1.6087221095334683,7.565249968712566,57.233007089105485,-1.2556542655203615,1.7341435065483743,10.3,-35.0,6.671709983275209,9.8,5.622515212981744,-16.225,-5.6,0.2,4.2,7.0,-2.3003929333121675,10.06011378186904,101.2058893041514,-0.9487854350056528,0.5060609250236161,12.351529184309229,-35.41041044334626,9.799019940814794,15.187813979432732,7.833160588990515,-20.960011185670115,-9.61270759017671,0.2542434839921706,5.575106389256024,9.743617344583935,0.1630749718065827,3.5784611099189303,12.805383915202222,0.3800696671936567,5.518147986904202,16.12378577609893,-14.407920251573728,1.4887522947288065,2.0008605237060806,2.1148408152083045,-4.8795628857590625,-0.9882313864368693,-0.013141985329607801,1.0126291372692116,6.264320923457319,-3.3238326455409237,12.80088136086893,163.86256361504158,-0.37464101755966595,-1.1416553152921092,15.805079574420262,-29.916717527033757,15.592681934565306,24.159076865701934,10.739236197108387,-25.058314890351575,-16.237525089136753,-0.047148030426822585,7.921551776565179,13.406236317049956,-0.31761573204389437,6.090417417162889,37.09318431528107,-0.7782398159257599,9.936991728955913,24.024227464315928,-32.88401894504573,2.173081731201535,2.8613666164757996,3.1000412068127723,-6.665162267624188,-1.4812355844492968,-0.09490777933226077,1.3801310320265028,5.837546114388086,0.2270874517299279,2.9564512211494987,8.740603823036361,-0.14717577477364835,2.732888032116243,8.466080607527104,-11.602948376897375,1.2947898421445199,1.7432971252335543,1.8640634301336283,-5.036825926564557,-0.7408420119205313,0.11702549053426044,1.002455113313023,5.94650017292191,0.07819554234571256,4.069746927640435,16.56284005503876,-0.07276906134571891,6.123624638346868,17.2158268550254,-17.20171690243416,1.8277056161372143,2.441276773209589,2.413514444219838,-6.3345555233078334,-1.1484311362486288,0.10235098621529701,1.2928456369609602,5.545079993914456,-0.7729208924949289,4.221487940750781,17.820960433904272,-0.03743640153210611,-1.4576262695960112,7.0,-7.1,5.633888430321288,8.3,3.809634888438134,-6.7,-5.2,-0.2,3.1,5.3,-1.092387421696631,5.991178632820376,35.89422141036343,-0.026154536098160642,-1.4567575227041187,9.881165707443323,-9.967984944100369,8.068976702833947,11.907612113915025,5.4102008199040865,-9.41981406955047,-7.478154806413681,-0.37510714356023533,4.429457307501344,7.4688024086510545,-0.0062653419873965315,0.17200518457018363,0.029585783519022933,-14.813486452135487,289.34997729383423,0.5777089872146143,-3.3605741796788595,0.06649789785931198,0.08681989521317242,0.06371674681741875,-0.11257730747446094,-0.045148848043248924,0.0011482755585961648,0.041671047169923495,0.10785726164155432,-1.5428275682419834,8.531383402462874,72.78450275981899,-0.01223722376299926,-1.446857903611953,13.90674774268796,-14.107029026403177,11.129195560917834,17.016482593424314,7.698459477534063,-13.335665583794297,-10.714770153163165,-0.18050313938771598,6.3017124402611495,10.878769593601634,0.0126212663782174,0.3291198373414104,0.10831986733163645,13.447695965918125,200.5780095141057,4.959647704957857,-0.837804122365256,0.07089644739738418,0.09531754487059367,0.08722456243905331,-0.1577679803051114,-0.052530981185268597,0.005605374226365978,0.042786563685325074,0.12803734493367575,-0.008992279772671643,0.14437486327430457,0.020844101145474137,-5.968458466843283,54.82652657848981,0.3691148110038379,-1.3960844273497557,0.06765409436436826,0.09176406277654113,0.06999945803859574,-0.12515921997542317,-0.04653729173300633,-0.0031464716780027586,0.0452267710435348,0.13561606756931532,0.017544243890353594,0.19331380465821466,0.03737022707143437,12.038682110328015,171.25401111759123,2.8123198460895518,-0.40451835564420585,0.06236934658343649,0.08073753504485649,0.06681933623731184,-0.09943766970505108,-0.03612602367446918,-0.0033559127505605503,0.04461151137038731,0.13738050812005131,-0.2476673427991887,3.431408387852956,11.774563524227625,-2.1121421235459383,3.941820051725858,3.7,-15.2,1.0378215529539212,1.8,2.310750507099391,-8.649999999999999,-0.1,1.1,1.7,2.3,-0.3406489364057914,3.7321638183497656,13.929046766999102,-1.2639321589717105,0.4815443013640457,4.218519572512816,-12.255481232487673,1.73044305897789,4.630512367414376,2.970579281438669,-8.48809955765472,-2.393728463602439,1.3982383977971664,2.2367839038119364,3.086144962567478,-0.1184681698332987,3.0791474200751328,9.481148834555345,0.38374668270810003,3.093145166612434,10.991401444587497,-9.755046400300715,0.47008373472565446,0.6342475229155073,1.6745826456705246,-6.068360210545714,-0.3510323169108003,-0.018984343174215566,0.28321520600470707,5.832104357047903,-0.4550467592331633,4.918081206525451,24.187522753978833,-1.0230088013854621,-0.40238610794483876,5.073139158104918,-14.739670153652156,1.6827929691241765,7.619996924938839,4.127802470174455,-10.330317084593409,-4.576348322518079,2.347971589615755,3.0436486024207596,3.8791737944371327,-0.040934426757560975,1.8450987923863957,3.404389553665736,0.22293190481328704,3.324393998157004,7.721246327487964,-7.230510897244034,1.0171331745589403,1.325449357567082,1.1832145883877885,-3.1037680345506233,-0.7797352750660385,-0.06188430469486221,0.5457140825010437,3.78886718579088,-0.165838317393648,3.0168992021921635,9.101680796187713,-0.288999954468128,6.344863698029492,13.296833659682953,-11.65133090670899,0.2804158827580635,0.36339297384489655,1.442624397351464,-5.581724409446034,-0.21940398211112774,-0.005425753302142357,0.1439889917337688,3.6746066198940093,-0.08542419347172521,3.102731313461863,9.626941603536778,-0.7750797569028081,2.9046238074429303,8.389588220882095,-11.390410534698525,0.5571914486120336,0.7765897739175774,1.735458890503937,-7.040665881068847,-0.32877925486432524,0.002759761474155357,0.4478105190532522,5.0919892845976165,2.7672413793103448,3.8694926703528627,14.97297352591453,-1.6092882705508038,1.5216348805335977,6.4,-8.4,1.3343419966550423,3.9749999999999996,4.3617647058823525,-7.3,1.325,4.6,5.3,5.9,3.91986373198791,5.427536502031454,29.458152480883832,-1.6221195577524132,1.6100106034913226,9.833628406083827,-12.523634743849172,2.0386807515044505,5.445146955232048,6.130123130032413,-10.00912616406206,2.0023061942939853,6.465108832573369,7.447453149526034,8.296656748012513,0.0317169415175514,0.5663451181673983,0.3207467928720444,8.41133180144855,88.35907787443125,6.031311428243887,-2.7988868271387313,0.10050465749054897,0.13362298404085637,0.15959069062881948,-0.27354829061583247,-0.06090709009287491,0.0015694816678805089,0.07271589394798145,0.23247929378275273,5.560641167323844,7.616151978483284,58.00577095935484,-1.5961116755488172,1.473691704222448,12.813076289531214,-17.04218828614093,2.6979595056342505,7.526742085408537,8.668214529224072,-13.953688989803123,3.0583856191737153,9.228167121894641,10.585127704582252,11.625640600223534,-0.03459325113537114,0.5095582581368467,0.2596496184354573,0.05159165930084467,20.835033593445495,4.001846016836611,-2.3068323010857257,0.20503393244883733,0.274042512554978,0.25786536688099204,-0.6658532427082724,-0.12940879782811293,0.005918209171749345,0.1446337147268651,0.4254986687136155,0.04454669020307482,0.5332083442289536,0.28431113835538224,6.128764899296733,43.75126697308465,4.068732012054613,-1.154687571559527,0.09221968026488217,0.12187623620655046,0.169832758294087,-0.25856864905575705,-0.053783910601786236,0.008993266944758096,0.06809232560476422,0.20490483849004834,0.09275399993946072,0.5839093675424293,0.3409501495037998,4.790646763202801,23.69266170514252,3.739213149139556,-0.5013592613077082,0.11185423176254801,0.1539652930354496,0.2089581349195409,-0.2702514432830132,-0.07478270573557001,-0.004176742051411726,0.07918258729987956,0.35840729597231713,-0.0024904621223115556,0.2824335272922322,0.07976869733873206,-0.25684923973159135,5.775978575648342,1.366044,-1.762584,0.04529053257090913,0.061155,0.14450779628769628,-0.50065525,-0.032666,-0.001048,0.028489,0.49778625,-0.0035231007270161868,0.3856546716328036,0.14872952575220555,-0.19598686207795954,5.865010950641311,1.9036425630127567,-2.1725536553740263,0.06351932371371678,0.08564521268625919,0.19781991851554953,-0.6911648814544511,-0.04573128798349893,-0.0014439259023863412,0.03991392470276026,0.6801959007658281,-0.0002529264008991781,0.10389460302902667,0.010794088538559038,-0.12843478290240148,13.698832209320681,0.9699755881409928,-0.9152916685713189,0.0074721085069585046,0.010059991020373336,0.04418537734713646,-0.1496631532841905,-0.005032809341599919,-7.946341215421098e-05,0.005027181678773417,0.14730090029410675,-0.004985297219256656,0.5386116126135982,0.2901024692422209,-0.16474923456627347,5.848807357858307,2.6124306735482463,-2.9493058537131325,0.0897672384909143,0.1210272999727991,0.27690670643673554,-0.9566133140880619,-0.06462040139052842,-0.0018538264678363888,0.05640689858227067,0.9493842702874308,0.0008064737287025604,0.08546820964199606,0.007304814859408188,0.13780197432006164,13.175541232495824,0.7410862026324596,-0.7388232443076533,0.00706228451856685,0.009520662277409712,0.03698910668715888,-0.12008668851624392,-0.004772553215626545,1.3594177427841969e-08,0.0047481090617831675,0.12394698638358806,-0.0003578505170108407,0.06357997180366151,0.004042412814554392,-0.16074221882070996,11.702889404098745,0.6066061102750362,-0.5970078880340837,0.007494644862417571,0.010134640455278024,0.029024644367196657,-0.09889252965398605,-0.00504689245327789,-6.85442445245013e-05,0.005087748002000134,0.0947071649793684,0.0006890268841431002,0.13244450221925108,0.017541546168105205,0.1395944203712324,13.43323548878232,1.078563514239411,-1.0617200055089437,0.0074595434110614565,0.010079076732472273,0.054916660811648046,-0.18216809058066882,-0.00500461934475496,6.108464364225076e-05,0.005074457387717314,0.1897808557423597,0.00568235068063739,0.4887479948014999,0.23887460242248695,0.5539677537203553,5.540985105485941,3.122273,-2.770127,0.06414033717698936,0.08676400000000001,0.24866011604214436,-0.878757,-0.040505,0.003538,0.046259,0.926015,0.008036829143089253,0.6674487741388768,0.4454878660994894,0.5665236267984789,5.119033052221997,4.100151684811496,-3.1837402296804203,0.09032740307478887,0.12169843784453763,0.34317266351403236,-1.2239719353908312,-0.05648301926696246,0.0054542223568779585,0.06521541857757517,1.2801625763192237,0.00010960560672461489,0.17949925050285315,0.03221998093108603,0.0759029837386556,14.77850325124253,1.5515929284255798,-1.898232721980439,0.00855105106549462,0.011527706193277365,0.07428179186591213,-0.2543668990151755,-0.005726007630942427,-4.896598857426215e-06,0.005801698562334938,0.23875289831747595,0.011367874264096562,0.911879297826939,0.8315238538053513,0.5673387891735522,4.723120443136643,5.031197683968552,-3.921980656792253,0.12569719115366199,0.16968380795668483,0.4756798605587066,-1.6713855855496016,-0.07890694680281221,0.00625740462253636,0.09077686115387262,1.7790472098097587,1.7826432350093617e-06,0.24351130570156299,0.059297756004480055,-0.0696548459303152,7.8355691386173945,1.6539346206072076,-1.4887754967086289,0.021220367337997502,0.028626740045508428,0.11360200150117758,-0.4036525544696248,-0.014281171101658451,8.815140824176162e-05,0.014345568943849977,0.39482196800903313,0.00015536942772609633,0.19022522081639817,0.03618563463464744,0.3106835072920939,16.898963345410277,1.9180130236351938,-1.7973604700815184,0.007850402691474183,0.010586052985398853,0.07836311823827555,-0.27115592860120663,-0.005265884415208135,8.420619319854959e-05,0.005320168570190718,0.25580027408573164,0.0018446788152853954,0.1680467585246641,0.028239713050646768,0.1583291659555021,14.40627369743585,1.7453075392636284,-1.4703824776518784,0.009050437126392913,0.01220084959666026,0.06934133091251485,-0.23135230047517874,-0.005972595094275168,0.00010029399646791935,0.006228254502385093,0.24004688384873718,0.0047887364525585575,0.1642562644202246,0.026980120401286736,-0.04235292395384253,7.972595601360245,1.193712,-1.176639,0.01784311769971492,0.024010999999999998,0.08006222645342931,-0.2693715,-0.006947,0.004908,0.017064,0.282135,0.006773557712126013,0.20488770061829933,0.04197896986465386,-0.17609059143183745,7.655194244202173,1.364930551078571,-1.3923355911848776,0.023751228758757216,0.03211311751537775,0.10163852347199337,-0.33376724128411256,-0.008835551086792317,0.006919208763610027,0.023277566428585438,0.3678593991509363,0.0003534465441051981,0.10943706131615251,0.011976470389515324,0.23170672852100052,14.193885455285297,0.993834665134456,-0.9458886048525599,0.007903661448961312,0.010660111666253826,0.04718382887430691,-0.1614711539076309,-0.005302779199270775,3.094599839727223e-05,0.005357332466983051,0.15877099645180484,0.009582849681368803,0.28351160950526416,0.08037883272426538,-0.23866048629057462,7.839568292045756,1.8622723059211976,-1.9291266977218238,0.03285897566285067,0.04430836349960037,0.1406094811945032,-0.46520110525671876,-0.011636682309769171,0.009854589629233657,0.0326716811898312,0.5057007335192196,-0.0005393835366449383,0.059701599956051454,0.003564281037312403,-0.12553058807359743,10.327795884608246,0.4156218876962746,-0.4559994972696567,0.006915403053602291,0.009317289536914204,0.027611501114131624,-0.09411263290585073,-0.004808360207791027,3.3313449043104672e-06,0.004508929329123177,0.09168426400139482,0.0005000000976966856,0.13943562448726965,0.019442293376154874,0.3758700935027012,15.381332662135502,1.3213235179460754,-1.2178221172287103,0.008742124185882365,0.01178354142757319,0.05944648556418328,-0.20683968041521175,-0.0058891193488661946,2.7646474013892956e-05,0.005894422078706995,0.20339367520629303,-1.994014257282637e-05,0.0671303234463464,0.004506480326011084,0.001239196292890483,13.229210182816079,0.6060806343325001,-0.6467555861684731,0.006658917055102373,0.008978222034999948,0.02916236274387419,-0.09757153397417719,-0.004499893208327331,4.041455640169182e-05,0.004478328826672618,0.09930449859003646,6.584596406698993e-05,0.9559402705844586,0.913821800925088,-0.0004811613362555547,1.5704330183882194,2.983451,-2.988563,0.7025006678934002,0.94738475,0.669138114010391,-1.85592,-0.472202,-0.0003665,0.47518275,1.855307,5.670066573452826e-05,1.35175937081522,1.8272533965867594,-0.00040665313113980684,1.574126109899158,4.220317034089816,-4.223231682689983,0.9887493943029468,1.333611066708476,0.9456995720516148,-2.62348874372213,-0.6650109205919554,-0.001244486990808964,0.6686001461165206,2.621295750089949,1.5681511833977363e-05,0.015935887478215262,0.000253952509718338,0.264408575112945,7.086910273455697,0.3224771002151474,-0.2142300491725471,0.014717120700702793,0.019850914900370737,0.012413997559342771,-0.024197560686680074,-0.009879198960657998,-5.373462938649057e-05,0.009971715939712739,0.024228570901240386,-2.042103958578959e-05,1.9107261650579972,3.6508744778372404,-0.00023316413214859058,1.5870322270587973,5.91955657012555,-5.911150029389227,1.3567244254994728,1.8286282747507614,1.3351014124318095,-3.7197412228514377,-0.9137298608915951,-0.004356464828585007,0.9148984138591663,3.6974764895257857,-3.663515429213089e-05,0.05553058814119861,0.003083646219307427,-0.059396675142319943,0.9067913122852715,0.2430625123794765,-0.5486086027287822,0.04188098707928517,0.056491476324983005,0.04136331147071064,-0.10211938216380405,-0.028417744432073885,-0.00019831388560656582,0.02807373189290912,0.10294521037537482,2.177569033471919e-05,0.006764964364541534,4.576474285351684e-05,1.3208385696600888,33.0047579717217,0.13836196228011913,-0.10769606511044034,0.005806071562011965,0.00783178094693739,0.004941895402759463,-0.010722489581717634,-0.0038919101888766415,3.5176418611280774e-05,0.0039398707580607486,0.010719617179558332,2.8453792923998345e-05,0.02149862665229811,0.00046219094793490263,-0.0586025466087591,1.917778192718112,0.17731035101239434,-0.2705852003464461,0.019876444603003925,0.026817655359747578,0.01689957804403087,-0.03677139369067641,-0.013428028023337438,-9.657437770416123e-05,0.01338962733641014,0.036349089682354147
-5.891768292682927,8.028579750373058,64.45809280810033,0.9982488062219094,0.16513294675756596,15.0,-22.0,5.930408874022408,6.800000000000001,9.240955284552847,-15.669999999999998,-10.8,-9.1,-4.0,9.9,-8.286729977742763,11.401396335228526,129.99183839296245,1.0183942996453876,0.17522123671098244,21.149246601398918,-30.35163076199744,8.48951974015306,9.622595180280385,13.097327627557622,-22.229428325790675,-15.246655023721395,-13.158491105464961,-5.624059843441011,13.967225717632989,-0.07876201096395415,0.7028472064688783,0.493994195641106,-4.180733310023143,43.76625383186756,3.571820392801096,-8.122325440896205,0.28448392230674696,0.3849573048348481,0.34605480603750055,-0.8556749108648327,-0.22070500451317776,-0.030503761184655698,0.16425230032167032,0.5316804633567445,-11.61502805877893,16.265430088437796,264.56421596185754,1.0291304304346207,0.18015178728786907,29.592131209970105,-43.66490164935188,12.075468131637198,13.691063845588058,18.58441986717262,-30.627181037687535,-21.59651302916687,-18.579701022695865,-7.9054491835788125,19.990765888812447,0.11502727579885377,1.1371219256190541,1.2930462737235857,7.423164719710754,71.22105349122603,12.914791510743722,-2.224520050300422,0.2823822912495013,0.37875324931582427,0.39974147918787906,-0.5992853984303863,-0.18556352883266525,0.00030087567344627697,0.19318972048315902,0.647923995565747,-0.10925500002984621,0.7148438660070233,0.5110017527678672,-0.6044415267856686,11.005135624008355,4.321071652233309,-3.5543415654202803,0.299878536029851,0.41240681975269056,0.3915360577919767,-1.4770917244517896,-0.25114506870449493,-0.018961057907405092,0.16126175104819562,0.5366850121226822,0.09834850835475008,0.6742672491445025,0.4546363232688946,4.7901656178373315,39.33551161153672,6.568491539848487,-1.97897290343617,0.2630597961389032,0.3521760351957426,0.3257757158733636,-0.5367011550450118,-0.1302110928379017,0.055573220210980524,0.22196494235784092,0.6776690311052461,-150.15345528455285,13.908578838140905,193.448565296781,-0.3977894930159816,-0.6297234045735149,-111.2,-186.5,15.419063072458268,22.025000000000006,150.15345528455285,-174.8,-161.025,-147.9,-139.0,-131.33000000000004,-212.26289984131176,18.806930443752737,353.7006327161535,-0.22110403142880974,-0.9911419099640466,-159.6453177027586,-253.61682803350868,23.33376568726022,34.256995533039685,212.26289984131176,-242.11116729363593,-230.64332422001354,-209.67247629749636,-196.38632868697385,-186.64961531969516,-0.26078152047779957,5.6832954576536965,32.29984725898714,-0.11861720804819786,1.7878999287758859,20.256080700080446,-23.60434027692808,4.378940002947291,5.766903251674168,4.146311235174938,-9.766882296703526,-3.126030318458951,-0.09506220782864006,2.640872933215217,8.750368887691407,-299.89243469354267,25.893202438214058,670.4579325063345,-0.28438965751249673,-1.047129732927413,-227.18288023058213,-351.49585266370866,33.027241180551655,51.46217171917925,299.89243469354267,-340.4854494203787,-326.2086264525222,-294.93566057973914,-274.74645473334294,-267.7793164861158,-0.18055552194421265,5.8618432705962595,34.361206529034654,0.05991235528802402,-0.3999652457587697,18.84288000259495,-15.0953180380381,6.467431538593784,8.707023494876648,4.765505943837465,-9.718909560735904,-4.623950279582433,0.13424648262145666,4.083073215294215,9.128689633004285,-0.3623444213682396,6.1219374668762665,37.4781183483434,-0.8748697716740278,5.117440719501566,23.079641392262673,-29.100131641744625,2.871898589011874,3.834219945086873,3.7311506871176783,-10.17112799318868,-1.8566443661642904,-0.009220456211253954,1.9775755789225822,8.580689240197719,-0.7184176548433551,5.0729570299440025,25.734893027658277,-0.08193565750883239,0.3014403938284276,12.159323948159102,-14.796366970781428,4.73752916582429,6.3033114516881215,3.9830156101885286,-9.175502087302783,-3.7920636510854617,-0.5716128901943587,2.5112478006026597,8.151350346795581,-1.8327235772357724,7.45853212939493,55.629701525216475,-0.8046770352387982,-0.010653508569711256,10.5,-27.7,7.41301109252801,11.4,5.9140243902439025,-15.8,-7.2,0.1,4.2,7.3,-2.612938021145491,10.089681896509543,101.80168077275242,-0.5619061450193826,-0.7616725835615172,13.081426764355834,-28.50330480411104,11.373590553038728,16.810161389735068,8.29146343893144,-21.522225502377193,-11.025778732103879,0.09100085279488818,5.7843826576311885,9.906876996699319,0.20950935253100764,2.998144371414556,8.988869671844782,0.26018094423068383,4.00312695417283,14.152421041285605,-14.493346489525132,1.5582959426745988,2.070155568892546,1.934177995859667,-4.965688872904285,-0.9094418905066733,0.18765716597370904,1.1607136783858727,5.348078225073643,-3.748805409167757,13.85573449412081,191.98137837156926,-0.45092251886698537,-1.0320235151719945,15.91229094903871,-36.66344493178966,16.126961995740732,25.61306572660323,11.562110835450909,-27.870410498516563,-17.141909935594498,0.36671879131338847,8.471155791008735,13.891970848154687,0.2215437971761464,3.119735048086414,9.73274677025874,1.015676844688567,5.957242235129073,14.706311470449418,-11.690412247941603,1.8957521265069985,2.6068897694272537,1.996664858986735,-3.3449362618683436,-1.217458406819755,-0.06359595922099082,1.3894313626074988,4.9808699271626855,0.2899389488013981,3.156955930056791,9.966370744320738,0.42864225382121257,4.725233367933016,11.955009515798034,-10.202051466943887,1.1139029895630403,1.550197570287257,1.8018046434223918,-4.325322240664971,-0.6589864041483953,0.008620052243626993,0.8912111661388618,6.0030060986477505,-0.16039987292765645,2.7821717593671735,7.740479698620234,-1.9149297588816905,12.370251033025118,8.301325171129522,-20.83750842305263,1.6366287164336926,2.2962690400637853,1.7861570464433913,-4.766386598398714,-1.013624043622453,-0.03349026521408035,1.2826449964413322,3.518588480517744,-0.7046747967479673,4.25367111841921,18.093717983673738,-0.08041798515715598,-1.4800631383819525,6.8,-7.1,5.633888430321287,8.4,3.8406504065040648,-6.7,-5.2,0.0,3.2,5.2,-0.9975132669420077,6.036091726072344,36.43440332555901,-0.0703179256898212,-1.4813029354308878,9.585390522640854,-9.986172661982794,7.995189441376397,11.917175594033917,5.454526044638941,-9.445356424491315,-7.402097240843521,-0.039932383604725535,4.515078353190398,7.514007116901568,-0.010721122161383928,0.1525955837946559,0.02328541219363185,-15.23845567981904,294.92631274410064,0.36931975318143906,-2.999631568893168,0.06235081163505227,0.08400743310155692,0.05849292373723008,-0.10737685118934504,-0.04577811312963742,-0.004613018707665395,0.0382293199719195,0.10083749535618658,-1.435338202549919,8.598092533618289,73.92719521666257,-0.05293790878341893,-1.476966823790066,13.513012799155826,-14.040231737922838,11.682927795144842,16.96059556849054,7.7736899661465335,-13.36281252290337,-10.612701947240904,-0.3474757416899395,6.347893621249634,10.992599608148694,0.018656843519861164,0.32002460331985,0.10241574673002735,12.791219982553988,187.03706718988735,4.746346330036938,-0.8304510538481156,0.07472535516283801,0.09589790488670663,0.09268535473453547,-0.153572087649777,-0.04771813712542883,0.007433779359475867,0.0481797677612778,0.1383095971285418,-0.01517558186133469,0.13505258425256886,0.018239200513297207,-6.797692413561797,63.30701249609383,0.2738954530686015,-1.3916666603534777,0.06563245021370098,0.08618806491689723,0.06508191258803366,-0.1116192454667549,-0.05062921217224382,-0.0004829526332132037,0.03555885274465341,0.10902625147912913,0.00914828375112089,0.1665393195222899,0.027735344946947373,12.061265982627658,172.4422133138963,2.421041399400388,-0.364782244571203,0.05963777673624759,0.08088505657388398,0.059474207445305925,-0.10123482637864245,-0.0423926184358286,-0.003798227716168199,0.03849243813805538,0.10605113389732314,-0.30569105691056914,3.5228678222681094,12.410597693172052,-2.022865103929804,3.404067105925728,3.3,-16.0,1.0378215529539212,2.0,2.381707317073171,-8.785,-0.3,1.1,1.7,2.3,-0.421520765329585,3.85644156147921,14.87214151710421,-1.2258526112100514,0.3895339681078065,3.83268328201258,-13.748134695992563,1.6468803122237312,5.316302377924036,3.0845673175739226,-8.608005795999714,-3.0357210842920157,1.46596431784917,2.2805812936320207,3.0453462339070794,0.27853466728140547,3.1212249130018743,9.742044957543559,0.3292979122571444,2.5213102860491876,11.71728822437183,-10.24281293468501,0.4750205311916415,0.6599089931968598,1.7360163534030397,-5.563105949027192,-0.26036983910284595,0.030132741900519705,0.39953915409401386,6.682132714869497,-0.5591625710617667,5.148129515246831,26.503237505755568,-1.0551054884584106,-0.3103828902001804,5.22441540820608,-14.182149455415901,1.705784101182345,7.734183938428156,4.289458186521676,-11.232596207019338,-4.665275965575938,2.2076935755245803,3.068907972852219,4.007285148160813,0.17001137833788332,1.7037703437582337,2.9028333842700493,0.14024153072997153,6.781815861233785,7.710536723692519,-9.015089255180158,0.6845886708490535,0.9220149744230823,0.9897091294519863,-1.9603563473613055,-0.422191015836298,0.038267651657913515,0.49982395858678436,3.3593210559022673,0.38870119000258657,3.665072906196979,13.432759407739171,0.4865144901492695,4.743674297021855,13.825306697281198,-13.40596014944667,0.2013930639147206,0.26696079216653135,1.7638922373116737,-4.875811981968013,-0.1088807444174248,0.010617245557948069,0.15808004774910656,7.334106562437325,-0.07789328570113616,2.4032318896417086,5.775523515390858,-0.611485880506654,5.623887531295598,7.972920505071686,-10.880989754358993,0.5027938715400714,0.685062004115083,1.2449387977777218,-4.309123824745182,-0.3770873868214114,-0.0007521909601007626,0.30797461729367165,3.847388306918921,3.028760162601626,3.343759520524152,11.180727731095907,-1.6189683356199664,1.7701437015050798,6.4,-7.2,1.3343419966550423,3.6,4.149695121951219,-5.6,1.6,4.6,5.2,5.8,4.28392570835565,4.6949837761344675,22.042872658165862,-1.5779480456592747,1.6162310116302114,9.944190854691215,-10.051456417092501,1.949026831457248,4.932383550118422,5.850638104889222,-7.379318919497093,2.4434299089495766,6.478013730251135,7.375813459067998,8.192660423130521,-0.03677045626956596,0.42943547207611893,0.18441482467723913,-8.451744993191742,81.93754228590554,0.6304703555188523,-4.594502467044293,0.10307964184209656,0.13974031599699163,0.14632236121437245,-0.2754351145809852,-0.06691766313593323,-0.0016475993955020751,0.0728226528610584,0.24518294742478347,6.0643620530263815,6.533080968682575,42.68114694336245,-1.64649023607036,1.956365604156785,12.843253223221273,-14.78850128283919,2.8220064088896772,6.060534347283485,8.184235069862236,-10.448174998984696,4.358453046250401,9.040765637767485,10.418987393533886,11.460207531375417,0.10660843411099691,0.893613898363647,0.7985457993486744,6.078325507925758,40.67409948454917,6.953316453520721,-1.3316164706404046,0.2003726430862781,0.26795971784214884,0.30036245142786383,-0.3864421547637286,-0.1261673769750002,0.011630991384591616,0.14179234086714865,0.4688928577322342,-0.0516203681667148,0.3394635504745846,0.11523550210081084,-4.0704855104410695,17.88006701071549,0.36800707452720904,-1.9518894110966147,0.11084414193289506,0.15416134872285253,0.15076198862660967,-0.23059919533208256,-0.07352712556224267,-0.006415214689439845,0.08063422316060986,0.23627953014740377,0.07033961592695993,0.49355179019338086,0.24359336960309105,6.013690106901916,40.41163628572506,3.8065224372607243,-0.5314569489157672,0.1333527506730827,0.178218204830226,0.1895534596209164,-0.2898497377811835,-0.0688481263967455,0.006978924919050498,0.10937007843348051,0.3342074131168845,-0.0022788607886337323,0.2632223935510242,0.06928602846673029,-0.44927244909612896,4.927036825287818,1.247895,-1.487537,0.04489245387524037,0.06042625,0.13731371060362116,-0.50867825,-0.031239,-8.5e-06,0.029187249999999998,0.48288325,-0.0032219901621320718,0.35733491848862287,0.12768824397127077,-0.3757063761898185,4.690471133433425,1.7474932381184232,-1.9832392363355564,0.06278380958026245,0.08486096375928942,0.18849686760561155,-0.6964244544026151,-0.043872680092786595,-0.0002090128500021943,0.040988283666502826,0.6559545905880967,-0.0004096060784799337,0.10426894527161763,0.010872012948055594,-0.1420552683057067,10.014811102086046,0.7292353551423142,-0.781426766324787,0.00743202389445717,0.010026594427256258,0.04555244185028239,-0.16378200627280448,-0.004977945000660178,1.640638492393469e-05,0.005048649426596081,0.15895556655253948,-0.0045544156013225395,0.49768348741062035,0.2476888536411971,-0.36191843652556116,4.5842538792992045,2.3902029915555025,-2.508074408435178,0.08823663858643037,0.11880997843269778,0.2633274605734627,-0.9520344216881518,-0.062102806169990206,-0.000801163617630928,0.056707172262707564,0.9171095237241564,0.0007893884884401797,0.08743092019006979,0.0076441658052823535,0.29498593957233193,10.16655277590278,0.6698326208968163,-0.6243807903261525,0.007043650907355265,0.009478159876448781,0.038638104513701844,-0.13108922024356104,-0.004807286640540835,-2.3713382797025274e-05,0.004670873235907947,0.13658569840256357,-0.0005789975143627226,0.07012785900767837,0.004917916609000816,-0.14038444505878397,8.355503280609033,0.4860057472426848,-0.4296878384503314,0.0075677118581096115,0.010197360365674778,0.03247314355226916,-0.11583398991579408,-0.005125269554934232,-4.881038085166356e-05,0.005072090810740545,0.11233514606309368,-0.00041829648019545097,0.12970065758262989,0.016822260577366608,-0.16613627994008118,9.759503784801995,0.953930095424554,-0.9198171286904159,0.007251033565934515,0.009782674430115244,0.05620750875753619,-0.20249826358886394,-0.004895371088510204,6.3850782993493725e-06,0.004887303341605039,0.19992279303901767,0.00548935343050024,0.4760137541944886,0.22658909418233103,0.5997431668379009,4.977511015045073,2.816017,-2.359983,0.06387198617543983,0.086103,0.24276455810242067,-0.858193,-0.039784,0.001615,0.046319,0.9198109999999999,0.007762776046229612,0.647160692047377,0.41881696133123997,0.5474055924954774,4.631414058143464,3.5961784840773263,-2.7920654382064094,0.0901039070730413,0.12153924023783058,0.3331331154212726,-1.1825855160618415,-0.05574893322070559,0.0020334690970959393,0.06579030701712499,1.277224326230908,0.002017418751190287,0.18525422250558535,0.03431912695614892,0.23181481957289335,13.489271000780438,1.7188463641175682,-1.5866172475186098,0.00836029243566469,0.011278552227930025,0.07711066763647265,-0.26137536672094586,-0.0056453705908996055,1.2101797474207369e-05,0.005633181637030419,0.266224675831654,0.010977380338674838,0.8818323568258626,0.7776283055450555,0.5178700239394346,4.009142101556213,4.445812872879697,-3.6426005391968004,0.12632284239482325,0.1695422373633595,0.4617768532442069,-1.653551782958183,-0.07761547890708037,0.0024804134857281035,0.09192675845627912,1.7873593077176162,-0.00016303733499910806,0.24467355659566556,0.05986514929717236,-0.03403619002513749,7.500682281977626,1.7451460847131954,-1.4919388308349424,0.02100478619229609,0.028342626569528403,0.11431739829128316,-0.4155325873379665,-0.013889159386076613,1.4776585842437396e-05,0.01445346718345179,0.41653638489263023,0.0028526339562148432,0.20021792961834325,0.04008721934065586,0.19646263367637318,14.25855013076766,2.156929811351382,-1.7817296495225885,0.007521245772202448,0.010153327560339605,0.08370549792184526,-0.2790482107564033,-0.00500993808067365,9.338821655755008e-05,0.0051433894796659545,0.3056766541859419,1.9597776106046748e-05,0.16893613056172102,0.028539416209166855,0.1281046984021582,11.09198078595944,1.4458626960582222,-1.376324543695297,0.008952792310389953,0.012065150783145712,0.07203954388649643,-0.2536422374933779,-0.005870032754547777,9.754093310506936e-05,0.006195118028597934,0.24846416138528324,0.005053679984747055,0.14821930796950988,0.02196896325496042,-0.04959069275211212,7.716036198480275,1.02987,-1.038986,0.017663722831275742,0.023769,0.07266575814196535,-0.242276,-0.006463,0.005391,0.017306,0.25953,0.007147647200274085,0.1707120991666514,0.029142620801884622,-0.0025012376660370796,7.79691831935553,1.1869616946645385,-1.1111409312976213,0.023561935423595488,0.031810543467748864,0.08477209725199746,-0.2754930889844004,-0.008335019797944536,0.007649885945968934,0.023475523669804328,0.2987729262987813,0.0007868489261301818,0.12161827391646324,0.014791004550419882,0.1269371928518965,11.437582808682311,1.0557767211551534,-1.0514210577260552,0.007738225749516219,0.01043874251885223,0.05313465815527971,-0.18451980654189654,-0.005153230546996912,1.9982388608500183e-05,0.005285511971855316,0.1892678335170755,0.010110219921099816,0.23378001604619558,0.05465309590255947,-0.0793213424107676,7.892383181791789,1.5255760812781858,-1.6288103953219,0.03269480934481467,0.0441219714484313,0.11594963081878308,-0.37602155420413097,-0.011239747140461798,0.01084496697753904,0.032882224307969506,0.4111305081703731,-0.0006826822543079837,0.06018271299088918,0.003621958942943742,-0.3977299188036104,9.28472463632892,0.3540972402864353,-0.4630928654427214,0.0065938564501755205,0.008887723014361162,0.02788949675925239,-0.09524631615109207,-0.004524819697714871,-5.885127878126124e-05,0.00436290331664629,0.09670645279841325,0.0011125073378257236,0.15904670969968615,0.025295855866296242,0.14860810285545414,12.549925140750279,1.5212821729425716,-1.4711750231279543,0.008604477877578887,0.01160983181741472,0.06826304250839348,-0.23778981576442998,-0.005794029488143849,2.4528416903128244e-05,0.005815802329270872,0.24708797543146366,0.00026727834378162553,0.06542996722965977,0.0042810806116743505,0.2024094169518229,10.609012888067411,0.4921850623836034,-0.44636446701330806,0.006603428460714925,0.008914197439501385,0.029179539460913673,-0.09934615207365355,-0.0045073837412004745,-1.6738946241350846e-05,0.00440681369830091,0.10336793049772064,-2.2084992797221034e-06,1.0348376756624693,1.0708890149705022,-0.00015877582284719804,1.8646524255073738,3.473193,-3.477055,0.7047023321878809,0.95112375,0.7066979736604243,-2.0273452499999998,-0.474522,-0.00033600000000000004,0.47660175000000005,2.0290102500000002,-1.333817753640787e-05,1.463335288004806,2.141350165120109,-0.00013720129772913165,1.8686686786062205,4.883711263569638,-4.906974671304495,0.9925035639829548,1.338605037721549,0.9987973665633232,-2.871215083273594,-0.6678743295710505,-0.0013279307340887557,0.6707307081504985,2.860614972857686,-8.077643505088394e-06,0.016298198140131216,0.00026563126261497665,-0.11676917245547425,9.13154906857204,0.2831437293781865,-0.271805906131154,0.01424048055288352,0.01920918951402138,0.012491043774372945,-0.024388972444500157,-0.009530185521084714,-2.108309790952237e-05,0.009679003992936665,0.02424626559036031,-4.539095942895863e-05,2.0685124482704134,4.27874374864966,-0.00010242079557673969,1.8821559227238023,6.858352035316494,-6.853591766104875,1.3642314706741268,1.8414522140131864,1.4101477683911607,-4.042767444070501,-0.9183812013311967,-0.0008136262261505666,0.9230710126819897,4.029592994043581,2.3961129285725514e-05,0.05752140027158235,0.0033087114892035936,0.016279290861490395,0.3303675382224358,0.31618516550392145,-0.2660400668026515,0.04338826252415364,0.05858272947411744,0.04289949769386509,-0.10571298176874441,-0.029190445107311655,0.0003833259280955903,0.02939228436680579,0.10708068364551154,-1.1381300105948152e-05,0.007355471295983414,5.410295798603592e-05,0.027341951206959533,66.19184646179592,0.17722591195505336,-0.19565708509918622,0.006436804458787942,0.008684036576333163,0.005329353682491235,-0.011469376218579755,-0.004354978833678604,3.109301067907958e-05,0.004329057742654558,0.011318293318545426,3.376626400072797e-05,0.021845071143496195,0.00047720713326441014,0.15387181931445537,2.0555863131522987,0.24973746832186056,-0.13892568006958575,0.01940215503022897,0.026168797252617598,0.01690134599334837,-0.03818790444979102,-0.013069643418326235,-6.0109113566208985e-05,0.013099153834291362,0.03843190285416904
-5.184435401831129,7.211581610166354,52.00690932008954,0.8190743365303803,0.15019499809024417,14.0,-21.8,6.226929317723529,6.1000000000000005,8.10793489318413,-14.69,-9.4,-8.3,-3.3,8.5,-7.291830504264325,10.238267576352168,104.82212296498409,0.8492132050261902,0.17637810597812376,19.683772365574974,-31.43524563608664,8.865274322017855,8.56440459551308,11.49475797472374,-20.376003634021654,-13.195191647184206,-11.835819241052496,-4.630787051671126,12.121614776095191,0.03782089663584665,0.6694345902536474,0.4481426706280688,0.9533374294676364,81.90466589841532,7.260225231217395,-8.033270475443834,0.25934552038555775,0.34847469257220265,0.27450554018960677,-0.42943171326636287,-0.1572390716810136,0.026422699560803564,0.1912356208911891,0.44983593265220606,-10.201302290854205,14.595903949423898,213.0404121008081,0.8841470319854824,0.1778988327799742,27.87474951617936,-42.4361418349317,12.635040487141339,12.263865698389273,16.30332596649852,-28.976125037205655,-18.747541403944304,-16.699434512058684,-6.483675705555031,17.569076659533984,0.07604082406742622,1.2329777087035008,1.520234030159735,5.90784457578383,53.061011445925224,12.65109204411831,-4.320611003699951,0.26768620351934314,0.33906204960052466,0.42695871284969106,-0.6219683011102795,-0.177838642735299,0.012959597164944991,0.16122340686522568,0.5185638494146034,0.05266101300929899,0.4749816656094223,0.22560758266510103,0.3767544031163646,21.340977553053467,3.2825264701085306,-3.0196469872996103,0.2567884788808896,0.3396433311607458,0.2639303303994443,-0.4080890312901095,-0.12296897800716595,0.036313601107878915,0.21667435315357986,0.5287590952826319,-0.0461633421151162,0.8108452245329745,0.6574699781479297,-0.9114506917662151,45.188385977477914,7.067510096706069,-6.44355793416605,0.24081032303313465,0.33335310651146377,0.3170424058558693,-0.5044069684320512,-0.17110036112848273,0.024422080850445123,0.16225274538298107,0.44090989680016957,-151.2154628687691,12.564541209008532,157.86769579287358,-0.2912512738995185,-0.5308198795939889,-110.3,-182.7,15.419063072458268,20.799999999999983,151.2154628687691,-173.59,-160.6,-150.3,-139.8,-135.0,-213.75823629997208,17.39610589757568,302.62450039966734,-0.2085536426002152,-0.747853475714078,-158.0998081044234,-248.28398568656075,22.361853083783377,30.827299523891043,213.75823629997208,-243.3961005222716,-228.36909449341482,-212.2775169759069,-197.54179496952378,-191.03188730658857,0.018007411789254208,3.5215054315736096,12.401000504602434,0.46712992587482416,2.3281742125535825,14.843326274372076,-12.81755889388211,2.384046434020799,3.2639118077208913,2.4729777678722047,-5.924866373667319,-1.8036937217690694,-0.1165084556636451,1.460218085951822,6.277202697203218,-302.0438322118294,24.28802567418472,589.9081911498561,-0.22596052706837239,-0.7998637290333268,-225.85754325992602,-348.8035804701117,32.474498476816244,43.10657137911801,302.0438322118294,-343.06830925667435,-322.14268969924115,-299.96982196556746,-279.03611832012314,-270.3698601872095,-0.2760259447146745,3.5631976896587565,12.696377775589498,-0.09239544816682436,0.6930304044457305,9.544593858937036,-14.07956965233579,3.2506716979390755,4.369211578138495,2.7348056476122857,-6.182582632114446,-2.4748279565733444,-0.26022211384757554,1.8943836215651508,5.504504305201142,0.026621489685529874,2.3365845456031824,5.459627338751631,0.10687999941123977,2.8050239432578934,9.119089026263225,-8.966942953761038,1.6542269387633506,2.245668227857207,1.6524139953340269,-3.683890314780381,-1.091845953236112,0.05519927393142096,1.1538222746210949,3.6667329919142917,0.15950853484406433,4.356794428969922,18.981657696303348,0.20929741268212326,2.050683569581686,14.951437072135533,-13.966620154508817,2.8544446726017463,3.7167842389630246,3.00307572145194,-7.263803632469121,-1.9235142920219568,0.046053802397248246,1.7932699469410678,8.709571601160746,-0.7519837232960326,5.594008714800238,31.292933501261015,-0.4462588094566875,-0.8889396565449106,9.0,-14.6,6.375189539574088,9.35,4.588606307222788,-10.5,-5.55,0.5,3.8,6.7,-1.0867428903874048,7.774770160071862,60.44705104194384,-0.39841021529476206,-1.0440103919149033,11.8826531211003,-20.756942829279073,9.238083095052552,13.45643866891382,6.437624206329983,-14.04208950528345,-7.9894263112042125,0.7041494839808641,5.467012357709608,9.083215711342573,0.031070251903790105,1.416863976075371,2.007503526700109,0.7807233213444522,2.210187682703344,5.768377255777252,-4.639744486015277,1.0000478846107856,1.356023921608903,1.008184455637153,-2.0109910556440393,-0.7147260760878261,-0.09786406773631633,0.6412978455210767,2.594795412422603,-1.60274921345343,10.795034715782517,116.53277451494972,-0.3391242926887832,-1.228241808569692,15.775131709117506,-20.289214721966037,13.101929154328657,19.917446965358316,9.041204595034552,-19.10116057394231,-12.521952820091702,1.3060818828805467,7.395494145266614,12.8838299663329,-0.05376537132395403,1.984310673527591,3.9374888490755224,0.5143168794350557,2.0374934003327843,8.406141303626919,-6.171839123338911,1.6297177893889567,2.2053485241032047,1.4855004681454975,-3.3502483980995943,-1.1737198405511817,-0.07859288784246277,1.031628683552023,2.942298296668117,0.04385638546085575,1.1686090636270376,1.3656471435912616,0.24751605434569995,1.0006133510779174,4.127437255304982,-3.7885913115493555,0.9838266288964805,1.2813728040055752,0.8765553172170765,-1.9118300488890319,-0.6117092018465956,0.002606041144745887,0.6696636021589795,2.166910482036694,0.07150704948807293,1.6092723039700525,2.589757348325081,-0.3498998729789151,1.496900201713533,5.149433598454613,-5.613832528648002,1.1720482256958513,1.580938750027368,1.1598195844955794,-2.4917557809731905,-0.6857085089920016,0.08375187503470152,0.8952302410353663,2.6168299782117352,-0.22014242115971502,4.487221732992331,20.135158881038695,-0.20909745597941068,-1.5432295827460503,7.0,-7.1,5.040847542919047,9.05,4.105798575788403,-6.79,-5.25,1.1,3.8,5.7,-0.32406306642668653,6.366655397414517,40.534300949427404,-0.1968415385665246,-1.548226706841598,9.916651358430315,-9.937353019195506,7.297311470766812,12.825958666488386,5.830180815537797,-9.539083626517836,-7.415663602302691,1.5085014102988208,5.410295064185696,8.100544244264837,-0.005521897237743409,0.17832589047267988,0.031800123212874225,-16.51476795103238,333.63689694057734,0.5349073886039681,-3.607147503041361,0.0557716039335546,0.07512729566510398,0.05750983520119183,-0.10167728485331363,-0.03831889182833648,-0.0007466152467995313,0.036808403836767506,0.10403100709777625,-0.49350536217506974,9.060367689025629,82.0902626603396,-0.18046153051738972,-1.5495006359167047,13.980647273474231,-13.994103488036211,10.740235414461855,18.29226597939454,8.294610745083508,-13.458318207466684,-10.66473397100129,1.7321734191251912,7.627532008393249,11.727278818691794,0.024243401424580018,0.36414270257330306,0.13259990783738906,13.158233533052028,194.86304645708714,5.45766526214592,-1.0525090406330948,0.06427464318368814,0.08410067764147305,0.0910057515236932,-0.131885871001231,-0.03790288680500667,0.002791213687366234,0.046197790836466385,0.13474495359396382,-0.007485836956830146,0.14034972810565877,0.019698046179332344,-7.787086628960592,75.51698307987579,0.2175420018270506,-1.4480234912722485,0.060749630872463725,0.08623606977878284,0.06078170897653068,-0.10444942190413502,-0.039506482598333295,-0.001519466350933084,0.04672958718044955,0.10174231800211216,-0.000849039953980592,0.2075767213082708,0.04308809522909152,12.429534888421438,181.5303584527107,3.043195056486296,-0.5160621834994751,0.05399604739042053,0.07209402400925433,0.06333551799574218,-0.11562279649357166,-0.0456212313619572,-0.0015453204345853757,0.02647279264729712,0.09537534477351448,0.5350966429298067,2.203280446553208,4.854444726163704,-1.8325563451691673,2.9998732972789037,3.4,-9.6,1.0378215529539212,1.5,1.8592065106815872,-4.6,0.4,1.3,1.9,2.5,0.7657693525862754,2.528086552675097,6.391221617816656,-1.106309613618577,0.34742320111967206,4.312191822832295,-8.691559606592275,1.5727114402255868,3.6362387438227692,2.3681671527953245,-4.3507481568262225,-1.0323924344429516,1.7314379493723981,2.6038463093798176,3.4013301935170426,0.029838388580511167,1.807712609527563,3.267824878644952,0.26438448452816266,4.403642188236578,7.525374130920136,-6.764516093854881,0.4303667009864374,0.566926688029195,0.983266435371685,-3.3982944843825402,-0.2355929352074479,-0.0031704865324167775,0.33133375282174704,3.2807403181006403,1.1080035923368234,3.3430886046654567,11.176241418644029,-0.924468132071877,-0.4417085710334705,5.285255824077512,-8.215509952187167,2.1034114244727062,5.662550587552449,3.270922202838941,-5.147909760634391,-2.0166072004789597,2.486265775438263,3.645943387073489,4.632166089278791,-0.040751251558499665,1.2258688527054753,1.5027544440334384,-0.0821864226022806,2.668249751009987,4.681441054342567,-4.504856094493342,0.9213955245362978,1.196202728461264,0.8467919480103864,-2.0133886237407244,-0.5924073962267191,-0.033399428179449304,0.6037953322345448,2.0171507748365194,0.041243364587104606,1.1019146985480825,1.2142160028763118,0.7872105017972008,9.327514068742191,6.631831045063293,-5.549551513323762,0.20319960179333607,0.2676694234003075,0.5506727965299704,-1.5758293347204018,-0.1346298208802924,-0.009191418251988279,0.13303960252001512,1.9181331390127885,-0.04963246761231861,2.2864752833196604,5.227969221231721,-0.31619946189678333,3.03233675997408,6.093895077625921,-8.710195466810426,0.49870205771706677,0.6376059574482219,1.2880062955034932,-4.238160770845333,-0.4039709836238491,-0.013188807445560925,0.2336349738243728,4.747822050931866,2.9846388606307217,3.4102052048165383,11.629499538957807,-1.611424192222253,1.7543283036855026,6.2,-8.2,1.1860817748044825,3.9000000000000004,4.134587995930824,-5.9,1.3,4.6,5.2,5.7,4.235036429201506,4.782956995282597,22.876677618722727,-1.621040003474495,1.8605305921326973,9.097480594031094,-12.575245520591096,1.636425808407729,5.40405067683494,5.81807959424113,-8.219586396600306,1.9277596942363915,6.545786037763591,7.331810371071331,8.122155839994464,0.03204339539108903,0.5437519088136563,0.29566613833849487,9.07159321912013,94.74443930753185,6.183175245194401,-1.9522141960489847,0.08985879873657283,0.11982285180447738,0.14645307066348906,-0.24106240877683105,-0.05914941973382798,-1.8104129306806271e-12,0.0606734320706494,0.2096739340822562,6.028427514705694,6.667294479493231,44.45281567628091,-1.5820678093063785,1.826770202258178,13.535282133728725,-17.0770420641697,2.360508708809475,7.756324444897563,8.118915443269273,-10.417022580198612,2.592994527314338,9.325841448231063,10.3493189722119,11.57969016300806,0.06736248376461487,0.9834001828658916,0.967075919660669,4.079991314451757,30.45035730715626,7.047671306083473,-3.5153724017352475,0.16369492724118778,0.2185854724308398,0.3385142724785618,-0.5565749821286531,-0.10740357182701597,0.0055982762591805235,0.11118190060382382,0.542640492828023,0.044788414290212436,0.34985206253853446,0.12239646566246663,5.342093160054844,34.49952523225393,2.6273985779073548,-0.9869590202692455,0.07590696907638504,0.10415818176759283,0.12437435374696415,-0.14953668066603393,-0.05273396367326463,0.0009849434563356995,0.05142421809432819,0.19269368166137757,-0.08269757558539148,0.6737397193816584,0.45392520947247583,-6.995705455476949,51.28751433343443,1.4799457519311137,-5.62901829312989,0.11120573444028653,0.15071946401385045,0.19204673151980015,-0.24286970871037478,-0.08317272275441426,-0.00672965106887784,0.0675467412594362,0.22913962991259562,0.001239435281806819,0.14646063503086598,0.021450717613644525,-0.08745532097831349,6.911346946362393,0.997749,-0.979045,0.013921634831767601,0.018839,0.07002572740749353,-0.26833925000000003,-0.007526,0.001626,0.011313,0.2441785,0.0017531172871579248,0.1534302042983155,0.023540827591022835,-0.48378804468060255,5.489555268910459,0.7732499710888683,-0.9198375680843666,0.017951735661907397,0.02424920095440163,0.076288935018828,-0.2854026868158196,-0.009707084061369919,0.0021234047865149553,0.01454211689303171,0.2744745684976626,0.00032895473988804597,0.13912857867645795,0.019356761404531353,0.05691610951355924,14.425233316995318,1.1593612372273265,-1.197225630903667,0.007506160033803848,0.010129961089216044,0.05758912114670717,-0.1979599143848974,-0.005083815003184865,-3.225135658585821e-05,0.00504614608603118,0.20106856267172615,0.0024800815870473342,0.19120835351155088,0.03656063445259821,-0.5104049326047282,4.907220446842276,0.7939623534331568,-0.9884508909893369,0.024468138130390983,0.03322427150282979,0.09606003910670165,-0.3712476548863039,-0.012642828421642757,0.0033236425496163324,0.020581443081187034,0.3355204781007264,-0.001215834656906378,0.10252484133854074,0.010511343091492953,-0.0512981587674081,9.894799708675652,0.7578566826970172,-0.7014662490653226,0.005909249827148085,0.007958399712994564,0.044591242145732075,-0.16654148801569674,-0.004037695650466633,-5.076570439057335e-05,0.003920704062527931,0.16381916006864902,0.00046492508149104794,0.08250962563955525,0.006807838323179552,-0.0697571172717174,11.422257699127067,0.7237192270436182,-0.639652506105362,0.007669518110891012,0.010361953376839506,0.03703647599543358,-0.12879511535993188,-0.005110312641421484,-7.578252359543887e-06,0.005251640735418022,0.13163825850146446,0.0005333562439355596,0.17860193455520815,0.03189865102686285,-0.08442848189193426,13.135058857815,1.4246105970295493,-1.4048851527503567,0.007317218830323183,0.009875012281328779,0.07393959560434181,-0.26214031624104284,-0.004805936023462891,0.00011545116213194866,0.005069076257865889,0.26008604694664383,0.004926653038979159,0.3169413708301585,0.10045183254370005,-0.5858021863205535,10.964057273593141,1.947542,-3.002237,0.024141211923926716,0.032567,0.14227221926866843,-0.49240775000000003,-0.011544,0.004319,0.021023,0.523938,0.006966794186428284,0.39303623498340423,0.15447748200992975,-0.011700842513073855,8.41620464169831,2.362122846687748,-2.9604854417277595,0.03296507899309594,0.04458557233249999,0.18019560125387268,-0.6598138020345368,-0.016125171780702406,0.005737957675556831,0.028460400551797584,0.6681241069606187,-0.0008988177608417754,0.21542493323515233,0.04640790185936984,0.15697499564572134,15.32469069189612,1.8788276044451304,-2.1737295834351857,0.00796909682754222,0.010763615136099833,0.08867234001214223,-0.30970934149771534,-0.005610249967573225,-0.00013279653196569875,0.0051533651685266085,0.312201984913717,0.009851046590652612,0.48708707558978226,0.23725381920660626,0.3125632652571407,6.354828267322732,2.775623811779205,-2.515580254244375,0.042197030503277666,0.0569855702557315,0.2322507586533569,-0.8618011894569911,-0.01959938025985935,0.008021050732352836,0.03738618999587215,0.865315428627272,-0.0008691866171406415,0.26766897581426485,0.0716466806134575,-0.045513035467724484,8.545961347733208,1.9702557419975697,-1.6889497285399102,0.019237495055305823,0.02594447316508111,0.1212563064785159,-0.4506674951430206,-0.012735108524948201,0.0002674838822546158,0.01320936464013291,0.44536011855565616,-0.0012708602899734528,0.1781561077081284,0.031739598713710244,0.13030386974172842,7.760824948239261,1.3049960601249577,-1.0861937584094408,0.007166338134556701,0.009675453943463341,0.0808311995133677,-0.3077345715992795,-0.0049138734803380706,-0.0001335855535027851,0.00476158046312527,0.29953855794121365,-0.0015648899283520947,0.24709831920820696,0.06105757935552094,-0.06742257017290337,18.380019126869023,2.5085170592753596,-2.370787377693422,0.008580557025993623,0.011566860450771866,0.09728817012788524,-0.34080194667333974,-0.005822845825462107,-4.571020942186757e-05,0.00574401462530976,0.32969604184294804,0.006392747972560532,0.09354834586076792,0.008751293013285855,-0.15924739341333244,9.251719324942611,0.676604,-0.68965,0.011567262508780707,0.015604,0.04591510250559543,-0.14708,-0.000778,0.006903,0.014826,0.159375,0.00904219538022194,0.07507573248796777,0.0056363656086049,-0.981380291691676,10.336778093808345,0.4275591774438452,-0.6630833000632425,0.014094537383026302,0.01901507337620684,0.039480892505983106,-0.11164762056262076,0.0006766940028765003,0.010047063186278403,0.01969176737908334,0.1282597233215688,-0.0006905380079697426,0.1089231600748213,0.011864254800685148,0.0010628948816280373,10.308300553018727,0.8961629853674613,-0.8813000808762638,0.007656143575914771,0.010325700069527988,0.04927817867679226,-0.17764896941442554,-0.005209827519146858,-3.8490386193949195e-05,0.005115872550381129,0.17064616145142503,0.012791873731912214,0.08402348570133335,0.007059946149402169,-0.7664563891276103,9.622771411479102,0.5167293644538936,-0.6570013932933231,0.018597165915565865,0.025088342357782387,0.04624796476371371,-0.12423609958068575,0.0015946649909864142,0.013958359023097465,0.0266830073487688,0.14654583682338765,0.0006214098817571299,0.06488890721445352,0.004210570279485958,0.6092606117914725,9.686300395287367,0.5723983087658535,-0.38535678537139045,0.006216213021358211,0.00837490772878108,0.029498582562506013,-0.10168948503398649,-0.004392182902419276,-0.00011078085094186627,0.003982724826361804,0.10669894670124497,-0.0009765584792383288,0.12237162677263079,0.014974815038980049,0.09779772134787734,7.078610841659618,0.7775646392324023,-0.8276756897281131,0.008286195669963699,0.011191746942726635,0.05752172829112708,-0.21562455067496533,-0.005739966956164082,-5.865400411220215e-05,0.005451779986562553,0.21328338858578286,-0.0006910448097418749,0.09353658155449923,0.008749092088901487,0.011348998907168477,13.673496433812897,0.8287151551393983,-0.8143876712624548,0.006780855634078609,0.00913969346836082,0.03978518225227706,-0.1394301174611286,-0.004634021694167834,-5.6788169946392095e-05,0.004505671774192986,0.1332094419724674,0.00034232949161410326,0.7480681204089521,0.5596059127721824,-0.0025907147646556227,1.1145347210579395,2.314862,-2.318638,0.6695854160403573,0.903209,0.558262879937796,-1.4122635,-0.44963825,0.0010325,0.45357075,1.4144177500000001,0.0005414113845488087,1.05781989288266,1.1189829257782826,-0.002716563544359049,1.1169378021038119,3.2623972342581906,-3.268765345915147,0.9482370029953664,1.2799438809825756,0.789014453588335,-2.003659150893541,-0.6375278644470865,0.0014165066412830272,0.6424160165354891,1.9908194472939496,-1.5069203385877632e-05,0.01304224240853678,0.00017010008704303528,-0.11396141339751434,2.2542031546032915,0.06393694376271555,-0.17931257937454537,0.01188275317375608,0.01602384882455088,0.010188879837570244,-0.021612844367027532,-0.008028479711855734,-5.44641968727908e-05,0.007995369112695144,0.021761576843037193,0.0009265483768872174,1.4951062073106332,2.2353425711387858,-0.0029312781146981414,1.1261814935993133,4.609980209276065,-4.5655356867648464,1.3246433171126961,1.7875792852259524,1.113705931665468,-2.821347834914878,-0.892128043731249,0.0007292544476542265,0.8954512414947035,2.810483370436378,1.4387517621563868e-05,0.04884134932897998,0.0023854774042754534,0.022678905566299656,-0.01346672105602087,0.18706197516260903,-0.13545782028913045,0.03860943988459633,0.052066554844236675,0.03737228076068598,-0.08925604987761848,-0.02568304636633069,-0.0001815299436140512,0.026383508477905986,0.0903401497211086,-2.1024773108922726e-05,0.005321939449217052,2.83230395011327e-05,-1.0310197295502914,22.806840768185367,0.043405702192931626,-0.11750487699451502,0.0044581459083785245,0.0059906977313692895,0.0040171710678647546,-0.008702084305680643,-0.003025094270261339,6.139225943064711e-05,0.0029656034611079507,0.008576303518739408,-5.11573965370327e-06,0.01765961599490913,0.00031186203708765043,-0.049320315701619405,0.48591086470625156,0.04892195583339002,-0.13352412924356277,0.015546572319496334,0.020982101133421985,0.013809531091411973,-0.030624819401233863,-0.010499203446455097,6.763594024547932e-05,0.010482897686966886,0.03073894238225038
-5.370636550308009,7.716128885307742,59.538644974680494,0.6513357980097128,0.09023087363479032,14.8,-23.9,5.633888430321288,7.299999999999999,8.419507186858318,-16.37,-10.2,-7.7,-2.9,8.8,-7.536239744446664,10.95233566464117,119.95365651097093,0.6721502297118704,0.10553854885621217,20.960579929196026,-34.536496819300545,8.147552910221084,10.24606910175127,11.910365864458834,-22.55045922768547,-14.353421827162272,-10.92672132501248,-4.107352725411002,12.460817133121392,0.013117797502814676,0.7054256273252365,0.4976253156872034,6.818999774113576,101.54559948982518,9.964942288646464,-5.383373984081353,0.24505082973622244,0.33467999540441307,0.2790832892301368,-0.4764253671832238,-0.18977100085517887,-0.017338173419453456,0.14490899454923423,0.47362827601544144,-10.494092727723254,15.614527718270612,243.81347586464125,0.7151500913049931,0.1315832124225973,29.642649843234395,-47.91579110771866,11.621511340306833,14.53121937185528,16.874370319977427,-31.908060363272117,-20.36861104532996,-15.490418550154061,-5.837391673474682,18.175853239750346,0.019551065570610832,1.212283392470046,1.4696310236586838,2.7082711411733653,44.478690429926594,11.427561597523766,-7.894907570134041,0.31844354167084804,0.4349668323794713,0.4404293561466999,-0.607789151739012,-0.20753630452964528,-0.026594336069962088,0.227430527849826,0.5651596574631452,0.017382014592587723,0.5317907894769057,0.2828014437724707,0.7657154707109125,35.09227395377217,4.2407711134642785,-4.3075019414869455,0.23726585740148057,0.32149693452855765,0.2628423481763278,-0.4393905961743913,-0.17481603698500625,-0.015152273455526086,0.1466808975435514,0.5396782857602516,-0.12201506546821318,0.8283024048881196,0.6860848739434424,-7.337735844669473,68.23273338874988,1.094418000485016,-9.270539376487484,0.24074755593405048,0.3382623940218996,0.31270277677032227,-0.6769428103725412,-0.1913735901697527,-0.012216140113702971,0.14688880385214692,0.3962118953957312,-151.31170431211495,12.306723699859505,151.45544822468364,-0.22158905904117204,-0.6631710399564494,-111.1,-179.7,15.270802850607717,20.700000000000017,151.31170431211495,-172.8,-160.8,-150.3,-140.1,-134.865,-213.9114146810863,17.055547537063454,290.8917017890313,-0.15307109344327982,-0.8045904585521106,-154.77760941231207,-248.76297664296166,22.371923094642597,30.81324884243645,213.9114146810863,-241.88961496133632,-228.93875006722362,-212.67716049722077,-198.12550122478717,-191.20888454703618,-0.0431125535436399,3.3967224683172224,11.537723526771044,0.31208587594860426,3.0981838876436747,16.539659741081383,-11.653689687659902,2.4446627594432346,3.3334005394688577,2.3805915771110375,-5.553815196400643,-1.744606229686577,0.08193589488894215,1.5887943097822808,5.548353079407061,-302.3072654714324,23.791908171757147,566.0548944533244,-0.1953963272472891,-0.9965921114084542,-244.1405598766956,-346.36426484645744,31.900799387519555,44.705820974036556,302.3072654714324,-340.72421339649145,-324.1566410463231,-300.7833284315421,-279.45082007228655,-270.59457957730166,0.10760079122027087,3.7379383920014333,13.97218342239826,-0.3456805681288371,2.1559114229429612,13.063840189492751,-17.289302428992045,3.2587936888813434,4.3348626783777595,2.7902034688399735,-5.139390838561379,-2.0424518119857784,0.1687340083126072,2.292410866391981,6.073766801592173,-0.06063379143394055,2.4379851011467895,5.94377135341372,-0.5558134760611271,3.0685637137382535,8.719048711477923,-11.88822307268441,1.9420986808495282,2.6041512028246494,1.7225847854152987,-4.162909604891093,-1.2641458631118456,0.019485117636608894,1.3400053397128038,3.4617116076551655,-0.1300350863767204,4.1049699140022575,16.8507779948637,-0.2656055851045517,2.6026677587282334,12.427308351224772,-16.461015901739714,2.823200551288653,3.948221188864169,2.8314540290642647,-6.813260042438578,-1.8651343135444194,-0.3116782325032914,2.08308687531975,7.318029499169256,-0.5758726899383985,5.368407375535682,28.819797749705906,-0.380434025689232,-0.9660444017400733,9.8,-13.2,6.2269293177235285,9.3,4.462731006160164,-9.7,-5.5,0.6,3.8,6.8,-0.8435148328071618,7.484739979679253,56.02133256340898,-0.3505690047262716,-1.061325251413526,11.755402441013741,-17.122286765398748,8.658258942471276,13.043322339910791,6.268013360375851,-13.091096590761756,-7.719380537551216,0.800608128903332,5.323941802359576,9.249274456618096,0.0027896978719273912,1.271662525147702,1.61712557786503,0.1348473020550146,1.2101334687838605,4.665085454761063,-4.335029111422513,0.9804126820474287,1.3016761869399656,0.9278944202428837,-2.020333723254255,-0.6623907320618138,-0.022686246817228903,0.6392854548781518,2.2736009542153233,-1.2751776627938776,10.41727294192564,108.51957554657609,-0.2908385606204334,-1.2317164402575358,15.823833963930587,-20.53014484089299,13.005397204467661,19.175180881366593,8.823832417059023,-18.033121079803518,-11.721792509706578,1.3107409885903496,7.453388371660017,13.234189774481681,0.018366818212509493,1.8940578077375825,3.587454979051697,0.4311828915720457,2.4559237721787808,7.8804567526199,-7.111614267807115,1.4600657572661615,1.9701381148083283,1.3798272489388912,-2.820018473640613,-1.012690868578173,-0.032233563183144076,0.9574472462301553,3.08014559686178,0.005546440564340723,1.1560594863228313,1.3364735359170088,-0.03907063917589816,0.9493011578126036,3.075432517132053,-3.8876831660613043,0.9177843736574298,1.2733706281060568,0.8713708267317375,-1.89998882594429,-0.5938078466751141,-0.05290499255317628,0.6795627814309426,1.967773376834666,0.05623965381062676,1.362492119511377,1.8563847757306045,-0.20076272182608382,1.4902197732281772,5.207347053503715,-4.755112696166711,1.0550400692106088,1.4345895791036996,1.004678849786656,-2.2305064682562246,-0.6005880328153465,0.07826225462357525,0.8340015462883532,2.2863389278928232,-0.2969199178644764,4.45275112334859,19.82699256648213,-0.18363489303584554,-1.5355322451084166,7.1,-7.0,5.337367986620168,8.9,4.060164271047228,-6.8,-5.2,0.8,3.7,5.6,-0.4240721066565844,6.315420714681281,39.88453880342542,-0.17609056524360261,-1.5334081963083817,9.98697110076592,-10.010296461210045,7.634350639401142,12.67245748835573,5.755639818500061,-9.554794863891878,-7.405426610269709,1.081162224186524,5.267030878086022,7.9701154741780975,0.008656033002106057,0.2227965749497535,0.049638313809341125,16.9060755062588,342.3876324221106,4.525860963567852,-0.722301808826118,0.05887077439498265,0.07750299374296593,0.06447385865349245,-0.09636025146824982,-0.036230936738053124,0.00012937864917161868,0.04127205700491281,0.10337799463363687,-0.6112005448493781,8.98448064010443,80.72089237241129,-0.15855252054740177,-1.5338525810013877,13.98215253761787,-13.855582552644137,11.234328872669078,17.949882178377667,8.193129317071618,-13.50069899739595,-10.476355605470172,1.0713537357269585,7.473526572907495,11.606016806513027,0.009407099861415667,0.3863201064074858,0.14924322461469117,8.088481629472065,131.13226927721868,5.136643823739211,-2.6357057791782386,0.08006742672023304,0.10876073516011661,0.10833175866696067,-0.1566264764208989,-0.04875592566512481,0.004454475562609916,0.060004809494991804,0.13938720739151036,0.01238764287079101,0.15745038984177817,0.024790625261327925,8.095297231426388,97.25428316353248,1.9709392549753795,-0.5203003668144971,0.05849112393121136,0.08096914369172445,0.06562214007351037,-0.10639304373174344,-0.03726057446301521,0.005302849424412623,0.04370856922870924,0.13515408224702347,-0.025820769103350457,0.2697268110943883,0.07275255262314782,-13.75403610412441,203.61908780110434,0.2667582207410256,-4.083625647293534,0.06176266969379313,0.08144033651593018,0.06928844020891349,-0.11203699233275727,-0.04394663248570048,-0.004994628530293779,0.037493704030229696,0.09228506583212424,0.6160164271047228,1.9948059206151147,3.9792506609211156,-1.8241593138979861,3.1054829609423624,2.8,-9.0,1.0378215529539212,1.4,1.7511293634496918,-4.0,0.4,1.3,1.8,2.5,0.8768745010879633,2.378252662660822,5.65608572745329,-1.3085672181780947,1.2633767779191487,3.9296351662545494,-8.706792649096158,1.535063729471645,3.108573434156501,2.2378030872772947,-3.8500369085193835,-0.5858414077111336,1.7541684200912466,2.522732026445367,3.376621922612298,-0.014288915712347621,1.5045826345315025,2.263768904133757,0.09619308762347498,4.008245435814446,6.246637403148536,-6.451269493279373,0.45557735262438215,0.6469862333007266,0.8639078451550828,-2.927380083089037,-0.29951096545874833,-0.02364102749489687,0.34747526784197824,2.5132876123951364,1.2558875240982976,3.0668231834924446,9.405404438806734,-0.9618853229851069,-0.2832922802136628,5.268754467413729,-7.901735985405805,2.07429719913317,5.034886984298609,3.061727394673685,-4.753522452926927,-1.4144135949695067,2.4730010245494967,3.6204733893291023,4.480872209644429,0.02915872574623276,1.3449347506407587,1.8088494834811202,0.6314499052837308,4.204541103806191,6.399880824329384,-4.463484830360311,0.8118873607155667,1.1008655397054419,0.8761290616348519,-2.18521647189657,-0.5815447262364192,0.0043790696512866975,0.5193208134690226,2.3329810166829748,-0.020235822467777522,0.733707474953949,0.5383266588032996,-0.4379249856504324,8.253527072843527,3.828931978452743,-4.123773108196726,0.21378358528770486,0.2756031596653974,0.40618978584434795,-1.3371459781042054,-0.15020241148556662,-9.586738892610998e-05,0.12540074817983074,1.1345991283335228,0.09676413737507736,1.981186411647663,3.925099597697343,-0.27346223620551763,4.326186136637604,7.055988316991491,-8.971742704677013,0.5750517745441225,0.7624937977089946,1.1200027721845431,-3.420705342105892,-0.27940002805231917,0.005045854888970304,0.48309376965667544,3.8773166398356027,3.0627310061601647,3.3300259810425645,11.089073034418496,-1.7247617605851429,2.2616465842047973,6.3,-8.2,1.1860817748044825,3.5,4.140349075975359,-5.435,1.7,4.6,5.2,5.7,4.336634611015063,4.667232018185184,21.783054711572944,-1.7220714066085676,2.3205738847914894,9.834417277410047,-12.606926665800723,1.6503481964902382,4.935512608003642,5.824638811840327,-7.2721707230339625,2.3401513475277644,6.5162774962732115,7.275663955531407,8.012549296149968,0.020744104379782267,0.5337953845411436,0.28493751255742733,6.646495589553586,93.39251903220367,6.247911111221972,-4.508803472852153,0.09870285385054009,0.1338148710342844,0.14989230169825501,-0.24003120509899462,-0.06562267383185898,-0.0014845762226001896,0.06819219720242542,0.24068635332795776,6.147708018312437,6.49416617904935,42.17419436110844,-1.671490322218392,2.225471123957865,14.484325451200773,-17.221275635724087,2.2275977039249075,7.1858012278012495,8.140590222444155,-9.122323990127875,3.1017151705682444,9.208964467716712,10.287516398369494,11.40545261427107,0.025082857304252675,0.9836985224590628,0.9676627830881431,2.085079932418181,33.40691550725585,7.23231289484632,-6.595073217992512,0.15894427885869492,0.21492511120772362,0.33710201743828044,-0.6361514414405025,-0.094476692430072,0.006289402181258355,0.12044841877765163,0.436360154252761,0.029123915601602265,0.39423236156545893,0.15541915490547875,-0.45407763458279743,49.0829499461113,2.5962713673171254,-3.7450716353888867,0.08847904685940815,0.12001172272299215,0.13352321734357078,-0.18094910022715302,-0.05970661188632114,-0.006337597616307635,0.060305110836671005,0.23775671751452718,-0.08185735680568458,0.6331560439679005,0.400886576013082,-7.0694549722412505,54.352044418516144,0.541232889372384,-5.744748915351753,0.11775149107077197,0.1597363882207612,0.195297248294848,-0.2683019427775781,-0.08203527095098602,0.00014212123142449355,0.07770111726977516,0.23967032553213766,0.00042359172563962994,0.13355810265344645,0.017837766784388538,-0.24169342121224094,6.550635306184693,0.952701,-0.93471,0.013304872308869273,0.017948,0.06424632891155488,-0.24583,-0.007883,0.000913,0.010065,0.231802,0.0005977434701998336,0.13920856701664852,0.019379025130828724,-0.48838091486476237,4.905491553292169,0.6275028486341196,-0.8860263549093403,0.01727029482326142,0.023305961006363046,0.07043698920980684,-0.26893872849477946,-0.010385630545102763,0.0011018128865804195,0.012920330461260282,0.25949620048526534,0.00023078468418936555,0.12764565104289066,0.016293412230163416,-0.03848626280004624,12.857952668404845,1.096783981273494,-1.1772653053145994,0.007366977684253716,0.009937286516932212,0.0538121475794121,-0.18672917302531583,-0.005001753346931987,2.8669391013981664e-07,0.004935533170000226,0.1912249702162267,0.0008416786768737407,0.17381071641120127,0.03021016513937503,-0.41833631196950366,4.196782285361798,0.7090597436195933,-0.9247729643297395,0.023480633026004935,0.031815064843475085,0.08913838559803938,-0.3514754285647663,-0.013668997579694225,0.0018124514916310255,0.018146067263780857,0.3185083556495685,0.00041819368970449146,0.0924182759528481,0.00854113773009678,0.08115449152748284,8.758517800345723,0.6181023198120328,-0.6354517593555958,0.005976827413434361,0.008063780354891758,0.04104735368357976,-0.14914794058675385,-0.004055437191157453,9.147668642634573e-06,0.004008343163734306,0.15467151984976185,0.00032614413895068033,0.07496502114689084,0.0056197543955537905,0.005585537269162131,9.524270737062844,0.6185101646223234,-0.6552845110563701,0.007329853515856201,0.009901666076715516,0.03475823636171868,-0.1245562031144836,-0.004973473475259739,9.861650365399769e-05,0.004928192601455778,0.12541068193885427,0.00037008420755690365,0.16419908214536433,0.0269613385773801,0.053212580241115186,12.026128161517148,1.3229991077583863,-1.263411932591422,0.0071873580884169565,0.009696555784415814,0.06927707724098725,-0.24780847947259613,-0.004870940292933667,2.7174622149802597e-05,0.004825615491482148,0.24370806045564228,0.005223467739162824,0.3014762912961513,0.09088795421368184,-0.5708209731003359,11.394788726747187,1.969113,-3.116699,0.02378538739148537,0.032146,0.13543576043606564,-0.476425,-0.010943,0.004559,0.021203,0.48887800000000003,0.0073876705171378905,0.3714226195760037,0.13795476233270076,-0.036288727520637554,8.317191633346743,2.2368614231267046,-2.7729341739027054,0.03266348753076322,0.04427734132578661,0.1712393893659028,-0.6332595562526611,-0.015061353070203497,0.006473938141295533,0.029215988255583115,0.6104872544456901,-0.0007969707374351064,0.2092962118224363,0.043804904283222125,-0.02942420673899502,15.401894309513349,2.013367139023057,-2.320494707724278,0.008184103249563805,0.011045287462662819,0.08616362033648182,-0.3064963094387851,-0.005546275205339429,-3.686124214177469e-05,0.005499012257323389,0.2976681685689676,0.010449549549888568,0.4592743677460757,0.21093294486855757,0.4009682141342047,6.218181616010224,2.655426457231762,-2.572375316236501,0.04090240743580564,0.05513572380021649,0.220122021892772,-0.8338455620546938,-0.018298846514962667,0.008728817672146411,0.03683687728525382,0.8249646225504301,0.00023258056583642527,0.2548120625054596,0.06492918719828626,-0.1611475618236212,8.926739983438386,1.816237360004931,-1.6654344825238792,0.020087418176806038,0.027084954630094513,0.11444546603920819,-0.431993552625632,-0.01314712341265222,0.00016884109146320797,0.013937831217442295,0.4213783477527639,-0.0011268505126420573,0.18456344962400437,0.034063666937112394,-0.02224402933265374,7.377024445158414,1.40139166286239,-1.182432958827642,0.007281341092931362,0.009821100600152306,0.08325027555594756,-0.32267017356250616,-0.004935913735826421,-2.81103839189559e-06,0.004885186864325885,0.3089390363006332,0.0005385621676738342,0.23136723774636758,0.05353079870238418,0.09975358761430118,20.18331855646932,2.521989381275209,-2.274129066763719,0.008793058213972797,0.01186567962285394,0.08996460461812214,-0.3060848024503697,-0.005958017879399916,0.000109110735403866,0.005907661743454025,0.3063819513863846,0.0068270243675328775,0.0892185411744806,0.007959948089302489,-0.050230005087699064,8.312932753884702,0.610983,-0.639089,0.011567262508780707,0.015665,0.04437003823453572,-0.144842,-0.000415,0.007327,0.01525,0.148367,0.009657918311446263,0.066636277611069,0.004440393493859455,-0.9118607076832655,8.848857332326645,0.40618354088021646,-0.5527120076056767,0.014007909088832397,0.01892249086759278,0.03673114373292964,-0.10258919597373238,0.0011704581896380037,0.010497763091367518,0.02009294905723078,0.12075836024827843,-0.000492959933879167,0.10713545097509065,0.011478004855636053,-0.03953886156105139,8.694745497609388,0.8749409351279711,-0.8318453552688602,0.007541572203435472,0.010172969531796448,0.04887097274402004,-0.17859093386844702,-0.00507550491551519,1.1123739476511324e-05,0.005097464616281256,0.17842409436797327,0.013666913068068031,0.07241089798902163,0.005243338147576497,-0.7209593860577082,7.496315901374086,0.4069652463711154,-0.5687798129778256,0.018331110133278265,0.024787042331333217,0.0425593208085812,-0.11090610287183333,0.0023066560390191944,0.014586641355669214,0.02709369837035241,0.14053868215196663,-0.0002244738466378158,0.06030187699527424,0.0036363163691531847,0.6403978404827776,9.562734330035573,0.5143371119040212,-0.349143315427153,0.006295714246496817,0.008518072553279733,0.027555356839919835,-0.09783267680933609,-0.004578090877405864,-0.00020821852867035893,0.003939981675873868,0.09706516670550175,-0.0006966391767184385,0.12566072320762076,0.01579061735706228,-0.012151357249464149,6.766236126651199,0.8440216432233261,-0.7255865190014478,0.008269449346811928,0.011174521040020372,0.05877297020646665,-0.22164352114955554,-0.005562571366822977,-5.264378947640712e-05,0.005611949673197394,0.21632933312022082,-0.00015390512015650502,0.08462522590490887,0.007161428859456858,-0.02492356181512888,12.323908239773068,0.7640756152363075,-0.6588452137659272,0.006536016691865699,0.008797252282545742,0.03671971837844935,-0.12767619301702732,-0.004408430706088894,2.5666735768095086e-05,0.004388821576456849,0.1274225202458739,6.146814027447516e-05,0.7109409236423941,0.5054369969095005,-0.0021501902812332296,0.7579433156253659,2.061094,-2.063761,0.6679389862767068,0.90073525,0.5413080259433286,-1.352014,-0.44896025,-0.0003275,0.451775,1.348525,5.578986709937307e-05,1.00528730646751,1.0106025685447015,-0.002040507246046377,0.7600929821646347,2.896892938571685,-2.911090839815912,0.9439901135977546,1.2737578411619068,0.7650052481388597,-1.914128216913242,-0.6346729186708895,0.0010725765541807486,0.6390849224910173,1.9046373233023508,1.1752363922262783e-05,0.014014920003032673,0.00019641798269140535,0.0373148674068452,2.1764408080801134,0.18206985711188206,-0.1919252577763403,0.01458317169115876,0.019675458933079353,0.011353140953589583,-0.021869606717388468,-0.009823811320354488,2.820931080739844e-05,0.009851647612724865,0.02208456061064181,-1.1558111464616227e-05,1.4207755042852845,2.018603033577105,-0.0017957988815748692,0.7685019957021249,4.065028596813491,-4.049180006708147,1.3162896032014735,1.7741242898363365,1.0795221561429778,-2.6958081252523027,-0.8853489501572307,-0.0019736943304514507,0.8887753396791058,2.6827062994052384,2.8989824539604784e-07,0.04799931213861107,0.0023039339657798157,-0.02389320870702448,0.17708079614193784,0.2394619126204982,-0.35286519513066783,0.03839359440292274,0.05156966762359258,0.03661803420583661,-0.08674640317393156,-0.02505609377426319,-0.0006532082629634936,0.026513573849329394,0.087193512753737,1.578928525958745e-05,0.005341285783807173,2.8529333824300607e-05,1.0649343309494639,36.46287603349845,0.13972526026891252,-0.08667785734003917,0.004404927343600115,0.005957476486586616,0.0039381916878601705,-0.008348624965940452,-0.0030237450348945274,7.233163030215235e-05,0.002933731451692089,0.008488521002104347,-2.4283259596510295e-05,0.019090406102357706,0.0003644436051529364,0.031271895086485486,0.17777470138182938,0.16977398135034225,-0.10790101363823856,0.01931395754149389,0.026050005011464292,0.015514713289184608,-0.031997484552482955,-0.013083922744937727,-6.135069528896058e-05,0.012966082266526565,0.03195263033287752
-5.8183943089430885,7.357874015188236,54.13831002338225,0.9334665696549896,0.1144177021849333,13.9,-20.7,5.708018541246569,6.425000000000001,8.697662601626016,-15.0,-10.4,-8.850000000000001,-3.975,8.5,-8.1886796235809,10.462010832237413,109.45367065385295,0.9570628727315224,0.12200563610224435,19.499682714418668,-27.7647669191445,8.170023581754856,9.19802311248467,12.332225883030889,-20.967067154167783,-14.697822328978614,-12.576220463377343,-5.499799216493944,11.95280976681601,-0.07439135323703613,0.5737627216974195,0.3292036608096304,-7.902222078058728,89.95880047510359,1.2140196339890807,-7.955183309043161,0.27770401213685114,0.3772383535982773,0.26764852416003315,-0.5301901909058968,-0.21508806977963404,-0.03730452047797078,0.16215028381864321,0.4017688037585911,-11.493469713238191,14.945950180332375,223.38142679297735,0.97456071441154,0.14384260094796497,27.593135372031877,-40.302613849462645,11.22335362472129,13.243336102281724,17.512611814141,-29.41530295036917,-20.978735340967138,-17.882684194067703,-7.735399238685415,16.966201550105872,0.11836783591010742,1.1190324054480076,1.2522335244427543,7.1566252250868665,60.766004315280604,11.799525736603405,-1.9757602903298754,0.2538629855336797,0.3537721246640084,0.3681955584039484,-0.5315640162131381,-0.17700130693643984,0.015423634485137061,0.17677081772756856,0.44885359280436443,-0.1054520423420354,0.4597003481066419,0.21132441004936775,-3.0604981828492197,14.131291035841723,0.5858037414962377,-2.989304049509502,0.2895315030891278,0.40206323739324035,0.2831120456339431,-0.642043783784456,-0.25544004213876226,-0.03342110573642836,0.1466231952544781,0.35954822195943936,0.07758539112343432,0.658749365269995,0.4339507262436212,6.169928836349001,51.68191458282626,6.806971228634965,-1.107773756252139,0.2558024773564568,0.3439895593735678,0.2921343398455503,-0.4743717851789969,-0.1676868585378246,0.032476551166060755,0.17630270083574318,0.4666076309098054,-151.8787601626016,12.909578677615118,166.6572216335349,-0.26014819782422555,-0.7330815692371093,-112.5,-180.5,15.641453405234095,22.25000000000003,151.8787601626016,-174.1,-162.85000000000002,-150.45,-140.6,-134.6,-214.7281907737924,17.912393566463763,320.8538432798924,-0.19537951940613602,-0.8869721853296264,-160.39107532377264,-250.0063768390008,22.77668484215752,31.862132325614994,214.7281907737924,-244.27467367029598,-230.93679650194417,-212.7519540699207,-199.07466417632918,-190.64071292404495,0.03158061830329746,3.346290407900874,11.1976594940094,-0.02730721155750905,2.134228751387175,12.080765751118825,-13.433152851027586,2.1673751401772656,2.949318436742505,2.33504504682954,-5.814180417983879,-1.3892914362813684,0.010726807745138345,1.5600270004611367,5.659526209062389,-303.46354164728575,24.992763630056597,624.6382338678799,-0.21264680371696373,-0.8635428858481107,-226.3883854628408,-350.84528483094897,31.72114876036615,46.24624086592081,303.46354164728575,-345.7007996998275,-327.71299727978214,-300.2010011585186,-281.46675641386133,-269.47616275600024,-0.3256783714892675,3.426268634846157,11.739316758130547,-0.0842009854023563,0.3007508714598841,9.499372335356941,-12.058769035337274,3.2402985067376617,4.337220497222236,2.692990297075535,-5.664117832753252,-2.511339236686191,-0.4157789536571066,1.825881260536045,5.881156762409228,0.04205753467913584,2.296723940616075,5.274940859399032,-0.5928986524808323,2.3514794676222195,6.304559629937711,-10.28103336400994,1.802865455933286,2.300639945556041,1.6720949318049712,-3.5830636698085776,-1.0755837894485294,0.19177932759762123,1.2250561561075113,3.661508240108544,-0.35588158446456397,4.0883769954786375,16.714826457158928,0.26895382094458625,3.2788113209801537,16.923760515941954,-14.391103202808608,2.698895381450253,3.695883077191153,2.8139208951895025,-7.2779958401510285,-2.1816837470222907,-0.48269350200322836,1.514199330168862,5.732635902724095,-0.9608739837398376,5.679923247539622,32.261528097941046,-0.3637197423529287,-0.9915765744194753,9.9,-14.6,6.745840094200489,9.35,4.729369918699188,-10.684999999999999,-5.825,0.3,3.525,6.8,-1.3828961314852204,7.900529325139184,62.4183636173842,-0.3103468841951482,-1.1513773825841096,11.994318099091409,-18.21719026486593,10.010959459000508,13.951152186420316,6.657331855356213,-14.383169800109737,-8.815807457348821,0.6283320549723627,5.135344729071495,9.491746948192066,0.0001096185147871265,1.4106596688089146,1.9899607012040763,-0.18955192165753154,1.04571611568944,4.2561876923290995,-4.713073595112909,1.0052378413188436,1.385285416433558,1.0278989449909899,-2.5810067231069387,-0.6780141284868338,0.06806069793393765,0.7072712879467242,2.369551241745554,-2.019681944824631,11.007864231156056,121.1730749315649,-0.27686534918116845,-1.2072711099426956,15.750564757542012,-24.359283198669456,13.611515467398647,20.97903986655747,9.329365295489657,-19.8564481133756,-13.481113237577148,0.7356512167568589,7.4979266289803235,12.89891217236561,0.06263290153725483,1.7434170816812573,3.0395031206979914,0.3032723259503997,1.5122950385066058,6.707663008017993,-5.116082317349663,1.3819242635031153,1.8853760005910059,1.2925743267075955,-2.9115750419342534,-0.9264982075196591,0.033767885958837285,0.9588777930713468,2.9459635487498748,0.0023358409409149493,1.1082261679403413,1.2281652393077338,-0.011578698907918074,0.3662624721613983,3.246414742084038,-3.195677268387438,0.9342727655823831,1.3133324826071242,0.8517260295351186,-1.7884882800407862,-0.6588821600648811,0.03685935527991598,0.6544503225422431,1.7549241923643901,0.04647621694206986,1.6419019377660058,2.6958419732397645,0.2575200586566146,1.9940950263861525,5.535174191819174,-5.794833461037037,1.2207943625805096,1.6416215824765592,1.1808304948837554,-2.1893796046974194,-0.8476690807088835,-0.04290608624413034,0.7939525017676757,2.846739550996774,-0.35558943089430906,4.453343183073786,19.832265506229756,-0.1452008139561087,-1.5192147946833263,7.0,-7.0,5.856278763097128,9.0,4.043394308943089,-6.7,-5.2,0.25,3.8,5.6,-0.5056909967029026,6.315648352269875,39.88741410952918,-0.1354738365056106,-1.5222171152957111,9.841325795037806,-9.872970966078553,8.313972874745472,12.692049004033112,5.737790467746954,-9.507356679812323,-7.370902427108707,0.39572751001889367,5.321146576924407,7.978151955745047,-0.007100270557884819,0.17236597105142717,0.029710027976501435,-16.619106146556625,331.36408908189827,0.42741953083222256,-3.48284194445164,0.06338811433196766,0.08538461739279712,0.05860523290650916,-0.10509479110980237,-0.040624467895694655,0.0032223100620237255,0.04476014949710247,0.09507222012492635,-0.7461194884169338,8.986033486365923,80.74879781808968,-0.12009050228379153,-1.522617071546031,13.807588607510814,-13.873281242734356,12.161635252787573,18.163695623191494,8.163250766829345,-13.415509776397144,-10.584979001852183,0.1880911919686588,7.5787166213393125,11.50555407289554,0.01729113212350697,0.3560628997843189,0.1267807886028179,13.241428012897346,196.52155817066614,5.341342862598873,-1.036192820569776,0.06675638371254775,0.09007925878844367,0.08913335005109796,-0.13449645706344127,-0.05259954260290109,-0.002736627841263828,0.03747971618554258,0.12516375707176788,-0.009867175374393675,0.14437152049838228,0.02084313593101482,-7.434783386346081,70.5590733337306,0.2357458129396603,-1.481745444454286,0.07087400682015292,0.09869360256035149,0.06708654263771574,-0.11979795716711257,-0.047894591880365,0.008654065034103497,0.05079901067998649,0.10331170035739805,0.011624575148294776,0.19414395094492187,0.03769187368850423,12.753757497384418,185.11966600677192,2.87299759173064,-0.31582343454081735,0.05473521099869485,0.07440657784587504,0.06115750895657759,-0.09031901327021738,-0.03899413994490496,-0.0013506580947229467,0.03541243790097009,0.09915463368561976,0.5421747967479674,2.1919985094386027,4.8048574653810565,-1.7526630964907064,2.6786155318154377,3.7,-9.1,1.0378215529539212,1.7,1.8704268292682926,-4.4,0.2,1.3,1.9,2.6,0.7728026531769517,2.465154552789158,6.076986969137114,-0.9432209512678176,-0.15869898647663794,4.550872716419057,-6.918693091524027,1.7136659576523974,3.715049019207764,2.338036472812773,-3.8917498894418663,-1.119262317611523,1.739025021906382,2.595786701596241,3.464700795308865,-0.012113915788586196,1.8672716402492031,3.4867033784789494,-0.016938336095281146,3.567981549136597,6.8478899845196946,-7.157400525716839,0.4329758363334315,0.5804005385570594,1.0463566517706908,-3.2961403690754016,-0.30398185245854537,-0.013415471964215206,0.27641868609851405,3.850636128495474,1.1156521922696425,3.2861605966049816,10.79885146667921,-0.7717204138052649,-0.8594741284424958,5.58247022389399,-6.93038046462573,2.104152003247598,6.056037849998743,3.2556984257225388,-4.7884417142906806,-2.3985327534580843,2.5968131251023348,3.6575050965406595,4.633360199597361,-0.01460377712736327,1.1188464171414907,1.2518173051503507,0.3141427002974324,1.8309860978827173,4.176132251793835,-3.061835823103704,0.7585992999064731,1.0148608156929138,0.7838379094277851,-2.1195029673675343,-0.562382745247777,-0.026477517305317277,0.4524780704451369,1.853918196319344,-0.016984325477205818,0.7731266428754512,0.5977248059238655,-0.38028079898470624,8.462885602407644,3.3339199558701593,-4.553735765298724,0.18583710804188083,0.27168464565123185,0.41610986632180813,-1.2569727727417093,-0.13152108229087972,-0.010997125329702543,0.14016356336035213,1.1469733076922861,-0.04626319590519584,2.5052667239950015,6.276361358356646,-0.1783156303271411,2.928053957633919,8.785896689896143,-8.803277755324496,0.5293096537633227,0.7142920919142811,1.400724297904457,-4.669475195036519,-0.4160507688020949,0.004531323153430078,0.2982413231121862,4.615656579688583,3.155182926829268,3.145181752970836,9.892168259220702,-1.731369043890459,2.485760466970958,6.3,-7.9,1.1860817748044825,3.4250000000000003,4.0736788617886175,-4.3,1.775,4.6,5.2,5.8,4.463482014541819,4.415404229279241,19.495794507937006,-1.6782608002721124,2.2782743913420846,10.062183230291673,-11.1871815284095,1.7115764938719222,4.797436349043587,5.745508913239362,-5.902273834369362,2.4809412563654076,6.450928295183598,7.278377605408995,8.030781439253222,-0.04402570919574671,0.42322277613622705,0.17911751824045496,-8.709847801217757,85.21514304949032,0.6331684261046587,-4.677221725103237,0.08184129458276501,0.11076823706276645,0.1295675755558537,-0.223837059920656,-0.0612660608758089,-0.005569559504615684,0.049502176186957556,0.19401443838765864,6.323939224814888,6.1386358443707945,37.68285002979394,-1.7583137252750662,2.6860908065960594,13.486688695665796,-16.26067839088716,2.4210963919357633,6.472746993449285,8.063273678304121,-7.866363562521553,3.7148253664871627,9.044393197170143,10.187572359936448,11.397246428518551,0.11304232026610513,0.9112079054833321,0.830299847015321,6.171290584604094,41.9876348656123,7.2953053901419,-1.454749595516816,0.15932630633399353,0.2117720055530729,0.29544534084568785,-0.41124962742723015,-0.0847026523477935,0.018306366549832587,0.1270693532052794,0.4430019802558985,-0.06200425294479395,0.3332959343737791,0.11108617987009044,-4.1383641245848235,18.33623617826383,0.49764616151503616,-1.921464083562748,0.08710220755942288,0.11798247910135302,0.13779736919860405,-0.2318366095710983,-0.06657314502426721,-0.009130462725465952,0.05140933407708581,0.16847919630698632,0.05558161667514697,0.48903679558910523,0.23915698744006028,6.22532835014396,42.30678616635633,3.87836188554994,-0.5591304214903315,0.10891571015587898,0.14547154686691674,0.1714983773383197,-0.27389758772483075,-0.0745130621885827,-0.0025195870711951273,0.07095848467833404,0.30112625491430045,-0.0006373711533579669,0.1401715488531261,0.019648063107884316,-0.2355486395669757,5.855409481980377,0.897192,-0.82084,0.014009108362659431,0.018840000000000003,0.06868777174005021,-0.26354025,-0.009369,-3.8e-05,0.009471,0.24496625,-0.0009009336996362393,0.15051256781741293,0.022654033070991324,-0.37835939165870097,4.682966902034512,0.7441224280585357,-0.8680465222473267,0.018009360778787373,0.02429473357608889,0.07665986951059205,-0.2925501516421587,-0.012405290464948874,-0.0002638210430697342,0.011889443111140017,0.27768911156062037,4.671775423657334e-05,0.12899135717992516,0.016638770227119033,-0.014351850120909367,12.35494867853827,1.0829119476206397,-1.1282070521751995,0.007384497876396953,0.0099679992690381,0.05519924327182515,-0.19636388667995103,-0.004969562345239157,4.914719968048586e-06,0.004998436923798944,0.1944627543752744,-0.0012728568528711447,0.18861978392390547,0.035577422887500786,-0.3676798962730225,4.43398137778492,0.9044195080112414,-0.9326653399756718,0.024548088374267012,0.033123985658063196,0.09601432090090255,-0.3706208469132931,-0.016694267934788717,-0.0002022566397725631,0.016429717723274482,0.34461836443672855,0.0007541032963535588,0.098602331619361,0.009722419800774436,0.11050091608334046,7.784093150881084,0.6300077468304575,-0.6257309649904813,0.006035059674826582,0.00814678170195961,0.04431423367380108,-0.16471539626899406,-0.003992956456032652,0.0001171882745595411,0.0041538252459269575,0.17546360408415707,6.598607242427764e-05,0.0769023456645831,0.005913970768715023,0.010826860030889089,8.69501098922585,0.6167893708793073,-0.5898866951257625,0.007535971893283541,0.010152615379583762,0.03582896842236426,-0.13076903288047007,-0.005117159150342691,4.6110388880794134e-05,0.005035456229241071,0.12774996531120708,-0.00047446249363934786,0.1654016879787219,0.027357718386210473,0.012224570219972229,11.868666225637668,1.3157112609818842,-1.3354930970220191,0.0072396305392995524,0.009765290660885297,0.07013900195856612,-0.2513064839201338,-0.00496202938329976,-6.515931103614049e-05,0.0048032612775855375,0.2514864490477777,0.005289435576678983,0.30820476764541554,0.0949901787993646,-0.6396230576500036,12.281512635760441,2.022529,-3.276827,0.023872860922377205,0.032266,0.13810470819112627,-0.477071,-0.011063,0.004679,0.021203,0.503434,0.007480044006203447,0.38132444309372404,0.1454083309007388,-0.10141778997351768,8.802231532442315,2.3672953270310706,-3.0976744767488786,0.03255285612551433,0.043860377333334345,0.17588576381005894,-0.6381457279816862,-0.015133129623587717,0.006374012100292169,0.02872724770974663,0.6286316462564994,0.0001326715294180849,0.21108287718611096,0.0445559810411668,0.05056773888016494,17.7018383368602,2.0534375070723825,-2.3657862800975775,0.007987428036431566,0.01076655549668562,0.08576365873140049,-0.29334300346823033,-0.005437716663467089,-3.603797025985059e-05,0.0053288388332185304,0.2982894001217289,0.01057712911706926,0.4700417136175167,0.22093921254049154,0.3150495235765972,6.258635214143087,2.5747170965791426,-2.6384907278709226,0.040705938101274416,0.05490732049032308,0.2251120392725068,-0.8409471816907601,-0.018285417954596848,0.009158629430097627,0.03662190253572624,0.8336862867728339,0.0001713985774856365,0.2642506004447846,0.0698283798354292,-0.18326199985907957,8.596770748570936,2.013603016740307,-1.691403371206012,0.019921670594971692,0.02687879223768032,0.1195792015686968,-0.43829970666395796,-0.013035012289035655,0.00023137749340391593,0.013843779948644663,0.4438081122430449,0.00018755408571258727,0.1792505073258279,0.032130744376566676,0.028202837291834218,9.791574330589441,1.3560644869294505,-1.2137023410310157,0.007387343240907241,0.009960872737546055,0.07859347015234298,-0.2916834994601277,-0.004988733224754776,2.6695949595734877e-05,0.004972139512791279,0.2824045944110338,0.0005368840818071469,0.23867523226988055,0.05696586649908143,-0.01182584509167787,19.02846480589661,2.337542724324022,-2.3383776277621315,0.00858210187562215,0.011581983741465164,0.09412272045396246,-0.31459261867457455,-0.005849316109580259,-8.445797151535174e-05,0.005732667631884904,0.3258173591028688,0.006020799354074408,0.09421251049686569,0.008875997134122026,-0.07142676563876892,7.885490997112669,0.608382,-0.695759,0.011837096112548726,0.016027,0.04667767437170337,-0.15347575,-0.001382,0.00642,0.014645,0.159677,0.008516443448128783,0.0764425315772396,0.0058434606339372724,-0.7821770225678277,7.807388294176928,0.4254502076145338,-0.5609844286981351,0.014343257427230803,0.01943238503940577,0.04108325929147128,-0.12298432728265873,-6.254437846194341e-05,0.009278084849237325,0.019369840660943827,0.13745488229776526,-0.0002844736661115391,0.10911915642787057,0.011906990299530086,0.029711844322529744,8.060936486676392,0.762420678123298,-0.7675418501019412,0.007596605692350717,0.010262897543038493,0.04981780094533779,-0.18299877865482084,-0.005197965906444616,-1.808671521529167e-05,0.0050649316365938765,0.18234801124870675,0.012049141648733618,0.08810042834468099,0.00776168547451627,-0.5684413196252551,6.77308483017706,0.5043234209582131,-0.5982074937638953,0.019048039015026944,0.02569127309908432,0.049441257826840744,-0.14740078242072485,0.0005381469039046404,0.012912606795773187,0.026229420002988963,0.1642451708486687,-0.0004850725462331247,0.06263533598720769,0.003923185314230394,0.608525822592721,8.869836429795935,0.5309133106583123,-0.3475538651575616,0.006484490064507186,0.008773079441028026,0.028793442998161223,-0.10283794441350874,-0.004687164643794345,-0.0001202260298816633,0.004085914797233682,0.10021174676536156,-0.00040234596684053447,0.12869457113698926,0.016562292640133588,0.07011016944716901,6.985691923294565,0.8331915137693476,-0.8163316448284736,0.008454435974161222,0.01142225066554934,0.059851387513301636,-0.22390800763730168,-0.005873325938592414,4.128714355649624e-06,0.005548924726956925,0.221573182914094,0.00039360471149613017,0.08513229422524142,0.007247507520053073,-0.07625328725980943,11.279177975622618,0.7132802864113289,-0.6643495289841002,0.006537723897342441,0.008820331727244444,0.037366733313417944,-0.12922391837644664,-0.004370681956771559,5.350794313379071e-05,0.004449649770472885,0.13285147865290817,0.00013986607621357873,0.7703005577433346,0.5933629492596924,-0.0019323927004305467,0.9746832790148123,2.332321,-2.333484,0.6802431020880848,0.9173359999999999,0.5755610582743349,-1.48521575,-0.4577385,0.000563,0.4595975,1.483562,0.00017412707532367972,1.0892318022880183,1.1864259191156044,-0.0018691330346938858,0.9768560368267849,3.2910733841148554,-3.294323173112992,0.9633950418151382,1.2996057680625528,0.81343930863039,-2.096726599947883,-0.6483633514317266,-0.000826225177503314,0.6512424166308262,2.0979122828453556,7.152489488544225e-06,0.014599114833482899,0.0002131341539212204,0.15286818300954555,6.12609946709795,0.2488201754702897,-0.2321746619018236,0.014978801286043206,0.020203638225835745,0.011795227694567792,-0.0234483578001779,-0.010108467321169752,-1.27152544631675e-05,0.010095170904665994,0.023649179831866915,0.00017786865630301587,1.5393275140849458,2.369529195618939,-0.0017264790376298113,0.9851048682454819,4.631576122225829,-4.605778655576361,1.3436963139650935,1.810450891915309,1.1473857340812321,-2.9534859152703694,-0.9035044839375861,-0.00016591215090203115,0.9069464079777229,2.9562001719918554,-3.8886309160226413e-07,0.054526244639774964,0.002973111354516588,0.04706014339331982,0.218083880330735,0.5010429313662149,-0.16689908609621235,0.04668534320645999,0.06298223365225353,0.04210927109892579,-0.09712010778486699,-0.030277263588777754,-0.0008113651274737552,0.03270497006347578,0.09847215179815032,1.0281071725112273e-05,0.006084219714327301,3.7017729532208984e-05,3.5304839676670356,128.9814981476844,0.21879053706377088,-0.08959013155669329,0.005109414407087792,0.006892452860904557,0.004448532775864394,-0.00938115635420769,-0.0034651096877926727,2.923740723698978e-05,0.0034273431731118844,0.009224575464017908,3.836099499185469e-05,0.019739358361945892,0.0003896422685413232,0.09836375641946174,0.6465436827070001,0.20769848642269256,-0.06159638475135979,0.019971750895353867,0.02690173992604719,0.016015536452987093,-0.03340106965185928,-0.013317730457569957,2.1659628653047415e-05,0.013584009468477232,0.03322435236892202
-5.625508130081301,7.5169733239639696,56.504887953185936,0.9816374019334655,0.12486558432446682,14.3,-20.0,5.782148652171848,6.7,8.708028455284554,-14.9,-10.4,-8.9,-3.7,9.1,-7.914056103162599,10.684201226966309,114.15215585830839,1.0021846305525262,0.1317786104315788,20.220517391452727,-27.429930404622525,8.233696214052443,9.358025731723888,12.344902491461637,-20.902963631362535,-14.665841971980589,-12.719246473925358,-5.307816240256701,12.841138498406531,-0.04911140218524156,0.5830286546268216,0.3399224121159617,-7.931077315225971,95.64156403374474,1.2009389254920224,-8.31628660624648,0.252148880131674,0.3507176046821755,0.27358078093470034,-0.534419182029923,-0.18006779027173975,-0.013016944243646189,0.17064981441043575,0.46339076341735946,-11.098100067477374,15.25189000655121,232.62014877193667,1.0152628437011482,0.14622618174132862,28.25921346307236,-39.38382308227424,11.602124919418644,13.132662264587415,17.524120307222255,-29.533243387762887,-20.688709563365503,-18.0434377150414,-7.556047298778088,18.500504081705866,0.1266691357811298,1.1164906025380545,1.2465512655557882,7.492649126206727,68.2468235070035,12.334495441250919,-2.160840457977912,0.25428641333410335,0.3399397917779405,0.37492415681105945,-0.4897200395313442,-0.14200741571292136,0.02571952637329289,0.19793237606501912,0.519359643804196,-0.06742110720818528,0.49979147188351697,0.2497915153674923,-2.977829331405441,15.805095344079806,1.1575231078886228,-3.589650766608812,0.30320402279556913,0.40826090727478537,0.2993053529286901,-0.7043683811027489,-0.22960564721824478,-0.00602074885759275,0.1786552600565406,0.5112668854233451,0.06533901763210334,0.6464029226461688,0.4178367384055089,6.520430302346238,57.91843946888777,6.949233786537911,-0.7296095530167783,0.26872528132821216,0.3611311464253597,0.2961489269516937,-0.48336825447864706,-0.17903318455583028,0.002635773752559273,0.18209796186952945,0.521902047501661,-151.8918699186992,13.21422363438358,174.61570625950162,-0.34108260823968456,-0.5701070165096769,-110.0,-184.9,15.93797384893522,22.42500000000001,151.8918699186992,-175.38500000000002,-162.4,-150.4,-139.975,-134.8,-214.73300653361167,18.32598200657064,335.8416165051509,-0.2715166555138935,-0.753287850859238,-157.70921416363072,-253.30125747212261,23.266299312339058,32.810651275976795,214.73300653361167,-246.71004878999346,-230.3745773699718,-212.5453772368297,-197.563926093995,-191.30738381678444,0.02809508339229213,3.558106766870733,12.660123764451301,-0.14175151633614164,2.440041622678139,13.039356319426581,-13.51996621168818,2.2590938813625043,2.9511147598281955,2.4645867702105537,-5.4905622563424465,-1.4288193279732226,-0.17416007333884487,1.5222954318549728,5.804225656852139,-303.41474357435095,25.679023310300426,659.4122381709527,-0.30216136235630864,-0.7853733247227326,-226.60321490401765,-354.98149346716576,32.92828731100922,45.775276229592066,303.41474357435095,-346.98002332698184,-325.09452687153447,-300.59445264879196,-279.3192506419424,-269.7951379665517,-0.045258217673933954,3.147504030397481,9.906781621368387,-0.16260785432067826,1.2027653366381497,8.234773220347567,-14.46330247015726,3.032342251050278,4.094691652311951,2.4595532095514603,-4.957042402749341,-2.153672485284922,-0.05354665733025854,1.9410191670270294,5.362549860837792,0.03674408935518569,2.8515931153791856,8.131583295677968,-0.6378595562626769,3.292800401228077,8.529782023258788,-13.740091697181365,2.07986989011,2.8078007271418937,2.037915142903994,-4.701164243776473,-1.3308839562269539,-0.02685645017339588,1.47691677091494,4.392739019197671,-0.15493804424882415,4.101552196816208,16.822730423207858,0.07333230328112712,2.951371648384419,16.469104054973073,-16.796232852275736,2.6040329195170444,3.510837267104468,2.837169716020503,-6.603232427893409,-1.9937234810097353,-0.24324833149028802,1.5171137860947328,6.856292892501886,-0.976829268292683,5.852686106558902,34.2539346619076,-0.4558417339622301,-0.9582259377903553,9.9,-15.7,6.597579872349929,10.1,4.827032520325203,-11.184999999999999,-6.3,0.5,3.8,6.6,-1.407136313356351,8.140243660692358,66.26356685544212,-0.4005108375677124,-1.129598821667189,11.536223540787379,-19.79759018209234,9.471164050628207,14.83443653468018,6.775705566845836,-14.985404056653245,-9.364245476977928,0.7069799207174617,5.470191057702252,9.241496984452285,-0.05590296877013616,1.4656665503265522,2.148178436746136,-0.18418566920288237,3.1196295786552657,6.277156634915137,-6.229959805659577,0.959042142704336,1.2964439788291693,1.0058915271994417,-2.6599098135391617,-0.6613545687938074,0.028255377782718694,0.6350894100353619,2.235336130125228,-2.059079287560466,11.34385795924893,128.6831133996153,-0.3760917506758934,-1.2040246586186722,15.523142129440819,-24.054456231318195,12.98285653069115,21.95989069758464,9.458175457326611,-19.889335896281608,-13.568872575023763,0.8570489635860228,8.39101812256088,12.566718771230708,0.02668553189371859,1.8233881710878843,3.3247444224632194,0.46343824233640324,0.961841302550388,6.781901847996545,-4.4699595693418,1.5665506552186919,2.0876979057930156,1.3824948496090697,-2.8490635753900233,-1.0534478133252434,-0.08256454530121565,1.0342500924677722,2.9948989364948484,-0.07803493031871528,1.3379740599783896,1.7901745851750555,0.3243773874326137,5.0519849951266345,6.891151137497023,-5.248615821907126,0.9226690787696026,1.2362536810444902,0.9101055323108291,-2.1245263235170304,-0.7025437778285154,-0.022288143840813113,0.5337099032159749,1.9117423206885975,0.06910100948965628,1.563432062131281,2.4443198129000696,0.444715959424301,2.710403542119674,7.083200834485605,-5.367398899476872,1.03259080196027,1.3446043323463992,1.0810226715559208,-2.2795345554770154,-0.6779617712566235,-0.053941418482191826,0.6666425610897757,2.9989836912958623,-0.3001016260162601,4.548522272971843,20.689054867720934,-0.18252586843252402,-1.5715904464592947,7.0,-7.1,5.633888430321287,9.325000000000001,4.164532520325203,-6.8,-5.425000000000001,0.8500000000000001,3.9,5.5,-0.42736674456393137,6.449625059126484,41.5976634033123,-0.17279493793910772,-1.573965317169611,9.908073147520989,-10.010914988078987,8.056046827322312,13.161757562039254,5.908601819950639,-9.548110150699642,-7.664927942006363,1.1041057024677055,5.496829620032891,7.862835285212071,-0.00965241428427232,0.1725598724353831,0.02977690957491569,-16.612068610146412,333.50946319553793,0.557555272775903,-3.494642465421484,0.06118993888571818,0.08050418711049268,0.05862685623695789,-0.1115107661859731,-0.04286675457104655,-0.0006545513954161475,0.037637432539446125,0.1016963698273966,-0.6359098628921602,9.17362159155213,84.15533310499146,-0.15662712661406392,-1.5742662222447763,13.992749852137585,-14.099203750503158,11.512626329082837,18.855668011284642,8.40820275428159,-13.490665655152805,-11.028281335168513,1.5341011655610257,7.827386676116127,11.371086444244973,0.024665457586937684,0.35508595854065783,0.12608603795273776,13.347835157931835,198.01411343406224,5.344208214982849,-0.976698235869204,0.06755747748305693,0.09222871969101484,0.08592765710367527,-0.10740795085892735,-0.04686974192804677,-0.003195150829788107,0.04535897776296807,0.1410554474349664,-0.013017603337616843,0.14011919985744162,0.019633390168689663,-7.0845622014144976,67.52314670510476,0.33703091500614724,-1.4477364111955806,0.06638465624973035,0.08792004995416221,0.06538822360138279,-0.11055838785714603,-0.04971791387560438,-0.004754634090647409,0.038202136078557825,0.11650142910145136,0.011217724917189878,0.19751566125809797,0.0390124364422237,13.094139547553365,192.41821961775236,2.9501594674130693,-0.39243560883823214,0.057893259740865254,0.07936975539280187,0.059613544332189065,-0.09259095797346382,-0.03862958703813851,-0.0005190215345638894,0.04074016835466336,0.09237857537998173,0.5248983739837398,2.2974889062245762,5.278455274224999,-1.7785548299158929,2.662594368698662,3.7,-9.4,1.0378215529539216,1.5999999999999999,1.934857723577236,-5.1,0.3,1.4,1.9,2.6,0.7481887042804316,2.6310817369613457,6.922591106571532,-1.040496472388969,0.038222646860164744,4.069499963937425,-7.787378346795625,1.7338071844592589,3.8449153887740213,2.469540859655099,-4.581925867610663,-1.2225105742039406,1.748451810548003,2.6224048145700807,3.552504797685456,0.022151828948433334,1.8919803236280384,3.5795895449956565,0.2044523452398482,4.239214425079776,7.739220938315415,-7.713252608702364,0.44688855524027143,0.5712321493551002,1.0482646884085411,-3.072384605820885,-0.3110358343462664,-0.001084986154116424,0.2601963150088338,3.620137523097436,1.079961165199614,3.515917591094606,12.361676507368498,-0.8895723304994749,-0.5780556301263289,5.213870357427226,-9.182593474233041,2.221867050907479,5.981654520442335,3.4316997506696536,-5.308473804867383,-2.2346696095879306,2.5494698962263915,3.7469849108544047,4.728305242947498,-0.042909534545958965,1.1581915675010064,1.3414077070304384,-0.21153612435040053,2.320200455575418,4.656796400917683,-4.215457865531359,0.7011976762865545,1.022472587314982,0.789755960615445,-2.390134357546718,-0.5648028804939302,0.008463526062453763,0.4576697068210518,1.7173404320101304,0.030882796267893396,1.3082644458917547,1.7115558603844603,0.13209032793182715,7.7695898099139935,5.584216831626443,-6.219616255600284,0.18164043042148564,0.24389077782208207,0.6272688735916978,-1.7747566280209437,-0.1298272473318316,-0.006912966565031881,0.11406353049025048,2.630903123203116,-0.09828394658378298,2.310495410890713,5.3383890437470445,-0.3814683504456007,3.773454753521876,7.6286758729275075,-9.211939723093336,0.570920674327976,0.7012717070485949,1.2962643898474833,-3.874870649961936,-0.46405468171447084,0.002443430196099826,0.23721702533412406,4.205782439518371,3.017378048780488,3.3207913696126337,11.027655320493752,-1.6649113264479038,2.0592983934643714,6.3,-8.5,1.1860817748044818,3.6999999999999997,4.095833333333333,-5.2,1.4,4.6,5.1,5.7,4.263957239799188,4.662307960018618,21.737115514052967,-1.6170391341725827,1.8710942887354678,9.554193402925499,-11.496682319697841,1.6694196753429535,5.269265812927198,5.772548803119301,-7.061929391359115,2.0032333412176975,6.461391288052621,7.272499154144896,8.11012443693209,-0.044624235476395,0.4368127776397457,0.19080540270934992,-8.310445258789562,76.46394107897846,0.6175464746345329,-4.560879940655923,0.10672293400124407,0.1437979427274946,0.1408824212447233,-0.23175355158956612,-0.07724736209658503,-0.0040485389225211055,0.06655058063090957,0.21404488827776616,6.0239191380967725,6.48604210737944,42.06874221869913,-1.675747596877149,2.210422120619749,13.450333885090297,-16.82364028430573,2.413332064257746,7.17978895178448,8.06767819556018,-9.912644441318859,2.9545035969953526,9.106359473485057,10.134292548779833,11.399766745426078,0.09990806465724657,0.9086589061845528,0.8256610077885079,5.893041342652667,37.72560694538702,6.790459071215821,-1.2805796871341188,0.15816521729513647,0.21677173474076245,0.2982184313567923,-0.4307068572209154,-0.10376132079739112,-6.041178007287762e-06,0.11301041394337133,0.4752705572558209,-0.06183123961323337,0.34463054049120867,0.11877020943926261,-4.1324444610885624,17.397818120862052,0.3427349538147646,-1.9534176507002594,0.08918906862879762,0.11413261377061781,0.13986489434968039,-0.2132697035935136,-0.06746021943433575,-0.0019023393880275592,0.04667239433628207,0.1851234830006399,0.06219984068685729,0.5038034764818425,0.25381794291519044,5.848138769905594,36.988778877721,3.7367610082314227,-0.5446426873773699,0.13934048650486278,0.18449858778111233,0.1873253536306539,-0.3210101380946716,-0.07950724640953585,0.008560445018976287,0.10499134137157648,0.26288832695755876,-0.0017702781299288755,0.1491943788529919,0.022258962681330076,-0.1411655262958781,6.267608272546102,0.923104,-0.909808,0.013745205167765439,0.018543,0.07270760646370861,-0.2780265,-0.010439,-0.001286,0.008104,0.252247,-0.0025029009890373496,0.1639766430321263,0.026888339460085373,-0.3586905369943017,5.439895742273382,0.8383594722609943,-1.0064087335887328,0.01781319487423973,0.024041909031434824,0.08208474100495873,-0.30840509829188256,-0.013997060646339573,-0.0018723372914920147,0.010044848385095251,0.29418324989864675,2.913121779108548e-05,0.1327615727565978,0.01762563520080541,0.01470940061921378,13.63731456370672,1.0375485691391895,-1.1360278831602952,0.007625068118070451,0.010276221436636309,0.05607077989448948,-0.1883307166591218,-0.00518254231566959,-9.935450187541168e-06,0.005093679120966718,0.19278763889227993,-0.0035379676049523277,0.20774044378506337,0.04315609198401507,-0.38139764665417203,5.0650553070150295,0.9183125324413703,-1.0774568989652578,0.024249867889070218,0.032738876350376506,0.10367843441478396,-0.39999195257463477,-0.019050158255609087,-0.0026079248880462513,0.013688718094767415,0.36921176545134704,0.0027452230182298107,0.10297348525743523,0.010603538666063232,0.22229700146903134,8.81049925488679,0.6818356968381465,-0.7115660131762319,0.006179831438576422,0.008322119625979209,0.04561843492854963,-0.15311189715878615,-0.00408865953902678,1.854334152952492e-05,0.004233460086952429,0.18284347279841062,4.1150493051840964e-05,0.0748474186300876,0.005602136075587585,-0.005106328610382899,10.267804080820861,0.5654313616147986,-0.5758823592172113,0.007677749964473921,0.010345405313384681,0.03477217210074421,-0.12109092954237326,-0.005145307080821902,-1.2445210239849937e-05,0.005200098232562778,0.12209229925779669,0.0004930820480144804,0.1721702918557277,0.02964260939768645,0.15322199196636274,13.031403861601756,1.3730598817404298,-1.3287263542132173,0.007450108460218062,0.010061719180122471,0.07245096195146228,-0.2476239296023341,-0.005082844629937015,1.6055287084140743e-06,0.004978874550185456,0.25008446363358205,0.004154534357051453,0.3186429476276999,0.10153332807286912,-0.634628741909978,10.574603626235103,1.912573,-2.96246,0.023339124123715183,0.031605,0.14450291209118232,-0.513437,-0.011123,0.003718,0.020482,0.52653675,0.005873387399222344,0.40344773827267755,0.16277007751733893,-0.12415571660798339,8.397441450864529,2.5807987881040493,-3.1633814558686004,0.031721348875544245,0.04285927793264708,0.1868054441837537,-0.6817314772821292,-0.015551071034881915,0.005013024283133686,0.027308206897765162,0.6841053805741537,-0.000339796087869857,0.20069592659768515,0.040278854952903426,-0.06125377302585578,17.84451615332657,1.9236817525310614,-2.4225698332554124,0.008042917351912508,0.01084668526610566,0.08296333142063447,-0.2845398734177299,-0.005562334661820301,-7.873650391607755e-05,0.00528435060428536,0.28347564516721585,0.008301206588343558,0.5004825832774765,0.2504828161640962,0.2127531415391858,6.252952464472749,3.0213310287943553,-2.7615972115258254,0.04036021801331659,0.054513356765284585,0.2396813384327273,-0.8807289765038531,-0.019475007939217793,0.006650606892564011,0.035038348826066795,0.8891898096788287,0.000571778654654154,0.2738615582105939,0.0750001530655345,-0.01988074374477599,8.536197007311499,1.9625335863660411,-1.8907905438736285,0.018857351326007916,0.025458289864350326,0.12369726160077202,-0.4557864295827628,-0.012674033980238794,-3.320302874040452e-06,0.012784255884111532,0.4635796012450384,-0.00048064793490276415,0.15650991677072398,0.024495354047578945,-0.07912251741776206,10.135011635645467,1.2287927075202483,-1.179573183134721,0.007213310234226844,0.009739800352320974,0.06917824568697671,-0.25173480568160234,-0.004873062072566716,3.841288596047749e-05,0.004866738279754259,0.2520220606857321,0.0021973640138940377,0.2367344813374668,0.05604321465411942,0.17427849928675168,19.41129895876831,2.6993323074288234,-2.2495526993072232,0.008678505403885902,0.011719527436856983,0.09444394057335755,-0.313814060415046,-0.005842783891053933,4.123068424561754e-05,0.005876743545803051,0.3232637671437078,0.004540916391393626,0.09284852998412269,0.00862084952021253,-0.43197364190384074,8.491222150029001,0.587335,-0.787326,0.011119516638792014,0.015059999999999999,0.045317083935958104,-0.14815375,-0.002532,0.004968,0.012528,0.161839,0.006422277074607829,0.08735897392518857,0.007631590325261776,-0.7579755999686438,8.411483703383862,0.5015826015923939,-0.6715039843111752,0.013487977103860384,0.01820092137306374,0.044308342580474544,-0.14257675362455885,-0.0016285600682436918,0.0071678495846821295,0.01657236130482005,0.15204503580552498,0.00019637364944629867,0.09802327483059114,0.009608562408513604,-0.14079513187556605,9.167800753874518,0.7565480346235185,-0.7619909681738521,0.0076803752653529355,0.010359251259363402,0.045247570539178626,-0.1620989513354133,-0.005169433217009106,3.543143082648277e-05,0.005189818042354297,0.16146604682147053,0.009084055789354546,0.10466716140669502,0.010955214676935146,-0.48322458974429155,7.240229254491348,0.6063211678530672,-0.7416057653400228,0.017931578754293576,0.02416847167793365,0.054732021821026995,-0.17324961056710014,-0.002067077761825176,0.009837595535158141,0.022101393916108474,0.19182924546349242,-0.0017376673202451182,0.0655918882988277,0.004302295810605891,0.31051693556705734,9.395335381929888,0.5397216649073717,-0.3848332324414663,0.006177639819321225,0.00840551471397423,0.030041600487482823,-0.11032728193681106,-0.004498929579864818,-0.00010379333674261028,0.003906585134109412,0.09792762683516103,0.00027723285531157187,0.1076446095492404,0.01158736196500842,-0.030528850985391202,6.36664272930574,0.7081446975709966,-0.6809777203561891,0.008484559759921793,0.011440158711764853,0.05160120706503474,-0.191492751444944,-0.005679150336625418,3.544451393508547e-05,0.005761008375139435,0.19429948099046312,7.172982364056854e-05,0.08732885582582749,0.007626329059848163,-0.06535262664733302,12.33678579864625,0.6870604788637764,-0.7231330795377967,0.0067820705719697175,0.009135432878204404,0.038408456818195075,-0.13165370315803618,-0.004555683234177759,4.006391358083686e-05,0.0045797496440266455,0.131753590297679,0.00012976859208999254,0.8164847364291349,0.6666473248217539,-0.0013123349243186787,1.3437279404451452,2.569915,-2.575282,0.6846049178149283,0.92350075,0.5948596502395621,-1.561436,-0.45986825,0.000346,0.4636325,1.561232,0.00021160120695584123,1.1545557115793195,1.3329988911404287,-0.001369364595942016,1.3460696422998524,3.639721403961933,-3.6009957145202818,0.9690436163929477,1.3072459401467078,0.840740280282906,-2.211036532553475,-0.651038914309212,0.0011410953971479022,0.6562070258374958,2.205691910078751,2.270053727521346e-05,0.014122487660060086,0.00019944465770854942,0.681250220251201,18.170082492212078,0.3904619069261567,-0.07019913423868099,0.01276054028890792,0.01735205205970655,0.010986145776419952,-0.022496334186977825,-0.008460006916087531,-1.1618046536557292e-05,0.008892045143619017,0.022635640744986932,0.00038041247837795157,1.6318031662613748,2.662781573420648,-0.0015154581063524096,1.3549004015668258,5.111140418886994,-5.10304565908638,1.3392661059428852,1.806777536684903,1.1864137792634262,-3.1198803143506266,-0.9016152357574599,0.000905386989932264,0.905162300927443,3.110937117141452,-2.6782823363021326e-05,0.05317659775076269,0.002827750548346419,-0.020952453195812282,-0.08802295839392205,0.1878296858999774,-0.27177286090291974,0.04572127050290821,0.06158855311485962,0.04182619739359247,-0.0955781922354225,-0.030239054019087996,0.0011769700818583598,0.03134949909577162,0.09652799005052409,3.191558773294967e-05,0.006100592450125863,3.7217228242532675e-05,4.716253539121735,195.9474671056932,0.2590774878469965,-0.05959880469964533,0.004908981246792698,0.0066302169589582205,0.004468832638456861,-0.009452933263660718,-0.003350314079798117,5.149373485314711e-05,0.0032799028791601036,0.009659127402609373,2.340872848449421e-05,0.019016835936527365,0.0003616400490367987,0.14250582490118457,2.064105436833751,0.24354487830367275,-0.1291570979032933,0.017061947603480326,0.02304854896657863,0.014862897969240702,-0.03236491129854814,-0.011628762627235154,-2.3853464042679394e-05,0.011419786339343478,0.032521372517005126
-5.942639593908629,7.904998684380453,62.48900420005669,0.9265473529149251,0.10532114732302489,14.4,-22.0,6.226929317723527,6.9,9.13776649746193,-15.8,-10.9,-9.1,-4.0,9.479999999999995,-8.364926827440772,11.223958538239296,125.97724526811481,0.9468708658205468,0.11430359892620245,20.160339603159926,-31.64730905717134,9.010381236787763,9.8670236268011,12.949874339695887,-22.396908516879407,-15.43539311040673,-12.952313379189436,-5.568369483605632,13.37484844606004,-0.047277737229637226,0.6031227077178212,0.36375700056487636,-6.040276059992172,95.86873426926587,4.989722294927983,-8.477537680077093,0.2305824867528317,0.313400398830612,0.2553604533144775,-0.5675073860701139,-0.1641765085715203,-0.012962691561388184,0.14922389025909172,0.41016766286071143,-11.701153097452055,16.013578143542237,256.4346849593336,0.9560716755361834,0.11387280657742593,28.337021672940757,-41.78229772933784,12.660173276693333,13.886250431561622,18.35641834322327,-31.338517947052587,-21.861701334919946,-18.20255937227316,-7.975450903358324,19.112569494412494,0.07290751435442691,1.078677693179972,1.1635455657640659,7.8998641943744685,78.22135915157065,12.47603972087677,-2.2017668122682443,0.273564081334451,0.36997692679174177,0.36723011816909057,-0.592300408266438,-0.20191733190808014,-0.02414813911621666,0.16805959488366162,0.5250345962074828,-0.06758024898020192,0.5012861932236192,0.2512878475166277,-1.6193471951746312,20.43519028305736,3.233020711039509,-3.3140494306375237,0.2265956096282492,0.30429197181831513,0.2653537224435713,-0.597445724324175,-0.18157414437593217,-0.03467057129716278,0.12271782744238297,0.4455345641791293,0.08841399025080585,0.6787134917479223,0.460652003880657,6.193621073403548,52.27632224643982,7.149589794540554,-1.225743374709868,0.22836268055748396,0.30237680973046094,0.2876626985265384,-0.422068032175202,-0.14789815849325,0.005227754031995227,0.15447865123721094,0.6192363209474757,-152.29065989847714,13.260958845942197,175.85302951377258,-0.27444972902814363,-0.8157359496507155,-112.1,-183.1,16.30862440356162,22.5,152.29065989847714,-174.98,-163.1,-150.6,-140.6,-134.9,-215.26876386178847,18.47723465097274,341.40820034710765,-0.23038404237497564,-0.932568379812349,-161.1638316375237,-252.39246362504198,24.219098497571625,34.268808530367096,215.26876386178847,-245.548373756702,-232.49226066611573,-212.9474448146649,-198.22345213574863,-191.49052248772574,0.13471727819255938,3.1368045763003645,9.83954294989891,0.08565900229759286,2.3308155076580634,12.863730064372193,-14.965634431537593,2.249698910769672,3.0095905112442427,2.260047933856362,-4.879224722510505,-1.4675977757966376,0.14919646555531063,1.541992735447605,5.329729967770142,-304.2067269563156,25.875992872227123,669.5670071235488,-0.2506419229115867,-0.9886632613163409,-231.8127039488421,-353.9963381665365,33.609781272946854,48.84235145125109,304.2067269563156,-346.5026994657102,-329.4438825934628,-300.6381333058598,-280.6015311422117,-270.7483841423141,0.3065419122564229,3.377551873555607,11.40785665855899,-0.4826866781945061,0.5846332984885958,7.639348118101013,-13.793092682177996,3.368558639144516,4.628020599423248,2.7117136823674133,-5.476445352327413,-1.7938932777999934,0.5900317725157898,2.8341273216232548,5.335120486166646,0.1851021073768999,2.7296218084694823,7.450835217272207,-0.10938687398973268,2.8080305467310414,10.488629231731739,-12.952768712921815,2.0319516025697038,2.5817156683326683,1.9525183257917285,-4.04038563799653,-1.2290155392046067,0.1959829172142734,1.3527001291280616,4.958302065191596,-0.11441656164475715,3.4626004587341574,11.989601936825997,0.12346244543012118,1.5291981656695874,13.191439532533302,-10.871114289950613,2.4918148397175766,3.7726482417744984,2.5509182899515253,-5.6100910680948175,-2.0819065603655598,0.10151810677371759,1.6907416814089389,5.6209181427368975,-1.1973604060913707,5.918254744892062,35.025739225437405,-0.36976956663267846,-1.0751707496569551,9.7,-15.9,6.819970205125769,10.3,4.946802030456853,-10.9,-6.7,0.4,3.6,6.8,-1.719666040367297,8.254760213412064,68.14106618093078,-0.3346535182643438,-1.1962988518763424,11.536833055190206,-21.265211645325614,9.780395633090517,15.514342659080107,6.950332928816453,-15.139863016526968,-10.297001740449007,0.5879702261727224,5.217340918631101,9.37542540772873,0.028232631633171853,1.3577537449093902,1.8434952318154734,0.05335248637600759,1.0874222224237622,4.5014212328922065,-4.489864243705992,1.1253943996962195,1.4775055740451482,1.0055813369091045,-2.3410581240290855,-0.7327985337841258,0.02784868945685577,0.7447070402610223,2.394966193705728,-2.5120336859326726,11.546917955042296,133.33131426047817,-0.3164965833233627,-1.2498453828926537,15.406492073336349,-23.651963122337037,13.973987457436625,22.22917262540807,9.770663976957163,-21.462890242180436,-14.88952298306165,0.607377099698447,7.339649642346421,12.909778350814797,-0.01600331866668218,1.745400658589912,3.046423459006099,0.6614431122505344,2.4025138309736684,6.961553028807133,-5.37280386539031,1.4406920116348625,1.8913693348241187,1.2830529063718388,-2.6622449188717883,-1.0978400242973714,0.009613332405212088,0.7935293105267474,2.6048417854636705,0.0386572456661756,1.2148103462907205,1.4757641774549803,0.15529440453566903,0.834588400144038,4.2185090086386525,-4.073832476708275,1.0113254113277204,1.3766290200258633,0.9238262355360419,-1.9586916472047675,-0.6874563677519188,0.07779922536263541,0.6891726522739445,1.9227876117370328,-0.013114349195152652,1.472385944902636,2.1679203707468284,-0.052374413791154706,1.4607233721244324,4.83499778896551,-5.983021480467156,1.1884845992891324,1.6423565659046968,1.0949966479713655,-2.2728398471107853,-0.8571416062442596,-0.1390275124940033,0.7852149596604372,2.5933370394963564,-0.3198984771573603,4.463968550305827,19.927015218119507,-0.20381063003195854,-1.5516317201173293,7.1,-7.1,5.337367986620167,9.0,4.076243654822335,-6.7,-5.3,0.9,3.7,5.4,-0.46340889250582007,6.333249689090696,40.110051624367394,-0.19119772280639433,-1.5556893142625676,9.98710141269364,-9.940334621887992,7.460787698384997,12.841783890719604,5.787827572895413,-9.496718963807043,-7.571685866938607,1.349123704680202,5.270098023780998,7.7139383504931125,-0.006126211650633334,0.17283394789473278,0.0298715735448792,-15.705365405385294,309.98171492925195,0.43691105044001155,-3.4357656980248206,0.06535338168905609,0.088100661989057,0.06329456196739229,-0.10932468221807476,-0.042951813933705445,-0.0019183734102716822,0.04514884805535156,0.11467680607649218,-0.6625874485395032,9.006069049040956,81.10927971609348,-0.1774181705226154,-1.5522272084360373,14.024220400142624,-14.049238323917455,10.668620078901556,18.418729657757602,8.22739405652931,-13.453829475222701,-10.984012837691267,1.901481517201659,7.434716820066335,11.215673838796477,0.020377261433460622,0.3468914583682309,0.12033368388883807,12.855758567641661,189.07078421418115,5.1580194803561294,-0.9653650726917411,0.06737764815721671,0.09296530288642922,0.09268639783061124,-0.14732279908831997,-0.04693424429218755,0.0076252901382570515,0.04603105859424167,0.13754120759715358,-0.008801610943983162,0.1448427705236087,0.02097942817295477,-6.529077564915944,61.16308051107853,0.3970797645309172,-1.4023325028043325,0.0657499027879878,0.08681096269648053,0.06693595295331276,-0.1228129655034135,-0.04366105894664127,-0.0007659942103894627,0.043149903749839257,0.11483601990406862,0.01377296576185181,0.19469569529211234,0.037906413765279055,12.379537514459058,178.34731557417334,2.857140334799629,-0.35038576932263243,0.06637319471425293,0.0918657652342859,0.06787413676137687,-0.10037396229359234,-0.04602737122559991,0.0027362760655670754,0.04583839400868599,0.13051598381406948,0.4996954314720813,2.3013591015625114,5.29625371434461,-1.726144493658454,2.442041593891087,3.8,-9.4,1.0378215529539214,1.5999999999999999,1.9358375634517768,-4.7,0.3,1.3,1.9,2.6,0.7151224385106885,2.6324808042674177,6.929955184836429,-1.0438016979352065,0.11477802169809648,4.149737825323229,-9.01142565923066,1.7068002340586645,3.9457119893989043,2.4435982968284167,-4.59797052375503,-1.3414951647432796,1.8120444032007916,2.6042168246556248,3.4968990459123073,-0.007573434062850285,1.8981055321525069,3.6028046111879517,-0.14824684895341617,3.5121261012976204,7.369442934302543,-7.915753847594941,0.4415044976999169,0.5992722296215468,1.0758209703209665,-3.897980069628753,-0.31251532657498904,-0.01881391661147963,0.28675690304655777,3.473794420831028,1.0294964485453213,3.496655229894118,12.226597796745889,-0.8654241684915612,-0.603802360692224,5.588714947778737,-7.947010170523382,2.222636814996081,5.665970340093034,3.3733054933100544,-5.5446231324829345,-2.018469266934049,2.583732690620731,3.6475010731589856,4.634574361358919,0.01709860710481916,1.2295245526481704,1.5117306255646836,-0.01834147859382764,2.9335719682190406,5.131020697981778,-4.783363966457328,0.7609527647944251,0.9964516160488143,0.8290255938612344,-2.00895268131274,-0.5206426530027484,0.021848308978142425,0.4758089630460659,2.1416690040951716,-0.010522384489979466,1.241562940631691,1.541478535550012,-0.3769028704330709,4.625458905188934,4.737850140039462,-5.288399651494506,0.22505641863272388,0.30671141680895925,0.6521775859465762,-2.5117998643153845,-0.15828825381628342,-8.85605555337554e-05,0.14842316299267583,2.09736462701209,-0.01640414929540329,2.361732587205967,5.57778081347059,-0.35645367478895457,4.0971645979635385,7.767852063830921,-9.828046052650606,0.4742591019469767,0.6137153985090262,1.2937965336883255,-4.398428633244636,-0.3124018041103784,0.029115932945124497,0.30131359439864785,4.092627379041762,2.908223350253807,3.4887059825024185,12.171069432348165,-1.6135525059076359,1.66211946842735,6.2,-8.3,1.1860817748044825,3.5999999999999996,4.173197969543147,-5.9799999999999995,1.5,4.6,5.1,5.7,4.11381283146618,4.894919068791755,23.96023269002114,-1.5872642815209836,1.5850125964393396,9.929136140119006,-11.623766668126816,1.7670213741273024,5.017186825244529,5.874789821656508,-8.03760848770543,2.1849153172844713,6.4844986686812165,7.202102142529001,8.1300096865675,-0.03329048190889908,0.4674326503775445,0.21849328263897574,-1.7616719653202306,86.55076983146895,5.60255266219132,-4.392945813243926,0.10139473743853351,0.13776439858450445,0.14397682664970865,-0.27068663292210243,-0.07829240097604921,-0.006988046480473589,0.05947199760845523,0.22890570803277654,5.815803352262552,6.835949577312332,46.73020662355666,-1.62114111238973,1.7502517448737533,12.865115016963454,-16.885620832244374,2.4663429040707205,6.982318483351722,8.237418465242065,-11.32084141981127,3.2618811837081525,9.171485930643934,10.244199667059874,11.249280520924634,0.06909315168810481,0.7998960070752912,0.6398336221349943,6.294371585555408,47.54484210408746,6.5766901032526475,-1.881229173544671,0.16267532356697575,0.22151808166956355,0.2687148594979399,-0.4657273443307114,-0.09697831496403364,0.009773684087385215,0.12453976670552991,0.3814453113799877,-0.04648613543804777,0.38968970983502405,0.15185806995130524,1.5785801067276215,43.012973749059896,3.775115895581275,-1.816894486031442,0.08778200305611837,0.1155699675049931,0.14153798868840486,-0.2379702651241237,-0.07180643486615723,-0.007398074605189634,0.04376353263883587,0.1707863050691794,0.0852743297711798,0.5222473246179868,0.2727422680706449,5.489795217040103,32.41798267925123,3.683641940865292,-0.5233037470980083,0.14108050526588317,0.18837282091883095,0.19784739704014523,-0.24766573377840603,-0.08107340450510503,0.010716438171894563,0.10729941641372592,0.39108397117527033,-0.0003203635371501047,0.15097915337724305,0.02279470475450908,-0.15277183386315718,5.663540856978454,0.963933,-0.911651,0.01409806449576977,0.019017,0.07449687071940536,-0.28408849999999997,-0.00919,0.00014,0.009827,0.262751,-0.00045081506261541223,0.1657638228625507,0.027477644970007084,-0.25005448176075645,4.994074788550836,0.8814823568313851,-0.9408023325163916,0.018155016429941214,0.024483808513906805,0.08402460624730247,-0.312738680976967,-0.012297757755458825,-0.00011087767357482336,0.01218605075844798,0.3005521688833565,-0.00021729141874904105,0.1345650173473914,0.018107743893703752,-0.05170690085734846,12.510101885079166,1.1421907581277875,-1.1392462646232437,0.007810451397982289,0.010539427648177148,0.058019424736501214,-0.20088395231471642,-0.005263158767956484,9.979472039333423e-06,0.005276268880220664,0.1986038611953817,-0.0006311629406940113,0.20757148877097908,0.043085922950600694,-0.21254528320112334,5.121683476455077,1.1445484166939037,-1.1219519257219117,0.024680303154442935,0.033269517937668386,0.10428377767083671,-0.387926748718832,-0.01674019157660145,-6.499224619490427e-05,0.016529326361066937,0.37282388967953384,-0.00388047045853445,0.10883394628264731,0.011844827863454161,-0.08401967957117541,8.216434389067052,0.7259019727596433,-0.6968905683047907,0.006263438523997998,0.008409217361629109,0.048951579345450975,-0.19354316494585008,-0.00453418288962052,-0.00018200156214575298,0.003875034472008589,0.16587999492488567,-0.00030707053858758685,0.07493646863262106,0.0056154743311278,0.009947928016037996,8.782251225766494,0.588574634914788,-0.530450416905117,0.007705193170478035,0.010381588205495954,0.035454591600593714,-0.12548135903292,-0.005329491168547909,-3.0027290578267972e-05,0.005052097036948045,0.12484656191557283,-0.0038316179000483235,0.17486831866338662,0.030578928872159728,-0.2144773575942311,12.692851099132554,1.3959392619867577,-1.4187556190017003,0.007728074391537988,0.010416990876883275,0.07412736120639511,-0.2730237324612833,-0.005309881904750164,-4.156559177762634e-05,0.005107108972133112,0.23751945056929352,0.004832629059375276,0.32089700768046103,0.10297488953827386,-0.7157994397049582,11.582852183018034,1.880968,-3.310295,0.023874343524595706,0.032431,0.14630868790372534,-0.509712,-0.011423,0.004079,0.021008,0.535339,0.006833917215087135,0.3979401814898985,0.15835638804421337,-0.1972237670512147,8.957581709473107,2.27947162989296,-3.3145562971779956,0.03249029641775501,0.04415514774451977,0.18604204049234188,-0.67169700043602,-0.015727100919825522,0.005581229611828763,0.02842804682469425,0.6665806752028682,0.0004040548747305873,0.21811697643241917,0.047575015408020505,0.05337575190941742,17.0632457676973,2.1948508924099914,-2.3414718179698326,0.008226690162067203,0.011103146253243636,0.090577368197745,-0.3171148634014107,-0.005612893261188451,-3.397994571356216e-05,0.0054902529920551855,0.31875731342105784,0.009663233948035472,0.4874696542775447,0.23762666384146894,0.17752331833182283,6.271019067596203,2.6218039587497954,-3.0428178845445504,0.04098675406369859,0.055354415937219736,0.23636202639540346,-0.8631814159363506,-0.019362250645448716,0.007687917607554915,0.03599216529177102,0.8403693847264947,0.002008683880293767,0.28111581018489984,0.07902609873591263,0.0029537509725676746,8.337730421144016,2.1274252789851773,-1.7427755252278598,0.02004412042294559,0.02704503588620148,0.1293076656782821,-0.46459045364128704,-0.013125923074095228,0.0002551069822525333,0.013919112812106251,0.48463659039755425,0.0005713190818786762,0.17538064246622057,0.030758369751864287,0.10998810743074104,10.04992649149857,1.2958289198526114,-1.3532316201551726,0.007280916228480041,0.00982417933919913,0.07788461109543798,-0.2775901523852892,-0.004858745493428352,1.8561476764101696e-05,0.004965433845770778,0.27522083496353467,-0.0044677955498844055,0.2536826138083973,0.06435486854866045,-0.11674380906284743,17.16622407029441,2.5372659032914364,-2.364469664430532,0.009079919591742695,0.012249758646404776,0.10337742957087082,-0.3663915932224593,-0.006262347222410858,-5.4390515034031644e-05,0.005987411423993918,0.33700533757248297,0.005410995782084182,0.09969589180625435,0.009939270843044372,-0.37960522288129206,8.775588193143921,0.609108,-0.940645,0.011656218641891043,0.015664,0.04901429333687285,-0.161217,-0.001745,0.006057,0.013919,0.17059375,0.00765166449809726,0.09417798550048441,0.008869492952929452,-0.7694316445461549,8.518315398679386,0.5325609119773567,-0.7510967977064826,0.014103733282149122,0.019045901579759116,0.04785276261725139,-0.1561876470431792,-0.000576624962316566,0.008664421857877577,0.01846927661744255,0.16198347545753994,0.0004277657226357973,0.10491485038634593,0.01100712583158935,-0.006818557155509423,8.579315859476903,0.7607413319759595,-0.7676943190672961,0.00767263339144986,0.010352109311126557,0.04839981090423234,-0.17108585173990584,-0.005155944878585785,9.839377556697195e-06,0.005196164432540772,0.1765671181603811,0.010819129704456603,0.1141386829928984,0.013027638955353353,-0.6397730191377626,8.568595583249786,0.7486322213099919,-0.9066382111473436,0.01872239746591102,0.02528422431316864,0.0589604749888916,-0.19005359507668262,-0.00037693697020990035,0.012010820210729169,0.02490728734295874,0.20040678317044122,0.0029943674286486534,0.06855166560381205,0.004699330857056868,0.860353588659802,7.317179151389437,0.4999789012691757,-0.3344061450600616,0.006391257554983095,0.008654603459769521,0.032168496027419904,-0.10638116996726393,-0.004186085367446766,6.225784874240678e-05,0.004468518092322756,0.12737797948249396,0.0006047545312014349,0.11970609798621262,0.01432954989508474,0.0030196645905312194,6.58268657008797,0.8049776870173022,-0.8016832209101773,0.00835126093994999,0.011262409403509279,0.05684449176351818,-0.20797251580694964,-0.005650772538790715,-1.5446994144696592e-05,0.005611636864718565,0.21510601465330317,0.0018293811506913042,0.08762112441392124,0.007677461443559865,0.07139347112577228,10.986713661497694,0.7019702578464271,-0.7137490431167071,0.00679072721867098,0.00917214820341238,0.03895336263542005,-0.12955204144808846,-0.004466284632818593,5.240953372589229e-05,0.004705863570593788,0.1412404544562507,0.0001454153024806064,0.8319714320698203,0.6921764637803075,-0.0013773362319058281,1.0614693964724848,2.488248,-2.496394,0.6942284888152481,0.9365002499999999,0.6106098419608884,-1.620354,-0.46630875,0.0010975,0.4701915,1.618323,0.00023580094425736169,1.1764619000518914,1.3840626022737064,-0.0014401991296627984,1.0633316117639193,3.489319962559051,-3.5298979910745087,0.9811234609361615,1.3235371075750684,0.863091948320495,-2.2943378509511905,-0.6592708650329097,0.0001219992331776493,0.6642662425421588,2.285250153830881,7.842471158746579e-06,0.014036947716289353,0.0001970359011898409,0.4406486397857408,12.679199099499556,0.35286045433890256,-0.1570091297226733,0.012482440147372174,0.016880018285804113,0.010921118942872276,-0.022475800115156718,-0.008350232258928995,3.4671156144212584e-05,0.00852978602687512,0.022691112580897625,0.0004206203000381313,1.6628201221010581,2.7649707584641776,-0.0015748001848424939,1.0704712374231482,4.936294405619317,-4.925930105981642,1.357769769509464,1.832482167116023,1.218083520121413,-3.22585311976103,-0.9149643322763898,-0.0026733588840020302,0.9175178348396331,3.2219493192593505,-6.639450567851118e-05,0.05275074781073325,0.002782641394591579,-0.07421516278071415,0.43749597320832967,0.14001033402862623,-0.5377596276177472,0.04483141422259256,0.06032134203680377,0.041563241171867105,-0.09404092869533458,-0.029766621248233822,0.0010227831338698763,0.03055472078856995,0.09506359892222674,9.885201941485738e-06,0.006149531203015147,3.781673401685692e-05,1.372511809082652,41.07565114096602,0.1506500364590301,-0.08268132564683736,0.005044490185913258,0.0068049405920569215,0.004583157311958924,-0.009761651649743049,-0.003424129369279912,-2.8440300851190937e-05,0.00338081122277701,0.009667803290104306,3.4654954319751655e-06,0.018879265014098257,0.0003564266474725544,-0.18948111724584416,3.554977100432086,0.13515981263028196,-0.29200735922061555,0.016434205044620977,0.022081977285493187,0.014715419241968402,-0.032620455158443216,-0.01099696566321811,-0.00015945379705537788,0.011085011622275076,0.03259812484541044
-5.115564598168871,7.238648942753563,52.39803851642728,0.9188252440269635,0.15657199943121336,14.0,-20.9,4.7443270992179265,6.4,8.149338758901322,-14.1,-9.75,-7.5,-3.3499999999999996,9.1,-7.2042277239263965,10.275811246341437,105.59229677043716,0.9463352909386399,0.16998132588292503,19.4706498676479,-30.165544895049027,6.795610664631251,9.120154370094529,11.55981075554111,-19.49895846320271,-13.860351411292896,-10.61539674044411,-4.7401970411983685,13.009013490999049,-0.009612957858068018,0.7125870015413528,0.5077802347656959,-1.4308451788088217,40.21327501383675,5.506924988774417,-7.648672725283027,0.2748497486363521,0.37376712858012673,0.3487921847750247,-0.7214670471394469,-0.18856108398747995,-0.017898920092538906,0.18520604459264678,0.6192716118178585,-10.104125974400151,14.647242741403112,214.54171992558614,0.9708510837754524,0.18043513925875354,27.294049810698958,-40.26944410189005,9.690204872768586,12.696869069276847,16.414970896027476,-28.177008470891195,-19.485671675783095,-15.140407371321004,-6.788802606506248,18.418805496261385,0.12228183233318081,1.3230777100125692,1.7505346267321042,4.57570315544894,35.96008879778483,12.400582932631117,-3.360851177596603,0.3761826815276338,0.5203804834897854,0.5813211094504626,-0.9565932357944762,-0.2395608289590044,-0.0062558922589784904,0.28081965453078095,1.4766986906908954,-0.014825264283333053,0.5981483405025586,0.35778143724596473,-0.8712720074715294,9.524608458633091,2.589729332913743,-3.5498412647556914,0.29004117606007107,0.39080191851062895,0.34500413728135343,-0.8576919155400933,-0.21438786173545435,-0.011783927390171107,0.17641405677517458,0.6629640541559303,0.007180429600497316,0.8043004466498394,0.6468992084811311,1.142682820327214,24.66580346126006,6.2845620866620715,-4.895724890076745,0.308099578177689,0.41383028847060244,0.3934994184598881,-0.7548449137840585,-0.20906796368580344,-0.0012021379703374621,0.204762324784799,0.8871577384161269,-149.26480162767038,14.350700555927492,205.94260644589764,-0.26878048237449875,-0.2958505615367,-107.1,-194.6,16.012103959860475,21.799999999999983,149.26480162767038,-172.99,-159.7,-148.6,-137.9,-128.3,-210.97353760890425,19.379546870561487,375.56683690828953,-0.27423313387256054,-0.31359571620351767,-155.76519382256743,-273.921183031861,21.077121109259117,28.2893175561843,210.97353760890425,-243.71160280211774,-224.8195275495338,-209.53993409704245,-196.5302099933495,-182.55930939688378,0.22525109514690037,5.97962094577095,35.75586665510267,0.11941749673712604,0.08296608320994192,20.554259118672142,-18.567918797231314,5.875728191377648,7.922342735182082,4.740493514643328,-9.13994128733126,-3.816836513799598,0.01136888595434904,4.105506221382484,10.360731327881963,-298.03928565416084,24.67962537729119,609.0839087634354,-0.2449847381372193,-0.6100661566456904,-220.74470171139996,-359.1203982263472,29.704037322464067,40.77478184219768,298.03928565416084,-340.12907648955235,-318.34438949148915,-295.1444578924355,-277.56960764929147,-264.0678810985279,-0.34146926322078336,11.840889653436452,140.2066677848584,0.038294503465299605,-0.2012691386596126,33.45714344377503,-35.53439541764071,12.335763188787679,15.653913968678477,9.385650406432703,-19.40961304816925,-8.881749357166118,0.06597840789689613,6.772164611512359,17.901343732729863,0.3169771807851448,4.285323612125923,18.363998460643973,-0.12460488687657018,1.9575097248232254,16.996006025934825,-18.215478217247767,3.7397652349879285,4.89541696190311,3.2074927100860164,-6.210996522709615,-1.9334892532175605,-0.0640728992379073,2.9619277086855496,7.191910655368934,-0.2412358061991825,7.2269766939988775,52.22919213560294,0.2591715640270963,0.09503696621447011,22.284458943194014,-18.07881900865385,7.127891811162414,9.500348989556246,5.695790876886928,-11.923869560014314,-5.036198559345834,-0.8247170980758642,4.464150430210411,11.340050029291142,-0.9068158697863681,9.10961976495883,82.9851722621286,-2.0511016278537646,5.678341517061812,20.2,-46.2,5.782148652171848,7.699999999999999,5.928179043743643,-18.849999999999998,-3.1,0.8,4.6,8.489999999999998,-1.3108881035846889,11.95813719276496,142.99704512098864,-2.1576145197045795,6.033418738625134,18.971044481822545,-60.40747855729906,8.076903137446708,11.07763923658746,7.805017288466931,-27.410601951542525,-4.785126674447797,1.0576106242012444,6.292512562139663,11.236274517662498,0.14629919446214462,4.695382976959202,22.046621300318254,-0.33684813981203415,7.951701909046289,20.610152555123637,-25.567114991226056,2.269504540360963,3.0180674107195546,2.7591762519152843,-6.314072490251931,-1.4588105081681935,0.007590305750367815,1.5592569025513612,7.299596900064449,-1.9338910213807359,12.53676348429467,157.17043866114426,-0.7191993113743848,-0.21935725872646117,16.403031320815707,-36.33276433742754,13.393358649435891,18.263225437352727,9.885384294330935,-25.4577075569509,-9.995493030887587,0.5616944622515407,8.26773240646514,14.15816468784717,0.0899876112074655,11.21878055182356,125.86103706997453,0.5732052727584054,8.08549314944277,51.44098586596343,-48.579520312005386,3.921278330750167,5.241070491931087,5.854801479984177,-18.86339568609879,-2.4565415687071486,-0.021291626738368652,2.784528923223938,12.518691670313054,0.20483146142529687,2.958114277011767,8.75044007586085,0.11705177153677246,11.438645016014101,15.815977328409632,-18.444163572223168,1.6266781517656128,2.216837703986937,1.7498570467376267,-3.0794182561877115,-0.8836757383857293,0.07528805643973198,1.333161965601208,3.3635220473439236,0.23451803688677655,5.889641330672304,34.68787500396343,1.2444614746846756,7.519031864157588,31.8086624266317,-21.89987120017187,2.526354256342036,3.3898762367875355,3.403658222219737,-8.318777027532644,-1.7569612230369098,-0.05703932370697912,1.6329150137506256,8.99415678521025,-0.7927772126144458,4.259026524468199,18.139306936123667,0.002229996688662736,-1.441934257505931,6.9,-7.3,6.375189539574089,8.45,3.872533062054934,-6.8,-5.15,-1.1,3.3,5.3,-1.1295695581239105,6.046356948291112,36.55843234614821,0.013861497377690537,-1.4428621769258883,9.739614039278294,-10.223177334362616,9.04532503893959,12.036817561237385,5.502939815418083,-9.517124525544455,-7.434701965924926,-1.542609233727699,4.602115595312458,7.561366846580269,-0.009375774318274011,0.17046901921716587,0.02905968651286247,-16.696670962729694,336.18250878789155,0.5165807673510225,-3.4589314468908894,0.05428933847532633,0.07399926934476732,0.0550925304741917,-0.10061786214507887,-0.0379063399962947,-0.004482706780901624,0.03609292934847262,0.10352783787985885,-1.6207277132092412,8.61413940914782,74.20339776023354,0.028376235141465964,-1.4375666596056766,13.662388940341131,-14.377838374489786,12.926313457072604,17.372951650410762,7.834599942111132,-13.46852541575069,-10.81447976263383,-2.1350130690050646,6.55847188777693,10.975837569014955,0.02834053853698383,0.34991477735778165,0.12244035141334592,12.585514265407422,182.84392481750857,5.1682113458373635,-0.9491581923332653,0.07404745471154964,0.09474408990923171,0.09562806498588461,-0.1333811545462125,-0.04535613325290337,0.006331861422445795,0.049387956656328336,0.15365107971936928,-0.012834852978614815,0.14184810966954825,0.020120886216824188,-7.7586225043915995,75.01765256912823,0.2784897182317893,-1.442577324623235,0.05446847404863811,0.07821163054262366,0.0601143985408032,-0.1073250793123619,-0.03888819177029221,-0.004526360646337552,0.03932343877233145,0.10280436350100317,0.01139636559106037,0.19279206164897095,0.03716877903486061,12.574267336163517,183.51853638033828,2.846399414229889,-0.4332605891987308,0.05796151131600111,0.07712656646161678,0.06055540761563643,-0.08839345784616079,-0.03267310936201554,0.000932781669744899,0.044453457099601246,0.09658045218792363,0.35137334689725336,3.049142374958696,9.297269222768756,-2.705704155145324,8.796758164587693,3.6,-17.9,1.0378215529539216,1.6,2.1963377416073246,-5.99,0.4,1.4,2.0,2.6,0.50813425619264,3.515868317729563,12.361330027614505,-2.100864693894142,5.179121651515597,4.734448656305592,-18.92174529182448,1.5826045524572645,3.1798281048019,2.773336787033532,-6.769234701757823,-0.5175860865081994,1.8997948604742345,2.6622420182937008,3.4696401522796947,-0.03104986502029668,2.474514173393722,6.123220394326415,0.2697601805123268,4.257532189966999,13.134962313984849,-8.948349148874534,0.5821467289940806,0.7827486812230537,1.3836147755942723,-4.697249607233147,-0.39088477001263183,-0.01164328601157047,0.39186391121042197,4.663067961860783,0.7494080023560405,4.1722993825365835,17.40808213751516,-1.3428334760601766,0.928266753276827,5.802433424226805,-13.338081341044228,1.8997339991408466,5.56680231857132,3.673409325137258,-8.122501370916748,-1.9391415860234216,2.643047051284501,3.6276607325478976,4.644419434443199,-0.058847785569134545,2.6556354131393425,7.052399447519766,0.5120145901741264,4.899358834078963,12.977625361523302,-9.667541101280406,1.2569577172401958,1.6587130585891012,1.6187170657810037,-4.333623392875246,-0.9066494871275115,-0.06813172521822072,0.7520635714615898,4.171235081496301,-0.043374619117561776,2.0590867292667365,4.239838158642387,-0.9347226200930063,8.254319499998472,10.185192020356048,-10.250630050571928,0.2945673049129734,0.3840065662084833,0.979690775452929,-3.5849041482131927,-0.15524057995112614,0.01836454237537468,0.22876598625735717,2.908073380249578,0.08101639459670996,2.798096264415186,7.829342704934219,-0.2730501161253968,4.873781435939631,9.660817427874944,-12.960394787946852,0.6851052428715354,0.8977159308904856,1.5122188527546652,-5.661127926435169,-0.36800096155940737,0.0396135955751283,0.5297149693310782,4.746907508061737,3.1794506612410993,3.309428084357039,10.9523142455311,-1.5191891805215827,1.552891997140259,6.8,-7.2,1.482602218505602,3.7,4.175991861648016,-5.09,1.7,4.7,5.4,6.1,4.492881776951913,4.639268702698728,21.52281409583994,-1.5001610974199102,1.520745585400613,10.738904492966578,-10.7681907962499,2.0724213387422314,5.2988774530780205,5.871396648654268,-7.071551486953659,2.3167278984784905,6.730843554749232,7.615605351556511,8.572080044456346,-0.012700625186538047,0.4881557987119774,0.23829608381612857,2.1979076793423973,84.39144621829239,5.516788371205304,-4.537278157361579,0.10999574731783969,0.15274186933464035,0.16537220725415874,-0.3281359738321764,-0.08287921487496659,-0.0008769271749209939,0.06986265445967377,0.2940575774943028,6.343693914261431,6.450116386899092,41.6040014045442,-1.5207737423639558,1.666199511989337,14.158535535898686,-14.550113921467243,2.813378020948179,7.395316402032314,8.205656120024033,-9.458307310494398,3.3601656195936265,9.487431308810573,10.75548202162594,11.985911745273176,0.06951182085778992,0.9385728964307685,0.8809190819144421,4.6151146942878265,31.79495844404962,6.75640181687239,-3.2318558556287007,0.22305773875325363,0.2958966981660647,0.36194236158401916,-0.6945655369530461,-0.14564424835435094,0.0010078606993861872,0.1502524498117137,0.6935139161870567,-0.017582525571819028,0.34999142520168486,0.12249399771470657,0.06366280113041986,23.851493526298306,2.3320860323599546,-1.9331837357019896,0.1057974303898888,0.1443518280895179,0.15113440430306735,-0.2704561899856559,-0.08002795964243462,-0.005081957363762374,0.0643238684470833,0.22579930219685296,-0.01653655415330255,0.5893049806869869,0.34728036026249004,-2.473939285105732,46.14245325062677,3.7737416026794643,-5.012265721027538,0.1761947182257573,0.23597676611125556,0.22089161430915633,-0.36796499134758953,-0.12588148636386565,-0.00788003604372505,0.1100952797473899,0.3341803746602189,-0.0004345199982328513,0.36506964323286645,0.1332758444101724,-1.1958428611121121,10.050400623062254,1.513017,-2.690778,0.0923409139751844,0.124865,0.18431064844049122,-0.524874,-0.060123,0.004419,0.064742,0.54420125,-0.0006165300260620129,0.4996553154932163,0.24965543430062553,-1.1510298003263972,9.754640894453518,2.1242841667791357,-3.266252321782826,0.13062379965243906,0.1770230072441364,0.25330084443300727,-0.6530955872543396,-0.08561049957635164,0.00583407606720464,0.09141250766778475,0.7197169760714521,-0.00025465529658970414,0.1298980230623332,0.01687349639550245,0.09239911073468329,12.631818103945138,1.2312231595032122,-1.23779853487919,0.008028633114216407,0.010828348173551333,0.055728398394782684,-0.20080361439148836,-0.0054409475092561405,-3.4559824333759e-05,0.005387400664295192,0.1937423987354323,-0.000877219245365115,0.6988103560779679,0.4883359137618163,-1.1718946749288333,9.760908684628049,3.02185624745233,-4.23339952253084,0.18422323251998035,0.24948757733585367,0.3545817693897235,-0.8719457581349985,-0.12016220851971857,0.010695737182091478,0.1293253688161351,0.9882666866905754,0.0013279290523652047,0.1043474510851689,0.010888390547971714,0.22459804743791442,10.84819415274007,0.7929295915763701,-0.7839300175872148,0.009919695522232841,0.013366102786128684,0.0468917442869236,-0.15572685552658663,-0.006644944919699776,6.039918495904387e-06,0.006721157866428907,0.16816219139436495,-0.00036025370226158807,0.07754830091865644,0.006013738975370491,0.006624031365185826,12.670317852386475,0.6663933616337705,-0.6493757079430522,0.007397495526624309,0.00997637238537545,0.03402976717406143,-0.11551326150894406,-0.005008001039735492,-1.7877130389380152e-06,0.004968371345639958,0.10979974324393381,-0.0010011966747145741,0.16651217524362394,0.02772630450436333,0.07444150001901118,11.771260778712376,1.2897308699854901,-1.3500134125939085,0.008514483844589065,0.011491582452311648,0.0711197781808033,-0.25325327688511595,-0.00582113236438724,-0.00010966348137900607,0.005670450087924409,0.24375608845426372,0.003444771920007069,0.5220139225403192,0.2724985353259304,0.6240561019171873,6.778049915414622,3.386649,-3.423496,0.13362397274947288,0.180076,0.276826367154596,-0.854482,-0.090436,-0.005475,0.08964,0.984643,0.004873832042511494,0.7081594742438541,0.5014898409613319,0.6306559961531233,6.142605040769373,4.339761942593905,-3.8386497056280864,0.18916100057878793,0.2544973242137474,0.381998513941018,-1.1845551587550622,-0.12754902892020042,-0.0068920671669048215,0.12694829529354695,1.341620224283433,0.00035012895308077793,0.20847009351269646,0.04345977988919241,0.15765046427505305,16.38666361013523,1.9445455290535125,-1.8600424356316976,0.00922924136159401,0.012445426617443455,0.08421541414989893,-0.27555201422629777,-0.00619273180390909,4.416818633009385e-05,0.0062526948135343645,0.28222617164272074,0.006898214039431229,0.9674559393389676,0.9359709945622441,0.5477496499572204,5.637336256433652,5.318053602836566,-4.711908302501419,0.2684603411183166,0.36105927191566745,0.5313505843829816,-1.6284962387875248,-0.17989411419272977,-0.010347489661795743,0.1811651577229377,1.7905861778174856,0.0006277530598746867,0.25852330079981656,0.06683429705643244,-0.23923151022375974,12.892952558393056,2.1788952389922804,-2.189967917407631,0.02851005455149287,0.03837710749070351,0.11686304923763534,-0.3878022688543397,-0.018681577854581678,4.062989982566226e-05,0.01969552963612184,0.39145599216419336,0.0004954083766632488,0.19455915583813946,0.03785326512044943,-0.012850863591448183,16.186130476390588,1.7129239782497816,-1.8051630497235145,0.007948984914335346,0.010728986313689274,0.07822196491686502,-0.25903717920820424,-0.005431030372237029,-4.9025178276791725e-05,0.005297955941452244,0.2644949706935324,0.0001721295683711775,0.22147442823937424,0.04905092236395773,0.17334932717608434,14.716600189245742,2.1090147398669505,-1.6967009334414407,0.010337111830620095,0.013927928880727532,0.09103136845333579,-0.3002037833840277,-0.007268786881575738,-0.00017886300041442622,0.006659141999151794,0.3095641260993712,0.0017154063263923665,0.20003185210493546,0.040012741856530774,0.5994020163101459,10.079556722604433,1.576675,-1.236455,0.026990773387894483,0.03641,0.093916369304627,-0.30513075,-0.016503,0.002065,0.019907,0.28788075,0.0024259647617065807,0.2613449924935811,0.06830120510146996,0.21199192137972112,9.813425606970158,1.8079167724404248,-1.5049812239960534,0.03627949115521074,0.0489665527105239,0.11941066734536017,-0.37562148098940973,-0.021723815197983137,0.003322231909290604,0.027242737512540766,0.3773213974316184,0.0005010659691003038,0.10824490589417209,0.01171695965203817,0.06820906706442982,15.738673017457614,1.1801362592177158,-1.3154194630709666,0.007822674407258251,0.010556409892882758,0.04620898170489061,-0.15861174123074617,-0.005245255144092387,-8.362180580909478e-06,0.005311154748790371,0.16171586866182913,0.003430795399134428,0.36377805345638803,0.1323344721765187,0.10530841646512307,9.686225035359628,2.269346654223062,-2.1196423577239245,0.05066680670344308,0.06829525655840671,0.16581280340277366,-0.5129278004679598,-0.030008207878235847,0.004692012242948966,0.03828704868017086,0.5045272014165952,-0.0008086224367569118,0.06513951341166781,0.004243156207508851,-0.09337655030177808,11.71772200128531,0.5122926406399227,-0.4911167511075239,0.007296714516588128,0.009839858072864112,0.02934018808074301,-0.09952175847006313,-0.004988468938003027,-7.178954269360148e-05,0.004851389134861085,0.09328457632589228,0.000708766723923273,0.12501522273378324,0.015628805915177436,0.08203732926002215,14.106826998293123,1.103496352390343,-1.2578023090293744,0.008569738396426614,0.011560204761411862,0.05348272961163219,-0.18216950626126452,-0.005819027046584558,1.956782523155655e-06,0.005741177714827303,0.18897361707762356,0.0007435361307534866,0.08832001598446602,0.007800425223496335,0.0064345440315597665,13.202923800803354,0.802066400762916,-0.7449491046939055,0.006992492366088487,0.009432561633290652,0.03793603164844364,-0.12398275101605508,-0.004656135514931058,8.041143317073709e-05,0.004776426118359594,0.13231819155166347,8.92822431007573e-06,0.8006819702571057,0.6410916174948008,-0.000970736432347617,1.9385750654826657,2.940883,-2.940394,0.6686372919216229,0.90277275,0.5791247135157424,-1.4157755,-0.45011425,-0.000678,0.4526585,1.41527125,1.7906079134556534e-05,1.13220293928577,1.281883495727337,-0.0009738966368838458,1.9420779281522584,4.122829983786382,-4.1506022793587265,0.9438589049812312,1.2725472556638309,0.8183717769899527,-2.0070104329484018,-0.6343032482732424,-0.0028703805667461496,0.6382440073905884,2.00023730228589,-1.187420557712867e-05,0.014219830030680745,0.00020220356610144998,-0.6187191298309438,26.010971059478425,0.2601625226962687,-0.4210104231563193,0.014115009445068914,0.01899950065678836,0.011431979028041578,-0.02077545484529659,-0.009444177859693006,-0.00012620519770192677,0.009555322797095353,0.02081561883276606,3.898702775524306e-05,1.6004386268089765,2.5614037981822024,-0.0009246766643507458,1.9544298342000337,5.811562799223174,-5.765062157460288,1.3128929367776156,1.7696390637374408,1.154672967479018,-2.833941539174951,-0.8825264154031253,-0.002568005441580666,0.8871126483343155,2.8229173300305908,1.5621205029849335e-05,0.044402096828130136,0.0019715462027346444,0.05452688915819597,0.4147718864707248,0.40442786004711806,-0.19692643688106534,0.03442202408496874,0.04638906610993565,0.033970173528833816,-0.07991620786418127,-0.023170365236418647,-0.00014586946549957625,0.023218700873517007,0.08119069361873735,-1.646435550025972e-05,0.005701572270474606,3.250792635544495e-05,-7.265858509322994,387.21184332037774,0.12160148554727437,-0.28407148997915616,0.004943637188520131,0.006671431498266547,0.004092419443362797,-0.008145702271633706,-0.003342473793217872,2.9949257945985244e-05,0.0033289577050486753,0.008053149026154746,-4.186836469599719e-05,0.01928520720800393,0.0003719192170556467,-0.2924399636657619,3.1004114516433727,0.0479794323055879,-0.261551942201289,0.019924848885797486,0.026870625237073495,0.015743862452247216,-0.03138854531225438,-0.01348999262071087,9.103567918975153e-05,0.013380632616362626,0.03140059110062073
-5.365040650406505,7.354196398869444,54.0842046731443,0.9377340250968343,0.1500582484499371,14.1,-21.2,4.596066877367366,6.4,8.411585365853659,-14.3,-10.0,-7.6,-3.6,9.0,-7.544540160309514,10.432082492259179,108.82834512530046,0.9593391874866867,0.1602027748889605,19.616555797231445,-28.987294283783136,6.637116920828969,9.105508328436848,11.906105425844657,-19.99836737200192,-14.135451154929171,-10.919758847936196,-5.029942826492324,12.772150632593616,0.04056485035757416,0.830686470905342,0.6900400129451716,4.240882520060215,59.723749840411,10.519068283842701,-5.745894780494019,0.3231547903611474,0.43407772277566475,0.3856445003464322,-0.6128739209380194,-0.2083670013640903,-0.011262706037038717,0.22571072141157444,0.7437721404245099,-10.57017245919765,14.900009525669235,222.01028386503395,0.9931377745130195,0.15617660485226814,27.529372836155243,-38.44771283403652,9.366507019894902,12.927381592652903,16.941231541390586,-27.845361309245014,-20.015399927311424,-15.559992330754882,-7.088018334658522,18.274436406486956,-0.09557342581974103,0.8285792207966778,0.6865435251360297,-4.3798111242959035,39.29697491036212,2.4501795141909435,-8.27208668160856,0.33161961951137564,0.4491896447752296,0.41266885758369404,-1.1379019093456415,-0.267326912902045,-0.027077372492248175,0.18186273187318458,0.7369272014194923,0.05506355751284266,0.8237800163464745,0.6786135153317977,2.155555975496754,26.342066605095162,7.058118399498405,-4.687716454415294,0.3224848444681932,0.4320263346636327,0.4023290784915083,-0.5987552483320531,-0.21072848264263866,0.0009939334750682371,0.22129785202099406,0.9497874772646282,0.06019675180712801,0.8266845173942743,0.6834072912994043,2.6612587938210117,19.76273952099142,6.651813976470506,-2.6152888297528394,0.3247047630043651,0.46352380136026977,0.4386093680503116,-0.8120394660078938,-0.22518174404789565,0.02819241019857807,0.23834205731237412,1.0719327051792429,-151.06686991869918,14.884641780516533,221.55256093429838,-0.2002361838773771,-0.583442173697835,-107.3,-192.8,16.753405069113278,23.025000000000006,151.06686991869918,-177.255,-162.6,-149.2,-139.575,-128.51500000000001,-213.53057894097995,20.11969193386365,404.8020035135779,-0.2029879652272026,-0.5915526805818194,-151.0081706376207,-269.7766527447827,21.64862473212085,30.569942741461716,213.53057894097995,-247.4209660364311,-229.19445255033065,-210.47337575175843,-198.62450980886894,-184.05907532192217,-0.18001449347156953,6.145834387532151,37.77128031897269,-0.09448640198362868,-0.36562636086559097,15.292152671374456,-17.445181610509607,6.4678761604677915,8.772586791131685,4.991214507605104,-10.191857573651541,-4.3809121845893575,-0.4141807288463024,4.3916746065423276,9.94734345001958,-301.6025036922417,26.378580886387653,695.829529579696,-0.19815611649751655,-0.6933802254084713,-215.0563054611368,-360.1989765473414,32.31383747884198,45.84233010580567,301.6025036922417,-345.323339089496,-324.15272132888185,-297.59058144846756,-278.3103912230762,-267.1693742498902,0.2554455832671331,10.641410545794844,113.23961840415373,-0.016541838722333897,-0.49145771438285646,26.511998703652687,-26.73640872530835,11.457726284063742,15.436079088946045,8.593251512148,-17.56158857592039,-7.539554036059197,0.002101742021224595,7.896525052886847,17.2758078100757,-0.25364847171109495,3.5888254735577636,12.879668279657105,-0.4525663263948609,2.5525328757726786,11.916287543183895,-13.880445848849844,2.6979857617533916,3.6409352044881613,2.5425087055519437,-5.987771926559189,-1.9316950034340823,-0.00776924969049414,1.709240201054079,4.888353322956291,-0.07679589573956364,7.850241309751288,61.62628862132562,0.033983537129410206,-0.6735774728253281,19.71907501717788,-17.374232672110296,8.72272559131807,11.977559647401076,6.474961178931935,-12.517664572320864,-5.812263388621501,-0.12062598218933318,6.165296258779575,12.048052681479883,-1.552642276422764,9.614691350550094,92.44228976634278,-1.9177845757185639,4.513848364816935,17.0,-47.8,6.523449761424649,9.100000000000001,6.4018292682926825,-24.285,-4.4,0.6,4.7,8.3,-2.2196151267650235,12.532366645590844,157.0602137395179,-1.749000376023559,3.696990614444281,17.725255667900477,-61.89250362525783,8.91292840032068,13.537624729757091,8.646069780794024,-29.404610281757,-7.3324648145248865,1.1306049839652994,6.205159915232206,11.23277414139863,-0.0002228880802699201,5.187754675172201,26.912798569771024,-0.19738994434470863,7.304292354729496,22.974478258331683,-26.209920645451074,2.2416689299685935,3.014159619261389,2.9849783794494793,-6.654057154207939,-1.5208586151069736,-0.021670288951246286,1.4933010041544157,7.006076820208384,-3.2052165232940837,13.0852516855698,171.22381167470726,-0.4880989597474194,-0.80462386159769,16.417035292137978,-42.62328840268065,15.756042761815696,21.870185020298447,10.8236622675397,-26.333045054838575,-14.126032433262395,-0.29881934237860397,7.7441525870360515,14.112850044256437,0.3481095597591702,11.798158169850863,139.19653620081868,0.406742052937448,7.2235651267654895,56.36290537363385,-49.9260654856393,3.9525009970475935,5.216044720494033,6.036683725989807,-14.27469896569926,-2.388900320366064,0.03263792345477462,2.827144400127968,16.983710133533062,0.0024472490114763944,2.9178029131018683,8.51357383970575,0.14639222216740042,4.1230873052178545,10.676978128645647,-12.228463181494385,1.1982437085486064,1.6353075880391148,1.7874357050398586,-4.36812829930914,-0.817299601140548,0.06725428195407197,0.8180079868985668,4.764317869286564,-0.07818715557660577,6.675138260537429,44.557470797290655,0.08528070273100617,6.022187662459277,29.096699760675875,-25.43689374751936,3.099144833474474,4.118001170419221,3.917588105094219,-9.203410881360178,-2.0613356622576444,-0.02766943353522123,2.0566655081615774,8.63758459233249,-0.8266260162601627,4.225505982880118,17.854900811355673,0.033607762399775774,-1.4571314654897396,6.7,-7.2,6.375189539574088,8.4,3.866260162601626,-6.7,-5.2,-1.3,3.2,5.4,-1.168904681157254,5.993570238600361,35.922884205035984,0.04034277215808019,-1.4530009418463705,9.44832342782207,-10.30512630458629,8.998611799507025,11.833109113140704,5.480818037960608,-9.46869861662767,-7.302020642967986,-1.8371117207412653,4.531088470172717,7.671819815979861,0.011659439591007634,0.21628037344542145,0.046777199937690965,17.04040799540783,348.39946415147335,4.425796807198822,-0.8923732601462779,0.05937797857308979,0.07935497827586985,0.062097186451232605,-0.10025874403011673,-0.035856158775372404,0.002477561371817538,0.04349881950049744,0.099757456289214,-1.673926909124322,8.539576385487548,72.92436484357658,0.059020497258445666,-1.4574531530787478,13.31258527147379,-14.217311562125147,12.862758627308772,17.120477143676222,7.831949424865238,-13.373668109300606,-10.665068337650053,-2.650325803564112,6.455408806026169,10.993788088175958,-0.011703838066674535,0.15912954189643017,0.025322211104167727,-6.413021665228999,58.636332161750616,0.49495376527652946,-1.553375073052561,0.06753089997961888,0.09235301367146076,0.0735355152207934,-0.13774724587909473,-0.047257300997674195,0.0003707852486898866,0.045095712673786564,0.1194242227866239,0.016077658472902573,0.20067633317138936,0.040270990695114466,11.736271586522541,169.97052997886942,2.9089830199735425,-0.7418094041701242,0.060125391565825866,0.07913203106457098,0.06453661154236119,-0.0992041501000892,-0.03251520457323739,0.0041397175789393,0.04661682649133359,0.11198585958770699,0.020971357658627385,0.22727079340969716,0.05165201353707325,9.831106305017109,110.65659553141984,2.852098261274654,-0.41825665309745164,0.061431590529117154,0.08124823540519803,0.07236488964138987,-0.09347974519602542,-0.04027402898900885,0.0009222544161055475,0.04097420641618918,0.13485396912187564,0.2534552845528455,3.1365482963729736,9.837935215480202,-2.287434375754635,5.416519878213467,3.9,-15.2,1.0378215529539216,1.9,2.296747967479675,-7.1,0.1,1.4,2.0,2.7,0.36815279888623414,3.4947047910910274,12.212961576874582,-1.4553110053268095,1.4537892098497638,5.2174470428143715,-12.283279246792274,1.686332250031975,4.120704380878939,2.9015748559969783,-7.270687001309567,-1.4103520838184516,1.9269557423360886,2.710352297060487,3.584811670782488,0.06126103880748769,2.713155013239271,7.361210125865389,1.0354724303214835,4.625828497039634,12.709849523701763,-8.041044708515965,0.5483091324633798,0.7313472556609205,1.4707927216732837,-4.409627103748197,-0.430913542758366,-0.0218783642167637,0.3004337129025545,6.021857045215573,0.5548196315980319,4.317680014808121,18.642360710273454,-0.95180612838411,-0.5016745318682259,6.180354533745703,-10.615190808823565,1.9655878562995746,6.93378938858624,3.9475732744377123,-7.80553897593374,-3.1780600535580876,2.764836719988769,3.7557293350281524,4.5786153556883535,0.016319942352654507,2.356208176086239,5.55171696905564,0.2221566944156112,2.671738289873506,8.230904674507636,-7.666001869552139,1.1812896503423562,1.603507893311091,1.494567026165503,-3.915709745554455,-0.7513539118310301,-0.010090358290395895,0.8521539814800609,4.47220763754254,0.08523859898022726,2.1481618833743603,4.6145994771824785,0.6018280170602428,6.7408012141725475,9.565228014817226,-9.365814362041842,0.303748396139729,0.366757536100174,1.0445697755710632,-3.274058198922223,-0.21161492923450415,-0.004023140850056669,0.15514260686566983,3.7958901377829326,0.10554246782330812,3.145087964199095,9.891578302550007,-0.7694405811780091,4.087079567163789,9.234424232780437,-13.560097472604443,0.6785498585980081,0.9141900832411172,1.7225878220069195,-5.887410143561468,-0.36209775731315386,0.03689997474937135,0.5520923259279633,5.864875029466732,3.233333333333334,3.427641505067715,11.748726287262873,-1.6025030209024222,1.8723239250966426,7.0,-7.9,1.482602218505602,3.7,4.296138211382114,-5.584999999999999,1.8,4.8,5.5,6.2,4.572764594919595,4.806844823935673,23.10575716139717,-1.5964767765804315,1.9002423384186748,10.998092810262538,-11.186041587597446,2.096920586733882,5.210680889172977,6.042266825752176,-7.409629592583398,2.5483451350665063,6.751820030491515,7.759026024239484,8.728906716684545,0.029338571150451027,0.5105941842987775,0.2607064210397339,4.875372423003075,76.47369180779899,5.359132618976855,-4.720991189544036,0.11431268351705567,0.15583037594001817,0.17272146126042198,-0.30854744216726154,-0.06742321209256998,0.0024449129741798137,0.08840716384744819,0.32665976136964764,6.470844810291735,6.729375817230253,45.284498889523334,-1.5682389143507063,1.7842756361512908,16.192831926912337,-15.618375459783774,2.881960466418624,7.050345590025148,8.511461120848931,-10.438715909979912,3.892440450047851,9.62259256496958,10.942786040072999,12.203276950103255,-0.040053398630450286,0.5795709397435611,0.33590247419523456,-6.965084132221277,73.92620377377335,0.9074294608548457,-6.82444199379728,0.19668458340057152,0.2658186056282644,0.2630701323292835,-0.6411213071031789,-0.10253495125567094,0.016990148033834807,0.16328365437259346,0.4768194869204765,0.04089172699947622,0.4994819055848051,0.24948217400662817,2.0756053665274847,42.82650873051993,3.6042699240280083,-4.006598254373955,0.10762938272555035,0.14594907457624107,0.16904960014040768,-0.21440868184970807,-0.06133586390730987,0.010890456691358637,0.08461321066893121,0.2696328581883119,0.07175983670135617,0.5094653384242704,0.25955493105575644,3.3662978178091745,19.736508261400157,3.3578823406164116,-1.8746012816086652,0.1431941058687204,0.19856203508820547,0.22746202816101346,-0.3457560218603094,-0.09091930180040203,0.013308668144257987,0.10764273328780344,0.5367279529617093,0.002231785159449764,0.36477598614284884,0.13306152006648786,-0.7270343051897973,7.522942892979739,1.550458,-2.33336,0.09084496833671225,0.12278499999999999,0.1893878678360591,-0.5796835,-0.057627,0.005667,0.065158,0.60792625,0.003151622974736711,0.49847880556590096,0.24848111959840727,-0.6301043871099884,7.250903789850929,2.18663883466704,-2.9864732151642652,0.1283537535860625,0.17368839165600286,0.26004414170587853,-0.7327640583135179,-0.08214895078349031,0.007486773856662565,0.09153944087251256,0.8413049856325777,-0.0009236392649857178,0.13273602618024802,0.017618852646123485,-0.0010297163625691715,12.636458542400826,1.1037130166977887,-1.2560609231423212,0.008355961971306988,0.011281803845147756,0.0560164722991213,-0.20042961427564154,-0.00574947060799481,-8.462885354813474e-05,0.005532333237152945,0.18818302015923477,0.004444186961712891,0.696563190385643,0.4852002782002255,-0.6192105340063336,7.231343371041904,3.0850521086782896,-3.8119332331455227,0.18045744765797223,0.24393373338344626,0.36336867100750686,-1.0031430472468288,-0.11519464531473228,0.01031655582046799,0.12873908806871398,1.1693757511657665,-0.0001014991838514898,0.10806967343950445,0.011679054317321134,0.19548899923818497,11.947081677629207,0.832507997820639,-0.7818117567019821,0.009926077965178816,0.013435890374012445,0.04764686888932736,-0.15446941747138299,-0.006995184201086732,-8.035641614571334e-05,0.006440706172925712,0.15800216542794496,-0.0013061245927641482,0.07638632512926777,0.0058348706667542055,-0.23271623507356026,12.213116313652332,0.584915802937134,-0.6477984391044241,0.007578327118397372,0.010233041557278326,0.03375994795528729,-0.11696437532295945,-0.005227767808975025,-0.00010390589153232274,0.005005273748303301,0.11047059640315642,-0.0011536241622919947,0.17145130946274179,0.029395551516488847,0.06577748717669239,12.594792901347107,1.336424762203351,-1.3859160781542201,0.0088921501806801,0.011985867444065459,0.07184382775449087,-0.24789425128428688,-0.006069917753592357,-2.682305320766715e-06,0.005915949690473102,0.2455378066920394,0.005826066590401944,0.5150675627873438,0.2652945942356943,0.5752824822622478,5.750826095790423,3.440185,-3.034923,0.1312191919510568,0.176712,0.2773106743355082,-0.896046,-0.085329,-0.001209,0.091383,1.0022030000000002,0.008251135593167555,0.6969954216765822,0.48580261783811673,0.5068120562876897,4.806733489419735,4.115446588930296,-3.331034627199399,0.18504223807296383,0.24960914952548235,0.38261974796616594,-1.2355940243156582,-0.1200019928550509,-0.00045427770255311204,0.12960715667043143,1.3650284617673087,0.000234640542715276,0.21152604164355077,0.04474326629338917,0.21263996640384167,18.137351070499296,2.160321125240867,-2.0548215617052183,0.009127451457379207,0.012326081013296252,0.08378789750146977,-0.2709013024303147,-0.006267353013567161,-5.248376321579772e-05,0.006058727999729091,0.26815202198330473,0.011702174641754168,0.9426695854653363,0.888625947361389,0.4438349089547989,4.351219235844775,4.603276485363178,-4.0924557590416075,0.2622691284134978,0.3543475831773646,0.5281779716593087,-1.6973818741792053,-0.16997271146954246,0.0002370853189671714,0.18437487170782213,1.8352924397183215,0.00114347371475472,0.28778481873589207,0.08282010189485026,-0.30291415236053704,11.873776219783313,2.316282309104788,-2.492434196320108,0.02815070094117534,0.037956329514843665,0.1308172279096321,-0.4417255329008395,-0.018583956261629255,0.00017166965896924825,0.01937237325321441,0.44237955336481893,0.00033182396659732277,0.20113361997713552,0.040454733085106775,-0.09607390915026601,16.322860727781165,1.8235358274282103,-1.9344067225804866,0.007914444578371106,0.010661713155080786,0.08050067169087471,-0.2691270579198298,-0.005220711195994267,-4.5148140681648916e-05,0.005441001959086519,0.2738485091644686,-0.0017551066355953194,0.2213900697590797,0.049013562987930186,0.029713678204790622,18.45555561337576,2.026420285974658,-2.2868480990794406,0.010203135468533178,0.013752972947000938,0.08791375204393888,-0.28933826548665753,-0.007166074357578439,-0.00012441587915019373,0.006586898589422499,0.2733341073445832,0.0042257164929525755,0.1883897384352981,0.03549069354772004,0.3741439393539971,8.259331740509351,1.561252,-1.067654,0.027438519257883175,0.037014000000000005,0.09192576956755076,-0.300398,-0.014567,0.004424,0.022447,0.299689,0.005978445940218646,0.24302561062702738,0.05906144742063952,0.015776503220012752,8.174005708425351,1.5571739753062803,-1.3657170159726475,0.037238073224473374,0.050217662901217736,0.11681627698710396,-0.3719366376964185,-0.019137892045839842,0.006502728254612587,0.031079770855377893,0.3879267370913056,0.00013710655991031138,0.10915121699452443,0.011913988171385758,-0.13619051141253685,11.38837333765633,0.9102879397156424,-1.031234644712616,0.008784658394039956,0.011842840446173253,0.0477109988651781,-0.16769110152990224,-0.005912206380427025,7.00332538718123e-07,0.0059306340657462285,0.16775590578984806,0.008461653207977694,0.33635867504374223,0.11313715827718179,-0.12633320746366086,7.916676211165489,1.8676939061950042,-1.9025127399726223,0.05222794487762833,0.07038696355283178,0.16193511394566426,-0.5102003629006258,-0.02682363060930699,0.009310974496273033,0.04356333294352478,0.5417711404138795,0.00033368256655875653,0.07046940504440322,0.004965937047312162,0.20952369832734893,12.968407643728751,0.558030154221221,-0.5448677011991133,0.007454295632996836,0.010060469979217876,0.03134390833185012,-0.09960745680137703,-0.005159912053196389,-1.8258785444023352e-05,0.004900557926021488,0.10492648150716123,0.00019379106692955333,0.12615606741503121,0.015915353345625903,-0.1760545219566237,11.872976029993163,1.0539411207042766,-1.0490159087983386,0.009022908218264061,0.012164432919436818,0.05407883013857229,-0.18245303513551178,-0.006011242093682193,1.1166745328584259e-05,0.0061531908257546255,0.1887993537254872,0.00039862582453853147,0.08892938496592179,0.007908435510417117,-0.04239186368647719,12.476644087171966,0.8927697936068297,-0.7183983480156767,0.008387525132291887,0.011318101069051258,0.03831721844278303,-0.12348593708727686,-0.005495308623396996,2.447370157390701e-05,0.005822792445654263,0.1277303468615528,0.00031441293110753355,0.8859122127084739,0.7848404486260243,-0.001669581324093477,1.7822624758470065,2.905007,-2.898409,0.6828984426614283,0.92059025,0.6294181527836624,-1.637585,-0.45855100000000004,-0.000247,0.46203925,1.63713825,0.0004441577167881103,1.2527466913387766,1.5693742726602522,-0.0016681665949763993,1.7854181074866613,4.105513947592341,-4.094645000721675,0.9622965390771687,1.2985740548206046,0.8895630442927165,-2.313276467710186,-0.6463462357633178,0.0017320002951005335,0.6522278190572868,2.3197564169286506,-1.6118064517757348e-05,0.014383397163964669,0.00020688211397634686,-0.7001164878567633,40.93619139022931,0.33764899188317193,-0.46680045596138225,0.014276725256833682,0.019235358503469066,0.011561887680010258,-0.020777337853741112,-0.009512175498938989,-0.0001373204209723566,0.009723183004530078,0.020996111593688114,0.0006262304446075144,1.770948383201791,3.136258175965037,-0.0016226183290751852,1.796331309905188,5.7438801693452435,-5.766701155034793,1.3369770084054902,1.803441474179088,1.2552012251874358,-3.2507455903465887,-0.8985394664928519,0.0012812556639519128,0.9049020076862362,3.272707353898162,6.113554080002175e-05,0.045706735368785424,0.0020891056580721805,0.021047057757560127,1.9330846042654581,0.4502106342814496,-0.5534711353506716,0.035037857919991464,0.047340542708903255,0.034895915481379755,-0.08072471787997502,-0.02354475310663499,-0.00013516201800414275,0.023795789602268264,0.08199960256241876,-2.255720705517601e-05,0.005946635145937955,3.536246955890453e-05,1.4194444479306514,334.6469425445276,0.2661915668222916,-0.20366312660357508,0.005137244305688662,0.006928066578036951,0.004174053610630057,-0.008363440615247065,-0.0034808263326770892,2.158878421000289e-05,0.0034472402453598616,0.008257244862053856,2.5595356311498703e-05,0.019451547275349798,0.0003783626914051682,0.6008082452056636,12.415603094470043,0.4224472475727553,-0.10318405049964194,0.020455573469429084,0.02759360989641507,0.01586641599120766,-0.031231625244098428,-0.013804906348480774,9.689092280621008e-05,0.013788703547934295,0.031061252687812207
-5.0789634146341465,7.396275605190074,54.704892827929804,0.83129558917765,0.2211307587836444,14.0,-22.3,4.744327099217925,6.0,8.195426829268293,-15.1,-9.4,-7.5,-3.4,9.284999999999991,-7.133112109913005,10.489286614056264,110.02513367181992,0.8598583748776576,0.22516825157735587,19.642551053814657,-30.43439303703386,6.866016571562127,8.401097393601852,11.609064790481623,-21.350254414047047,-13.288058725481745,-10.692907556831159,-4.886961331879895,13.086217924936305,-0.06947401475982695,0.7530541393761152,0.5670905368315016,-4.40105652087797,39.83998120110842,3.189099260395711,-8.236390590716475,0.29248687321327826,0.4017719519926587,0.36323068063308667,-0.9561047665465159,-0.19651962912161058,-0.0007492231790805493,0.2052523228710481,0.5596291315263258,-9.96480586720503,14.9159161240142,222.4845538186268,0.8818887244603035,0.25355873228101355,27.43174168547621,-43.9236701826763,10.104420520958486,11.733008764935256,16.446354881890933,-29.580866563007387,-18.608846342623323,-15.366142025765106,-6.875837577688067,18.607573276019416,0.12295537923985633,1.3647425211556015,1.8625221490501471,4.835958241302171,35.36325530697283,12.600665045349492,-4.123048865590484,0.2960535993259695,0.39516177598689484,0.5478287246914338,-1.1837731283414608,-0.1967091552355988,0.007925885479677097,0.19845262075129605,1.1325100703722817,-0.09614031013783757,0.6424523535044162,0.4127450265233633,-1.8680067791040509,8.596941076037293,2.010059710919824,-3.7882055791809317,0.30894613219743267,0.4166939702006119,0.3735032682006662,-1.4009095856379743,-0.2266775941357591,0.0038270426426993244,0.19001637606485278,0.520711376323932,0.05012822165748256,0.8395542131001427,0.7048512767341997,3.522189466266046,21.389075299960684,6.701481382061031,-2.128928330253338,0.3300304764275627,0.4353594186833361,0.4203810703860396,-0.8231740696952345,-0.23672021067623922,-0.02516155095931018,0.1986392080070969,0.9869623963929053,-151.3428861788618,14.716040906529667,216.56185996265452,-0.2895230938382333,-0.3394759181893079,-110.9,-202.1,16.160364181711028,22.025000000000006,151.3428861788618,-176.47,-162.125,-149.8,-140.1,-129.7,-213.92253403313777,19.94471693100044,397.7917334577355,-0.22856584386928316,-0.5273692873081011,-156.34019894827858,-276.4530037789926,22.90404021775713,31.487751644275704,213.92253403313777,-246.60514711662418,-230.01954100513944,-212.1280976563135,-198.53178936086374,-184.53579150427962,0.2129317309445016,5.915320942439549,34.99102185206391,0.21642476861662277,0.26433889000754984,19.67367226268075,-16.04737501496769,5.5405284398092,7.4592322662019,4.627968900112648,-9.067268372953226,-3.7594501595381935,-0.09354268892813167,3.699782106663706,9.913196086028709,-302.15936282277767,26.09979941462655,681.1995294837404,-0.24657525661418428,-0.7506196358390205,-227.00298029807095,-363.53157396551677,32.3185051363645,46.20462151314348,302.15936282277767,-343.9461427284012,-324.63642694833186,-298.27391687618547,-278.4318054351884,-265.8937522185362,0.37299345242155046,10.708377041712009,114.66933886746484,-0.13230443156242339,-0.6175346525820298,23.365065325624112,-25.50035979169928,12.206281244181739,15.970756342410901,8.76096516812212,-18.336378936658633,-6.948265869793274,0.6600276792389916,9.022490472617628,17.28165035938801,0.2782102064426531,4.5400260681904445,20.611836699848784,-0.0830158376127965,1.4795380173040247,16.463198465172944,-15.537550767697216,3.7470965160055147,4.887164132272968,3.3856381035403866,-7.2667448019235,-2.070350231246848,0.2776824420494524,2.8168139010261197,7.204382742451125,0.10270299637835655,6.961268035353306,48.459252660031666,0.08768527480791782,-0.1345839212462172,20.968439316245817,-15.142750981714594,6.516562650604405,8.926492003066006,5.515824101503257,-11.590391112371513,-4.146645258007996,0.0631450273641363,4.779846745058011,11.348011894644191,-1.3108739837398373,9.582286633279725,91.82021712233129,-2.028648597921013,5.208346156231869,20.9,-51.6,6.004538984947688,8.525,6.278353658536585,-22.0,-3.8249999999999997,0.9,4.7,8.2,-1.8767516240155577,12.620769377789166,159.28381968734072,-1.9720247990471778,4.593282122557559,18.44467858245923,-63.77471386689857,8.665804353185775,12.201884926394486,8.38936359937426,-33.293751959448436,-5.591540874754244,0.9359854694130361,6.610344051640242,10.969974322478977,-0.22509826568630664,4.831844514857555,23.346721415759045,-0.05732769443177866,8.944708679766123,24.569437883589405,-26.62930682069583,2.214059176469605,3.043763271270185,2.792527905965578,-6.9103376641511005,-1.7594086674902827,-0.16492700571442448,1.2843546037799027,6.547552305002694,-2.7206426252189386,13.258461879213039,175.78681140254534,-0.711323537737019,-0.2941058837637178,17.459725648110606,-45.54982362796071,13.853864420866293,21.291195168457854,10.651868538579809,-27.37108242445744,-12.936930904153604,0.9164990274088457,8.354264264304248,13.389871238852113,0.12656730397291477,11.789462300304026,138.99142133028988,0.2986095072943733,5.841763084077426,43.384285206320875,-48.50186924089549,4.053365111761137,5.488803419818128,6.129555241457451,-20.7018422085576,-2.6172028699226804,-0.04180596396809785,2.871600549895447,20.97234535425032,-0.31184401052421806,2.9571010263231807,8.744446479881608,-0.9258955551608826,8.119248090408842,9.938505223257772,-18.507043130367126,1.6418850652755153,2.126169680890669,1.8638006074098898,-4.1904671566244485,-1.4534497486226892,-0.22488826953947494,0.6727199322679802,4.5915615924764275,0.030588745194431343,6.10810186062689,37.30890833979368,0.014358505081335104,6.110171689067281,27.559748205717476,-25.690748887471123,2.9203793014852986,3.9110097890606825,3.6250018927683505,-8.109470658511594,-1.9931021979337298,-0.1158121083634493,1.9179075911269527,10.692072669334785,-0.8045731707317071,4.139862903341991,17.13846485846718,0.015391533262082266,-1.4240829793486274,6.8,-7.0,6.078669095872967,8.125,3.7531504065040644,-6.6,-5.0,-1.0,3.125,5.2,-1.1378874133237549,5.875734698942506,34.52425825235698,0.02549365534334766,-1.4240243065995026,9.558483082563187,-9.861658303066944,8.689179212869048,11.594514473934078,5.329345931821821,-9.377994601054976,-7.128926750394726,-1.4264986390285026,4.465587723539352,7.467401452472875,-0.008578114853901746,0.1643564779984749,0.027013051860063163,-16.317815714280947,324.5899065946938,0.3665586597077395,-3.3058905799361895,0.06234804426254979,0.08431502217730935,0.058346932689782444,-0.10842720295691016,-0.04334409168741307,-0.0022150709473178765,0.04097093048989628,0.10099728541268466,-1.6309220811016787,8.372377755980958,70.09670928884475,0.04045316749331024,-1.4178489295252261,13.409859763142236,-13.875052239745811,12.3216768564344,16.449489610587037,7.593181422118489,-13.260715761122984,-10.105274961090029,-1.9675808924824247,6.344214649497006,10.652853249641673,0.017323217126990878,0.3531823110661106,0.12473774484999892,11.86644445029589,168.92121692408224,5.104297453812356,-0.9482650108929247,0.07521513227287449,0.10031556045419104,0.10387600033998519,-0.17778614621856448,-0.05346169378122084,-0.0025233730667729715,0.0468538666729702,0.1551747136595301,-0.012209110408238258,0.14175010619140874,0.020093092605275652,-7.299288903846328,70.55670822810973,0.4156780703729027,-1.4392226255080642,0.061673793631978814,0.07889028802872655,0.06238305594423937,-0.11132649896791937,-0.04498578591441685,-0.0029936401236075696,0.033904502114309704,0.10680528049719545,0.01767021571718694,0.1815428715598202,0.03295781421418538,12.376602646765535,178.35441627880797,2.6689631568432985,-0.32416162398527726,0.05734650002098838,0.07311303208259602,0.06216148165243108,-0.10691285426110801,-0.02932078659510727,0.003750024572811557,0.04379224548748875,0.1129768141420125,0.31016260162601617,3.2243450166768506,10.39640078656884,-2.4532024203667517,6.220292520164563,4.3,-16.5,1.0378215529539216,1.5,2.3302845528455283,-7.3,0.5,1.4,2.0,2.7,0.4468084411075862,3.573829541764746,12.772257593590414,-1.6308239917781915,2.063077941723937,4.7529278539529445,-13.728588820256174,1.7081077335117127,3.635989462018136,2.9253652292537353,-7.32265206433413,-0.9060864330772966,1.8989124685953345,2.7299030289408392,3.6132168268359313,-0.04081653649278277,2.812642020599103,7.910955136039805,0.5416275118730643,3.568689408740081,13.448525726483181,-9.292227690408197,0.5744776894129566,0.7748414564592684,1.5874648662011492,-5.378445727745412,-0.41791024855034564,-0.026981454004449318,0.35693120790892274,5.56754707379814,0.6610512739743223,4.339195304258265,18.828615888496977,-1.0391402691336136,-0.31972694836256466,6.225141020577684,-11.670561446511934,1.7009856615083307,6.57798681805321,3.954967941049031,-8.101436313388058,-2.8318754111215156,2.911714577328712,3.7461114069316945,4.73755663372077,0.09037161682541164,2.5382944058232146,6.442938490633427,0.2687156718614961,4.047900910035308,11.280932282283045,-9.44390319263568,1.0548357863926423,1.3800478755017473,1.5379468873715878,-4.451554649951204,-0.6172456661896062,0.03883606605422163,0.762802209312141,4.680742946720738,-0.05693054950750084,2.153187252507576,4.636215344361125,-0.8013710639631068,6.021863159978642,8.307418837290488,-9.547180262469876,0.2488643046425517,0.3270300130231656,1.0468195993671237,-4.414472382005503,-0.16069695982034918,0.00927493434020254,0.1663330532028164,3.37278608816643,0.025568030824466858,3.311268905485183,10.964501764433042,-0.47698234354434477,2.5213991035480987,8.417887038826255,-13.422916746187154,0.7808092176856379,1.0302951492720942,1.9371843989560207,-7.05105787510605,-0.4975240232827061,0.03878566273555406,0.532771125989388,6.458410575233306,3.0716463414634148,3.6664540218633364,13.442885094437836,-1.5561329851318741,1.5203622777211274,6.8,-8.3,1.482602218505602,4.0,4.370426829268292,-6.385,1.5,4.8,5.5,6.2,4.347776170459348,5.152344342055143,26.546652219107642,-1.5245759158995715,1.4066725557865807,11.044417483765184,-11.7106253600704,2.0857558902892217,5.545857316110196,6.165987523397226,-8.574387869101301,2.2192359195008455,6.780186593467907,7.765093235611041,8.690840093418384,-0.04304153678844193,0.44764749482190197,0.20038827962032474,-7.737268314152518,73.32109802189218,0.8200804257790073,-5.215088651685948,0.10101777408718611,0.13614439047687024,0.16085131346852927,-0.3355319240781171,-0.06845693732350039,0.001442532176932132,0.06768745315336985,0.2660418858013694,6.164895329137587,7.183240523540496,51.59894441903433,-1.5838134551751766,1.6780471182091814,14.098339880580593,-17.054937439484092,2.9262503708060486,7.35091372559061,8.640881926872071,-12.223133675958692,3.570567947918862,9.514446341975782,10.921481673509472,12.15481941882506,0.10977134994899453,0.9275038923715554,0.8602634703643859,5.508189904343502,36.27434913519359,7.45541047747212,-1.594435756420357,0.20113262325520437,0.28320802016022856,0.34810988924133557,-0.7080321245956718,-0.08953773209459152,0.01781414018374583,0.19367028806563702,0.5585256485896405,-0.060052087841718574,0.35737582573971477,0.127717480823143,-3.854940741951729,16.404414126527225,0.5371841868473153,-2.209591183795831,0.10999327625228604,0.14658664086030665,0.1611224539717558,-0.3308058629815537,-0.07312057915541328,0.003850076158580292,0.07346606170489335,0.20565016228289207,0.046854273453955333,0.5151425140919369,0.2653718098249614,5.474241176859474,36.293208538291104,4.3404300324838925,-0.789498356588818,0.16557627746301293,0.21842186640509312,0.21764584810050608,-0.4195720747990688,-0.10811992072994,0.005774897231532881,0.11030194567515311,0.34912174688058006,0.001464976182600066,0.3835247125046344,0.14709120510176243,-0.8372399073597547,7.6231587444341,1.617615,-2.546836,0.08872929497090476,0.11987300000000001,0.1971593995128259,-0.6042285,-0.05626,0.005548,0.063613,0.639024,0.0020774205717677126,0.5247129473717576,0.2753236771395568,-0.7891066160753787,7.520531383212541,2.264914406861671,-3.2622564483105565,0.12523111677661233,0.1693290949190343,0.2702430149342459,-0.7841549308278298,-0.07971734752028711,0.007578847248041004,0.0896117473987472,0.8705184311607395,-0.0004678057262242217,0.13723113892936362,0.0188323854918503,-0.03921405908591467,13.253505337610608,1.0835696610134529,-1.2805442050754499,0.008012497944425235,0.010805651392378043,0.05837537414748574,-0.20258699814240036,-0.005449840139748986,-9.233533600673527e-05,0.005355811252629056,0.20162895445492723,0.002953859828005324,0.7336775374347075,0.5382827289362567,-0.8032900388542694,7.606183663567277,3.1457906650833207,-4.389099194796777,0.17716501966283688,0.23888192541575726,0.3780696169497637,-1.0599441799298157,-0.11235242029279596,0.012998905998788108,0.1265295051229613,1.2001660280977213,-0.00029434407379683343,0.1107557306909751,0.012266831880891801,0.25297360647954986,10.525349051266131,0.8070758991913307,-0.7569263617746528,0.009809248187488918,0.013243520144020016,0.05009425245831072,-0.17213830544849318,-0.006758664501445395,-0.00012136947761483621,0.006484855642574621,0.17265052626213254,-0.0006612993343126987,0.08151914643129515,0.006645371234886941,-0.09264775014939591,11.728896035841379,0.7422203292309405,-0.6622060015755739,0.007539311520406951,0.010163459653762953,0.036043833348986434,-0.12806974568852808,-0.005041208394176261,1.3717270116163382e-05,0.005122251259586691,0.12199543464847179,0.0004225284288987872,0.17610348946188195,0.03101243900065117,0.06638029095977639,11.963890757115347,1.3718096032515423,-1.2689078211813811,0.008372262675735058,0.011300327400201704,0.07427135564445377,-0.25518388609668896,-0.005568476009248652,3.72909524269402e-05,0.0057318513909530525,0.25545106472138857,0.006788080609268337,0.5474061265835183,0.2996534674211709,0.6829316982776449,6.465399201978906,4.059125,-3.335651,0.12738814781843832,0.170943,0.289889857952666,-0.91504875,-0.082444,-0.002471,0.088499,1.0457649999999998,0.009593392631992048,0.7412866548711362,0.549505904690039,0.6393115389465858,5.322652958111295,4.176176824738393,-3.996032792704283,0.17985488475597888,0.2416679290388956,0.3993525254323932,-1.258008117146062,-0.11638149210491601,-0.002987925152892016,0.12528643693397962,1.4594387944280691,0.0017405933706448394,0.22303612433919168,0.04974511276024737,-0.03192748604311441,16.898175660046057,2.3412731909809157,-2.3315645615963234,0.009221315606491049,0.012431673043776247,0.09109565631334886,-0.29516002031644106,-0.006100184426609802,8.469023627911054e-05,0.006331488617166444,0.3090469747741866,0.01354842238663414,1.0014255712080289,1.002853174669327,0.5684489144001401,4.8372850966254894,5.4738167764299925,-5.244409544346428,0.254479032088332,0.3414732927019657,0.5505650652174264,-1.7265760667763128,-0.16395991006336177,-0.004599037182629241,0.17751338263860392,1.95252340062927,-0.0012835036977175153,0.3097799156149293,0.0959635961183927,-0.2573093556552278,11.089524859067426,2.0647420400809002,-2.4407881866642698,0.028389396896814318,0.03831093605394705,0.14122426672748234,-0.47607236819885745,-0.01934087295390563,-9.966961410809525e-05,0.018970063100041422,0.47861043006875215,0.002461089477188112,0.22631511116719885,0.05121852954262157,-0.23921688236796787,17.94061618615687,2.191459401494326,-2.3937117221644253,0.00794007701862918,0.010691700768073235,0.091030340292783,-0.28599322172254227,-0.005220972933867928,4.547918587028264e-05,0.005470727834205307,0.31609290086322717,-0.0003517551131376447,0.21966710073476872,0.04825363514521903,0.010645516947950658,15.358089671263329,2.0264695399704173,-1.9970320795784853,0.010382598438930473,0.014038855162759569,0.09090783734865357,-0.3113563940756002,-0.007221037547897467,-4.699829788171216e-05,0.006817817614862103,0.3079703281171172,0.005662568520133522,0.2195233535851958,0.048190502769290905,0.6954484321750096,10.702118400960428,1.949295,-1.31018,0.02645258878257695,0.035744,0.10333385652422337,-0.3377445,-0.012692,0.005452,0.023052,0.333921,0.008006744616760642,0.2852045496495776,0.08134163514081837,0.21182142746625354,9.494636077847867,1.939594836294919,-1.6014098193445852,0.03578006540991396,0.04826094249466607,0.13287492932407466,-0.42761848203545605,-0.016446506359110172,0.0078752552537341,0.0318144361355559,0.42981234628054693,0.000808721915361135,0.12259759461287688,0.015030170204863297,-0.11702258450198189,13.869108034922188,1.0210063340233593,-1.0811987359086142,0.007736458833663576,0.010449170901209882,0.0523321342016689,-0.17842435302120924,-0.00514635928982283,3.440505052930545e-05,0.005302811611387052,0.18413745250101773,0.011319305761302557,0.3964262271116913,0.15715375354201025,0.12712956607471548,9.690420039715733,2.6076812089003543,-2.232070744538831,0.05002374355264853,0.06748508657414601,0.1841895758189455,-0.5698899593899177,-0.022557459313175078,0.01109455726226702,0.04492762726097092,0.5947757969337437,-8.282291982223657e-05,0.07416712172744794,0.005500761945334081,0.10653813462686966,12.352823167341763,0.5523921893799971,-0.6640331218790323,0.007349808171579474,0.00991205985398113,0.03346219646327517,-0.11031930080537805,-0.005042764425590013,-5.592395941523762e-05,0.004869295428391117,0.10948901435306367,0.0011436643833570052,0.14761163767817695,0.02178919557803339,-0.10699881862759349,14.824757901974785,1.4187001006114495,-1.3694759237731482,0.008539819307374269,0.01153172683358274,0.06291867316028468,-0.20735400589136663,-0.005722454277285405,-3.4535162090467846e-05,0.005809272556297335,0.22186174760321953,-0.0003954022454985729,0.09091518638845385,0.008265571116047303,-0.01241805109979491,11.635185955082145,0.6535586928545518,-0.7562051239503833,0.006882881788775234,0.009288255642806605,0.039439010787975855,-0.13456558804883187,-0.004725297883241936,-8.337416777601009e-05,0.00456295775956467,0.1305570863807948,0.00032023023486602714,0.857959000084528,0.736093645826043,-0.0010005877898406482,1.8382693933782228,2.998977,-3.00691,0.67242015148214,0.9065415,0.6148816435810303,-1.57535925,-0.4513125,1.25e-05,0.455229,1.5742205,0.0005210658875389802,1.213230872341698,1.4719291496029978,-0.0011327715953463023,1.8409932944447132,4.254929771406388,-4.229227643221762,0.9518352900027153,1.2838202735420672,0.8690070306829091,-2.218565389069822,-0.639319432887947,-0.0013845145860664869,0.6445008406541203,2.234359144077807,3.890940193050572e-06,0.013300712286524137,0.00017690894732889416,-0.14646001198206712,18.482015982931014,0.2542941447619468,-0.3308733323764309,0.011585332719301542,0.015579499541461407,0.010322836039106794,-0.02005849649454256,-0.007646235406566059,-7.960230477356382e-05,0.007933264134895347,0.020108986399757618,0.0009302739021039022,1.7148949848983404,2.9408648092294793,-0.0013781241424955465,1.850728835891788,5.993077813573702,-5.893818983368404,1.334499627037976,1.7996916237771043,1.2260717858816446,-3.1347607332601055,-0.8966943739947377,-0.0038444816326096455,0.9029972497823667,3.149944312454082,1.6473770769058231e-06,0.051671324591656305,0.0026699257850563056,0.008182668443984069,-0.17682803426579508,0.2823277936013049,-0.16592933196099596,0.04308988344744701,0.05845666298631749,0.03968268494569102,-0.09173057350050415,-0.028392195797247048,-0.0011031550992983072,0.030064467189070444,0.0924365037407304,5.928397798224309e-06,0.006224333577648572,3.874232848584347e-05,-0.8884587941529111,127.67097843599646,0.1552268524213808,-0.2184951192600683,0.006104377956259509,0.008235485876018994,0.00458582342732384,-0.009101584628266967,-0.004112605013705361,2.4209175564510166e-05,0.004122880862313633,0.009132896555257529,-2.942165830194692e-06,0.017748853663917204,0.00031502180638314723,-0.15499722687104517,3.3595620797526484,0.18338029511548032,-0.22388243652910333,0.014962935557352071,0.020175025868217906,0.013987401470992509,-0.028528826551899512,-0.010281502059580627,0.00022682165480509458,0.00989352380863728,0.028604315264363377
-5.386558044806517,7.321213393012103,53.600165546019795,0.9954560092059522,0.18561251108080956,14.0,-20.5,5.040847542919047,6.375,8.446435845213848,-14.0,-10.1,-8.1,-3.725,9.094999999999994,-7.57677195623473,10.393726277703209,108.02954593581822,1.0190528933304037,0.2024518225232339,19.37837261563545,-28.539754251201902,7.70180565582426,8.837171245040146,11.972453770759966,-19.54842984113111,-14.169779889049499,-11.836079106453614,-5.332608644009353,12.908112129708918,0.008211637674024119,0.7352425506996603,0.5405816083593424,-1.5085172799368736,55.23615236084885,7.109082106006891,-8.454706902998089,0.2871300562166453,0.39881033781810177,0.3489356870788699,-0.6669440761712022,-0.18593254689050306,0.001446710564052267,0.2128777909275987,0.7287073943784208,-10.601728877490304,14.833111513885552,220.02119718336414,1.0365437097700754,0.1876658818399175,27.402280646175438,-38.7109769905706,11.09326396510231,12.656247175127316,16.984160128091016,-27.561468944295406,-20.04862191824482,-16.720390475778302,-7.392374743117504,18.479300226889507,0.027423337894840544,1.1773449946618664,1.3861412364553503,4.809228080026845,49.73965895097556,11.85553261114229,-5.799508974741679,0.3426116264077226,0.4606233677382287,0.4815510372932243,-1.0014901606514088,-0.262279509475132,-0.02763458671716823,0.1983438582630967,0.8174454234360272,0.012207599425257544,0.6405119961479168,0.4102556172093889,-1.3335207694611613,11.973123091296673,2.7749799991669826,-3.636317655764055,0.2772615475837832,0.37418390403041735,0.3550232173091613,-0.5899239161991359,-0.15556897499674885,0.04461683955984145,0.21861492903366853,0.9090537619136165,-0.03455019579031646,0.8116365740887257,0.6587539283984836,0.31351080519451846,36.117813099101106,6.899450320243274,-6.453473382357461,0.2869634233045315,0.38128089048870256,0.3780113142075148,-0.8032963596775446,-0.21406210421291524,-0.011223546785855444,0.16721878627578732,0.6828522613918304,-151.53085539714866,14.870611508643634,221.1350866410045,-0.2302062083929126,-0.4551471992415843,-106.8,-196.0,15.715583516159372,22.57499999999999,151.53085539714866,-176.29500000000002,-162.9,-149.9,-140.32500000000002,-129.105,-214.190690646996,20.151315704178398,406.07552460946687,-0.19170507850346932,-0.6416447592968884,-155.45550173239153,-264.20400011820595,21.80556336687288,31.08857474513229,214.190690646996,-247.39742640250222,-229.60241183564733,-211.24520816955825,-198.51383709051504,-184.69849177752658,-0.1320740935742494,5.967651416520276,35.61286342909646,-0.09881994031522905,-0.1675093884302834,17.067951567019364,-19.491764953734254,6.385516905016707,8.540226844769421,4.832957266971275,-9.479692845878144,-4.290223883370235,0.16913109068504628,4.250002961399186,9.366477708201767,-302.6147832692924,26.703973802742595,713.1022168575629,-0.27266267219989215,-0.7270260284231442,-221.8524690353009,-363.28742415763185,32.285166529815626,47.44183754394544,302.6147832692924,-346.3389731917712,-326.1264860103171,-299.11815426327246,-278.68464846637164,-266.7139235296551,0.1370782890868191,9.880715584554709,97.62854046286232,-0.0792809670528336,-0.7067777262535202,22.786466337447585,-27.79052331469843,11.427110856646205,15.207186986730534,8.284971474365769,-15.460043770167845,-7.2103181254642,0.17146010075722096,7.996868861266334,15.047441590135305,-0.18412239272787803,3.7854072208820617,14.329307827906053,-0.635409009160959,2.670338768504789,12.447125245916778,-14.533175289733164,2.1403673671244032,2.8719819622375438,2.5546369794274324,-7.327354121379656,-1.4342425137040231,-0.026593687940943356,1.4377394485335204,5.588566700641128,-0.012733612954535005,7.4869095577312725,56.05381472564788,-0.033421189575053724,-0.6218196781851453,17.275662332755896,-18.984914271673475,8.48890418964776,11.395517211615399,6.140878030634,-12.100121238173177,-5.455174788963998,-0.33535452743455685,5.940342422651401,12.277965011292979,-1.4811608961303462,8.59683676233927,73.90560231830794,-1.6535667824949767,3.125971556255706,13.0,-38.7,6.004538984947688,8.399999999999999,5.959164969450102,-21.4,-4.1,0.45,4.3,7.994999999999993,-2.1184446192573945,11.218885915594793,125.86340118713122,-1.4146327488054127,2.089401860085924,13.81286648774015,-46.63047488135177,9.106635051521355,13.1777412290919,8.089248144407135,-26.47544266788674,-7.265930381307388,0.5911983400960332,5.911810847784513,10.261323117193019,0.019914047093493342,4.6083285948653625,21.23669243825377,-0.27450750034266963,6.784532663456989,22.65858454968035,-24.993591254661244,2.2472619859615084,2.9467759959591717,2.7827263084620157,-6.997542665345403,-1.5121393084194035,-0.14568421859245284,1.4346366875397683,7.73761812010649,-3.064163865919769,13.041866178903184,170.09027342841873,-0.5600612781555679,-0.6684551629935109,16.67851471082056,-38.82350060164611,15.35804055103124,22.30439934405043,10.72201704121018,-25.14979754550725,-13.854514904471284,0.8720834442605438,8.449884439579147,13.274366076865157,0.6655772999879,8.886560797164798,78.97096280170625,-0.22697514538559363,5.624320823661304,30.619160327644806,-42.547879024598004,3.8402389886788857,5.219961331762342,5.089873085293197,-8.496111071416033,-2.3989410158568694,0.13980370981103427,2.8210203159054728,17.1279156347324,0.027431847921116862,2.5956822568152687,6.737566378345606,-0.015148882379179305,3.049717780555458,9.652607188508012,-9.678824176298676,1.3977867181681476,1.8443947327882537,1.6827290151261898,-4.071877570191781,-1.0508027320638686,-0.04420605416926696,0.7935920007243851,5.138139083098187,-0.3309277900915046,5.926214721410704,35.120020924264956,-1.4085032565508566,6.7261420080492265,17.830670679601514,-32.98756634306023,3.017416500900156,3.907704240125919,3.602887359441591,-10.263034668437475,-1.9800306028450145,0.1331068700245706,1.9276736372809045,8.774082668232285,-0.888696537678208,4.20063816938691,17.645361030110212,0.0886999486708727,-1.4634797911760289,6.7,-7.1,6.078669095872967,8.2,3.896843177189409,-6.7,-5.0,-1.7,3.2,5.2,-1.2560500826218493,5.960654408137562,35.52940097324975,0.09767878561660773,-1.462478312926259,9.492517601646108,-9.936423119781779,8.61487452566864,11.667813249329487,5.532545212521996,-9.475230867899734,-7.093672298173963,-2.4501196695960763,4.574140951155526,7.370876261744457,-0.006981475129224307,0.1703981536804393,0.029035530777702618,-15.120703902643983,296.5217370508587,0.5389022374324531,-3.347198948038931,0.06206516154986747,0.0828162381918073,0.06254855970238203,-0.12069490817026789,-0.042339652422105946,-0.0027196237838477966,0.040476585769701354,0.10790938012462147,-1.774202781610927,8.48462555298457,71.98887077435872,0.1074265318348763,-1.454214338934907,13.425206938715167,-14.086398464736746,12.366602368411392,16.71701264450749,7.86253182358116,-13.354540902759032,-10.108151544288,-3.4153370997416586,6.60886110021949,10.71857448576451,0.016243933565359858,0.34537816450407416,0.1192860765162033,12.599898755658455,183.51597323086798,5.088719721706259,-0.9953028112575317,0.07156588241054976,0.09592306810851883,0.0931573252999306,-0.1488852619235123,-0.051389129541713485,-0.0038116316767171643,0.04453393856680535,0.1318589117937623,-0.00961675372396111,0.14493899277179,0.021007311625701,-7.005050828198457,66.43826019688612,0.33382307280405715,-1.4662921506947204,0.06571787881254501,0.08843377207221792,0.06669420473956227,-0.11380106320658948,-0.045596732987326916,-0.001196770368808325,0.04283703908489101,0.1307373492057544,0.005557676654733832,0.191035689708489,0.03649463474239809,11.010041984595272,155.14193474222196,2.6972381261772846,-0.5135624669798263,0.05923025415794309,0.08105574002522659,0.06886271777894001,-0.11563798620220153,-0.042825842263043104,0.0034434043674084077,0.03822989776218348,0.11136129035176602,0.35957230142566193,3.2296811209374074,10.430840142939509,-2.2216495064359916,4.794763609814536,4.2,-14.6,1.037821552953921,1.6,2.45040733197556,-7.3,0.5,1.6,2.1,2.8,0.5204621955268353,3.5905246313330337,12.891867128209217,-1.5492817597893405,2.1709263922075905,5.033028219645005,-17.43252344615693,1.5048959168018385,4.2854292544360035,3.0554264460373743,-6.604896785033998,-1.356818439330005,2.1283455508322957,2.9286108151059986,3.764558688498511,0.08328258829690913,2.804229763083281,7.863704564162114,0.958003924883268,3.9254885815537257,12.23721368371793,-8.037338801303166,0.5532298865518636,0.7387815182304445,1.5313988273728352,-4.932746843941336,-0.3837340382790158,-0.00803814699738313,0.3550474799514287,5.701326708411338,0.7689584604143922,4.540852260700767,20.619339253511267,-1.118555867383504,0.16133355273475525,6.13993983534799,-16.30910838073974,2.119326855107862,7.095235094288574,4.15950001299547,-8.202931826566433,-2.9974771838608683,2.9578976917231934,4.097757910427705,4.857952899065308,-0.13944115255648748,2.222748954438396,4.940612914456984,0.10731172377104134,3.8545071574165997,9.827311326981151,-8.294700822017614,0.8981079752252442,1.2588060618869252,1.358116334151195,-4.211492945877656,-0.7522961552341947,-0.03724809302650914,0.5065099066527305,3.670418227568487,0.11648517452852164,2.2453906944892297,5.0417793708988246,1.373662429931165,9.327132350762204,11.046155120853161,-8.94160152409409,0.2115168412001478,0.2848925544628362,0.9980437194286607,-3.109128754319921,-0.13729366468765575,0.007118881595977019,0.14759888977518043,3.4247682447311383,0.1543626133699768,3.236240600869474,10.473253226716016,-0.5152548227609234,3.706267147810717,9.935485206759715,-12.786422903680146,0.6604876083775179,0.9988373952299877,1.7857375356164342,-6.408782675720941,-0.3354214492295612,0.0444138784617293,0.6634159460004265,6.057869162541731,3.0623217922606925,3.7324533009675975,13.931207643903914,-1.6075172823071617,1.6515700140758156,7.0,-7.9,1.3343419966550423,3.9,4.418533604887983,-6.9,1.6,4.8,5.5,6.2,4.334498428817563,5.241225434097486,27.470444051030384,-1.5965569362594465,1.6281672211045795,9.691338320632736,-11.137803131190854,1.8850858762156748,5.396756762655105,6.223903393093566,-9.28613023510023,2.3136432228035115,6.857511741946444,7.710399985458617,8.669203083043492,6.786181364869827e-05,0.49769560853449574,0.24770091875452202,2.0843578582194513,80.63137208918903,5.6046881195383484,-4.444714691987619,0.11056703004379806,0.15259866472917605,0.1696200629856357,-0.31398404655780465,-0.06424860967018328,0.0014194202569620222,0.08835005505899277,0.31268198642046,6.139768121245322,7.312361203568356,53.47062637145166,-1.595296806874596,1.6973077584827028,14.282573489261638,-15.652694220346648,2.782809443609151,7.390990817043325,8.70578250649874,-12.975885018511336,3.453542306803418,9.624129255568654,10.844533123846743,12.29918425577558,0.02913085196659171,0.9507140033983036,0.9038571162576297,2.3754972991170935,31.078131514552744,6.745798970745706,-6.287051069680888,0.2474779521791173,0.3403385933334322,0.37014386995929716,-0.6952093763829942,-0.1719558931007647,0.004572695702734844,0.1683827002326675,0.5866138916870841,0.0003145230564204482,0.3962779789113761,0.15703623657008506,-2.2779154585211114,37.47076832136481,2.3699506656804554,-3.5964832342905213,0.12332466165794223,0.17512514093120815,0.16739375344046545,-0.26343837495994016,-0.06855420909154492,0.005014242019618267,0.10657093183966324,0.2738500935537796,-0.04074415853709343,0.5752709584618809,0.33093667564965107,-3.874690604645906,48.85512575188548,3.6820721930274085,-5.141856719034131,0.16299438063312058,0.2163482639978004,0.21894310801227562,-0.3559426527091267,-0.12450475377810807,-0.02024672053215556,0.09184351021969234,0.3266054686770165,0.0012265367866757385,0.33455640622184923,0.11192798894407899,-0.4276195018117731,6.112403730221796,1.549091,-2.178483,0.08436747924406128,0.11387,0.17877408511078896,-0.561736,-0.054834,0.002963,0.059036,0.59537175,0.0017287838348931657,0.45085386061023924,0.20326920362715703,-0.34514827825446565,5.99599474640304,1.9363215868082697,-2.5928888149891023,0.1197520251113077,0.1615457600150625,0.2435496126648817,-0.7029432622146048,-0.07831387353816804,0.002634999146703172,0.08323188647689443,0.8105949326288721,-0.0005800869373213439,0.1434118547951851,0.020566960095795256,-0.10087850434474914,11.174784680390383,1.3273020193732323,-1.279033102927064,0.007819646199271599,0.01054410883327286,0.061609771151754415,-0.22025001654443177,-0.00526830545487016,-5.2006280422536594e-05,0.005275803378402701,0.21576381715870113,0.0024283284494166254,0.627027716410915,0.39316375714748686,-0.3574599114513165,6.087362324920353,2.6831666073421534,-3.505609136944136,0.16801985130376212,0.22669905030183812,0.33888272876358944,-0.9426700707838467,-0.11003562594249969,0.00405719412734708,0.11666342435933842,1.142830493149802,0.0007501617413823298,0.11534093437453884,0.013303531142391673,0.11058821507573142,10.332383691997352,0.8942574117719752,-0.8651830648572004,0.009318073222013045,0.01258350753310035,0.05160427760511231,-0.1698068757469614,-0.0064932363941945705,-0.00010838355453569306,0.00609027113890578,0.18317353732910888,-0.0008199309525611037,0.08105098421825079,0.006569262042747138,-0.027880838275822554,11.859454859805176,0.8560249815042129,-0.7127572040572042,0.007358294960214901,0.009924439416211524,0.036139336786613144,-0.12632899978934456,-0.005076239239442443,-8.802251261822003e-05,0.004848200176769082,0.12090391621102256,-0.0019726169929062307,0.18588566989238714,0.03455348227134152,-0.004951791312256668,10.692951075176124,1.488472554998039,-1.3686863595389502,0.008224120672185021,0.011084515903737855,0.07970561997711055,-0.2914907175174931,-0.005643069749458727,2.817828413477668e-05,0.005441446154279127,0.2739066143118703,0.007099351980593439,0.5333817393231763,0.28449607984341685,0.508527528907638,6.097627227189239,3.571171,-3.554482,0.11892545435520835,0.16006700000000001,0.2816762545927876,-0.913892,-0.075414,0.001074,0.084653,1.0092780000000001,0.01004338345229624,0.7193529454435023,0.5174686601182423,0.4351560503519342,5.269721032091081,3.794264471273703,-4.091599963245685,0.1682905584480201,0.22671695542144538,0.3865915510052116,-1.2534480963164885,-0.10657970160984953,0.0012313894879899146,0.12013725381159585,1.4131604235272042,-0.0009150674691348474,0.22687679470342081,0.05147307997489816,0.009338689522100548,15.059350104763897,2.3387962874415305,-2.036502726236456,0.009283430677004758,0.01250730153301197,0.09364457612667393,-0.318558434259266,-0.006177423730407526,5.114562470716317e-05,0.006329877802604444,0.30660846837401684,0.014213553055696779,0.9708643572327723,0.9425776001450041,0.2714924270401713,4.479228828128106,4.729068443315374,-4.838466376575367,0.23769182574740969,0.32080041351766575,0.5335995833983538,-1.7288488025112687,-0.14978699503456855,0.002785020087888214,0.1710134184830972,1.8863059739999348,0.0018552525811092078,0.30360512272091084,0.09217607054237933,-0.09841801411426265,11.591360002750761,2.0913663808206806,-2.487659313036402,0.02852324732565108,0.038465919621564496,0.13695172365568345,-0.44764648749752767,-0.018838880314528766,0.00020670998499895156,0.01962703930703573,0.4714069367795439,-0.0012937125184123226,0.230182271203397,0.052983877976354204,-0.1300587468041017,17.905423758930866,2.840107399354174,-2.4691828497419808,0.007930283027231975,0.010693631443224577,0.09294712590373902,-0.31088056289861693,-0.005364048037536301,-3.2783639203113875e-05,0.005329583405688275,0.31257319139745027,-0.0008247129367710307,0.223480062166848,0.049943338186098245,0.026072447915850037,14.392515022977008,1.9821446659426498,-1.8552435159792195,0.010358183535669108,0.013971473582074548,0.09368313036699621,-0.33095143875219885,-0.006985587154567204,1.0177014724175947e-06,0.006985886427507344,0.31576275195933473,0.006057061355500991,0.1827872712696264,0.03341118653819599,0.688333955609831,9.797021743244743,1.550608,-1.128074,0.02483803496662435,0.033627,0.08897662414578587,-0.281936,-0.01112,0.006359,0.022507,0.285053,0.008567953683607302,0.22621450315126565,0.05117300143597398,0.23678144054039924,9.820115056656354,1.5745742648361492,-1.4189533899475668,0.03333887000412671,0.04515608571451724,0.10851364468536993,-0.3294661618701281,-0.013963721535856686,0.0093254699519429,0.03119236417866056,0.33659229930636014,-0.0006779690504802079,0.12507211759169515,0.015643034598870818,-0.09374540760949984,12.266879955612605,1.1788085810474591,-1.0470243241467172,0.007736478461840241,0.010448770804012353,0.05402385794009161,-0.19173552374036373,-0.00531280594494627,9.955355944937338e-06,0.005135964859066083,0.1900197483926231,0.012122548811618008,0.311564373530217,0.09707235885327659,0.10623808923243436,9.949045854125352,2.0544602002272203,-1.9539873418351963,0.04657214664406923,0.06297457428076679,0.14900639690702863,-0.43797973759661957,-0.019349289452961202,0.013295946244529304,0.04362528482780559,0.46369788122937944,-0.00010036446371638929,0.07249602278337412,0.005255673319407499,-0.08385642920917642,11.20514934519112,0.5914035389400735,-0.5712638478630105,0.007301708009315094,0.009865294893288936,0.03272627491626234,-0.11108914369764375,-0.004992502996834884,-3.599784723425098e-05,0.004872791896454053,0.11194178876510666,-0.0009582662078999567,0.1489448543904411,0.022184569649389703,-0.08940153682538902,13.70600798550717,1.5785869347070332,-1.4032972341812617,0.008395584979827859,0.011312250738351636,0.06384109902732112,-0.22504772125626343,-0.005813964498128412,-6.185703511131678e-05,0.005498286240223223,0.22069290349446297,0.0011710254368433083,0.09536552589574376,0.009094583529371774,0.017257929284108027,11.452436675463261,0.7309986743518867,-0.9171519515676512,0.006933155305052747,0.00934612206129092,0.04164485916726637,-0.13887222831612175,-0.004614871841366214,7.949337053184528e-05,0.004731250219924706,0.14609580232157018,0.00012757755228825842,0.9015106293918825,0.8127214149065481,-0.0011348138038814943,1.8615270774336885,3.037238,-3.037242,0.6741792590143968,0.9092452499999999,0.6379949183800254,-1.6869895,-0.45234874999999997,0.0004215,0.4568965,1.6857687499999998,0.00018866995227794558,1.2747989191388631,1.6251122842376136,-0.001134050281591254,1.8644815143691957,4.295271155563296,-4.283822032584656,0.953023557847016,1.2858085672605806,0.9016300321957409,-2.387017492706137,-0.6400065242243786,0.0003289385682202625,0.6458020430362019,2.3874051749737846,-2.201938145817275e-05,0.013717180789859649,0.00018816104882169457,-0.7705818499283206,20.172531653785985,0.06056774377337569,-0.38607591586602724,0.013033890045694468,0.017596009693541755,0.010926424752857728,-0.021152495968523793,-0.00872546209051388,-9.531006017189127e-05,0.008870547603027874,0.021141284684476885,0.0002920267234492842,1.801915744610859,3.246900350676506,-0.0011130385299773838,1.87442839999105,6.008210783430063,-6.018090031746413,1.332852819493246,1.7989622927188287,1.2718778848169572,-3.3643958441915887,-0.8961805534836574,-0.000992314245910092,0.9027817392351711,3.3629712239788097,2.759400886141378e-06,0.05246746977217332,0.0027528353842939213,0.06609415215903826,0.5459131910288857,0.5608560959188784,-0.20317334054008757,0.044007951203646936,0.05942264714935916,0.04010848816865841,-0.09228543971637562,-0.029122139442523523,-0.0006835834607841745,0.03030050770683564,0.09169309823188518,-3.155429022948696e-05,0.005782615847678978,3.343864604182807e-05,-3.189280253558004,83.38845316090786,0.034338472639868604,-0.1581664760682547,0.005810654666983917,0.00786294704701764,0.004351587307143103,-0.008591662582249162,-0.003962599568852886,4.3543747279150004e-05,0.003900347478164754,0.00857478635886606,-1.1876575790665902e-05,0.018523684660719856,0.00034312689340978807,0.28338775488827955,5.251877848138106,0.3244554737037631,-0.12564072545887625,0.017545350195618054,0.02365072987587242,0.014895141859884727,-0.029949086248921564,-0.011938263689138317,0.00012889610973595633,0.011712466186734102,0.030112517032662413
-5.322865853658536,7.479012336312878,55.93562552672021,0.9078506256711005,0.13867013964613317,14.7,-21.1,5.337367986620166,6.7,8.422865853658537,-15.0,-10.0,-8.2,-3.3,9.2,-7.485012855605304,10.622564890996186,112.8388848634248,0.9350126935230236,0.14881490193409874,20.58317024066673,-28.369909935657628,7.815786690439459,9.561875460258353,11.943219639260434,-21.177105189135673,-14.185600606783293,-11.723540116478654,-4.623725146524939,13.199930208450027,-0.02820509531043057,0.7052063664468661,0.49731601927719155,-5.0607669700362345,50.00966477270915,2.373610652806556,-8.329476094997197,0.27897655028742974,0.36550436857394786,0.32937810938598494,-0.5365000348254928,-0.18083745461052847,0.015677100784660447,0.18466691396341936,0.5987596460464011,-10.488914905304075,15.154785826129661,229.66753343586046,0.9546681010169931,0.17324811925073558,28.712654863104298,-41.04783116664466,11.126083896894375,13.619645527176925,16.955012742570347,-29.13431507535676,-20.101221010388116,-16.601198776481496,-6.481575483211191,18.770167002935523,0.1424306038479058,1.2248879418778742,1.5003504701578145,6.654030836130297,56.09222249997988,12.826147289091931,-2.438865100796357,0.29588697710950307,0.4012934759672317,0.44506753359289447,-0.70061445686126,-0.1822212282268671,0.030276919389303603,0.2190722477403646,0.8118694845270981,-0.038847552982195804,0.6514737551212652,0.4244180536118021,-1.598343400526281,9.5845989545972,2.4068712546064384,-3.360112667874254,0.24471775597624393,0.32723186226601225,0.3426921169787729,-1.1378014130787202,-0.14707716518657765,-0.005166712045081715,0.1801546970794346,0.6448347843764812,0.06359857597032754,0.7438913889048232,0.5533743984867469,4.789308945766984,37.20587362068802,7.0628413567574135,-2.4095908752588873,0.2779755184105107,0.38154775488670384,0.3462060093060148,-0.6554917467410722,-0.19389089495244188,-0.007601360322935506,0.18765685993426195,0.7774414509925381,-151.4793699186992,14.843678378837897,220.33478781437964,-0.2059866437157294,-0.48566166060152494,-108.9,-193.6,16.08623407078577,22.19999999999999,151.4793699186992,-175.5,-162.6,-150.25,-140.4,-129.1,-214.12616654515423,20.077449752478145,403.10398856328476,-0.11602450896482357,-0.7450745728406374,-155.16547762190967,-262.82767665724845,24.11565980710741,31.61412777184097,214.12616654515423,-246.27080425323012,-230.68935846620766,-210.95855909775585,-199.0752306943667,-184.1276966599752,-0.35314197132132447,6.053308730039712,36.64254658117498,0.13244203963857296,0.9866503735869867,22.314397353539256,-20.393896555167437,5.976022646667754,8.173947221550497,4.740732279382665,-9.372716369051172,-4.418650629106311,-0.7423883052166964,3.755296592444187,8.65579681303604,-302.49941830536704,26.585146921711633,706.7700368489935,-0.17027631562928544,-0.8706383705810596,-219.40442969228965,-355.6940909667414,34.0730576524638,49.62579705709743,302.49941830536704,-344.019319204486,-328.06202116869736,-299.1766113124662,-278.4362241115999,-266.4397369557165,-0.13425778420398082,9.826785464234955,96.56571256009941,0.03547606723689027,-0.4418255225856851,22.688318255994147,-26.570334032774227,9.957362481377798,13.49639383415703,7.929756361978605,-15.792066737750044,-7.28508245122418,-0.4722055409405286,6.211311382932851,16.61338241641839,-0.4949819854929276,5.023739486094635,25.237958424146388,-0.0502314911077269,4.479396537579107,23.392345697462428,-22.15920827580967,3.345713556383452,4.5283025876199305,3.4630624946244866,-7.0878427635938195,-2.7430404712603087,-0.593928393346409,1.7852621163596218,6.5111144438589506,-0.3898287795631657,6.850203028981685,46.92528153826985,0.18640871932056105,0.3605803604960327,26.62978337846295,-17.998069350570365,7.092712084466976,9.510309223452005,5.495993018577771,-10.962362214049215,-5.183657155522058,-0.5700499438801768,4.326652067929947,10.331007038911835,-1.465142276422764,8.469548176923066,71.73324632122085,-1.6455310673962147,3.589309270149279,15.0,-42.3,6.375189539574088,9.4,5.951727642276423,-18.255,-5.2,0.5,4.2,8.1,-2.094035387980663,11.225379258801764,126.00913950393686,-1.3946654042262983,2.379291414360617,15.928342536761479,-48.12967861652814,9.36522452481958,14.425596031326279,8.21570202751978,-25.85432195584485,-8.429290060812182,0.6385137227532187,5.996305970514097,10.632406360409565,-0.04436083279877792,4.09894869446683,16.80138039987133,0.08971627263406708,6.69948375072855,22.228272660033404,-19.44013907890702,2.0977024541347586,2.8167406188822808,2.487805796948479,-5.696472678659223,-1.5443500819403946,-0.13056921117566828,1.2723905369418864,5.77337643631777,-3.0158871194544545,12.895466166687436,166.29304765618036,-0.43646981113356476,-1.0411956084170122,16.335393866691057,-31.121066338376423,15.174172205523288,23.504292969568922,10.748581138591033,-26.15743005954385,-15.566921770194565,0.7013981071192559,7.937371199374358,13.686986318473997,-0.17562881049876244,9.113410205306705,83.0542455701884,-0.41876301002922534,8.165544783996705,38.16786364463773,-45.28279132363347,3.288503402067121,4.482921150982673,4.859012539509365,-12.388414090788302,-2.2393084811034383,-0.07094872148950221,2.2436126698792345,14.159163078637528,-0.06119852654899406,3.0041214275826476,9.024745551661205,0.24743432510645008,5.974281577021722,14.138460375453427,-13.774913203629978,1.4736113115314564,1.958699071918361,1.842533586426278,-4.356680505084614,-1.111435691662969,-0.19103440948853026,0.8472633802553919,4.723481399538883,-0.05680057890553452,4.910735328717585,24.115321468715003,-0.7602799441325481,5.39425935672123,20.242590312101402,-25.00702266807125,2.5080174230175456,3.3410243915693774,3.0617279298307287,-9.273359972559499,-1.2755894798296903,0.14685222350616947,2.065434911739687,6.317331137327148,-0.9842479674796749,4.337041000232661,18.80992463769912,0.11266870299141861,-1.5077528896960715,6.9,-7.0,6.375189539574089,8.6,4.0370934959349585,-6.7,-5.3,-1.6,3.3,5.4,-1.3899947527755676,6.152789248927448,37.85681554171718,0.12152342079388274,-1.505502042814633,9.739744351206015,-9.87241395251993,9.019011544702542,12.213982403227012,5.730028449429994,-9.436828247036708,-7.51948874802804,-2.259610897054468,4.694493655198972,7.644060009103899,-0.007488168439717304,0.17166209474166785,0.029467874771097347,-17.128570397444587,346.25335733881707,0.4813602484406363,-3.5070419811448916,0.05875273909689101,0.0797882128596544,0.055756886440192055,-0.09809442969666331,-0.03875305969275575,0.0030123845245313974,0.04103515316689865,0.09351124184243531,-1.9815247721273865,8.758282795721021,76.70751752982282,0.13404941810170964,-1.49611621158095,13.70661870185331,-13.933127761400916,12.913159451155867,17.504279083929887,8.151514823400946,-13.382711013699204,-10.811380912216535,-3.2282155571852216,6.692898171713354,11.147619851533497,0.018524062012835577,0.35256934059026923,0.12430513992425726,12.911367951264976,189.7813434910454,5.244786340447622,-1.0446822169686512,0.08237325894684328,0.1087934068631746,0.0953630580576212,-0.13611618022469668,-0.06207221383557668,-0.005490633059993921,0.04672119302759791,0.13928701869141352,-0.010664972652869741,0.1380996568479542,0.019071515221522704,-7.474177239379868,71.00834683317761,0.2568260153174521,-1.3924434765795695,0.060036049737007637,0.07677637801473727,0.060862002463452955,-0.10355742850430485,-0.03568682082665861,-0.001441034598099414,0.04108955718807866,0.10121229703109245,0.012150924322239041,0.1973128042849443,0.03893234273478873,13.12837608989679,192.89941077598414,2.949926037894157,-0.36406486189638454,0.05200000266192234,0.07144738991914668,0.058641549962665636,-0.08760488902005562,-0.03977087584658296,0.000916251472175739,0.03167651407256372,0.10659980741410116,0.3290650406504065,3.234451352024829,10.461675548615242,-2.148015977403596,4.432281010222045,4.2,-14.8,1.037821552953921,1.9000000000000001,2.4457317073170732,-7.0,0.2,1.6,2.1,2.8,0.47546938872139,3.5987526079528376,12.951020333247351,-1.3549710834878297,0.9067591190164244,4.774650760126937,-12.274682266665476,1.6030255217035607,4.16832842492917,3.083997962315282,-6.726158596755642,-1.270054512895908,2.1047231647156366,2.898273912033262,3.772218187818434,-0.03404928410795111,2.8043298908832517,7.864266136901271,0.6741059103796051,3.863159496187752,12.17639063266612,-9.509265173629451,0.6428343617855509,0.8654488661356181,1.5653457535418296,-5.153162270587177,-0.5220968915050299,-0.0228611750695652,0.3433519746305882,5.620642801985121,0.7075994903815911,4.665275864582562,21.764798892656575,-1.1118206278296912,-0.002510432610800084,5.5915313675291385,-14.053456344821138,1.8486231962050552,6.826035544465604,4.235420562062423,-8.87606292710456,-2.8201846219394024,3.1480020842698755,4.005850922526202,4.989942888438452,-0.11270485297372654,1.9661023246643106,3.8655583510504057,0.07124512874785664,2.343895038553984,6.355099746359836,-7.27395137023786,0.9019294252256954,1.2452559634713594,1.268997728278304,-3.473536345922903,-0.7674772920606792,-0.012398676642398049,0.4777786714106801,3.80822213388958,-0.04733740180688241,2.4951864394547645,6.225955367638945,0.46034529340933383,6.915444412893043,11.296107740974241,-10.285200770645956,0.32498400707118247,0.4343735584408741,1.2300567493650996,-4.091754850404968,-0.23462796471359992,0.01838446650987234,0.19974559372727418,3.1705356772164066,-0.010655446811962756,3.046836708830722,9.283213930278427,-0.2456366940117036,3.5856755561805773,10.616292565813232,-10.394691153456296,0.7367452834874495,0.9832448856819493,1.6896523909159615,-6.673299353791498,-0.4659329685586264,0.03236727894620401,0.5173119171233229,4.72124573889775,3.1138211382113825,3.544899581254622,12.566313041179193,-1.4703057095788084,1.3080845323469497,6.9,-8.4,1.482602218505602,4.025,4.302439024390244,-5.0,1.475,4.8,5.5,6.2,4.403469047011836,4.980726596399828,24.80763742808461,-1.4363298719802529,1.1843733408964363,11.21720045543727,-11.88671173811712,2.1050188259135845,5.750242459590595,6.0640110186129474,-7.090078707789786,2.0863142551728124,6.874337961116436,7.836556714763407,8.721619139005512,-0.03894454408518183,0.43029017329205893,0.1851496332317101,-8.269789385703504,84.60747062772822,0.8255166815863129,-5.351809909367607,0.09775049553192616,0.13157528236347815,0.15318240738748198,-0.3241035473205864,-0.06450189529302103,0.0015191540197453113,0.06707338707045712,0.2847515854813015,6.233861792314795,6.944920767825567,48.23192447137487,-1.4891677508590802,1.4387221827688244,14.303414980244211,-17.283854131563913,2.8252118819314807,7.489091767561679,8.509440812191425,-10.104221122831476,3.4728798942439516,9.728952321297626,10.96197166180563,12.343511005742828,0.10149505057630309,0.871337363374294,0.7592288008120666,6.1476039840454915,44.51253665450152,7.759634338711161,-1.4658657091633982,0.17288714695992655,0.23400986353312908,0.3080482680796419,-0.542693036488574,-0.08860465247669667,0.02691152921338863,0.1454052110564324,0.5062603525285203,-0.05364094854205296,0.3378079222774047,0.1141141923533771,-4.081475466911435,19.496448899554917,0.6131481122673794,-2.2348183224445752,0.11128387158731239,0.16110214240551654,0.15422520754556415,-0.28022858897165903,-0.08824222653706174,0.006668139350382752,0.0728599158684548,0.19705518954304752,0.06099250323620325,0.49749855955705813,0.2475048167613477,5.835906051429057,41.29812899256027,4.455617807305874,-0.6118174620430836,0.13239574142151597,0.1805699694248522,0.20350640870962375,-0.3254487270550389,-0.08406874428232326,0.004098245525872256,0.09650122514252896,0.41331142658936304,0.001423911272272767,0.32704865637837766,0.10696082363890215,-0.41083850941172806,6.269558607664587,1.454358,-2.154651,0.08273809940592362,0.11179,0.1752744860186612,-0.5549455,-0.053764,0.003171,0.058026,0.5672315,0.00202028739579659,0.43986922916406646,0.19348493876539002,-0.29900755941922613,6.078017978933204,1.9850069406032715,-2.722250021367984,0.11744369320843479,0.15861674236498965,0.2390687340149664,-0.713861459687003,-0.0766465166855668,0.0037897338246067596,0.08197022567942286,0.7642978461128299,-0.0003357245653089368,0.1428932052284426,0.020418468100457814,-0.0030408665306545313,10.6844565106112,1.0523007722669635,-1.1112914668046332,0.007707568484586712,0.010405016623200997,0.062036601763927106,-0.21782183235234256,-0.005291689013435424,-2.0490041391723127e-05,0.005113327609765574,0.21683095244232137,0.002875773783606141,0.6101710049178141,0.372308655242415,-0.3027825135000478,6.123668665088687,2.7582443965114436,-3.4702024427880573,0.16507604811080184,0.2230596765544305,0.3319120568263374,-0.9558790615801807,-0.10765549030184947,0.007168687014755317,0.11540418625258105,1.0601528114266747,-0.0012159678757038678,0.12080714740938107,0.014594366865191928,0.16106699133529334,9.99104125654609,0.9402767886880724,-0.8325666174845756,0.009229694885576801,0.012460573424528202,0.05453127061722207,-0.18475023783669361,-0.0064538057791388645,-0.00020254182567453535,0.006006767645389337,0.188864391283518,-0.0004743940831480276,0.07962434031471684,0.00634003557055384,-0.14636312117144828,10.384308898094803,0.6608717951161734,-0.6141794407575807,0.007231201039751693,0.009775413279962085,0.0354397300589672,-0.12343068376488417,-0.004867012410291227,-1.8632293970778313e-05,0.004908400869670859,0.11993484481966424,0.0010032027480079602,0.18571156074841302,0.0344887837956115,0.02137207917015738,10.35996027856218,1.3274056057996302,-1.3112766144361254,0.008079055182775283,0.010910653099115545,0.08056375358517234,-0.2850822205852561,-0.005364255041761825,-4.38151856298308e-05,0.00554639805735372,0.2810562869489387,0.008411174737668227,0.5305067778358777,0.28143744132980536,0.5352887003252536,6.287563066964925,3.755874,-3.680361,0.11456067342392787,0.154419,0.2794207851786181,-0.920216,-0.071088,0.002637,0.083331,1.0068597499999998,0.011892150517184145,0.7131293305441507,0.5085534420823485,0.3961571696387955,5.223792984285607,4.338117683948359,-4.319257710754544,0.16192879816402156,0.21818165913714693,0.38323948731813917,-1.2570900788541164,-0.0998517699248339,0.004492625544090753,0.11832988921231305,1.3958786017701845,0.00047802019182654896,0.2329640994246207,0.05427227162072456,-0.22320744054542951,15.874970895415743,2.3310921695173548,-2.324818901511218,0.00907991182508319,0.012249535439691176,0.09532555445846237,-0.31094262657815797,-0.006027135404105875,1.2112101797628373e-05,0.0062224000355853015,0.3287949875544408,0.01680895001296279,0.9629175388656231,0.927210186655029,0.2448135174283341,4.552152946072204,4.8331948323624445,-5.0590343727694815,0.22849411000135822,0.3086843638786724,0.5287780714445495,-1.7369463849684887,-0.140115183683882,0.007170252478465328,0.16856918019479034,1.8849850336462994,-0.0008281505687999878,0.29953171154289837,0.08971924621981808,-0.18742503091344764,11.093976087798087,2.512417283590092,-2.3886122777871,0.03024764930172914,0.04087359943671799,0.13745653112809786,-0.45802212708568135,-0.02046014872016308,-0.00022979497425587797,0.020413450716554912,0.4656745531758567,0.0006761716220928529,0.23816021458737496,0.05672028781230449,-0.31869186512513537,17.53689450656937,2.085830334153491,-2.2448024491141356,0.00796233021856746,0.0107464818402198,0.09549925162264136,-0.3194339296494957,-0.005286208237742047,2.4940989104966688e-05,0.005460273602477753,0.3267067496217084,-0.001796870738398873,0.22760080073084712,0.051802124493322776,-0.20053385489304448,15.128049372081534,1.8568271145223965,-1.9533452676341054,0.009932088182589319,0.013375398099289258,0.09458022514202966,-0.3229870677447693,-0.00683161402091697,-5.468532777494928e-06,0.006543784078372288,0.3121970961573983,0.006572645932040811,0.17933548817117376,0.0321612173175932,0.621120371122087,10.302852896155759,1.601109,-1.184683,0.023134525017561414,0.031208,0.08642876990378745,-0.272033,-0.009305,0.006601,0.021903,0.278037,0.009295191106174019,0.21679401357950512,0.046999644323910655,0.3024105412693352,11.629744917422988,1.6888189854961488,-1.420347205629025,0.030863981599127625,0.04167939678376388,0.10281087038497023,-0.3031441279097453,-0.011516464314239113,0.009513420514494365,0.03016293246952477,0.31637342995548995,-9.322127476826284e-05,0.13159481650645466,0.01731719573136747,-0.25087352699530935,11.911607315930754,1.0361338117678789,-1.2240002127984932,0.007651528471536967,0.010311103334436467,0.05705963390353414,-0.2002198032413201,-0.00505682556527798,2.370528418882726e-05,0.005254277769158487,0.19612548282864412,0.013145455265483566,0.2973016242728655,0.08838825579528409,0.1642236891549149,11.942171455843297,2.2192441834579313,-1.9918208793685592,0.04307939340801837,0.05809920790427227,0.14093438011740905,-0.40128957808870147,-0.015873260253865748,0.01318864325702353,0.04222594765040652,0.4277893538276039,0.0007611841930691153,0.07479405178807459,0.005594150182877185,-0.017150883180982606,11.195663647152012,0.5863325610839552,-0.6327818469153949,0.00772592169056382,0.010425988355499764,0.03400963552424904,-0.11137914507132013,-0.005108837093830846,3.7967072353172794e-05,0.005317151261668918,0.11502511205420268,-0.00013143521214490793,0.15929297400369027,0.025374251566940342,-0.16823964586916762,12.990457738337565,1.2149715475941671,-1.2939692894743027,0.008333598564670707,0.011229983737686172,0.06735725842194178,-0.22830529846759576,-0.005604829956353405,-5.0891671136863224e-05,0.005625153781332766,0.23034192001991124,-0.001193597837769734,0.09619086039946267,0.009252681624388918,0.023895320935038433,9.604941900594154,0.7102848482387367,-0.6544613214225647,0.006789502120847804,0.009171614668344041,0.04297590614921538,-0.15466357374166323,-0.004736515366735823,-2.985184261927833e-05,0.004435099301608218,0.14729535048746017,5.9017818213528026e-05,0.9327597497307111,0.8700407507176987,0.0010121319761566682,1.7205896543486112,2.936693,-2.935425,0.6752504391172671,0.91083475,0.6584764291776881,-1.76973925,-0.454479,-0.0009500000000000001,0.45635575,1.7691295,0.00010388403294034966,1.3189994373006317,1.739759515599383,0.0009793594904747138,1.7232708774615224,4.146931745680411,-4.13078695132905,0.955457146335946,1.2879888554166918,0.9306101103858675,-2.501224901787075,-0.6430105635734976,-0.00020781685380501583,0.6449782918431942,2.5048759812766157,-2.886374041331768e-06,0.013778432822413004,0.00018984521104174797,-0.05625186035115107,0.8104055682546418,0.11505474509525232,-0.18930367550561789,0.014694564965356639,0.01981427289150313,0.011210285372158856,-0.021575885621305354,-0.009846302342084442,-0.00010137226414816923,0.009967970549418687,0.021529390225173,0.0002065065713076524,1.8643516036103571,3.4758069018845106,0.0009257174765966974,1.7327663203561672,5.824951569317954,-5.838346891929565,1.342889054512135,1.812451688244321,1.3126576535670245,-3.525135383373188,-0.9043945178863343,-0.0015821814205576757,0.9080571703579865,3.542620762286637,8.058981693267824e-06,0.056382383707111405,0.003178973192495942,0.01780599100178979,-0.33607933006876234,0.3752113371682372,-0.23111917094892948,0.05272697580923174,0.0709302532135282,0.044473422182669406,-0.09658707871536529,-0.03500974599590416,-0.00019523747193332663,0.03592050721762404,0.09690455104661415,-4.298130986540691e-06,0.005921431174366496,3.506334715275937e-05,-0.27676956729606184,9.00159250601642,0.08345253800153041,-0.09555280819945912,0.006842327664598212,0.009227541172018804,0.004729380694250526,-0.008964765870072066,-0.0046125439232365594,3.6702316333661145e-05,0.004614997248782244,0.008958139696674517,2.098957820893857e-05,0.018565631490861146,0.0003446826726544551,0.026480217330386212,-0.3642581243569727,0.13639217626946915,-0.046747915242357746,0.018766491006491477,0.0253085847516888,0.015214829255846734,-0.030195387047463003,-0.012649042141313939,7.525552561082338e-05,0.012659542610374861,0.03008440462930338
-5.477032520325203,7.529315399228289,56.69059038105625,0.9178115098903437,0.1036708093851959,14.6,-20.6,5.930408874022408,6.6,8.5630081300813,-15.0,-10.2,-8.5,-3.6,9.0,-7.7009063544932195,10.696843886006818,114.42246912160145,0.944493750513795,0.11708544979046032,20.659538299480786,-28.47336693209451,8.481186785524448,9.235347176270853,12.140237120787846,-21.22047012154074,-14.398584496171374,-12.117914351224423,-5.16323731990052,12.690580734741763,-0.041848674470434416,0.6862085313496946,0.47088214849710475,-5.144005868172758,55.404560339795495,2.5180011946255263,-8.308047633277443,0.29632208067453714,0.3924820417473629,0.33881886302323316,-0.7003730198397882,-0.21740250721500282,-0.00966882023479515,0.17507953453236005,0.698664167578432,-10.787770211446485,15.243789725061934,232.3731251819038,0.9703879399767099,0.1665479930860676,29.180052451514804,-41.23063104340154,12.214070837366043,13.080461139974135,17.23285145199447,-29.46994802643981,-20.32122517513908,-17.419701422079196,-7.240764035164945,18.096191954003714,0.11646268241619641,1.4681464466998382,2.1554539889573605,3.466628010780255,27.619722303558273,12.599670709382927,-5.828749191368562,0.33078385241975766,0.45634649050720094,0.6357325403316728,-1.6667031581128866,-0.21078112600353766,0.03719456377317465,0.24556536450366329,1.9886636328690384,-0.05932787576938673,0.5692783869914082,0.3240778818955395,-2.0735376566754775,10.772081766300301,1.7714297951958078,-3.4033625031290096,0.2607891355483128,0.35218280924224166,0.3300057056408069,-0.9798452602868635,-0.1813025705459046,-0.026126799397042606,0.17088023869633706,0.6382225009636442,0.07613411300796834,0.7741777369329016,0.599351168362549,4.2800180936670325,30.048370225813322,6.820007282205063,-1.5405743040809003,0.31777893186654455,0.42331679614808243,0.3944510310957636,-0.6851453866516451,-0.21723880518327504,0.019922858492792402,0.2060779909648074,0.8947633476051875,-147.26412601626018,11.873789354136122,140.98687362639632,-0.4416702633566464,0.04148519738580614,-111.9,-190.2,12.453858635447023,16.625,147.26412601626018,-167.87,-154.425,-146.7,-137.8,-130.615,-208.19821820506897,16.112356999146453,259.60804806794374,-0.28678243131259096,-0.3699238078860283,-157.94119331700864,-255.97098245190688,18.364005197541566,24.670016444638975,208.19821820506897,-235.79794493495285,-219.35118352254312,-207.51735462966346,-194.68116707790415,-186.2394742615846,0.03083197479842971,4.659971003505666,21.7153297535136,0.37982901587923656,1.8628977533925006,20.16170082048891,-16.90991000574857,3.9658578960847053,5.211964669480322,3.486137983617377,-7.236001206170157,-2.753166665024083,-0.24580695025390575,2.4587980044562388,8.13205766919509,-294.1990661579134,21.63138137236345,467.9166600766324,-0.1956323797527399,-0.7091818144307735,-225.94256307016417,-341.6792133727731,28.027227055824355,37.749057610011164,294.1990661579134,-331.3517023575496,-312.05656730857606,-293.102120225883,-274.3075096985649,-266.1952414637407,-0.22415793968606465,7.052668092644217,49.74012722500182,0.14650038594885717,1.1519072705379552,24.62222223037522,-25.844800062904145,6.617145578572465,8.813169855203155,5.411949457217607,-10.450043831200555,-4.582895498608587,-0.30744109074279713,4.230274356594568,10.258859105235114,0.049913118026013246,3.474042871333802,12.068973871865207,-0.09014716318212125,2.659676446528473,13.06646261137467,-12.83175245686143,2.6551804518831044,3.700016150001715,2.4993755843886882,-4.9307340604012975,-1.884704571373176,0.20139144234553158,1.8153115786285388,4.439753629093898,-0.48686126477977815,5.528229399708659,30.561320295803153,-0.23938572249093706,1.8106266110332427,17.260993080031092,-24.89778495959444,4.553160018896621,6.344180526645943,4.153389673773837,-9.214002548517893,-3.3923709878826793,-0.5629748138697529,2.951809538763263,7.604580145709846,-0.840548780487805,7.8255894154268,61.239849698839976,-1.8641222277563465,4.600467061210693,13.0,-39.2,5.7821486521718475,8.025,5.3655487804878055,-17.285,-3.7,0.9,4.325,7.4,-1.2183610013763781,10.528278591295955,110.84465009594075,-1.6763727023363388,3.735608611270088,18.73164110732336,-49.873371051244646,8.414897784433409,11.720551481488819,7.42930220334905,-21.542754574014186,-5.566402873940344,1.2671807537587663,6.154148607548475,10.053361758747993,0.07995615407368972,3.3459964332453738,11.195692131290764,-0.47635938843367603,6.996023725285337,16.550486741485617,-16.80663020582641,1.570678932371616,2.1201511215109736,1.9808017412717247,-4.665605934757049,-0.953704541970871,0.0760151432309279,1.1664465795401024,5.064018722932414,-1.80695712427539,11.94536115101506,142.69165302817984,-0.6792869171870094,-0.19671351278799465,15.376520049964302,-42.934653599436224,13.102214206697209,19.098250191293367,9.585838267600215,-23.325361110254057,-10.736824669560765,0.9163993717655322,8.3614255217326,13.426542872818782,0.005977204843408922,8.781027909442274,77.10645114640415,-0.2567288199048742,10.108228058624118,41.691708960526704,-40.87797837756004,2.4512129809763077,3.2617433085932097,4.1738289999797615,-10.022070000311459,-1.4355342290564959,0.10304959752099074,1.8262090795367136,13.348108118107321,0.10878769223649279,2.0955445311725356,4.391306882127123,-0.7205043098555787,6.7526127536479805,8.348969213367782,-11.12925647891006,1.2870984770019152,1.691221926290276,1.357550679049523,-2.307840794924604,-0.7457355902271972,0.06320567935037441,0.9454863360630787,3.4512418020501325,0.03177393004098527,4.206161786150575,17.69179697127339,0.21407173773402077,7.88728645023375,15.958237554245947,-21.434729291678487,1.6550372408377754,2.114330907689962,2.273903406619476,-4.395918176965997,-1.1580761620129425,-0.19296656021063527,0.9562547456770194,7.2194435400993475,-0.7107723577235772,4.345150297835579,18.88033111078062,0.032407791869477565,-1.408644115826849,7.2,-7.1,6.375189539574088,8.7,3.90020325203252,-6.7,-5.2,-0.8,3.5,5.884999999999991,-1.004783428003491,6.166123618728213,38.02108048143791,0.04261664212418348,-1.4089757319884764,10.155430209008616,-10.00839419462658,9.113026135326367,12.332294575119542,5.537608693715482,-9.469848687493235,-7.449792108494869,-1.1514796486230183,4.882502466624674,8.344260334146448,-0.012955865775625687,0.182118775104753,0.0331672482456556,-16.562782512313703,330.61181056855565,0.4961972108944101,-3.6831671168032525,0.061509477033146534,0.0823712995956335,0.06091020509251827,-0.12022784140231778,-0.04353862629261307,-0.0018316013986736657,0.038832673303020426,0.09999173378318216,-1.442042246784594,8.783598262681299,77.15159844017793,0.05673825021956614,-1.402913230569841,14.3097833492195,-14.133930733937358,12.909809580656175,17.4121459959555,7.888292671329261,-13.439459900657113,-10.598684455327676,-1.5477126051596646,6.813461540627823,12.123057479780755,0.021850306921257348,0.3720709922445571,0.13843682326984927,12.672731307672764,185.16697300366212,5.503516296791949,-1.107293460989274,0.07418117736824612,0.0987655545882763,0.09821541688026175,-0.1397792602188933,-0.05254741604899022,-0.0012515156127503868,0.04621813853928608,0.13833049242628442,-0.018210822338446512,0.14607939411816856,0.02133918938593122,-7.236679965605497,67.980264392556,0.3387069847743348,-1.4627066012046446,0.060538909718190745,0.08080134399045857,0.06508498895448886,-0.13264900825553555,-0.0446992073162798,-0.005534533648281071,0.036102136674178775,0.09722279707696682,0.00778640857662112,0.209862493333389,0.04404226610810674,12.504449813257656,180.8427543856223,3.0829432381453765,-0.40000855459444984,0.06371081518213724,0.08020356738354013,0.06832016998941466,-0.12024205196864987,-0.04671380783867658,-0.0011560471076506162,0.03348975954486355,0.11066824588163932,0.4771341463414634,2.770880726098639,7.6777799982649215,-2.597174311374838,7.292624617407588,4.1,-14.9,0.8895613311033613,1.2999999999999998,2.0789634146341465,-5.885,0.6,1.4,1.9,2.5,0.6826694251339804,3.126230873961582,9.773319477310595,-1.950163431999432,3.793890824383377,4.607798369279869,-13.344023199659969,1.338948242423885,2.572940992298107,2.615424851324367,-6.161170347619016,0.04940305121442527,1.8763988387438226,2.6223440435125323,3.33437073130731,-0.04915971836295913,2.34605242175602,5.503961965627286,0.8678334720596168,5.366431199040974,10.945682395326031,-9.657373255994058,0.495918947222751,0.6110053120044621,1.265462768899456,-4.3831287339079035,-0.39401655980461586,-0.010798881539897338,0.21698875219984615,3.983172051908275,0.9942874481680071,3.7058951967325924,13.733659209165701,-1.278638623888268,0.7079632471497792,5.61179250782018,-11.627278929159838,1.6632232662242261,4.8025885829559405,3.433533586575318,-6.297776683898077,-1.2759454063592794,2.7968819444628337,3.5266431765966613,4.417827446352023,-0.08501945742157746,2.3713579245784464,5.623338406460998,0.3143247590839485,3.7425478949916355,9.07167836587945,-9.815860393150555,0.897675745706582,1.1873459811769242,1.4151722114970693,-4.074355832966939,-0.6690692982867531,-0.05475608778049863,0.5182766828901713,4.6352008437620835,-0.06818595618129117,1.3074247463043847,1.7093594672490846,-0.503486566063558,6.742944364027492,6.437598275940295,-5.9620903590281165,0.23144814135920855,0.3129923209865595,0.6695356329194284,-2.027646994633775,-0.14806485189732405,0.01741718483663085,0.16492746908923542,2.138569925687875,-0.1468945573751875,3.020543700986376,9.123684249568473,-0.5175478571462089,3.6766991219182614,10.815052362339387,-11.893309045154988,0.5772069573721571,0.7724622825103954,1.648780897319416,-6.440244228482118,-0.3762390568177553,0.00540957363231058,0.39622322569264007,4.717208754083009,3.1655487804878044,3.099951170553431,9.609697259815587,-1.65711837199297,2.14578880228715,6.5,-7.4,1.1860817748044825,3.4000000000000004,4.049695121951219,-4.284999999999999,1.8,4.6,5.2,5.8,4.481878614977706,4.35523345978943,18.96805848926941,-1.6079927776151934,1.9299196996632295,9.358807506787553,-9.976553289176994,1.6056487620460451,4.772475759321111,5.716311850370353,-5.824363319437855,2.5016769894908486,6.518168697956519,7.274152748811959,8.24050248158282,-0.03458954837826648,0.40214429814460856,0.1617200365302198,-8.664970371214077,86.80369549930394,0.6135486340420232,-4.452806911497757,0.09914190415593578,0.13144739959460763,0.1342346537030132,-0.26597768566454016,-0.06280023513850783,-0.0019619133350420037,0.06864716445609981,0.21616304218062177,6.35986543653586,6.066675995584392,36.80455763539987,-1.6674048300511775,2.2849511093991834,13.671045803701734,-15.003267704961518,2.2107735506977892,6.424641132326858,8.016363366159093,-8.050775956249838,3.743773581215166,9.251012683337002,10.168414713542024,11.459983730616703,0.08577830591341537,0.8556398681501118,0.7321195839679407,6.15182948988833,42.65893920628431,6.733114315134376,-1.266408317830755,0.18844920558767794,0.25356406070738735,0.29525315479951814,-0.45118542658960625,-0.13580366015745246,0.007784952681681279,0.11776040054993486,0.4009390603770759,-0.04816334958342891,0.3120475917339629,0.097373699506966,-4.471545289682116,21.317225327749394,0.3918124281647893,-1.8736952322706282,0.08184449628339617,0.11408327848651001,0.12724402800540877,-0.20416529676554313,-0.05941852798862811,-0.008157757458420678,0.054664750497881893,0.16659255544858628,0.04690838818836338,0.4684234173879929,0.21942049795744584,6.1107037669732405,41.952166459585904,3.70852816256339,-0.5072637073842269,0.1463756308229558,0.21143468625668813,0.18122283944919812,-0.2726644696760995,-0.12303362834220657,0.0006764234720650097,0.08840105791448155,0.3298547746606487,0.0016095498671542439,0.2953205357365916,0.08721421882774749,-0.8478067361110251,8.551690527508493,1.236959,-2.001438,0.04564339189891346,0.061511,0.13908144110504814,-0.443453,-0.027733,0.003884,0.033778,0.46838225,0.002275932419804249,0.40262845913255707,0.1621096761034572,-0.6176090619335944,7.871221516994117,1.7476664669884903,-2.3303107895801207,0.06406106661927367,0.08649805102379213,0.19202996658468405,-0.6116975352319363,-0.03924933468171493,0.00526841362731836,0.047248716342077196,0.6388636463700172,-8.183587968214239e-05,0.1109231070205447,0.012303935671091212,0.026876752416343894,23.914382539742633,1.3649006345661314,-1.2852458969143297,0.007659858230135942,0.01033594525373092,0.04418243587296512,-0.14405624232543324,-0.0051938664835551275,7.422789355724486e-06,0.005142078770175794,0.14316418855809435,0.003217759341563034,0.5631033054478986,0.3170853326063493,-0.5766869570164914,7.730595350215069,2.4641046960840307,-2.975183212650758,0.09028423635544736,0.12159304913147567,0.2691168267529564,-0.8458849959780336,-0.0547098495005189,0.0074212213827124784,0.06688319963095678,0.8961132136700672,0.00022161399466576507,0.08413632782352212,0.007078921659627182,0.09012493201290424,17.409005664133694,0.7482827344828453,-0.8377203586917727,0.00649919143263139,0.008773244349175731,0.034206964254566506,-0.10820779216379854,-0.004449471737585914,-7.193393553941497e-05,0.004323772611589817,0.11200428098436746,-0.00011586451079250804,0.08121289765045117,0.0065955347447826575,0.14413779081399067,15.353526773511003,0.9349111173942205,-0.8230539154636871,0.007810058530369388,0.010552990012262928,0.03509184841620493,-0.12090757085498807,-0.00527951595985597,-8.935731269268863e-05,0.0052734740524069575,0.11937757499914388,0.0014244919316955588,0.13418679624330143,0.018006096286041294,0.19669821162109558,24.286626843952842,1.5929240216432041,-1.497009724765723,0.007489417522187396,0.010141337506819247,0.052055201272021304,-0.1681050292787845,-0.005025234383476479,-7.613333450367903e-05,0.005116103123342769,0.17645879157990763,0.005123825229266062,0.45730695432327517,0.2091296504724301,0.3665676430499276,7.782886193286835,3.337319,-3.064245,0.06271407384278697,0.08471999999999999,0.22298448223009454,-0.766938,-0.038582,0.004199,0.046138,0.831846,0.00724998163254653,0.6170704269430334,0.38077591180765746,0.37053256340463,7.042484318686876,3.774749812069193,-3.772124644419667,0.08791799938877956,0.11851367484266,0.3040203744149327,-1.0370383111408916,-0.05444549768490552,0.005322354969790487,0.06406817715775448,1.1494745300844056,0.0008928223048545702,0.19351244661893663,0.0374470669964468,0.09244777452280135,13.64209521603927,1.5321063533459562,-1.798476360682976,0.009123826048723433,0.012316214649650563,0.0787385432519977,-0.26356185684703193,-0.006149282220015062,-1.2281131003015022e-05,0.006166932429635501,0.27005002979732945,0.010263709779262336,0.842492896966573,0.7097942814391286,0.4379523762280736,6.367983229779792,4.884711129751758,-4.899799740514245,0.12273255922873168,0.16547343177348517,0.4202772698318358,-1.4160537946315401,-0.07673884276976853,0.006090406283334043,0.08873458900371664,1.6280725199959405,-0.00028556730984394794,0.22721857442853613,0.051628280565336214,0.20539741207230983,11.36765804736184,1.782587634242087,-1.8922770322655633,0.02299477878364407,0.031013311083309285,0.10029773400368013,-0.340144926701316,-0.016016865017021684,-0.00014484628612113169,0.014996446066287602,0.33475176627556313,0.0012620016057135724,0.2008966025669357,0.04035944492293731,0.02159666526212468,13.166120117776636,1.5165042401557691,-1.7441954900276475,0.007899899114401714,0.010654555842259456,0.08251799878670195,-0.28638513493871065,-0.0052877918134476565,0.00012843978359090903,0.0053667640288118,0.3013110615876411,0.0007255212473908471,0.18579920857285173,0.03452134590629806,0.034335442728886084,16.710899548505466,1.6088403345891982,-1.5880139257041057,0.009773963475383033,0.01319353812413823,0.07270191139292195,-0.23289986046078415,-0.006400413607215084,0.00018857879552550258,0.006793124516923146,0.23353559756775744,0.004175041639288061,0.20532405590657454,0.04215796793392615,0.6703719467003884,11.132396708985953,1.82906,-1.251877,0.019459154117886023,0.026249,0.0929080794931863,-0.30280225,-0.00858,0.004666,0.017669,0.29294575,0.005906157231413327,0.2654796700677474,0.07047945521928003,0.2546206044177992,10.593026365743281,1.9248250913946858,-1.4701608452866737,0.02604947277321234,0.035122982881704796,0.11722020732475523,-0.35271085572309013,-0.010879588789942475,0.006769211111131306,0.02424339409176232,0.3508257582856955,0.00016550448149027212,0.1175978987717547,0.013829265795531865,-0.13895321123310095,14.15552370125068,1.1950564437458961,-1.1629762112977087,0.007614540055103939,0.01026895736438834,0.04963209405127959,-0.17331578062210806,-0.0051591927323411104,-4.1528858756619546e-05,0.005109764632047229,0.17337441074423016,0.00835754527409077,0.37116765354520953,0.1377654270382567,0.17122485247048103,10.600920082867745,2.375613664963477,-2.0508234730125694,0.03610839866751346,0.048708392517358805,0.1627539401084724,-0.49601242029577675,-0.014614783182473938,0.009642818564509015,0.03409360933488487,0.48990038794629565,-0.00018080480892054728,0.05629781379899978,0.00316944383854685,0.10065159799513808,18.58366175799846,0.6746069782570034,-0.5514250294007752,0.00673414366741948,0.009083365255671355,0.02424583538544784,-0.07940042836267547,-0.004503379102851255,3.673983528239494e-05,0.004579986152820101,0.07440593935576761,0.0002338196738644196,0.1481534859723875,0.02194945540577042,-0.09336541734798717,11.286871453011631,1.1366642734722134,-1.2741866316525046,0.008411101135459157,0.011339459587200451,0.06317991298488543,-0.22533671950458137,-0.005680238181072451,-2.4839830716614594e-05,0.005659221406128,0.22491896431916203,-0.000801904887722297,0.07552281780752076,0.005703696009587976,-0.08697608016171067,28.569819475186407,0.9575926528990042,-0.8727708881918,0.006441403673214306,0.0086814337276012,0.02942556651837851,-0.09428768953001691,-0.004436351882191492,-5.7944057291285905e-06,0.004245081845409709,0.0905223847286484,7.042392080678754e-05,0.7540367578532586,0.5685714321938539,-0.0001670939599756253,1.425001047423354,2.584694,-2.602151,0.6733623451920003,0.908209,0.5590272353369711,-1.37773025,-0.45297575,-0.0005325,0.45523325000000003,1.3766035,9.699879269954212e-05,1.066214923731273,1.1368142635872842,-0.00015398569977538893,1.4283932062270441,3.620854211655077,-3.6592804526604366,0.9516169210566,1.2834454303952816,0.7899709933631001,-1.9439621457252676,-0.6402716267625856,-0.0008684999717388665,0.6431738036326959,1.9441283452472873,-6.010843723457647e-06,0.015302150066174991,0.0002341557966477393,-0.0029431143627704458,7.5279122315265194,0.29528843617836104,-0.2852482476134585,0.0159679021748653,0.021523200741345602,0.012311871407024846,-0.022491743780775765,-0.010778944335689582,-9.813234818592531e-05,0.010744256405656022,0.022600089890000768,0.0001315696291323814,1.50698195696847,2.2709946186285195,-0.00010533822451025955,1.4410349331357857,5.082716176337499,-5.179269519004428,1.3228051364216982,1.784390512016866,1.1145410566436629,-2.746346508151522,-0.8912315570146139,-0.002676319868628327,0.8931589550022522,2.752830663496314,-5.329718411503198e-05,0.0474641398784595,0.0022528445744019695,-0.024745357967124765,0.1834569437114868,0.1940459064416811,-0.34675241758532876,0.03908187029667876,0.0527610914388482,0.0364778929702629,-0.0874639525827398,-0.026566699641876246,-1.4063921972626639e-05,0.02619439179697195,0.08798493883506173,-9.275991388005454e-06,0.006092195340416022,3.711484406578669e-05,-0.8065359111953627,127.90190753699545,0.18962763121529866,-0.1921888936626489,0.005542188669809075,0.007475404450536377,0.004474207358398203,-0.009155226887641348,-0.003738428003402798,-3.815321977067712e-06,0.003736976447133579,0.009112034830232721,-9.486352314279381e-07,0.020768090983060903,0.00043131360308069563,0.017022090854867708,0.4717802141105807,0.20196098150395128,-0.17010339672517225,0.022456382983926534,0.030179916788387755,0.016989679373034996,-0.03394173589312263,-0.015238884718321442,0.0002583731102023986,0.014941032070066314,0.03395267560460924
-5.614329268292683,7.889529953264156,62.24468288345231,0.7258799597610669,0.13663822760479505,14.5,-24.0,6.078669095872967,6.5,8.781605691056908,-16.7,-9.9,-8.6,-3.4,9.384999999999991,-7.885429523578819,11.195191559160012,125.33231404628759,0.7512263368394504,0.1438028517018317,20.361348391377465,-33.70179600019315,8.719799420698282,9.050793615541352,12.437916766555523,-23.599463375873984,-14.000624710790923,-12.208695205438579,-4.9498310952495705,13.183626300598156,-0.04255177907599597,0.6931589563584237,0.48046933877989917,-3.6879075520652824,47.20579603115773,4.347765425329167,-7.672767224860639,0.289829107891336,0.38807934344744244,0.3348509748221763,-0.7989170770906102,-0.20517116567927268,-0.008557887070285874,0.18290817776816973,0.5606672626426528,-11.014014142745442,15.923580657167243,253.56042094531074,0.7745503645876625,0.17410478230217352,28.858527785430187,-48.163364255047235,12.543120241464402,12.83777023005242,17.61717723026274,-32.63741917718566,-19.773439014539527,-17.392346997701928,-6.935668784487107,19.057623049586574,0.13430719039098024,1.3625511624706104,1.8565456703500114,4.424035793307857,32.66876601156933,12.187480988887812,-3.869231741883976,0.37172149737432303,0.4883873833730651,0.5975290812646971,-1.306694545339403,-0.22512169402386656,0.008682172954232903,0.26326568934919853,1.55838862537226,-0.06072887738109373,0.5845517027462512,0.3417006931835416,-1.8840600066961195,11.56462091785973,2.488639353034405,-3.7077962538309577,0.2732270592541847,0.3885896981753469,0.33141648522283346,-0.8326654462045446,-0.22052483779148796,0.018249857689866384,0.16806486038385893,0.5682199688811275,0.01599720718965247,0.7790112363328314,0.6068585063328065,2.6427726942942478,27.941113176112477,6.330393681173436,-4.155048584087668,0.2803391991202414,0.3615476446011531,0.36785610113137596,-0.627045336428928,-0.19495326755093337,-0.023407151079970524,0.16659437705021968,0.7528557067831583,-148.0298780487805,12.616759630046207,159.1826235623637,-0.47889007232798353,0.006271794046370349,-111.0,-189.4,12.750379079148168,17.174999999999983,148.0298780487805,-171.825,-155.6,-147.2,-138.425,-130.5,-209.27518384706156,16.981989053154816,288.38795220147,-0.321160077227928,-0.3769998335314213,-160.7073417231601,-259.70100843963354,19.255231852933303,26.022378000128867,209.27518384706156,-238.94119372901577,-221.2321562658384,-208.73380044548708,-195.20977826570953,-185.7755807518465,0.19052603985358615,5.430435494443472,29.489629659311515,0.28929099814454184,2.0989255666662148,24.460296179594142,-19.34642593130946,4.5595534403884175,6.138202314375286,4.027234528369952,-8.509518306643901,-3.0067018680200075,0.05678093107847815,3.1315004463552794,8.331499339483246,-295.7154979918165,22.68563140938774,514.6378724425996,-0.19508016257105593,-0.880572456071242,-231.688789030371,-347.85522869530797,30.92894112298745,42.14304821160641,295.7154979918165,-331.7427003900269,-315.9383528138182,-294.17407484085834,-273.7953046022118,-265.6276586529725,-0.5427037864192603,7.787897005876308,60.65133977413716,-0.42381270263632004,2.130141344988896,25.767462523492316,-35.714212029307326,7.347716923504881,9.643957072161957,5.862074274532739,-12.863505692915439,-5.0766939123992705,-0.05454021939946507,4.567263159762687,9.977266699121339,0.26521473498011383,3.6308992640276716,13.183429465516687,0.0031495241618831604,8.736609182581365,18.863494752877575,-21.28000020310918,2.2127333251523233,2.8900319988126126,2.321336204341186,-4.598434222998886,-1.2178028962644794,0.0815047003174922,1.672229102548133,4.966500712701188,-0.12366955372456047,6.707183610650959,44.98631198698483,0.11293633714744643,1.194433164871529,24.19594528987889,-22.707934673831687,6.4195570492982945,8.715869648218524,5.150230321689293,-9.253648176684095,-4.764241999106087,-0.2816886307071632,3.951627649112437,10.134177860978838,-0.9419715447154472,8.181660570461673,66.93956969024723,-1.9673277902910185,5.570743567948506,18.5,-44.1,6.078669095872969,8.4,5.567987804878048,-14.885,-3.9,0.8,4.5,7.5,-1.366649553139461,10.876794022237855,118.30464820218913,-1.7146920295525394,4.470420847764306,22.149154839928755,-63.558140778628555,9.108851183497794,12.008590802546543,7.673403259017362,-23.10792857281078,-5.724335352155326,1.0185903107990517,6.284255450391218,10.096004568914653,-0.07231326139908187,3.8894165247883556,15.127560903296729,-0.41510039626624134,6.931218101140063,18.25698481559782,-18.825210845086808,1.4546525948282858,1.9735167927582962,2.1964448523396327,-5.727004295589753,-1.0038584622406619,-0.11123842270141111,0.9696583305176343,5.863575159991628,-2.0277744377171434,12.337692517211043,152.21865664924536,-0.7368387095737363,0.19255667173588575,15.6903954056875,-51.40914722867167,14.571598990322268,19.6107215561265,9.931473356542822,-23.951241173087553,-11.0558361132816,0.5973349076593348,8.554885442844899,13.274992460714241,-0.10169292001663327,9.086048805788346,82.55628290116785,-0.6197384046457207,12.987382012523979,46.0502072438077,-59.03899927121754,2.4723563802048307,3.513531934044493,4.42996550180248,-12.986529041270103,-1.8240013110379634,-0.23102967145600228,1.6895306230065292,13.5875341341095,-0.10357844122360634,2.596218171498102,6.740348794016946,-1.43148546613967,19.66118001050557,14.482204895688094,-19.78110737290263,1.0325421441572016,1.38326602639403,1.3460961126154891,-2.8996051589382352,-0.7517979839555241,-0.048265762679948934,0.6314680424385058,2.7694453515158037,-0.4229340082720156,4.787047501956713,22.915823785990003,-0.7872887794873765,7.783349634332868,19.213113187125852,-24.00420267951036,1.9020527341144684,2.545242979019443,2.684337206605432,-7.323962500144306,-1.6394300842366423,-0.05465151353305824,0.9058128947828006,5.111276966554936,-0.7401422764227642,4.28719074118497,18.380004451302135,0.022655079288689768,-1.5036764134522964,6.9,-7.0,6.375189539574088,8.7,3.9084349593495933,-6.7,-5.2,-0.7,3.5,5.4,-1.0466899097855868,6.082013212467598,36.99088471663043,0.031987306243872915,-1.5028902579856067,9.70425870021902,-9.828823757460079,9.0421965266052,12.328935908181442,5.548332715215168,-9.401387158304237,-7.416696301837425,-1.1081254874298325,4.912239606344016,7.731656866679361,-0.007674899810177962,0.17884083056693625,0.031984042677871596,-15.4853444054523,306.80816600947844,0.5735282698093641,-3.5446649560399615,0.060549007989376256,0.08157284905542264,0.06260464871940255,-0.12034655380604946,-0.04179902589492285,-0.0032223100563452123,0.0397738231604998,0.10149983071652367,-1.5016616257592168,8.65865931938819,74.97238120922798,0.04551261703548228,-1.4965855434342057,13.619457441795017,-13.817828298549468,12.946578389455592,17.492472194428018,7.8956018604952085,-13.261556702423361,-10.629639997375541,-1.4744878830612296,6.862832197052475,11.07273690320072,0.018408713308135028,0.35255246744032204,0.12429324229825935,12.586717965262551,183.69205117101106,5.202873487026675,-1.012027802098754,0.07284596424977323,0.09775025065503234,0.09886888423917309,-0.15712069923401634,-0.05195522799753344,-0.0020442821364146657,0.04579502265749891,0.1737627299849715,-0.011099054566184706,0.1477093137787902,0.021818041377001104,-7.33170332632668,70.72923505593347,0.3299259230018495,-1.521707204217079,0.06565291021102013,0.08663882503853462,0.06484510935214441,-0.11677158644854108,-0.046566120180359105,-0.001557622594877775,0.04007270485817552,0.10675775450858531,0.006226123760133935,0.2031249744272618,0.04125975523607576,11.485166554547003,164.9783567936407,2.914502684618569,-0.5931501839666934,0.06429084586497284,0.08677514145110793,0.06916392894940541,-0.1262970128188884,-0.039900895512642684,-0.002445569291172081,0.046874245938465245,0.10420642991942813,0.3556910569105691,2.9304034465989015,8.58726435983872,-2.5644926207996566,7.186622661427734,3.5,-15.7,0.9636914420286411,1.325,2.139837398373984,-6.269999999999999,0.575,1.35,1.9,2.5,0.5107073940531124,3.273647874191707,10.716770404199883,-1.8086533651354602,3.211550599107918,5.1135723159065325,-14.891177595825727,1.4260064144265918,3.237051293928972,2.700602754675487,-6.416739856813922,-0.6453649782779615,1.8008279720682512,2.5916863156510104,3.32474896778263,-0.013167228625700942,2.523201667452187,6.366546654633498,1.0649493509241272,4.789763779650832,12.444938883582731,-6.8665958686622215,0.4604795784107942,0.637436932357974,1.3992376317366055,-4.621929976640519,-0.3914692355052883,-0.04463879969701227,0.2459676968526858,4.444583695876645,0.7492481767327087,3.8818051389414623,15.068411136712344,-1.0693052441799107,-0.2513132449548694,5.544638859757242,-10.094155370041003,1.5594180328974399,5.13585662585769,3.574524869861487,-6.805795983574992,-1.6554211946950237,2.754397983789261,3.480435431162666,4.451250312100225,0.07176701041866486,2.4754298000897035,6.12775269517215,0.7568442855823752,6.499671335478915,12.171677690765522,-11.241123120635915,0.9878179478552142,1.3040257046500259,1.4445895751681275,-3.7628276925587034,-0.6941213516939393,0.011798362442541066,0.6099043529560866,3.848317803898749,-0.01860799066124893,1.689852597169586,2.855601800160795,1.0898612692352736,11.556987877245453,9.83880449745435,-7.677173360999474,0.22947554680480156,0.29116149257795343,0.7637168490181098,-2.3596100136370657,-0.16899571787275758,-0.03378983268625912,0.12216577470519585,2.182168859017623,-0.12763716469853761,3.1118777051464015,9.683782851787235,-0.4463134356250651,2.651622957823034,10.748576531430729,-10.509130428939676,0.6702984412848,0.9343013594620874,1.7864036947105202,-6.616750574054093,-0.4775504820886851,0.01915782629903595,0.45675087737340225,4.666779615294736,3.203252032520325,2.989957716734757,8.939847147861721,-1.5732517290318941,1.8520404191035125,6.4,-7.7,1.1860817748044825,3.4000000000000004,4.008943089430894,-3.8849999999999993,1.8,4.6,5.2,5.8,4.533642838318122,4.19324849823766,17.58333296797239,-1.5480795568464816,1.765794913414183,9.423158543405401,-10.581377109923755,1.7185828870873003,4.693202094207892,5.650276310075943,-5.307281247117731,2.649057970573671,6.523826254179184,7.342260064781563,8.241603602359673,-0.002748351394593425,0.45040330051974525,0.20286313311907994,2.4848489396141913,94.22074664904775,5.174005688228194,-4.502978889176028,0.09624037006656856,0.12874353740862413,0.13522063572870127,-0.22017853636069404,-0.06545600692101614,-2.7153557180525922e-12,0.06328753048760799,0.21862776594675876,6.4270765873065905,5.828439159192432,33.97070303240778,-1.5674729802971907,1.968161077195842,13.371029593194628,-15.8035201574473,2.4703568477017646,6.644055313087936,7.908479964964756,-6.791513571771269,3.5550285490416225,9.179482951446472,10.199083862129559,11.560097008459447,0.06788794811913812,0.8806687221184096,0.7755773981176726,4.955037358923874,34.929917685108265,6.741664046851502,-3.1616420289289158,0.1825913525947822,0.24467405223365765,0.3069987238901117,-0.43712670247483915,-0.12601909402840542,-3.8404834867833415e-12,0.11865495820525224,0.4865310960508197,-0.003995498572213645,0.3306697393303257,0.10934247650878552,0.31150097333261545,26.90167757827476,2.3007883714863553,-1.9948294029530427,0.08588092427211534,0.1168243918455966,0.13239753837239293,-0.17901899746441358,-0.05388234291774048,-0.008025763471534716,0.06294204892785613,0.21197612469828,-0.030791630214672044,0.5383524158490116,0.2898233236504671,-2.676874604950247,52.876543624168555,3.7135489322569453,-4.741010770032293,0.12018906193967929,0.16165143025236295,0.17406444613888047,-0.28121501652077086,-0.1062915606535608,-0.017640235456747966,0.055359869598802146,0.1928263449826505,0.001855518244790308,0.311746383372629,0.09718580754591416,-1.0268258567729145,9.453927016749516,1.384705,-2.187992,0.0465240576167058,0.062641,0.14717791189171958,-0.48110225,-0.027555,0.004479,0.035086,0.496033,0.0026231602223034806,0.4239539467889512,0.17973694899792889,-0.8016310138477766,8.865043177986072,1.9321340160665492,-2.741422347200912,0.06562236148179523,0.08824584462820123,0.20241333728122887,-0.6440774483741358,-0.03908299688583948,0.006276609829800968,0.049162847742361744,0.6802546858820792,-0.0003081122035005825,0.1209039665990873,0.014617769139393215,-0.03172777763884002,17.810451563857924,1.2069237940636393,-1.240619683053292,0.007591077956778717,0.010230680238239562,0.04898733582364493,-0.16248401996257508,-0.005119932892346708,-1.666524860781339e-05,0.005110747345892856,0.1586003094095834,0.0037069624366062037,0.5930238358418258,0.35167726987655284,-0.7736900249889771,8.79578540541534,2.701660850376053,-3.719083407879,0.09258271836851281,0.12435138721676561,0.2830219605637742,-0.9051612022031454,-0.05530229944667003,0.009120571840739871,0.06904908777009558,0.9393193393045802,0.0011998528436167094,0.08793785230791236,0.007733065868528207,0.7569232832377321,14.10630193671616,0.769738086316768,-0.7814339702468676,0.0067094525351613565,0.00905658425634984,0.0370709928723579,-0.12057604740447847,-0.004563193133045123,-1.5312369924563385e-05,0.0044933911233047165,0.12820999190795046,-0.0004358638125834479,0.08973492923234706,0.008052357524334336,-0.19340938128974247,13.566954649077509,0.6827093119468679,-0.7122434142007299,0.0076248895043899475,0.010284378064284791,0.038411010958655435,-0.1299113529031242,-0.005193875617257572,-2.4801817331012327e-05,0.005090502447027219,0.13021734365233106,-0.0018597795270918018,0.14551517695609342,0.021174666724563182,0.17813480712394883,18.43767663606594,1.3597137914743744,-1.5008305536407198,0.007627268051978108,0.010293277328241281,0.05842270109249637,-0.2108507534458352,-0.005272755626118456,-6.240013222818391e-05,0.005020521702122826,0.19413223668773408,0.00493931129177173,0.48678123976698445,0.23695597538908242,0.44483852791008716,7.373149377137997,3.820826,-2.925568,0.0635161616429985,0.085742,0.23919969125873108,-0.823358,-0.039123,0.003298,0.046619,0.894966,0.00698929979234706,0.6571269712364125,0.43181585632634084,0.3791678801701869,6.828498856684259,3.909804502576711,-3.9838177185384596,0.08943407898493118,0.12060274852142441,0.32524108370152066,-1.1191465579516786,-0.0555110917117101,0.0036077943071326822,0.06509165680971432,1.2451365152888796,0.0009534809804473049,0.20507122420117296,0.04205420699536775,0.09699817456625873,16.32743517901358,2.4189917783190857,-2.406620739502399,0.009137309459473485,0.0123257041488781,0.08388942619044021,-0.28565972458995864,-0.006093676894840054,8.246787547586343e-05,0.006232027254038047,0.2872845590757517,0.009896374748915557,0.895640782484947,0.8021724112502483,0.42882051374070257,6.3199216917355,5.236505792269086,-4.784294684044925,0.1251288453315167,0.16913841737448593,0.44856538657711065,-1.5424360674447097,-0.07855170459414491,0.0037569688207731056,0.09058671278034101,1.7333825599599302,0.002600843596597727,0.2475951907382055,0.061303378476688354,0.5603193375725837,11.680158682840894,2.0875052699351953,-1.7173231986828064,0.024370493082388915,0.03289859301956673,0.11108405756485921,-0.3792038627071002,-0.016561361916949742,-0.00017662753079750095,0.01633723110261698,0.3780089360704138,0.001347950095726141,0.2211180295892169,0.0488931830094178,0.24574000180514485,17.249119812859185,2.5875234054633864,-2.2254791351116885,0.007463581850920979,0.010066910891749825,0.0888184746147973,-0.3083890624537055,-0.004871679361976904,0.00010587026874968062,0.0051952315297729215,0.31317001514173304,-0.0014608617753235863,0.1876125967808488,0.03519848647085335,0.09212454470133337,13.308217693602312,1.5447887802445286,-1.4705135834137522,0.010363020948366908,0.013949876738631121,0.07783661291883727,-0.26724845063546415,-0.007032870737565564,-0.00014650922789570374,0.006917006001065556,0.2583452169821964,0.00383414859577428,0.19850081127821162,0.03940257207810819,0.9753323552890235,13.60100472283488,2.338064,-1.275525,0.019638548986325204,0.026550999999999998,0.09024745656899401,-0.295802,-0.009245,0.004424,0.017306,0.280154,0.0054246196591113665,0.24884744719471616,0.06192505197532705,0.34355571578081706,11.163088459553048,1.7935334638224663,-1.48855434266378,0.02640712206472947,0.03559008834329926,0.11203256724054945,-0.3363573843214318,-0.012010779092334858,0.006347030869979157,0.023579309250964405,0.34696709799980446,0.0003459894146923416,0.12989684798784257,0.016873191117176677,0.00960376047119963,15.681846982200423,1.2706915574775752,-1.4935623982857293,0.007595297461748005,0.010247616452412362,0.054263350266145934,-0.18969996574200293,-0.005056505306547183,0.00010426702425665881,0.00519111114586518,0.18866212608162833,0.0076782594953436695,0.3466024616531698,0.12013326642403707,0.24977380986664316,11.166544819269259,2.3782880922194085,-2.0664545478644856,0.03650384167378964,0.04913128159069163,0.1546364434047119,-0.4663082712177866,-0.016171546822901728,0.009295386265198328,0.032959734767789906,0.4770105415811843,-0.0004531408196211305,0.06078958771124737,0.0036953739741034373,-0.7224503143722537,18.189825371284492,0.6759999806740895,-0.5863746473111207,0.006850151725314598,0.00924715430346198,0.02658522051958493,-0.08594433478266794,-0.004576994114295586,1.6544211413389622e-05,0.004670160189166394,0.0866525934238769,0.000488997330962431,0.16285364436947022,0.02652130948441788,0.19085360239422722,15.907050062975763,1.7456555211216185,-1.5687047136526397,0.00838524210163742,0.011338626167083792,0.06783826184139619,-0.2335346263177048,-0.005538689035098676,9.41001112148473e-05,0.005799937131985115,0.23973673615431923,0.0010030811977422736,0.0849601031786693,0.007218219132130133,-0.13614154972591774,20.990381802350637,0.8004239106255138,-0.8692253026630513,0.006524722560134249,0.008796968454325536,0.033774105677791724,-0.10377940004493715,-0.004300007777919602,6.778048535345688e-05,0.004496960676405934,0.11116492063073212,0.00010287666289887807,0.7794761084387681,0.6075830036268463,-0.0026769869221318614,1.303451454627094,2.638392,-2.662058,0.6789576859646403,0.91603125,0.577024419543228,-1.45181525,-0.45686825,-7.2e-05,0.459163,1.44995975,0.00014169653311043817,1.1022108380740399,1.2148687315678772,-0.0026542353690137814,1.3065294221334502,3.730709776078581,-3.7632187631648457,0.9601169785917234,1.2942588773283457,0.8153640561211899,-2.045873458807806,-0.6458035975150882,-0.0017687938199703575,0.6484552798132573,2.054001282154668,-8.40436735223509e-06,0.0139129148862283,0.000193569200631433,-1.1924426486239021,45.09470613930466,0.20364734865677056,-0.48676408481686173,0.014285507888821714,0.019259010072929524,0.011207158481510021,-0.020591118106755187,-0.009532223951639291,-0.00010746082430265931,0.009726786121290232,0.02066297324237995,0.00019250473627094043,1.5579735787879847,2.427281672201441,-0.0025607441492559594,1.317374848090875,5.150628954932695,-5.26065086697418,1.336239601072093,1.8005969551391066,1.1505128332945314,-2.885465189892166,-0.8978879279910672,-0.002734546145100495,0.9027090271480394,2.8972801367711276,2.1196775622646213e-05,0.04515145439950924,0.0020386538343909622,0.044606225663899046,0.09874533610026015,0.2996222152452272,-0.1874230694399764,0.03373946234963331,0.045719425984277126,0.03435778181589065,-0.08106588532335533,-0.022743938742465348,-0.0004780612976965949,0.02297548724181178,0.08253051433198572,-1.1658926259238254e-05,0.005663143390867392,3.2071193065525025e-05,-10.744036573997507,782.8269627130715,0.1787079949204241,-0.33494795576521663,0.004497280040613287,0.006060100151611443,0.003742588672742083,-0.007755394360525042,-0.003073479604881044,4.9509819401084605e-05,0.002986620546730399,0.00763314666223432,-1.687958364276749e-05,0.018845558739152998,0.00035515508419086593,-0.2854320794693582,3.702030379000938,0.07487586042598876,-0.29567753481883435,0.019722491621823823,0.026594865853295922,0.015434672153173817,-0.030510442247736295,-0.013390617651634159,-4.986850722713259e-05,0.013204248201661764,0.030546271302309566
-5.876297049847405,7.819180952264357,61.13959076425375,0.9307897916281784,0.1503899395567032,15.4,-21.5,5.930408874022408,7.0,9.01871820956256,-15.69,-10.6,-9.0,-3.6,9.0,-8.265805508722618,11.107501535340022,123.37659035758094,0.957039338122757,0.18482927622341716,21.821519291236854,-31.183729189841642,8.586739216429294,9.732091247624698,12.785676343832153,-22.128821055839442,-14.979758753722844,-12.844129824256568,-5.247667506098146,12.927363949361073,0.042522697918817194,0.7008839263377735,0.4912382781986535,-0.13714089114107325,63.41911667702965,6.927391551317508,-8.207991786690359,0.28220912849364366,0.38057667194753386,0.31965107024336736,-0.5788810019807848,-0.16334006571490067,0.03509779640184352,0.21723660623263322,0.5746262662903427,-11.566865563152723,15.858586388413938,251.49476223878784,0.9847566986869386,0.19966731770993196,30.68377438990234,-42.424593715897075,12.45473959262277,13.786332219287928,18.139028086982783,-31.094218816167952,-21.13091457104079,-18.433604237809877,-7.344582351752862,18.81296070365693,0.09066931811796845,1.2100429343696983,1.46420390301803,6.137828988459311,56.34916837094175,12.815060736798406,-3.843505254449157,0.33413462013211886,0.4494515085607335,0.46630460085541775,-0.7137477253730455,-0.22088238310452835,0.003559491829144834,0.22856912545620517,0.6985315537981456,0.06075827470047301,0.5718163737951379,0.3269739653402209,-0.877642077153391,12.723592651386236,2.9419886754399114,-3.547776423530618,0.2884107597398873,0.3955056453999993,0.3311712011391868,-0.5517681115176527,-0.1487223301067782,0.04119681698221474,0.24678331529322106,0.8956641148113192,-0.03730431815080168,0.8006744100952496,0.641079510981376,-0.7558138013519633,39.616483436459156,6.738466855003362,-6.409735476873713,0.289046579003952,0.38320828214313735,0.3467098277458798,-0.6236207629070412,-0.18937614668703392,0.020475693673693694,0.19383213545610342,0.4709751037243053,-148.70508646998982,13.08105082589756,171.1138907097152,-0.4244657779679383,-0.25978460797939107,-110.0,-187.1,14.381241519504322,19.399999999999977,148.70508646998982,-172.19,-157.64999999999998,-147.6,-138.25,-130.81,-210.20432611565127,17.78027179701167,316.13806517560863,-0.29682767504259905,-0.6236520234107843,-158.6913680282466,-259.2738554135494,21.07078213765571,28.99061718120842,210.20432611565127,-240.09657857226114,-224.15818604824358,-208.0389127977446,-195.16756886703516,-185.9305059296828,0.08225553272066924,5.029782690705051,25.298713915716142,0.17221099037015958,1.160307684684593,16.368343081352883,-17.36064102922197,4.397604620488255,5.876400231567699,3.793109111825668,-7.409807484419282,-2.9751826516420694,-0.12433602446700043,2.9012175799256297,8.761678307010262,-297.00475419984565,24.264482155748006,588.7650942866134,-0.31029737961643744,-0.7229273589915248,-224.77573317656575,-353.84881790034405,31.203236297774254,43.78250190833785,297.00475419984565,-338.5417837005846,-317.75213908746366,-294.0457614501222,-273.9696371791258,-266.8698887339265,-0.47580918639136754,6.390665480567028,40.84060528451101,-0.08108844352137823,-0.3039280247990712,16.28454524114877,-18.36104021715357,6.71516869314598,8.839634640650234,5.175914788443582,-11.025997617217048,-4.90207093501953,0.02795880241828641,3.937563705630703,9.56382761643183,0.11998889382396234,4.534936532061207,20.56564934982332,0.11363361707980905,3.2502128683636116,17.37652273740842,-17.1286025544286,2.484739187998037,3.3701320346904566,2.970882925303017,-6.600634151368308,-1.704818994918564,0.05400538896023943,1.6653130397718927,8.356821550298397,-0.18733913888862258,5.413462959372519,29.30558121249827,-0.14668768092936083,0.23826579291029626,15.470204334870742,-18.5784186076545,5.749096860992338,7.790970555213188,4.332994272806108,-8.278101655550497,-3.8174617413383602,-0.24274289515052977,3.973508813874828,8.002102216491082,-1.3868769074262461,7.2540584432701,52.62136389837823,-1.1740113199796811,1.6086608336532144,11.5,-32.0,6.671709983275209,9.5,5.4660223804679555,-14.780000000000001,-5.6,0.2,3.9,7.2,-1.9876333511759925,9.667108125305967,93.45297950635664,-0.8834679175239327,0.5292305441955012,14.412854154185222,-37.71358737635072,9.61219069825705,14.73374169915437,7.5940742325366255,-19.185127180720407,-9.293407989449054,0.3816449958609975,5.440333709705316,10.15074558438278,0.036341678360568994,3.3672294074445346,11.33823388235927,0.2105661891182827,4.966633070891541,15.387802651510075,-15.137166196477901,1.531562930440351,2.1033449027205235,2.056462110198901,-5.429446647161785,-1.0236499419028084,-0.01841267808043537,1.079694960817715,5.988083219423415,-2.8836698957007663,12.31903336223793,151.75858297993116,-0.30133136309013087,-1.2043140278383944,16.053383915603042,-29.41060396341381,15.638706140742892,22.830314812298788,10.517603637827794,-22.201937771123934,-14.849406593267279,0.5443061744763965,7.980908219031507,13.50560445556297,-0.22454126152211326,5.800565350251189,33.64655838253469,-0.5165804804310551,8.569968399682432,26.677327815546896,-30.0416460943147,2.5977542790450894,3.4782999167509168,3.284668115482283,-8.587944198219496,-1.774968553899649,-0.055776018544739236,1.703331362851268,6.234988288034723,0.048804855493850836,2.4615771463008045,6.059362047190413,0.3387144839119347,4.7537326659983785,12.198185845909196,-9.271673282868406,1.2178537003214587,1.5973316801780895,1.5487352642086076,-4.200978243005624,-0.7318564160723597,0.04193345712642691,0.8654752641057296,3.785365872403448,-0.2759010345443111,4.028516713652232,16.22894691217538,0.3588874777765586,6.70772845414465,20.024845627313553,-17.513296128344336,1.9001519466620882,2.554941472522265,2.3892881387033715,-6.479685730895655,-1.5470690417598698,-0.2686252380879684,1.007872430762395,5.568264443467335,-0.6688708036622586,4.320384793932362,18.66572476764198,-0.009920695768451279,-1.4520263988459707,7.1,-7.0,5.930408874022408,8.4,3.8867751780264497,-6.7,-5.2,-0.1,3.2,5.6,-0.9532856037888221,6.132828305824236,37.611583028718975,0.0017997599725202993,-1.4534201168570533,10.05384876517682,-9.873616926038135,8.479461959147088,11.935857660482437,5.524368189102011,-9.391656838896912,-7.426359869577185,-0.2169482537179347,4.509497790905252,7.972691323686515,-0.0037053983859901465,0.15692748913395607,0.024626236845887897,-13.7928397220312,264.189918052558,0.5461077896157455,-2.9933153941404447,0.06422224595270472,0.08540810000814564,0.06136640492680156,-0.11101294082694979,-0.04286675457385716,-0.0012622632799692557,0.042541345434288474,0.11264882060112803,-1.3683688422855096,8.735620992823522,76.31107413025903,0.01883274002267131,-1.447546257661761,14.20723952997262,-13.90110599591399,12.209179433400134,17.090030203579797,7.865567633786168,-13.322310400347973,-10.736350125628942,-0.30966021918181375,6.353680077950855,11.51475786315321,0.020550916275063003,0.3207933374045903,0.10290836532317531,12.92650936149919,189.8709575978693,4.777130169657989,-0.8523516045141281,0.07463008654362126,0.10127114395154797,0.08810822928367008,-0.1455759927773538,-0.04374227906630556,0.002020461804686846,0.05752886488524241,0.13965360636725596,-0.004939428201792649,0.13367656963071795,0.017869425268236185,-6.84534089909393,64.48717901910513,0.34287615655001974,-1.321947313854425,0.0627368480765749,0.08692638781438539,0.06278332028037441,-0.10918249629299522,-0.042663515076059595,0.003663467314836612,0.044262872738325784,0.12114377971405457,0.004746226826885353,0.17523321005888257,0.030706677907540465,10.058423536916488,139.76263282320994,2.41244304590732,-0.5001687125359024,0.06636195728092253,0.08589808083290718,0.06773831348192656,-0.1271866821284808,-0.03841746572244974,-7.20822866258769e-05,0.04748061511045743,0.1065861379741031,0.04883011190233979,3.2668556805071973,10.672346037262145,-2.1870570263120928,4.215272878223176,4.0,-14.2,0.8895613311033613,1.7,2.2901322482197353,-7.8,0.1,1.3,1.8,2.5,0.08327375883914337,3.6448542545632425,13.284962537007772,-1.483244099133354,1.4416426985964348,4.165240590885387,-13.267190874091199,1.580933826465545,4.048879591960556,2.9256472182498214,-7.519781794870906,-1.585206616326902,1.6779353317794656,2.4636729756336537,3.366196207906701,-0.11377600806069485,2.81545535067417,7.926788831639814,0.436334782399624,3.5320128693023056,11.324783506061872,-8.634441162343448,0.5059687908885111,0.6875533484462,1.5360193291307012,-5.6983169838192,-0.41091689847968305,-0.04297514262625901,0.27663644996651693,5.411527857047339,0.15726327543014007,4.730702502562895,22.379546167754842,-1.195064241040159,0.21643842231881827,5.5454506891367235,-15.880114470728897,1.6910416103815917,6.253804990140243,4.034024422550413,-9.265679437533468,-2.779581116881201,2.58631109208005,3.4742238732590423,4.296192803186814,0.10723324892150175,1.982060118754567,3.928562314357368,0.6056161640192862,3.8319669947764705,7.871376948262602,-6.906387915252181,0.9796088327763983,1.2400099631734318,1.2073302684357812,-3.3501152993604517,-0.5178381635877413,0.015220368912871096,0.7221717995856904,3.7461781450364673,-0.1591502141107424,2.975974742523049,8.85642566813513,-0.10499521916594556,5.218230831251169,11.82098275891328,-10.591884283648742,0.2124434660589631,0.31250937030132514,1.4324840740755016,-6.577535617493088,-0.18076395983361376,-0.002927572142371367,0.13174541046771138,3.735975199376398,-0.003805522944154709,2.603153341147305,6.776407317526377,-0.7052413722127716,4.912208740485825,8.854247411696274,-10.752335840446177,0.6142915581671318,0.8444311089281724,1.4017765717476123,-4.874379896788518,-0.41353323961123,0.027455422598410356,0.4308978693169424,4.013972971767032,3.118107833163785,3.21470706065557,10.334341485828775,-1.6776083390911922,2.171167389097974,6.3,-8.3,1.1860817748044825,3.5500000000000003,4.091658189216684,-5.0,1.65,4.6,5.2,5.8,4.4131861279126285,4.49642106228384,20.21780236934974,-1.6859159730617108,2.2986182134844855,9.614256688435814,-12.374321329986346,1.724194201582174,4.945969732979372,5.747154297258625,-7.053251952671362,2.3594046000184106,6.5254719870095785,7.305374332997783,8.193764158640432,0.03766004556309163,0.5692708342446838,0.32406928272163826,9.100269206194167,95.50644912883953,6.376086806391333,-1.8912902785374972,0.0900337270751108,0.12333020160159833,0.157229948190204,-0.2532275467696943,-0.054296767761108124,0.0043813101367489865,0.0690334338404902,0.24431300367600958,6.2507017226371655,6.2371915442143,38.902558359218375,-1.6242694883243678,2.1679896602564916,14.097203521842138,-15.988073903540114,2.525510065998946,7.206213636398992,7.997417834830424,-8.472146562889982,3.122462637726848,9.162452160676597,10.32867627412584,11.595887456333845,0.06469347534672654,1.0223135808083466,1.0451250575051838,4.074725239070036,31.189573789123834,7.22383966078173,-3.760947403406025,0.16936112912106613,0.22716852173888963,0.3457735174309351,-0.4758135886989152,-0.11190873143075813,0.0031499739313256836,0.1152597903081315,0.43416308957010036,0.05219181669982295,0.3682130739459731,0.13558086782474266,5.352329269508441,34.02929869408772,2.7761766129508882,-0.8780456653484932,0.10078643519826903,0.13492921198662866,0.14473880429067837,-0.195081333137465,-0.060808223182071255,0.0011508968887368118,0.07412098880455742,0.24996743481071548,-0.10188121964003044,0.7023635044815008,0.49331449242753517,-6.986259877559413,51.88362825375352,1.7314919817430414,-5.78826486134892,0.12817942925153353,0.1720876374968499,0.19870719681583385,-0.29573146533541433,-0.11581710785241672,-0.018652423813787414,0.0562705296444332,0.19462251311317105,0.003081530286805777,0.28120593633068924,0.07907677862761966,-0.465141816722689,5.953730741261552,1.23589,-1.853335,0.04740472333449812,0.063889,0.14316004257228027,-0.515127,-0.027971,0.004479,0.035918,0.5156892500000001,0.004361689889434152,0.37825162006853286,0.14307428808446973,-0.23812999973198165,5.422236091666397,1.7557565847582692,-2.0990161219664696,0.0665212301105957,0.08964156783654066,0.1938160176360612,-0.6733161427282113,-0.03981952614992365,0.0060424833206339295,0.04982204168661701,0.7031038743373157,-0.0004282205668438749,0.12274190431633068,0.015065575075199275,-0.12672720882580849,14.716184976614258,1.2698890302535366,-1.0910143640128267,0.007747031395323482,0.010438367751862437,0.05128155311320659,-0.170334937142717,-0.005232082986945713,1.864088613738764e-05,0.005206284764916725,0.17102858058139395,0.006179050764809198,0.5270010932259241,0.2777301522613192,-0.20803552481112833,5.442452533868543,2.3831118030786924,-2.588230416719295,0.0936067942665399,0.12621754544302893,0.27051029863426174,-0.9248400405718018,-0.056209290011276766,0.008010577997386852,0.07000825543175215,0.9861572498816003,0.0035934348026416267,0.09141502498191048,0.008356706792443318,0.36747870365780483,11.084926031251655,0.6744290973817462,-0.7781724831717309,0.00683704511855672,0.009205785096040031,0.040092855301225305,-0.12492113078006638,-0.00442469674845064,7.698574503987258e-05,0.004781088347589392,0.158061027724465,-0.0006050367258662333,0.09082537356680179,0.008249248483549097,-0.16584178456674356,13.371558749975705,0.8042579799412899,-0.8045107040582935,0.007693638332417018,0.010373751020402156,0.039688140106837376,-0.13376990425529636,-0.00520933168662277,-4.480070866021073e-05,0.005164419333779385,0.13498640743701595,-0.0009906588211729002,0.1479043534063963,0.021875697756564172,0.24005917717308556,13.816772633370249,1.2451038217337371,-1.4082194060245075,0.00786545660769344,0.010630946118721448,0.061555238482534295,-0.2168978538377056,-0.005375375758641005,-1.4289416794584751e-05,0.005255570360080442,0.1982508611711221,0.007813836439672388,0.4870382735683011,0.2372062799203913,0.35015020435569416,5.9669076012690425,3.061106,-3.068811,0.06431676684099152,0.086763,0.24621797417011546,-0.860356,-0.036779,0.006963,0.049984,0.892307,0.011046554848248432,0.6509019227590527,0.42367331305143174,0.3072936516955132,5.5559534046561385,3.7766920772558996,-3.845767356877582,0.09001402472543561,0.12135371754149729,0.3314242651078574,-1.1753917113085448,-0.0519262046736559,0.009043915252613333,0.06942751286784139,1.2084056657375497,0.001036955346868707,0.22516041965442826,0.05069721457895824,0.3370668984768108,13.707347577503626,2.0314632286270915,-2.2601662128625373,0.009485280952993084,0.012802590812466767,0.09375058699657951,-0.31651805576001346,-0.006602350396104963,-7.107033518102921e-05,0.006200240416361803,0.3320200559850687,0.015610884584226978,0.8825841228990267,0.7789547339934443,0.31402974531362565,4.858997906415438,4.865289989133814,-4.373739002932513,0.12570054767040637,0.1696739568873432,0.4557825711226487,-1.613722530158624,-0.07269897016363423,0.012493052002157407,0.09697498672370897,1.7635824893982335,0.004554601608542903,0.2611991531384614,0.06822499760024943,0.15646735594739813,8.320003139816016,1.7624836643929744,-1.7883944007976245,0.024668237892845103,0.03328217922581771,0.1212756874461057,-0.4198315672450345,-0.016341427671178625,0.000270941853296053,0.016940751554639078,0.4547287661746299,0.0014660665354598809,0.24946124486059346,0.062230912687396965,0.25355738352093093,13.092920743420102,1.9825965702757986,-2.2334823376745883,0.008088984207204115,0.010885212507552772,0.10298867568358117,-0.36113104811187263,-0.005534532941304384,1.3639092850115098e-05,0.005350679566248387,0.36299372690231063,0.002231587105495877,0.19784071605926623,0.0391409489308432,0.05287171848667734,11.435207652851611,1.446869027566671,-1.5249931895286484,0.01065189133257577,0.014362107010816555,0.08405812940932345,-0.2925399977484421,-0.0069867762924119385,7.947973764732249e-05,0.007375330718404617,0.30810063321416764,0.005342460596764392,0.1748442879896236,0.030570525042598433,0.546721377140725,9.054275383153671,1.63153,-1.206275,0.021519971201608815,0.029031,0.08608598373513154,-0.27786875,-0.009124,0.005573,0.019907,0.28624775,0.0075558437384827875,0.20874967810743172,0.04357642810995636,0.16230534252173937,7.514817700641933,1.3552717735026698,-1.190495510254647,0.0284514282034973,0.03838682331600334,0.10452567303131931,-0.33315193054428927,-0.011028710433167463,0.008091613020195862,0.027358112882835878,0.354179379389575,0.00030763010059512146,0.13251122273101656,0.017559224149669084,0.12716605709476955,12.012855743931498,1.2568742785937554,-1.5186807554629151,0.007766714238752343,0.010487969688342336,0.057736854651232856,-0.20400803206821427,-0.005283656198580754,2.3039594478406966e-06,0.005204313489761582,0.2038761207632037,0.010686814394304378,0.28837532392152393,0.08316032744684386,0.1140195564641147,7.446032508969774,1.6773294318890066,-1.6445630384947645,0.03941950167702683,0.05323365190109439,0.14377249094073852,-0.4527941357667527,-0.015027400695880364,0.01146901515986476,0.03820625120521403,0.4924793764141146,-0.001800915594754814,0.0630410130303403,0.0039741693238915365,-0.49518550741139017,11.426395038699326,0.625122143437926,-0.5048018611327727,0.006953590296903132,0.00942345247373853,0.02881622426925309,-0.10219570656311103,-0.0048646552488695385,-6.730248467589836e-05,0.004558797224868991,0.09373736996106628,0.0004346711008575021,0.1668073905234687,0.027824705533249002,0.1741631382166902,11.615571291873142,1.5078740530204235,-1.6363752767818807,0.008691861031201325,0.011744535201929033,0.07314936011600941,-0.25939481487241905,-0.005987839953106757,5.351881056692628e-05,0.005756695248822275,0.26969464168577506,0.00095777436193022,0.08536238737926534,0.007286737179087758,-0.08465917048984065,15.623443995244092,0.7746861498551804,-0.7533663908604188,0.006749739867691526,0.009096964885692008,0.03574951136102589,-0.1118685011360097,-0.004386364293485289,0.0001055373101107427,0.00471060059220672,0.12040505899422152,0.0002106628078603883,0.9185623990975211,0.8437568810357937,-0.002079917731690521,1.5955856789375895,2.94595,-2.944737,0.6957451908847793,0.93809575,0.6507484531299743,-1.77441525,-0.468168,7.05e-05,0.46992775,1.773726,0.0002914077745354967,1.2989231223560718,1.6872012777912466,-0.0020620517714173147,1.5986698018888017,4.168851580069902,-4.139661623989503,0.9806927892678979,1.3230136888934256,0.9196701606880415,-2.503831420479374,-0.6601456740483094,0.0011693187949408414,0.6628680148451163,2.5143525016539154,2.860128763977185e-05,0.013436570170831547,0.0001805414179556801,1.7216437815080856,51.30369536050937,0.4619262961261715,-0.07931666458441157,0.01344959761865491,0.01812230029313821,0.010603503935553529,-0.019983497112951675,-0.008909567659742854,-0.00015659014111806153,0.009212732633395355,0.02003345488056639,0.0003913923109709994,1.8362935355543328,3.371973948718632,-0.001981198208220904,1.609089426220418,5.846208259797854,-5.838108169331773,1.358243136882229,1.8315486110202286,1.2982865142021311,-3.5254067951034505,-0.9134796003411435,-0.0011571484022351412,0.9180690106790851,3.5504252852974334,6.632395730341579e-06,0.04356838146917057,0.0018982038638431654,0.06268321599590371,0.6203700982320264,0.37199485538971294,-0.20645878550701255,0.032896380209533775,0.04437160824321436,0.03289374742163337,-0.07814022046384107,-0.022098265857687517,-0.0003334724576913445,0.02227334238552684,0.07884782443082597,4.06422511241609e-05,0.005499582617849455,3.0245408970551864e-05,15.233147035807663,776.5430068060052,0.30829526390921347,-0.06756561278782271,0.0040449513203496944,0.005454440422435003,0.0034986737224236668,-0.007201101845223041,-0.002756111648988523,4.688689956139266e-05,0.0026983287734464807,0.007203991267786759,4.209951141435824e-05,0.018193633444910883,0.0003310082979277798,0.2391393123912836,6.173740657965254,0.28840663784418524,-0.2325551270334965,0.018284032732702224,0.02466387026500308,0.014567355719452292,-0.030285526895922853,-0.012384941776839431,-5.2313275798027224e-05,0.012278928488163646,0.030237353266782212
-5.507621951219512,7.573891614109775,57.363834182282375,0.8171483391986237,0.2300099727080731,14.3,-23.3,4.892587321068487,6.2,8.583638211382112,-15.584999999999999,-9.9,-7.9,-3.7,9.2,-7.732632103982958,10.75048456120078,115.57291830061635,0.8434351441565594,0.23543795329023087,20.151631080322456,-32.11289073067741,7.043069839516146,8.829340175474492,12.155428321352266,-22.15677444920625,-14.048166950747556,-11.262255466736937,-5.218826775273063,12.95368796222481,-0.04095665347018062,0.6771400801834048,0.4585186881907879,-5.401416372033768,56.619601660408655,2.1324961246440077,-8.27860355038736,0.29630934298353173,0.39657730212984704,0.32818134806238713,-0.6620646706377633,-0.20101498005655066,-0.011185342838429535,0.19556232207329638,0.5884539329042552,-10.790932683543287,15.305401868202647,234.25532634718107,0.864846685968375,0.26607771145943904,28.49750060183249,-46.22678776720218,10.083341946770595,12.314752680358266,17.207592980274697,-30.260962606331752,-19.809778178661954,-15.89365504344646,-7.495025498303688,18.389782957519618,0.1455799700974632,1.2439925559516474,1.5475174792631128,5.8695185542215755,46.405998728046804,12.228787654654688,-2.41130220519606,0.3234553411813332,0.4510852304295071,0.4992635129887127,-0.9575185450141461,-0.21498346448916278,0.04838022542724929,0.23610176594034435,1.1043020554036191,-0.05869409962016433,0.5828655349590361,0.3397322318430834,-2.749655163304607,14.96004915784097,1.8212520946108162,-3.973803775356821,0.28494249431534985,0.3728784367581508,0.333521986418759,-0.6845763626723397,-0.1901147751274449,0.017897785839080683,0.18276366163070593,0.5070866716203635,0.0749259357414266,0.7491484624409392,0.5612234187776234,4.220290265909893,29.117609602334007,6.491308846470273,-1.9380814500404189,0.29992892999905024,0.4275219033671748,0.37058417284178413,-0.5784272421065879,-0.20624157237838817,-0.011349624052454392,0.22128033098878666,0.6502306171591172,-148.8356707317073,12.67422797785616,160.63605483467185,-0.38247860332190925,-0.10145061037603842,-109.4,-191.2,13.714070521176819,18.625,148.8356707317073,-170.9,-157.625,-148.0,-139.0,-131.0,-210.40393029756868,17.313980791741717,299.77393085680114,-0.2690192620656632,-0.42452281715749063,-155.51994608667493,-259.72579242480225,19.597489549281352,26.84851877909793,210.40393029756868,-240.08750187432912,-223.16144097398438,-209.2914758129664,-196.31292219488645,-185.5528774543473,-0.08068327048150242,4.580054890233126,20.976902797548373,0.03530910994615372,1.7645197740324488,18.968317922659228,-18.081227246598502,3.7090116701474773,4.933047310595537,3.4008412478038985,-7.778307274155347,-2.3491268292475,-0.32945519085394004,2.583920481348037,6.835480612958564,-297.28250016598025,23.53188233493139,553.7494862250559,-0.26791632835918333,-0.6178405877320348,-221.45740870829565,-355.60209681195386,28.13435652765679,38.588222367249045,297.28250016598025,-337.8783647176309,-314.66300679913564,-294.57360760881176,-276.0747844318866,-266.45661821901325,-0.15168616578898336,6.640667832906472,44.09846926699875,-0.009339829397186179,0.2073507726714916,20.7634449870603,-24.089645245695984,6.8961047131554905,9.279012518200961,5.2848650913081245,-10.675603980746937,-4.936262114069453,-0.27165498911702457,4.342750404131508,10.084482999603368,-0.10308866158399149,3.2004412769506816,10.24282436720971,-0.26649747063416346,1.7487130620342946,11.358878241194327,-11.258735098523617,2.766338171445086,3.541628693679008,2.3576626429414183,-5.692315594086711,-1.8558382709748114,0.04536234486419591,1.6857904227041964,4.436398211339625,-0.8072630352683703,5.524267735884093,30.517534017729968,-0.32516651569551913,1.270306453537363,16.68137160088537,-19.916705866934567,4.81826630034006,6.446293468442809,4.150924930677092,-11.003534721148913,-3.92175491347122,-0.28507351376281176,2.5245385549715884,7.206793978356917,-1.1083333333333334,7.44178980041793,55.380235433604334,-1.462870056209008,2.550532215939577,11.2,-30.0,5.930408874022408,8.625,5.376422764227643,-16.154999999999998,-4.425000000000001,0.5,4.2,7.28499999999999,-1.5927221448220377,10.018043093144353,100.36118741609727,-1.3395554414156858,2.076761053438938,13.106638741441863,-42.64248459815314,8.478615156564919,12.479582114049128,7.358131445165045,-20.731947927423484,-6.948683286885265,0.582656384227941,5.530898827163863,9.727225891164084,0.17062236502939424,3.1524478888498875,9.937927691914112,-0.1429209314065456,6.678962915461515,12.382557825590286,-16.084923238355316,1.500102799798255,2.0735094700860977,1.868793502536554,-3.5434692199186903,-0.8991651865625594,0.0052309856204224014,1.174344283523538,5.34522422687311,-2.320714218564527,12.304489146373081,151.40045315321296,-0.5314275679989591,-0.825359236343501,15.723733606855713,-34.19484745925791,14.246627736408422,22.08830497102601,10.09969709795892,-24.253165291090347,-13.704582399654454,0.6915002508708439,8.383722571371555,13.216946586625753,0.15007728168634732,6.890125172924707,47.47382489857072,0.012315062800382068,7.341977832794649,30.810105870363632,-30.22494574483636,2.5284699956126024,3.397698579196223,3.664442633352181,-9.1059393336446,-1.5883833973655137,0.12021244966733219,1.8093151818307094,8.068431232415904,0.23649216555466476,2.0281202118915473,4.113271593883015,0.531131988860891,6.3837195962593185,9.871511601028779,-9.70237079966311,1.2676253762501222,1.6997988845222092,1.3066828260759207,-1.988206169471929,-0.6848819635377057,0.03970970738448989,1.0149169209845035,3.6473119457094034,0.09169682085280476,3.935372272795362,15.487154925486532,0.3907163334837543,6.3234851745211635,18.73215526857352,-13.415272613201743,1.7973376174921554,2.3507858543738234,2.307800982750579,-5.347017710749515,-0.9863459991904655,0.09264565102815162,1.3644398551833579,5.361789176843587,-0.6204268292682927,4.180896768074578,17.47989778529645,-0.048356216615045335,-1.4495622416669205,6.9,-6.9,5.930408874022408,8.125,3.7748983739837403,-6.6,-4.925000000000001,-0.6,3.2,5.4,-0.8777908406737531,5.9326843160723115,35.19674319417039,-0.037808393465378204,-1.4503755420010493,9.699904438800498,-9.769874101344087,8.45565967510387,11.745866315802605,5.359180447740078,-9.32753051297484,-7.097258907018427,-0.9633185737976412,4.648607408784179,7.7008070313511725,-0.0066593327654811294,0.16567441427146087,0.02744801154419164,-16.636384593891275,332.263894044984,0.4101864871751335,-3.349648719331254,0.05706897076640229,0.0766118718800633,0.05550547559179694,-0.0906066810849098,-0.03803235619780859,0.0007466152586154684,0.038579515682254706,0.1031081501503273,-1.2643675814782902,8.45074101826001,71.41502375770222,-0.021306405995197366,-1.4455400154364506,13.614622721489841,-13.790586654050221,12.027374396721948,16.72935803509698,7.633866529189732,-13.24074633513452,-10.087791303342435,-1.3213071974490864,6.641566731754542,11.046665315519181,0.018855208654008655,0.34458047718340645,0.11873570525594408,12.49209250728937,181.43833479825042,5.070322438598169,-1.0015721006244163,0.08228816113401693,0.11025084704348698,0.09960897197420086,-0.1386375833144209,-0.05949323237133644,-0.011683163105566718,0.05075761467215053,0.16260594509930487,-0.009071270995641116,0.14025069978314533,0.01967025878966196,-7.858641397929431,76.42825663235045,0.22487943711103936,-1.4718559505221964,0.057855146315530785,0.07615857557140265,0.059121347991315354,-0.09363544307533071,-0.03816432224255162,0.0010181644668846527,0.03799425332885104,0.11581595851095963,0.013042619110018932,0.18553812047638368,0.03442439414990906,12.655277495660057,183.10319577668312,2.7402791620031266,-0.28688143147081346,0.0587212332110678,0.0807451356535425,0.06178923471632126,-0.09238848582629652,-0.03929986305830287,-0.002046463522989222,0.041445272595239634,0.10656741099428149,0.22123983739837397,3.106563679324397,9.650737893697535,-2.3875159778501134,5.62444682704249,3.8,-14.3,0.8895613311033613,1.4,2.234451219512195,-7.385,0.5,1.3,1.9,2.5,0.3225815371610633,3.3796132599029733,11.421785786512004,-1.485442037110792,1.3776393941222977,4.314611913992348,-12.346625980585696,1.4112553511099983,3.6301861977758474,2.806301395551562,-7.146799855080809,-1.0852321626213177,1.8130707855664456,2.5449540351545297,3.3366313036917234,0.07488330888117405,2.788174546143467,7.773917299762329,0.8276491652032304,4.227061521823766,11.559294628823297,-8.693270989699961,0.4911020446205726,0.6460134485476321,1.4935072417928381,-4.950275826579391,-0.3502212857880439,0.0016964311535320326,0.29579216275958825,5.6172786757087385,0.4893710407230814,4.285716977442441,18.367370010738366,-1.1115026252857267,-0.1976338430908453,5.362215930511535,-12.038192701822576,1.6204074532007615,5.884065263284548,3.8183202433403314,-7.581783985285115,-2.4414841487849834,2.6886722707232678,3.4425811144995637,4.300214957714227,-0.08372798400115662,2.0579000083340375,4.234952444301232,0.5519593679392787,3.6675209709190604,8.339101224564509,-5.859659652562719,0.9673142067294018,1.2719958633391117,1.2580330475802077,-3.7151789511273297,-0.7270720619932183,-0.028707817399028973,0.5449238013458935,3.376031270394266,0.10437738774117296,2.158465280576584,4.658972367454551,0.23569640626254723,7.2534394545555685,9.741289346267468,-9.382419103351062,0.2350934937578914,0.3232101169270852,1.0353984871423079,-3.368469308453194,-0.13342739201298193,0.007915471740993604,0.18978272491410325,3.2986547811868654,0.01204768829560959,3.2668425045298966,10.672259949403166,-0.9125634686809808,3.9491006746117288,9.046692565177441,-13.971284971904668,0.6726586298446967,0.9592028804062879,1.7936357295991872,-6.068346901836751,-0.4303736306602489,0.013764722480389794,0.528829249746039,5.405024075382316,3.0508130081300813,3.291723939441053,10.835446493489325,-1.5916525621163296,1.74388760688589,6.4,-7.4,1.1860817748044825,3.625,4.103455284552846,-5.3,1.5750000000000002,4.6,5.2,5.9,4.317516552104779,4.621719646925706,21.36029249477907,-1.5408109421137763,1.5571267765941528,10.475886850924777,-10.0475325904241,1.6861348100915905,5.163918973789382,5.787137456549001,-7.1212582692704816,2.094621907482261,6.506852093504136,7.258540881271643,8.312767503090592,-0.040295261282184525,0.44391669411195883,0.1970620313112904,-8.757180046071104,86.6209468491689,0.6169122470659081,-4.834842962375524,0.10219710562860536,0.13856109160118302,0.1426314371986367,-0.2606795053081075,-0.06359568215848362,-0.0017012894802820033,0.07496540944269942,0.20541831544439793,6.119781811156954,6.430764499238268,41.35473204466322,-1.6183121237451867,1.9187751324845497,13.607982283565713,-14.724051261703393,2.2018134228210986,6.851373205100831,8.118403790447715,-9.881466844504999,3.430735555468413,9.1911000102064,10.282108760569244,11.68262792320736,0.0985315867562167,0.9229174626277723,0.8517766428232856,6.361556562064784,44.238898346510766,7.349263333527031,-1.474194090368616,0.16185739686254114,0.21539356915152824,0.29255822452954633,-0.4385317219328834,-0.10825574928879644,0.001072876387331223,0.1071378198627318,0.4315518305690582,-0.056523438310944446,0.3511914126950316,0.123335408350732,-4.28018033700309,19.42465069161097,0.431163822940648,-1.9984666878531472,0.09527839040314845,0.1284373658252285,0.14589732521413318,-0.23607747807596086,-0.06445734019621807,-0.0009831827786775482,0.06398002562901042,0.16381563899137613,0.06457336659829942,0.511087636263537,0.2612105719414496,6.216199606528376,42.66368869827803,4.017543832409601,-0.580147881520217,0.13241359104510594,0.17730656180103754,0.19193934924368755,-0.2873265867659971,-0.084646369447815,0.009545448281918646,0.09266019235322254,0.3119106274813669,0.0014996885231395455,0.2801609544840555,0.07849016041741701,-0.5107002891081409,6.877598408568705,1.352374,-1.996148,0.04564339189891346,0.061630000000000004,0.1392859291213167,-0.48928900000000003,-0.028208,0.003052,0.033422,0.49120400000000003,0.0021242696495324498,0.37880723200856836,0.14349491902199335,-0.26015080392382867,6.330116179108456,1.8898924620011524,-2.276165595827127,0.06409140655998301,0.0864732958832167,0.18980565633207547,-0.6444167115775233,-0.04017224999912359,0.003367513356472265,0.04630104588409311,0.6835878360402401,-2.3544033890657665e-05,0.1160677006738626,0.013471711139717365,0.0656490291566067,17.342087019521973,1.3949600558761448,-1.1802991039794073,0.007492003157982875,0.010107449922882254,0.04727403794881637,-0.1536340712368987,-0.005044815908387009,6.041633307772251e-06,0.005062634014495245,0.1554342064827583,0.0030135862071177947,0.5291954320713365,0.28004780532516843,-0.22118043015032465,6.33791829767773,2.5707941590184498,-2.9031247357671335,0.09052996015366782,0.12215952234502149,0.2657058607292381,-0.9176279965597658,-0.05679955927620556,0.005088686067471914,0.06535996306881593,0.9587250399266403,0.0038605475026608905,0.08292840952010093,0.006877121105533565,0.34308918114383874,15.084345902381525,0.819787137837939,-0.7603179287173452,0.006543297680487292,0.008849187592887352,0.03510097879095279,-0.09784357576031383,-0.004205176211995404,0.00010976383327226534,0.004644011380891949,0.13197096399775246,-3.351963808641822e-05,0.08697197951490453,0.007564125220740973,0.025270690328890785,13.401007435733046,0.7160199667779376,-0.7417835809973689,0.007512019402105341,0.010131185094335679,0.03749079172092281,-0.12678682906981042,-0.005015855846068049,4.8443239560037555e-05,0.00511532924826763,0.1269398595159996,-0.0010114335591015983,0.13918881047349224,0.01937352496102574,0.10028649587803194,19.72244125875075,1.5960643623692419,-1.517493243764166,0.007475307681565927,0.010071139705435368,0.05562557056036099,-0.19173070837425943,-0.005062688024380893,-5.042562990216543e-05,0.005008451681054475,0.17620458630411615,0.006199168642892959,0.4728228401079666,0.22356143812776375,0.2819307165110376,6.446200875305671,3.119689,-2.964503,0.06128929311080308,0.082678,0.23541259739551068,-0.822171,-0.036239,0.00522,0.046439,0.859485,0.008762341291347127,0.6399760490961284,0.40956934341669005,0.27407799353516205,6.059963478279293,3.6023486634098267,-3.7034224752973333,0.08612783498112996,0.1161850281108484,0.3210455969837659,-1.1217590113924345,-0.05099731101992659,0.00709294949249019,0.0651877170909218,1.1833629384923396,-0.0009567369976696335,0.19368353812529138,0.037513312940731194,0.05368398563214125,12.55049796691178,1.7527784695065989,-1.6974182561515532,0.008861317035347748,0.011963439845908752,0.0809919039126374,-0.27962332826818637,-0.006086136019485723,-7.529938649471896e-05,0.0058773038264230285,0.2779194886516873,0.012378714780745698,0.8702006955014355,0.7572492504511822,0.34336685618628465,5.484897033760685,4.898994965531185,-4.680580087496715,0.12040235815896982,0.16254863384569063,0.4424614426586975,-1.5158898283268596,-0.07221536204690919,0.008897716841723136,0.09033327179878144,1.697380430566464,0.0027765125847987577,0.24847096454571463,0.06173782022227777,0.38158818170288455,9.129409188203919,1.7996603155873963,-1.9324404101491666,0.02391928063865285,0.032261379627056955,0.11416136138783081,-0.38806733430573687,-0.016459712817427585,-0.0003070240819377304,0.015801666809629366,0.4083497655382739,-0.0013530072115675504,0.20928097852312796,0.04379852797159795,0.2975135062142811,12.472180679287316,1.6160084900028062,-1.6594367032538264,0.007438183970289603,0.010057512413964013,0.08688950526567531,-0.3217644246801247,-0.005211559535905743,-6.157312768616446e-05,0.004845952878058271,0.3020313562982404,0.003160481764548392,0.17664891266187255,0.03120483834462187,0.2288980322303072,14.384018325501227,1.5458020288892522,-1.7248050877215437,0.009937397312409042,0.013407198238624574,0.07336661811207985,-0.24324846890768287,-0.006475372790094412,0.000128196903828942,0.006931825448530163,0.25897109058476636,0.006044175633424771,0.17598542769785794,0.030970870761997983,0.6812372518849923,10.064092607623058,1.568933,-1.038562,0.019816461252545874,0.026732,0.08520011670058697,-0.278202,-0.007007,0.006299,0.019725,0.2687235,0.008547429512012504,0.2206121240897898,0.04866970929540882,0.24142933543079398,9.340109415750964,1.657979505657012,-1.3859211262564948,0.026280042898507872,0.035423197108643556,0.10641524627813408,-0.33654552198869037,-0.008624376393795596,0.008833254391333294,0.02679882071484796,0.3428176749472458,-0.00037967451297768424,0.11517994227017735,0.013266419101361386,0.03871445382473271,12.07317850775411,1.1012751080518455,-1.015134671182406,0.007587183594170668,0.010240998871080903,0.04952940490632149,-0.17290256742811294,-0.005193103989326312,-0.00010320248216617802,0.005047894881754592,0.17355876276981086,0.012087209690512383,0.30615141052073236,0.09372868616383398,0.17490622954180166,9.314440407578841,1.9446166862911944,-1.975358108668864,0.03584610847173022,0.04825954974181178,0.14695314800624443,-0.46245872524774106,-0.01145935706875115,0.012399396034690419,0.036800192673060624,0.4792589738228137,-0.0022574666367303556,0.05990351504880788,0.0035884311152027523,-0.20764788807187404,16.91924846724229,0.7651275809894831,-0.7015908610058238,0.006786084432871187,0.009150633391779128,0.02691694590401966,-0.1009544376036843,-0.00479962574286536,-6.22792463905856e-05,0.0043510076489137696,0.082019529753172,-0.0005363796253152163,0.14105914219598958,0.019897681597068406,0.1274321076863971,11.430023286330597,1.3085030557979502,-1.1271493613732695,0.008541083330103161,0.011505764720173298,0.060921298761309674,-0.21472066409522886,-0.005876584520967409,-0.000159319290956446,0.00562918019920589,0.21891563782643397,0.0010592684812916827,0.08142093281922368,0.006629368301152535,0.02289955775748381,19.102767276823844,0.8764718332980285,-0.8706177257621697,0.0065568324890579845,0.008843041377453831,0.033024841596127744,-0.10341390859566962,-0.00431380596966858,0.0001062689032005945,0.00452923540778525,0.11245150622804685,0.00014053976049317166,0.8279862645162269,0.6855612542275353,-0.001481829065825219,1.5547764399772213,2.764256,-2.780378,0.6800362790786032,0.9174322500000001,0.6015342539155827,-1.54995575,-0.45747075000000004,-0.00017099999999999998,0.4599615,1.5507342499999999,0.0002022796472344911,1.1708149184736676,1.370807573320501,-0.0014748012356364268,1.5575064804288106,3.901640577280263,-3.896322367196775,0.9617413205784445,1.298201268843266,0.8501175225135938,-2.1891816088487213,-0.647129560640134,-0.0007968648659149357,0.6510717082031321,2.1927000414382336,-1.3799250801052562e-05,0.014110750359589367,0.00019911327571065147,-0.3739700448201463,7.093489593409464,0.0703986991962564,-0.2962138397912937,0.013768737293599396,0.018556598286268287,0.011198175285591421,-0.021244527735608948,-0.00919720021982298,-0.00012159729937854732,0.009359398066445306,0.02122047040877061,0.00029387627419538855,1.6548496720543668,2.738527437098446,-0.0014389575738893543,1.567438913196833,5.429265938335719,-5.523756376726341,1.3417364724869432,1.8106903596308177,1.199251926892582,-3.078159810836868,-0.9027581649334133,0.0005446590466421878,0.9079321946974044,3.0967549111777024,1.3215253265297646e-05,0.05122812048337761,0.0026243203282594525,-0.01125222115186123,-0.03012105610997562,0.25408870146328544,-0.33907795778404826,0.042060389980640704,0.05698155213172566,0.038772564840042684,-0.09213080777837776,-0.027749977234573165,-0.0010413051314910673,0.029231574897152494,0.09207137424220119,-1.7811969811854232e-05,0.00619277957132395,3.8350518819007243e-05,-2.630924082391477,73.62974746309577,0.04009084670710779,-0.18905773176285276,0.005677741658798589,0.0076448462384485355,0.004672657576597625,-0.009396086262733166,-0.003816117605003218,4.9504884571407786e-05,0.0038287286334453175,0.009458423798564316,-1.1117205376872225e-05,0.018970003295315674,0.0003598610250242875,-0.06762210480890454,0.8033706234107871,0.14994212853014302,-0.20519092305457878,0.01828132470753495,0.02461124200079385,0.015263741860039847,-0.03137125755509525,-0.012308503179000065,6.428550896853634e-05,0.012302738821793786,0.03153356997544244
-5.61849593495935,7.4786962592278305,55.93089773778835,0.8941785804052983,0.1448756061077896,14.4,-22.1,5.930408874022409,6.1000000000000005,8.626422764227645,-15.184999999999999,-9.9,-8.8,-3.8,8.8,-7.8970883695509135,10.620840646804467,112.80225604481392,0.9209541153332467,0.1550812588225412,20.260096680003013,-29.962302558344984,8.450536532710032,8.814277889635555,12.223538255408641,-21.70778266173898,-14.149935800354099,-12.533959803596558,-5.335657910718544,12.460307367687278,-0.07256440151179343,0.6702761198252887,0.44927007680804476,-5.252766380999164,52.25403709665027,2.2530530862619074,-8.083614028388949,0.28020804040509606,0.3766981559633664,0.335806052036314,-0.9552970578339202,-0.20407090450913043,-0.0021621222074934554,0.172627251454236,0.6016628155365077,-11.050653457673384,15.121041868832254,228.64590719897802,0.9479050848141221,0.19894590625609743,28.302048151457225,-43.30170686232754,11.98832395688204,12.218560132316933,17.330955237286762,-29.54150365122916,-19.80593347391285,-18.244663120491456,-7.587373341595919,17.76716714558431,0.08652268951046806,1.44811894386076,2.097048475568403,3.3431077155187596,25.81718668026003,12.216180620733509,-5.503671251029754,0.30820454157027255,0.4107698083642863,0.6394743031213121,-1.6712116840719031,-0.2081444751239866,-0.011552159900903192,0.2026253332402997,1.8833232093751342,-0.10092704721646807,0.5364852661110939,0.28781644075429125,-2.204216580922507,8.90700840690859,1.8447263983119595,-3.0873957718943696,0.26907493844459485,0.3590464707764679,0.31910701078090237,-1.016952232506899,-0.20455882932845493,-0.0075372377266871345,0.15448764144801297,0.4324946191055094,0.0507031569958998,0.7725210529147953,0.5967887771965841,4.372939758261407,30.936566571152483,6.918751758229238,-1.6248546885682962,0.31814526539452176,0.4187184728645993,0.38566443213223184,-0.8152108554585052,-0.2256279380129391,-0.026620752316440087,0.19309053485166022,0.7511389937889285,-149.0145325203252,12.791687078647918,163.6272583180481,-0.5024026928340876,-0.14480222889541983,-111.5,-188.1,13.714070521176819,18.700000000000017,149.0145325203252,-172.355,-157.3,-147.64999999999998,-138.6,-131.615,-210.68146632566106,17.40456036359361,302.9187214499737,-0.39870652786864896,-0.4235818078554541,-160.67696855626372,-265.33490965849035,19.26595000094933,27.153343676893343,210.68146632566106,-241.96616808652237,-223.18167375695649,-208.32118770561632,-196.02833008006314,-186.85524196025594,0.13441854066467118,4.809012308279386,23.12659938118263,0.320256985460664,1.4036283946795605,20.997988602853525,-14.423271620485535,3.968004684751323,5.367696152021219,3.591560228144025,-7.77814421044803,-2.698250601605727,-0.07379539468290552,2.6694455504154924,8.37637247859259,-297.74363634788403,23.459807066584666,550.3625476013759,-0.3043221439323759,-0.8412155385237186,-231.75225725831976,-353.4271253935354,29.33871789645568,42.77096297891427,297.74363634788403,-336.96784205650397,-318.4600563443768,-294.87119633656346,-275.68909336546255,-267.31113104578156,-0.10851857322211639,7.153960512283329,51.17915101130915,-0.0820036174571799,1.3388157662920133,26.01033585749325,-25.11943624270641,6.099245791230538,8.746620330814071,5.4094532886621876,-11.110932190636047,-4.333517962444823,0.5882471721206279,4.413102368369249,9.949734336587927,0.1767763139290826,3.678296617440221,13.529866005872174,0.6355774842186273,4.2151131422026,18.42060073818051,-14.885974532249746,2.9391593428032263,3.7610077927080914,2.637136274833595,-5.133058028393,-1.6839769085456269,-0.10140401904780867,2.0770308841624643,6.371810082961046,-0.34030877960885614,5.656693680213583,31.998183391768286,0.19634641167458863,0.8836626199492112,15.79756301015053,-16.47697219296384,4.867064337238497,6.4983816147439795,4.28668133238535,-9.483874698802193,-3.569196282224784,-0.6540449552029437,2.9291853325191957,9.908189476017132,-1.0233739837398375,7.97604533496014,63.61729918533941,-1.8494097456335006,4.162793356993291,12.7,-37.2,5.782148652171848,8.1,5.458333333333333,-17.369999999999997,-3.8,0.8,4.3,7.4,-1.4759736470211242,10.78498965411529,116.31600183937381,-1.6516003949370168,3.0547293622433083,16.814958721303462,-47.00357270848739,8.364563012589725,11.590479152738215,7.532233699189472,-25.055173860145278,-5.670731197328232,1.1887547589366645,5.919747955409984,9.7901789755805,-0.08372340880020412,3.2369484984100496,10.477835581359074,-0.07152381236429992,5.9769735163174165,13.610041463422911,-16.23206339089558,1.4371468492576307,1.9570428532074682,1.915526199800172,-4.855550567329064,-1.0570240917302205,0.007506518542478302,0.9000187614772478,4.205735839294222,-2.1660204453073484,12.290633430955268,151.05967013411527,-0.6601296231399327,-0.4379002236937688,16.715211585503464,-33.700503720546784,13.728073325081064,19.169099138021693,9.893905808186442,-25.723048487612992,-11.012599476813982,0.8512419005122822,8.156499661207711,13.333261164538438,-0.21113100427691384,8.927366652224451,79.69787534324921,-0.4022475075203905,8.58406711698256,42.72500665057746,-42.28372631714916,2.12489594471028,2.836780448998013,4.255630179468975,-15.044962994713359,-1.510547300244097,-0.07533573461588872,1.326233148753916,9.346172907121048,-0.11413686057882365,2.099509451865294,4.407939938471707,0.562530151077526,4.925225134687809,9.349038667105273,-7.23693596997371,1.3317916331394424,1.8059076909206824,1.3755335392354138,-3.146850557193817,-1.0812468415117267,-0.09685892720257636,0.7246608494089557,2.9722657483921564,-0.08800832960094485,4.031526907284382,16.253209204157976,0.40497899757140887,6.626160513548392,20.033406353067353,-14.68501943064967,1.7335077250249815,2.3275818292428774,2.3781375735795955,-5.765555251633346,-1.2198655230888331,-0.056792942850041314,1.107716306154044,4.97602636814756,-0.7059959349593496,4.244440963120393,18.01527908941437,0.000751124887555332,-1.4550322397137845,7.0,-7.0,6.078669095872967,8.525,3.83099593495935,-6.7,-5.2,-0.6,3.3249999999999997,5.4,-0.9985094610767651,6.023364380763786,36.28091846345391,0.010635412811525016,-1.4546391778226928,9.84568005645633,-9.898664974635581,8.699249917910858,12.0060421697235,5.4404306415527826,-9.390887699611843,-7.272286976952916,-0.9318377987943705,4.733755192770584,7.647711063507856,-0.007756892795387267,0.16559954166633592,0.027423208200100527,-16.851816997084853,338.6914633967499,0.42794563686690856,-3.365315643761498,0.06060017995665726,0.08067959766945121,0.05526659928289022,-0.09788731603639624,-0.04014713078161136,-0.0010849861561745278,0.040532466887839846,0.09212710360619594,-1.4341138410912515,8.58069299619026,73.62829229486859,0.02587873381339227,-1.4487235415761464,13.825593450837898,-13.934810793467362,12.384119010777257,17.165574212180527,7.74816661155517,-13.267182076503714,-10.343631253884531,-1.3258630241290326,6.821942958295995,11.134516240699202,0.026662803531112365,0.33912910405579116,0.11500854921768364,12.870524297018134,188.90072870448546,5.048088791821097,-0.9667610719485038,0.0632757303339922,0.0843100177760776,0.08826762751229368,-0.1345851027727882,-0.03618857363485095,0.006819582423106818,0.048121444141226655,0.1472606730379823,-0.01093189761847553,0.13513740969362953,0.018262119498703874,-7.708698950769287,73.91663307479054,0.20916222596379913,-1.3692552840144319,0.05850685184948993,0.08042803628400577,0.05829499850883679,-0.10875505237766078,-0.04124511282467166,-6.0207673869946444e-05,0.03918292345933412,0.09339923267194068,0.008809121059473308,0.18920703657325533,0.035799302688833176,12.734150173945563,185.34004037966648,2.7981870696509397,-0.3948113910582973,0.05773156064869852,0.07995263671870402,0.060747108071051735,-0.09521017981130336,-0.040136969144089554,-0.005411450872643697,0.039815667574614466,0.10832193328816953,0.3224593495934959,2.97395087198796,8.844383788997948,-2.4883819318311255,6.467170196111958,4.0,-14.7,0.8895613311033613,1.5,2.1602642276422763,-6.8,0.4,1.4,1.9,2.6,0.465448281087189,3.311014867430733,10.962819452347356,-1.6730698465279363,2.3533228668497035,4.205657653356004,-13.295569641628505,1.4614681112729027,3.464546836880962,2.7413554522245027,-6.4507953460826295,-0.8182337585941228,1.8115767100764522,2.6463130782868394,3.3749833640131195,0.060438091458014966,2.575775090610958,6.634617317411889,0.7691184922523205,4.5857892422472135,11.395576917008302,-8.677313273470338,0.480438386888017,0.6433470272830688,1.3492596491826463,-4.793171631089819,-0.32374054931300433,0.00111676750579158,0.3196064779700645,5.6259593555358025,0.6908755024863137,4.07400647136494,16.597528728723407,-1.1057042273591418,-0.12136532955652735,5.378379900934201,-11.178176389934224,1.8159014775097193,5.387272007495138,3.6930789291511292,-7.347672716804125,-1.7962392075119094,2.700129581950631,3.5910327999832283,4.422254304195234,-0.07555292480539022,2.2613447907130895,5.113680262485227,0.2692569972972254,3.735260810967672,9.86692286689434,-7.315034059912877,0.9073206269381779,1.1885153936417714,1.3735053440400862,-4.531655476772716,-0.563845616332755,-0.01162425265896283,0.6246697773090165,3.346507569656567,0.08364022915395988,1.8178554439640828,3.3045984151498526,-0.41893423509779615,8.646517359864433,7.92705756691389,-9.366477220275687,0.20586806167754645,0.2930712595883281,0.8625342797095789,-2.1004217471606372,-0.12137823096958972,0.0001813262860008106,0.17169302861873836,3.412593417065411,-0.03097596485313815,3.1271287691192433,9.778934338653235,-0.6651228431735688,3.710319239131519,8.949426875633284,-11.221852187285089,0.6022603964672754,0.8008718164955563,1.6712650120929267,-6.107951955182168,-0.4435879405318939,0.005812484750407883,0.3572838759636624,6.082375651231564,2.9435975609756095,3.3834003654851106,11.44739803316478,-1.6205242484584166,1.8549675635513614,6.4,-8.1,1.1119516638792015,3.6999999999999997,4.087906504065041,-5.484999999999999,1.4,4.55,5.1,5.8,4.1698967910513245,4.754418979116269,22.604499828980984,-1.5757267993878281,1.688494131906797,10.252108664481376,-11.224731614584673,1.6721734595673727,5.272221225368412,5.770248671764266,-7.640299991696756,1.9706849901205241,6.470405533391035,7.2429062154889365,8.146833016461217,-0.036606061290459714,0.43585575225501805,0.18997023677378766,-8.942953324209887,91.32000922500407,0.6968482212576421,-4.945828845972926,0.1023875390082738,0.13963971180469706,0.13855576810593437,-0.23848180202007066,-0.0703478913408482,0.00644648667473674,0.06929182046384885,0.21616131630728366,5.924335325043326,6.62831797785435,43.93459921554718,-1.6465331402368035,2.022915754461035,13.841606779461461,-16.684839482190267,2.329681888787441,7.162074997570443,8.101438388399055,-10.394634967091989,3.0374363803143187,9.125479895957797,10.199511377884761,11.455260185898805,0.10186936454244644,0.905693893660893,0.8202814290146291,6.422922194820732,45.86858999789,7.416154687176813,-1.3805372098768798,0.15334460973841704,0.21368243928195893,0.2925335926597909,-0.4440946435825683,-0.10780904539522554,0.00641301646427761,0.10587339388673339,0.46574593959065175,-0.050971442978355534,0.34042038014540843,0.11588603521834437,-4.437591329092308,20.95287021553904,0.4300284674772269,-2.0354189745711078,0.08687330244667922,0.12088258681124274,0.1376370161558064,-0.24220239534332808,-0.058072393295761054,9.082571162319711e-05,0.06281019351548169,0.18074563717634679,0.06691582357588795,0.5043791793895869,0.25439835660171306,6.353542181412943,44.897272634468585,4.135060323453261,-0.5128512003104725,0.13643869275590087,0.1862111160974981,0.18364645575476948,-0.2812759132453881,-0.08308668269035827,0.014423993397548449,0.10312443340713984,0.29017380325397046,0.0009624275063964945,0.3139033653912632,0.09853532280396088,-0.7752158072663718,7.801311548006714,1.332346,-2.028063,0.04352771853310597,0.058658,0.14962152985030736,-0.485768,-0.027079,0.003112,0.031579,0.5221672500000001,0.0013592399309295712,0.42852146369410726,0.18363064484654007,-0.5402257443877722,7.2107295641285365,1.874942661303531,-2.568984493773003,0.061008813630670455,0.08212506147001544,0.20634704111272106,-0.6693441294545204,-0.03841876788163973,0.004047927274956203,0.04370629358837571,0.7346965929591017,0.0002807880322839483,0.11585659344773327,0.013422750245313354,-0.17420173558898472,22.32376352535813,1.2833630651523291,-1.2719042522594293,0.007461081406508303,0.010062141895696063,0.04549345657220498,-0.13831394132367714,-0.0050555818971508735,-1.9754962097930337e-05,0.005006559998545189,0.14368296002646913,0.0019169618052855026,0.6005068121468392,0.3606084314347592,-0.5156018165608467,7.195927067799207,2.6416737527245093,-3.2026343409901967,0.08599596667584247,0.11618334187043826,0.28966248234377245,-0.9407293063936104,-0.0542199739586052,0.006077647203449622,0.06196336791183306,1.0240224595800185,-0.0011565086893197069,0.08116385493065696,0.006587571347204728,-0.13661031978212296,15.609000489270027,0.7175373580620134,-0.7641030982658364,0.006411713911880012,0.00867812535551655,0.03365152030141836,-0.11044683833014154,-0.004482918186309016,-6.014483012636092e-05,0.0041952071692075345,0.10646283252672217,0.00039682814384536276,0.08534568190752793,0.007283885420260942,-0.21004929471472067,18.114257749275993,0.8599723253001358,-0.9154379689544084,0.007499841836782415,0.010114641140544958,0.03579242749493433,-0.11029524222028045,-0.005098244657674615,-6.075923863220634e-05,0.005016396482870344,0.11651712654104293,-0.0007647551626572904,0.139843884021182,0.019556311898129803,-0.33785569283251704,24.622823802176754,1.4265260699655584,-1.6158528179426246,0.0074163529681723645,0.009999188986151536,0.05366988966558398,-0.17196219700129556,-0.004963082195335632,4.744367355264722e-05,0.005036106790815904,0.1721556816040658,0.006659782930917859,0.4697426592771401,0.22065816594475934,0.3615762238923528,7.118228142792942,3.595446,-2.818616,0.057057946379188096,0.07703,0.2319370454371673,-0.80537775,-0.033415,0.005490999999999999,0.043615,0.856015,0.009415643419397313,0.6305699962460335,0.39761852016572263,0.3226590960320992,6.295497689472214,3.6803036979312598,-3.668940705291753,0.08012590191199374,0.10811160773907927,0.31436968150750555,-1.0601159944573255,-0.04690434112754841,0.007444341460888859,0.061207266611530864,1.1754117897468763,-0.00031390410241095276,0.20894785864360965,0.04365920763174988,0.13078766328473623,22.188415847135868,2.806770995643174,-2.125930627532762,0.008601268173633322,0.011599396295400213,0.08016844388742174,-0.2533175247948647,-0.005859528393714158,-3.4287285587475576e-05,0.005739867901686054,0.2540599010245966,0.013307899555184657,0.8591557324467578,0.7381485725961249,0.40537359575536824,5.851343896581158,4.767640165219773,-4.462486662136946,0.11066706374332597,0.14934960390808272,0.43278570674988903,-1.4731942717296451,-0.06506462784177536,0.009545874582001849,0.08428497606630736,1.6586152998120933,-0.0017174150438555606,0.23863560971280687,0.05694695422300308,-0.07662430388145831,10.364423089793759,1.5466966860146747,-2.2224741568606965,0.02404464117790313,0.032389534468326375,0.10752478569617363,-0.3679157459059682,-0.016281773284219644,-0.00017819693692632487,0.016107761184106735,0.34356762180149203,-0.0004438278228789313,0.2292754791774235,0.052567245352037155,0.13703086182601187,24.256832490614933,2.5448408051821123,-2.723094767895792,0.007339907036158059,0.009893661501999475,0.08628199979792607,-0.27939697057575597,-0.005012321376076632,-4.614686451259712e-05,0.004881340125922843,0.26829646800832474,-0.0017196165624468625,0.18636740516487563,0.03473280970788891,-0.07164034365377248,17.646121218510043,1.7002896904792446,-1.7578439133228547,0.009398883327907415,0.012685939203663819,0.0738788679714887,-0.24464890762824854,-0.006362632455020084,-5.8391366794845436e-05,0.006323306748643735,0.23589422803065085,0.006280124371378996,0.20803324930565945,0.04327783281667066,0.7782945316675111,12.928720738492695,1.946634,-1.403199,0.01793355643504376,0.024131999999999997,0.09493554251095492,-0.297011,-0.005435,0.006722,0.018697,0.293762,0.008881975842944584,0.27024744978092885,0.07303368411309567,0.09106944816401218,10.113935706184801,1.8358390648247194,-1.5314498665292842,0.02342683394006918,0.031608127044115315,0.12304026101941232,-0.3637698242428737,-0.006119480958383319,0.00957823585781015,0.025488646085731995,0.38583641412376446,0.00020317590207061622,0.11625107717841385,0.013514312945141533,0.31284683152231074,21.37648481948972,1.342883652281284,-1.32590303386389,0.00754978982485263,0.01019411259347297,0.04762298838550634,-0.1557713497454914,-0.005004684680914797,1.0484492690143027e-05,0.005189427912558172,0.15674599910700976,0.012562609893615333,0.37778339957553897,0.14272029699485134,0.013845008740951561,10.1630949473336,2.3330183397853315,-2.0683796328151107,0.03184511360753801,0.04299205811724374,0.17043071298976425,-0.5062333526117591,-0.007437619328778104,0.013566450722539737,0.03555443878846564,0.5381406316746813,0.00044793144179320677,0.05762929645225185,0.0033211358095815275,0.2641689204015834,16.059798397030196,0.6628426652348636,-0.6290446698084897,0.006891600147730974,0.009289119256584624,0.02562203757532246,-0.0813508107129903,-0.004638767058422325,-2.8914751313784137e-05,0.004650352198162299,0.08691035331134084,0.00028736060890825,0.1436483837066918,0.020634858141544962,0.4708702764655671,22.67606538533877,1.5969827723328152,-1.8268312059475393,0.008294065036606901,0.011175458327912481,0.05921854741315992,-0.20136662839685252,-0.005417081245397218,-7.577105025650983e-05,0.005758377082515264,0.20326775828049665,0.0003139171844924388,0.07993061839264651,0.006388903756630881,0.6694482067814856,25.083738424836845,1.028459215252987,-0.8214173044942562,0.0065593169891637665,0.00885072265018921,0.031245355807648676,-0.09589933371580042,-0.004407500771365636,-2.908658120021753e-05,0.004443221878823573,0.0977098750431971,0.00016363838484839566,0.803810514888333,0.646111343845047,-0.0012074351488999381,1.4274310975166804,2.717105,-2.72728,0.6678796821879665,0.9009465,0.5884110200276447,-1.5054215,-0.44897825,0.00045450000000000004,0.45196824999999996,1.5061385,0.00022226176622135253,1.1366439452024975,1.2919594581654978,-0.0011712176756272005,1.4296151763498424,3.842408840108806,-3.857365567926019,0.9469893602436721,1.2778482890480456,0.8315727503426716,-2.124156494214797,-0.636511426732048,0.0008218099587527965,0.6413368623159976,2.1275431264842375,-4.745577285816652e-06,0.01366087261505559,0.00018661944060477576,-0.24191529233711664,5.429631302614002,0.08772469637510277,-0.28379915223620306,0.012552350657357237,0.016931607285847868,0.01084513610519459,-0.021538622169096532,-0.008362181042684234,-7.370111137273115e-05,0.008569426243163633,0.02166344164539403,0.0002881568973116293,1.6064399899421298,2.58064944128527,-0.0010678814150683396,1.438274501830084,5.309268794744391,-5.408655164230602,1.3264091055580147,1.7891728112591203,1.1730030360483117,-2.9964107799736412,-0.8919652092539582,-0.0011901346024561915,0.8972076020051621,2.9900681252374937,7.310684156732007e-06,0.05441443893296187,0.0029609311643890367,0.0020297031639995087,-0.2999225035895132,0.18330919894201292,-0.14441168399294327,0.047501121946126226,0.06424939872121521,0.042330801740217236,-0.09656502601530453,-0.031478460174361594,-0.0002702438807439603,0.03277093854685362,0.09688999849690866,-6.230234216084467e-06,0.005930600185047141,3.5172018554881184e-05,-2.211896823343803,78.14583978525923,0.052356662880708914,-0.2011426252993214,0.005638160979679539,0.007604849699745465,0.004525661494173576,-0.009357081303106196,-0.0038062783778770484,-6.800529191603074e-06,0.003798571321868417,0.009370428535660159,-1.1297981960237082e-05,0.018397270750241165,0.0003384595710576791,-0.06020295956645148,0.12406091669170394,0.06405570526212623,-0.15298343055265512,0.016794912745407616,0.022713460959462167,0.01467943045570491,-0.031077677420689086,-0.011489790592382957,8.308189906456427e-05,0.011223670367079209,0.0310084915756335
-5.297357723577235,7.539203307665225,56.83958651431027,0.7532107346195901,-0.056397265702390786,14.4,-20.9,6.2269293177235285,7.300000000000001,8.328658536585365,-15.4,-10.8,-5.6,-3.5,8.98499999999999,-7.453081161897006,10.692589286587014,114.3314656516354,0.7852064128230762,-0.035463829116193946,20.265363124915787,-28.551766145948587,9.047985429698842,10.492214762874239,11.801093637262817,-21.611098496966676,-15.323123019973739,-7.882882006540317,-4.8309082570995,12.75239326867576,-0.057059067335997624,0.8992218300003236,0.808599899549131,-2.4451019135592325,22.108313383122653,3.812093440573359,-7.871098984183229,0.26736173904569177,0.3614676427095008,0.42245872767160375,-0.9816118460996924,-0.18941004091341476,-0.02928544785068843,0.17205760179608603,0.8754223262650568,-10.456630246638433,15.19768461474023,230.96961764911185,0.8168604057865775,0.04353461210100784,28.438076605156272,-41.30475912470015,12.679329139725036,14.676690390494262,16.76504353310704,-30.26294305492903,-21.607760956407,-11.006903768042381,-6.931070565912737,18.368765165218655,0.1518762407040699,1.8105878941756461,3.278228522535401,1.9509639804983814,14.515541563342847,12.573258238724298,-7.222244673082388,0.38194731408852006,0.5001063447628474,0.839168547822613,-2.3115404827669073,-0.19297069334000944,0.04735754965786687,0.307135651422838,2.9322317567541947,-0.07959254159807798,0.7189387233327466,0.5168728879073196,-0.20644296824345756,9.287745676907365,4.091704956924866,-3.3022809527775543,0.3031257525167183,0.3978035013881811,0.3970782690697983,-1.4534195976559552,-0.22278317822932342,-0.03556853027639618,0.17502032315885768,0.5731425019537584,0.0825540659990597,1.0360643178237827,1.0734292706676605,2.4008708903958023,13.231537158426832,6.538777725776269,-2.9940213292211246,0.34834360766260436,0.46915647469868005,0.5155158862654152,-0.9677365754049396,-0.23504081095163565,0.005337502338520039,0.23411566374704443,1.2676205802129705,-147.37876016260165,12.86690412001018,165.55722163353494,-0.5731824486779094,0.1475090485461994,-111.9,-190.0,12.676248968222872,17.325000000000017,147.37876016260165,-171.625,-155.32500000000002,-145.55,-138.0,-129.715,-208.34762084352056,17.24726235025872,297.46805857865195,-0.46707834878058807,-0.06803823343291082,-159.11927645326332,-264.2403727618391,17.79997618829652,24.85439670238455,208.34762084352056,-240.94426729844912,-219.8989162043674,-206.56252601733138,-195.04451950198285,-184.06522345598586,-0.20695556093827608,5.725703355507332,32.78367891526793,0.6569688628063926,4.177310956676941,33.85284630158078,-19.54386237410845,4.542729742247222,6.054494717309705,4.095780351986881,-8.703490402820465,-3.2489555120867637,-0.28875402083556523,2.8055392052229413,7.720267125008424,-294.3876725067775,22.13098569362922,489.7805277716212,-0.24815750785496032,-0.6771098502707988,-225.65816389997372,-347.83597948395675,28.559173202428212,38.14825437971456,294.3876725067775,-332.11680707264065,-311.621456558364,-293.06375341418175,-273.47320217864944,-265.2887930739702,-0.2821123972530651,10.124158999343297,102.49859544398389,-0.7250602492800602,2.4390679709250547,29.578273392033886,-40.337341778150545,8.889838096015653,12.07519073071306,7.548939688050563,-14.14500806486477,-5.738556659315468,0.019396083131812958,6.336634071397592,13.116635552347663,-0.3006873425979257,4.575283698225534,20.93322091924832,-0.3302170007194221,4.275122174397795,19.46458793118006,-18.633329308984322,3.1951942738760533,4.331919797619973,3.1019950110549876,-7.630026814886025,-2.3774410091196048,-0.06513352258987667,1.9544787885003685,5.596305818443322,-0.7034009407762426,6.58315698468206,43.337955884968196,-0.6377159566571395,3.3204569680228673,22.860474186403014,-31.21705897391156,5.389197686404193,7.320742486805397,4.707110223476528,-11.132707374716336,-4.089838260629865,-0.17517071204299142,3.2309042261755323,7.85262728958554,-0.8403455284552843,9.42270697789012,88.78740679117917,-1.9768884449511763,4.786598878311904,18.6,-43.0,5.930408874022408,7.9,6.090142276422763,-23.384999999999998,-2.9,1.0,5.0,8.6,-1.219540788751455,12.690431047259219,161.04704016524073,-1.889565968285083,4.534423577566414,27.114616468495317,-62.915781894574295,8.726515936856122,11.627745882191439,8.417352985342957,-28.779713018021564,-4.750280232757188,1.3061747889070452,6.877465649434251,11.272474062867865,0.24878381810787134,3.968721788986002,15.75075263837225,-0.7937275325093595,8.77334697794012,17.159767530596078,-23.725511045741428,1.733885280991583,2.3127193481295674,2.283178031464484,-4.15651769104981,-1.0329957530003575,0.14869328486403227,1.2797235951292096,6.984075795036903,-1.8069207475732714,12.7719267572768,163.1221130932431,-0.9174332285535921,0.343320622714681,16.121374972475284,-43.41468634105747,12.926246248199766,17.14566870799777,9.810148676550796,-28.192113822340403,-8.578671912997292,0.8750529497951414,8.566996795000481,13.962842889056716,0.15777376599857515,12.485214403001951,155.88057868892736,-0.8908732133110421,7.694194164255212,50.13147797832211,-53.57873526088993,3.116543229510087,4.2853647392326994,6.11602051740032,-16.260870987787097,-1.8163531540768978,0.151203496282163,2.469011585155801,19.24895840652539,0.3457304275018988,2.8284452805795874,8.00010270523294,0.17537998180848602,5.639418731439992,10.632078410535264,-13.840648945403975,1.3502010598160312,1.7548902622154257,1.7046821581424172,-2.812172618694557,-0.8517483359258693,0.038669609643053854,0.9031419262895564,6.684887413668948,-0.31593815109159673,4.792668459775667,22.969670965328465,0.8501973557783175,10.307725685092162,27.834703724215526,-17.831792287379404,1.7393983354210485,2.3508201232403407,2.5851290597360053,-7.4416234719126315,-1.428935020070393,-0.08326457374524494,0.9218851031699478,4.634034718495941,-0.7978658536585366,4.128882198567433,17.047668209647036,0.03202955749776262,-1.3981823497939647,6.9,-7.1,6.078669095872969,8.399999999999999,3.701930894308943,-6.5,-5.1,-0.8,3.3,5.3,-1.127735645939446,5.860105666100008,34.34083841785742,0.04290035377058912,-1.3973081873659559,9.743968300696817,-9.878846248078558,8.881031137874288,11.907564375755403,5.254161765485268,-9.16461831065095,-7.252959198210077,-1.2080031951901196,4.654605177545326,7.4831911544140235,0.005003700837987524,0.18812520233002145,0.035391091751711505,-12.283521210233719,228.98481608256228,0.7895806558713678,-3.451014637953751,0.06532917941254172,0.08803478950446025,0.0719389311482323,-0.09891672122390939,-0.03691336660077973,0.008533112267695764,0.051121422903680526,0.14196331779645752,-1.6146049078183218,8.348957030555255,69.70508349805802,0.0581670199590448,-1.3877146987853721,13.676548714447408,-13.849490282947622,12.311669938924748,17.13731907904704,7.478353668016306,-12.947782418294185,-10.508718952878535,-1.5753183773858477,6.628600126168504,10.852767040524142,0.02881183382319483,0.41366109072982166,0.17111549798378572,8.609272313373399,106.7789305462118,5.330910753467735,-1.0610735802079356,0.09314368212970661,0.11883410368780353,0.14391073686031003,-0.2224421693287196,-0.054614715193291946,-0.002582563214747702,0.06421938849451159,0.3392500293664219,0.006998576905947235,0.15500282553698047,0.024025875924447604,-5.3190184970418874,51.6496132662544,0.7323715086407171,-1.4550200678806235,0.0693054840208504,0.0921627686530293,0.07382013542828215,-0.10171932858046831,-0.03571606128068315,0.012804738434547271,0.05644670737234615,0.14838355234112868,0.008358785000938162,0.21404684068207355,0.04581605000597697,9.367834611477438,126.19762552624911,2.874098496807977,-0.7865338366037402,0.06971924426265637,0.09175683808886183,0.08236218862017616,-0.14263446370552413,-0.046746471095520575,-0.005063474867965172,0.04501036699334125,0.1554726131358804,0.2729674796747968,3.054202245540725,9.328151356666007,-2.6263978981775145,7.731407530664681,3.5,-16.4,1.0378215529539212,1.4,2.1721544715447156,-6.3,0.5,1.3,1.9,2.5,0.3920128914407304,3.466590573787595,12.017250206273005,-2.175367456716087,5.621343968419655,4.480721311561077,-18.131099963744976,1.5329554381985033,2.9599133549184353,2.6634662306043655,-6.795901759393626,-0.4258716499294691,1.6997105211776364,2.534041704988966,3.271468020825521,0.14182147774089965,2.55260074190806,6.515770547589578,1.1347826370381289,5.22508745227762,12.97604212531294,-8.546999674923262,0.4876188673445667,0.6532256102547143,1.3906364260793396,-3.7572486081553524,-0.3444280333815274,-0.00108498615436399,0.3087975768731869,5.150865061334759,0.5764785356781269,4.116954205338458,16.949311928854012,-1.349057474523022,1.0270271327715674,5.354217203760508,-14.11385844957791,1.7811226985547264,5.462979465693717,3.5838612681904247,-7.695949023353711,-2.1039674687169567,2.595614193243493,3.3590119969767605,4.310789499159476,-0.10321547220180638,2.6062775096984168,6.792682457559781,0.14371416099476558,5.494422708741732,13.90988374439692,-10.782345923421705,1.0924487727911594,1.460851566662525,1.5594897673946797,-4.6462902647913005,-0.7963965130467707,-0.014725948923144827,0.6644550536157543,4.290904241042057,0.19796117183387035,1.7288950272304813,2.989078015182286,0.9519671573558999,12.873703404538142,11.30632147602256,-8.868813974472006,0.28060967058387726,0.3807359374758189,0.8313146322784947,-1.6732347400589989,-0.1380315227399152,0.026863038348872884,0.24270441473590368,2.6468996782082264,0.007355068155036375,3.1402534297831566,9.861191603264878,-0.3398959597723373,3.6562777637603743,11.543626685887721,-12.813459186307314,0.6236415082272174,0.8303200169293237,1.738142971678722,-6.2918617217281545,-0.3828884543106318,0.029923558669471884,0.4474315626186919,5.714607352941728,3.0495934959349595,3.3023088494557062,10.90524373719347,-1.5474489646849001,1.624000759276469,6.5,-7.8,1.3343419966550423,3.7,4.109959349593495,-4.7,1.5,4.6,5.2,5.9,4.309857394276641,4.638457940351004,21.51529206440528,-1.5096146125951393,1.509958557727706,10.300058128469294,-11.016357862156218,1.8894743241492884,5.292509850945915,5.789498590843448,-6.40893233265889,2.0640134678546236,6.518309133878741,7.356523318800539,8.350037029127032,-0.03231977964858746,0.4127873595145668,0.1703934041750082,-8.372537745962445,80.2415359388742,0.5509227091949459,-4.6488754859625905,0.08546059324420391,0.11826403180512071,0.13610563018263208,-0.2865290624676844,-0.05177954042078803,0.004482706788552698,0.06648449138433268,0.23758767240434348,6.090911266946485,6.458615818979063,41.7137182971666,-1.5706577014898755,1.787357103460093,13.397288756580872,-15.563986557121854,2.627312179473325,7.066021002844231,8.121871273262213,-8.868203729054066,3.2716775259861586,9.154380699455796,10.337698528830389,11.709916011270291,0.0964273807244865,0.864955524405501,0.7481480591995953,5.951945405190306,39.84838454743831,7.006191222886961,-1.3006395944194913,0.19726455310080834,0.2685602986337749,0.3094540594953351,-0.44937498740509807,-0.13757910896019365,-0.006910455875096755,0.13098118967358124,0.4990527548423844,-0.04503640554103202,0.32775603580344265,0.10742401900558758,-4.195043067399892,18.50853671174865,0.43508492199301463,-1.9061047518577838,0.0806281773224174,0.10936937109922695,0.1358698762228156,-0.2254982526650832,-0.04183704301498388,0.01427593915943065,0.06753232808424307,0.18107158250002675,0.0393660748529316,0.4766723753995586,0.2272165534690577,5.861323872391008,38.646092276848975,3.8367154560667642,-0.49390330891674605,0.13023860532785286,0.18141978213798013,0.18565856453932536,-0.31426315728655807,-0.10818399347738508,-0.007566286404178578,0.07323578866059505,0.3001127088952147,0.0002471149007506749,0.3779168042325357,0.14282111092133273,-1.4871023292257068,9.392729889488034,1.550874,-2.645789,0.05833001908266589,0.078093,0.17759608407263447,-0.5468332499999999,-0.034746,0.006559,0.043347,0.55341325,0.00034950734442315567,0.5240610920286402,0.2746400281782509,-1.3453651675474312,8.687316289461702,2.1317620463627427,-3.249028697103588,0.0820280680306228,0.11007437697770245,0.24862281612659812,-0.7716345074694372,-0.049753811333025456,0.008819999436987525,0.060320565644676985,0.7754802326651611,0.0002666238341967376,0.1047708051634658,0.010976921614600914,0.11226928099185246,34.45282966676333,1.312236388443842,-1.672493297613522,0.00744368451669738,0.010033908998681357,0.03949713837307251,-0.11825734532480564,-0.00501579890424435,-6.242123800578024e-06,0.005018110094437007,0.12094933907064039,0.0004941122954720162,0.7369068362143903,0.5430316852595023,-1.3287764507539976,8.565330488541857,2.873144139318315,-4.398778897946411,0.11564731415841908,0.1552323377941969,0.34983925670266186,-1.091645367717425,-0.06998505380544136,0.013561957094527712,0.08524728398875554,1.045484045660658,0.0007711320301350453,0.07842770891657712,0.00615090552590335,0.7130265926602269,20.3645482256251,0.8013348087660233,-0.8323516306230518,0.0071891740714091585,0.009690858762437412,0.03222263875409604,-0.09763065789212713,-0.004863292918792192,-2.3030154147442262e-05,0.004827565843645221,0.10123872282643653,0.0003765848260312596,0.06787480826218324,0.004606989596628138,-0.01430481555355415,24.301186272365708,0.7933082370491226,-1.001544703505802,0.007114376480888202,0.009601295324632754,0.02799990535814763,-0.08641428821553408,-0.0047487507253351135,-3.132111854954299e-05,0.004852544599297641,0.09249832588924639,0.0005819828674479678,0.13169142177731777,0.017342630569731402,0.3818236694637129,29.69702831234968,1.638441814132393,-1.7498781854060668,0.007621915259214009,0.010280567908744365,0.04925430666634032,-0.15248771580640835,-0.0052373041833776585,-6.295703763435021e-05,0.005043263725366707,0.15024053233541393,0.004351678900988044,0.5256915366511575,0.2763515917066553,0.8090729008053394,7.454504792736277,3.631798,-2.893722,0.08044154856945844,0.108394,0.25872185413761384,-0.837989,-0.053483,-0.001389,0.054911,0.916656,0.006160576873483288,0.7268143866614696,0.5282591526580882,0.8932516925869721,7.325434530835695,4.395564533659891,-3.6533252167341237,0.11381120120349092,0.15344679453442084,0.3605746404053932,-1.1428145200890212,-0.07617198113745247,-0.0027127402955799984,0.07727481339696837,1.257530378717007,-0.0009758086428081964,0.15618786842268395,0.02439465024242164,-0.10889434142930528,23.330593700200353,1.7534261139030909,-1.9233734286945212,0.008656940096383639,0.011666730273160906,0.061073799411306376,-0.2007951136063085,-0.005835564076213677,-4.6479393606863127e-05,0.005831166196947228,0.18549924147780658,0.008730652195004192,1.0021497710837737,1.0043041636832601,0.9289176772874042,7.012660376841943,5.595061214030723,-4.651616781830048,0.16023424731616157,0.21517891731551145,0.5017991181895661,-1.5205857056206646,-0.10724615211034347,-0.005278382924088839,0.10793276520516798,1.8051742622572662,0.0010418218904028245,0.22809674386476977,0.05202812456171038,-0.18812346773621563,10.996573707020667,1.8813421355922177,-1.9225595456407052,0.024317638818319238,0.03284733652339718,0.10369280075712944,-0.345908086214166,-0.01609079235821853,0.00018603519931609746,0.016756544165178643,0.35973303410423085,-0.0013799942565342858,0.16160138804371638,0.026115008617655797,0.008448543966700724,15.837247692785262,1.5152105176777577,-1.526348682442026,0.007552132597788758,0.01018416747081512,0.06555935463237313,-0.22680591258990837,-0.005110437197414592,-8.914196379197089e-05,0.005073730273400529,0.21221283059093066,0.0008457876516958917,0.1505486602494482,0.022664899102903785,0.2652821642639829,33.82108702903051,2.1911382980616665,-1.9641965436500737,0.009375558150866475,0.012620859854195464,0.05690031269793547,-0.17266064634624873,-0.00646063932012861,4.022427559732496e-05,0.006160220534066854,0.1748334606802088,0.004765355725009643,0.25294846855777264,0.0639829277457225,0.6732822821924141,10.206270605209477,1.993627,-1.335703,0.02152145380382732,0.029091000000000002,0.11225254090140344,-0.39730275,-0.009003,0.005391,0.020088,0.34151175,0.006742187697860232,0.34437244905696,0.11859238366948852,0.4890000727396074,10.149198510312248,2.320012086264092,-1.8724197161483889,0.02908075522271101,0.03923284937282588,0.1494731318434047,-0.5245738646619351,-0.011399761784674497,0.007779985772592646,0.02783308758815138,0.44595174644902813,-0.0008847882626633057,0.0967543963192991,0.009361413207111997,-0.12130320095736385,18.28287167286937,1.2455472749160656,-1.0568121406708946,0.007513928594118226,0.010131261478135103,0.0402072213385337,-0.1402026185410531,-0.005028640739659552,2.26737461088463e-05,0.00510262073847555,0.12958293712285077,0.009543335760708654,0.4839027744687238,0.23416189513852861,0.44962142056713134,10.169441927233155,3.0690610616901877,-2.651197285269889,0.04010701545038816,0.05416338950226265,0.20938144212612053,-0.7250590799879284,-0.015494806078156962,0.010734207924125463,0.03866858342410569,0.6042467814636117,-0.0002752044030562242,0.054599015687202476,0.002981052514011382,0.03487948517452432,14.282698099452212,0.5615609553973429,-0.5749776204572964,0.006918127176870113,0.009363320784028798,0.02454096795533527,-0.07916790459220771,-0.004871685101851493,-6.358588926950196e-05,0.004491635682177305,0.07880827231309584,-0.001250204866057553,0.11585150998336693,0.013421572365426168,-0.05706999451604426,13.724696770364961,1.0554060791931286,-0.9630243931354733,0.008146598118764885,0.010990524777527828,0.049094005266913265,-0.17627174159631934,-0.005520803255271103,-2.3393028020322212e-05,0.005469721522256726,0.16639507017986033,-0.0002525117829886043,0.07278652528158222,0.0052978782625664085,-0.3150655811787091,27.23712466266526,0.8990438653620131,-0.8881640947532947,0.006590408240387218,0.008885371937468536,0.028331464528125808,-0.08527910443652498,-0.004348975399390071,6.956316600294304e-05,0.004536396538078464,0.08475595179222287,0.00010493175681690059,0.743822494484173,0.5532719033006576,-0.0001962977360227551,1.2638104092663758,2.571124,-2.586957,0.6738026780508964,0.90928325,0.5565242279619025,-1.322794,-0.45346375,-0.0005095,0.4558195,1.320676,0.0001755611493091657,1.0517936093161784,1.106269796598354,-0.000246539575936055,1.2664458903074998,3.6317733777752723,-3.654640169595792,0.9546769099499174,1.2880056347336788,0.7864204825429362,-1.8695825626672231,-0.6420552384819753,0.0009159216195953933,0.6459503962517035,1.8721149017060201,2.251465571853397e-06,0.014468643014356788,0.00020934163067689546,-0.3302213396687437,15.579370479693829,0.255057280202113,-0.37097181976423027,0.013888384519627553,0.018664452662103974,0.01145716558887485,-0.021887547892876186,-0.00921758150509976,-0.00016679191060032725,0.009446871157004214,0.022113781650078525,0.0003270383007526217,1.4865316927588847,2.2097764735765955,-0.00034952434839657557,1.2768437056481892,5.0949180379207935,-5.031661392555937,1.329432198777447,1.7936905343073217,1.109642936881855,-2.6269401825478624,-0.89441817273926,0.00042661449121055885,0.8992723615680618,2.6285895517564764,-2.0340000417006217e-05,0.05008638102986907,0.0025086455646692284,-0.019409496556531288,0.12616319354310113,0.15469607145953648,-0.35934880489436005,0.03726612870271605,0.05004290357166838,0.03775499898322465,-0.0922373498413675,-0.02399529388022282,-0.0005333426366253349,0.026047609691445556,0.09289010934911081,1.6010824836399767e-06,0.005651700907705124,3.194172315015492e-05,-4.083703107884754,221.47383280480165,0.10118653757776815,-0.24490982175360107,0.004731174317958622,0.006379791492924502,0.0040667682106386525,-0.008681731511527374,-0.0031935470600563415,3.1864534150028264e-05,0.00318624443286816,0.008658069782819513,-2.7664925670871157e-05,0.019665405613066383,0.00038672817792642276,-0.20084378878649062,1.938988863454795,0.05765152578755857,-0.23567264164062135,0.019116372530264495,0.02576860444405421,0.015739875042957138,-0.03279326071145933,-0.012930605491432573,0.0002895338778184058,0.012837998952621638,0.03262869306335736
-5.700101626016259,7.7305361401433474,59.7611890140624,0.9420731447777757,0.10338216875151751,14.7,-20.9,6.078669095872967,6.825,8.871036585365854,-15.385,-10.625,-8.8,-3.8,9.4,-8.016737380195085,10.975652588352025,120.46494974019852,0.9675122095813744,0.11550744123791779,20.623140464999967,-29.017793474399507,8.636058631649284,9.739428992718734,12.573814205782105,-21.626956631855183,-15.100108874687255,-12.544590373999226,-5.360679881968521,13.499399519692965,-0.07210676173798186,0.7441944219942555,0.553825337727364,-5.0987769335160165,52.91150511669243,2.857666882133035,-9.131431693313045,0.29908328900078024,0.3995544421061864,0.3623196437037337,-0.944835067442256,-0.20165819127200402,0.011381411283160725,0.1978962508341824,0.5235398300042989,-11.234887139940595,15.636333496978974,244.49492522874672,0.9879588042181537,0.14952522190818973,28.840164969965702,-41.74233874464413,12.508704609526573,13.375542337050058,17.84043534888177,-30.226903758900733,-21.24390914386634,-18.11807153017538,-7.868366806816281,19.25939563430835,0.13491251089579348,1.4171261985846306,2.008246662714926,4.039021670006327,31.635371616881983,12.92201350744814,-5.499507996616198,0.3611500285650586,0.49274915840750555,0.6116101944923455,-1.294220864343223,-0.22009388478192027,0.004584159328552051,0.2726552736255853,1.487962191617354,-0.10221772254177346,0.6849661102277452,0.46917857216052766,-2.0581204287510952,9.059889684230132,2.1444838696993673,-3.96150139504293,0.32727793580628056,0.4378104589044174,0.39327256591704185,-1.4130997228818971,-0.22956884441656727,-0.01585489564367698,0.20824161448785009,0.5598302149344244,0.06522664962411845,0.7872676832851457,0.6197904051451606,4.465378232597001,34.57035568050223,7.395971399043349,-2.028680225483667,0.2901860397069288,0.3785379165933812,0.3836216057064772,-0.687025794536543,-0.19415611188495455,-0.011595503183263394,0.1843818047084267,0.7984619818464758,-148.4788617886179,12.916919496287825,166.84680927358053,-0.38542473910241526,-0.28645501414760544,-111.5,-187.3,13.639940410251564,18.900000000000006,148.4788617886179,-172.185,-157.6,-146.9,-138.7,-130.41500000000002,-209.87742703747713,17.397587203706625,302.67604051057646,-0.27439191413033964,-0.5684839947055815,-157.70757691356562,-257.54965221189303,18.98403014199202,26.80497106585895,209.87742703747713,-238.74967419229318,-223.41488130830234,-207.70375758789606,-196.6099102424434,-185.60689773172663,0.10441826654052513,5.56103513869939,30.925111813849345,0.005729666696038298,1.0598806610018627,19.926112287009897,-20.3348539240533,4.790363039970447,6.54837190115941,4.190465586023267,-9.173498835034463,-3.2783111131642535,0.15984545919350346,3.2700607879951558,8.801012995356558,-296.4736736181534,23.28466705937064,542.1757200657403,-0.19845163338937546,-0.8662126593240798,-224.59967354418956,-346.9050509203725,29.96541592142252,43.034428690843356,296.4736736181534,-332.93925822130785,-318.14872532392553,-294.2879994319045,-275.1142966330822,-265.26703264693947,-0.15498996876706525,7.9693705517320845,63.510866990814556,0.3432402258460127,1.2871265836274555,30.24065568882878,-22.27596699722044,7.691147659141097,10.160641610207616,6.18125002264119,-12.60950943271593,-4.978233201412244,-0.19351956903755152,5.182408408795372,11.899733938745733,0.15331994521941125,4.183823626142344,17.50438013466687,-0.15926625179788664,5.865387903364235,20.66898786971538,-22.347729253130503,2.7997203714107624,3.870982341372272,2.7942519548579083,-6.4000142033060605,-1.7279349795483152,0.0332046429403072,2.1430473618239567,6.057168374720707,-0.48777330614221553,6.581090450861862,43.310751522425186,-0.033738284483975305,0.3160111492463815,20.861591983773522,-20.054788389859173,6.920252850817271,9.17488069913988,5.212352932811279,-9.886136189167582,-5.085887403762534,-0.18307156409662206,4.088993295377347,9.404486909056464,-1.2262195121951218,8.844182067303866,78.21955643961927,-1.917293923160901,5.010612272789473,18.9,-46.5,6.301059428648808,9.325,5.999186991869919,-18.0,-4.725,0.9,4.6,7.8,-1.7629419048549038,11.64704084460233,135.65356043583495,-1.6386849443827671,3.3246139542360735,21.64887354664992,-52.134757605671254,9.101545439942395,13.549320993144516,8.190511175984467,-27.364316166004205,-7.170748105613911,1.0992504339102533,6.378572887530604,10.515908581938467,-0.0959926801609427,4.482646851491193,20.094122795183907,-0.5553450361818242,11.756827922742861,24.967916677022725,-26.269889238471507,1.9138996246181665,2.47830486496602,2.452300833752921,-5.138331411575684,-1.2411715209143024,-0.07753401559744935,1.2371333440517176,5.072425820560583,-2.5707804165593044,12.861968481683222,165.43023322381262,-0.5729002690406848,-0.5925252721854406,16.522611714589,-38.090373245895535,15.015729712816935,21.095516592460488,10.58298384993875,-26.543517747009652,-12.601550450178546,0.6498800345326197,8.493966142281941,13.777776720579885,0.13832635594098913,10.154801378782912,103.11999104253131,-0.34136282387705486,10.045808547770122,52.52188685474649,-49.45743623589516,2.6813726625579224,3.578157208369557,4.893174584783396,-13.506603593393628,-1.75056878113255,0.07235054703194954,1.827588427237007,14.522109299437576,-0.13245453362383441,2.675229491100002,7.156852830051174,-0.5767991477548781,7.797407050571625,12.932679918033587,-13.862011638165374,1.1984856567200846,1.6100973559719205,1.5578603932947817,-4.131027969570755,-0.924640870008527,-0.11117674620760044,0.6854564859633936,3.824086774018065,-0.061269636345307736,5.698209828801271,32.46959525304741,0.3666913638165076,7.975869271751694,28.471632613495075,-25.95449493183423,2.211044939205394,3.0421217825965794,3.146788188576735,-7.614493124343161,-1.6263688104004586,-0.07103886875409414,1.4157529721961208,7.364504912367032,-0.6847560975609757,4.1773673174308295,17.450397704739242,-0.021782953383313288,-1.458289884244926,6.9,-6.8,5.930408874022408,8.399999999999999,3.7581300813008127,-6.5,-5.1,-0.5,3.3,5.28499999999999,-0.9674532908799112,5.926180853896837,35.11961951309345,-0.010904012235364599,-1.4586524107641792,9.660064526394981,-9.592481102721242,8.567742596026287,11.961126445472505,5.335437054792963,-9.17410743463785,-7.2662900608102365,-0.7087167481691485,4.69483638466227,7.454310715883217,-0.009386120178014244,0.17259150018766298,0.02978782593702807,-16.679032348149686,333.12194790670577,0.3279303122625763,-3.4944152313184116,0.062399216201460085,0.08382866010038603,0.058974373648629855,-0.10093271024401233,-0.04179809262581591,-8.148016200354782e-05,0.042030567474570124,0.11170660503230763,-1.386403430371424,8.436161715079468,71.16882448297254,0.004879019741728489,-1.4524284389902886,13.536964493276399,-13.53811100808863,12.28688466654332,17.36461333522714,7.594918976208769,-12.962620444662338,-10.630868599981591,-1.0895352326004542,6.73374473524555,10.743119624450891,0.017777010803418553,0.35471374648574866,0.12582184194595597,12.828228498536324,187.84903650988838,5.262876261953138,-0.9964476697958019,0.06629472939542363,0.08578513936772741,0.09272212415843642,-0.14226756035238997,-0.046304450879524756,-0.008069034484269877,0.03948068848820266,0.12996972956474503,-0.013572622049971898,0.14770991656186985,0.021818219450714556,-7.596157311786022,72.45068372558802,0.19739669347070277,-1.4741626631397347,0.06829338169139841,0.0897801474533675,0.06548256795163354,-0.10696831080654312,-0.048524044636327965,-0.0023152750005061974,0.041256102817039536,0.10954416293116948,0.0037135088349488365,0.19289461287924686,0.03720833167783451,12.507727637822684,180.87006635506427,2.8304622448489676,-0.35915875720747,0.061511030609315974,0.08222083744025474,0.06470136518716754,-0.11851110595355219,-0.04852097526125663,-0.006223662909624056,0.033699862178998105,0.09416766332975662,0.07682926829268294,3.215617331790152,10.340194824509219,-2.39689631762248,5.721979276485714,3.4,-16.1,0.8895613311033613,1.6,2.2221544715447155,-7.5,0.2,1.3,1.8,2.4,0.1160812879046009,3.470445066947759,12.043988962702038,-1.5036007350426148,1.6422104231457606,4.020024885555832,-13.302195269157453,1.5686773927897657,3.873270778113225,2.7914278420651613,-6.813255255297276,-1.486403036070059,1.6597655616371376,2.386867742043166,3.2602840276994143,0.06625088416165385,2.9187192787623215,8.518922228218846,0.9262044588651008,4.082953115263688,13.07048784485751,-9.131816119678186,0.4762271926649818,0.6400346854453558,1.5700713604387115,-5.245944516981192,-0.32771949571530823,0.0027795507460480484,0.3123151897300475,5.8184657233005606,0.190364015511219,4.273716266401383,18.264650725703778,-0.9356516687454225,-0.6218202064869054,4.925481032202367,-10.164652900587235,1.6811701114294653,6.921670616625018,3.8122215808276096,-8.417942441386213,-3.6643983685711774,2.5284768374603157,3.257272248053841,4.386276199601175,-0.03625145957422405,2.3557049101771463,5.549345623832718,0.0701650084226755,4.385081847107999,8.837460938694555,-10.270820969183054,1.0469764772842434,1.3568705367460758,1.4210835566695157,-4.048597125631241,-0.6473314978451723,-0.0066222469426442665,0.7095390389009035,3.9625095718293553,0.09305749588824483,2.1652767285821404,4.688423311339376,0.30518939299462106,6.684036046297507,9.002846295484888,-9.81100753392242,0.278823915358027,0.37356388024896847,1.0531453490844194,-3.484439461028362,-0.16266636243851548,0.018981931163607163,0.21089751781045296,3.386894536687668,0.025364476869855188,3.4801394433021664,12.111370544827514,-0.6553596395082847,2.754358772477616,9.49781833650455,-12.601276964258231,0.6104151587327042,0.8063635485145881,1.966507462881092,-7.349267944583364,-0.3567281319327399,0.03105908735492088,0.44963541658184825,5.747402302668258,3.0587398373983743,3.3620558517373857,11.3034195502016,-1.5737035796281196,1.7388678150218126,6.6,-8.3,1.3343419966550423,3.9,4.153455284552845,-4.885,1.4,4.6,5.3,5.9,4.323639584485959,4.720058836244967,22.278955417614192,-1.5271411289425012,1.5745155511338966,10.620831021051892,-11.694658312817866,1.9400625994852654,5.32208414056962,5.850831496179172,-6.889887849101734,2.1116997353206752,6.511006503546312,7.433783875890295,8.391738941352475,-0.04118984444466084,0.4458822341604317,0.19881096673989804,-8.556853665899451,83.34892795787944,0.631933211536798,-4.938252274494238,0.1018591087105844,0.13675877615249013,0.14418409165824603,-0.2657650424090692,-0.07005419731941068,-0.0029635527715660692,0.06670457883307945,0.2545279384424306,6.114117001246351,6.567128106417227,43.12717156609512,-1.5959355762355696,1.9080593493827784,13.74900611421973,-17.092360254149362,2.73087642088831,7.327204421897545,8.184665868627851,-9.500265441194673,3.128865624888241,9.179510704335915,10.456070046785786,11.75977191738367,0.09897064109175664,0.9226613447993318,0.8513039571869114,6.011439335633838,40.48362751841227,7.403653013022042,-1.3770840935921447,0.20218062635650993,0.267575641678864,0.3223600019089405,-0.4650803269198281,-0.12152200644722116,0.010083638560311248,0.14605363523164283,0.46732687914261767,-0.05738512300484818,0.3531451510167784,0.12471149768666322,-4.1388332051513155,18.33546945804978,0.46030176630236835,-2.033782042448207,0.10702092223313203,0.1405646031650331,0.15048782122072377,-0.22964389337070412,-0.07606436328974271,-0.006234321304577482,0.06450023987529038,0.19818606734190009,0.07024582924504491,0.5124302321984487,0.26258474287095607,6.065187133829754,40.79860073488439,4.10133907690026,-0.5464869219319507,0.14781312973675625,0.19967212531479164,0.19478490863393005,-0.2880773415255285,-0.08640800943330854,0.011267979831392213,0.11326411588148311,0.3164824313443897,0.0006614439751664027,0.3470581706923923,0.12044937384434973,-0.9180788437012374,7.726594167394136,1.476704,-2.278208,0.0585954048797784,0.078865,0.17123011684028297,-0.552197,-0.036172,0.004895,0.042693,0.5527150000000001,0.0009327222362051004,0.4775938596926814,0.22809589481615267,-0.7304000916983225,7.185762361608605,2.03822915301783,-3.0936537346368915,0.08275385890910365,0.11114179368539223,0.23857946537540653,-0.7757974859623034,-0.05158991593121054,0.006356889875323608,0.059551877754181685,0.7542084989432826,0.00030586787106704004,0.11305451693501517,0.012781323799409633,0.03946630491133858,25.557724441821808,1.235471472295397,-1.2551792207492665,0.007559263071424684,0.01018650110965639,0.0438845202460344,-0.13518576895488488,-0.005076337385669526,-1.4703031382000756e-05,0.005110163723986864,0.13694126547418048,0.0013113290458191724,0.669968226234775,0.44885742416417074,-0.6889565633914178,7.006921129998448,2.839728043542737,-4.025050220988466,0.1161817826592946,0.1562340653061373,0.3354445082135056,-1.0949560583072635,-0.0728121680611508,0.00920774991039236,0.08342189724498648,1.0418206758734145,-0.001360656886545948,0.08515500072899637,0.007251374149155372,-0.3867099025537341,18.2217549079847,0.6874527392104122,-0.7750985411451314,0.007346195495912431,0.009914603868018967,0.035204774533227935,-0.11317877102435292,-0.00507029726885844,-3.9033349730349665e-06,0.004844306599160527,0.10572845846561087,0.0004322738636075086,0.0686251284586261,0.004709408255962934,0.17006263014466425,14.407773687168355,0.6230079243653925,-0.546993482645244,0.007258524899708512,0.009774839439884024,0.03020587824268191,-0.10050137916448645,-0.004856929876653088,1.6990939068028357e-06,0.004917909563230936,0.10128447446934968,0.0004402433916381966,0.14439005345865386,0.02084848753779292,-0.358829784791368,27.169588565452116,1.5361912441263184,-1.5028230071959485,0.00781132781794899,0.010528035212641673,0.05484734755335005,-0.16519003096759788,-0.005254059010965878,-1.4731096594073482e-05,0.005273976201675795,0.1749304333663565,0.0046793110019998215,0.4990313318608743,0.24903227017883803,0.4889637464184885,5.807178788823938,3.237697,-3.066228,0.08240154870232286,0.111038,0.2585187352326657,-0.869624,-0.053543,0.000413,0.057495,0.910783,0.006622394490340526,0.6862642905314054,0.47095867645857314,0.5766771030387918,5.5792404210036715,4.220592222530417,-3.4386646525937317,0.11638561512819956,0.15668770890233774,0.3584611588585871,-1.1973811995065011,-0.07591722026099192,-0.00012186295799541898,0.08077048864134584,1.2682762119547284,-0.0020377609483959924,0.16449187148790803,0.027057575785594454,-0.1405045323927467,19.438179852126435,1.5909448713255299,-1.8497701146912058,0.0088415913579623,0.011926084118187335,0.06744552909367639,-0.2342960331356028,-0.00607529448511734,-0.00013729954385112918,0.005850789633069995,0.21781160886666479,0.009379023715496362,0.9372339082768203,0.8784073988238431,0.6745369931784587,5.2158318736605676,5.493912702578724,-4.427172513085791,0.16420066758754828,0.22007994670030226,0.49558852223681865,-1.6473428604054252,-0.10730532136199666,-0.003261548470335683,0.1127746253383056,1.8046708915663001,-0.0013498217108564269,0.2516765990949797,0.06334111053201513,-0.1100368764024799,10.959470135714867,1.8456777545184317,-2.4370032562213595,0.025000814534334885,0.033666876379593896,0.11530541981463015,-0.39312572984230904,-0.016895340477342,1.28819872793947e-05,0.0167715359022519,0.38314668415968056,-0.0028816020804607635,0.15856543502671902,0.02514299718521265,-0.2876262913588621,11.743826158540719,1.1999566794505945,-1.4613824859306879,0.007777368737719993,0.010482300099692032,0.06810922791961384,-0.2544016788375784,-0.0053392004041734,-9.224224215682714e-06,0.005143099695518632,0.23452890437683147,0.0008430137000473033,0.17018195928714747,0.028961899266812315,-0.5895963811734123,27.375008497619575,1.8570193562027726,-2.1984354446458254,0.009632209708747492,0.013040444911513571,0.06646077881879352,-0.21011444350993574,-0.006308885865874143,7.036285641154673e-05,0.006731559045639428,0.21128727588481122,0.004775028475061934,0.2085111876288429,0.04347691536639053,0.42161900687039877,9.291991938724673,1.548491,-1.167507,0.022596340412243877,0.030421999999999998,0.09861135322209952,-0.321793,-0.009487,0.005573,0.020935,0.3144015,0.006754360213447688,0.2775611738002021,0.07704020520134602,0.08089878670774901,8.943961099105282,1.843963387932202,-1.5125847298679078,0.03047750362786824,0.04120668364875284,0.13004109004130376,-0.3993379207880207,-0.012310459850036192,0.00801149650623309,0.028896223798716644,0.42805336921093784,-0.0006915842970908847,0.09952585750404615,0.0099053963119157,-0.27186850662189516,12.89078782567632,0.9286908055807781,-0.9159003155566801,0.0077228909486359,0.010414241843365347,0.043220991672458325,-0.15014340686981759,-0.005192982382809737,2.1967875221542553e-05,0.00522125946055561,0.1488056986454757,0.009556281710995401,0.3877561013650047,0.1503547941457878,-0.009921974388323514,8.910568558138674,2.4501000094839247,-2.129377156925794,0.04182792093978002,0.05660097401475258,0.18125298088973335,-0.5551874001438409,-0.01635018576384773,0.011472550909568335,0.04025078825090485,0.6098236672636268,0.0006667929882215775,0.060808884369753936,0.0036977204182941045,0.5526684724810755,17.382314169634622,0.6447184317237108,-0.6485277227315394,0.0071673470843009665,0.009640749773348643,0.02714606484235155,-0.08568030415731367,-0.004890631757677614,5.231751443814472e-06,0.004750118015671028,0.09138599895996606,-0.0009779865501134623,0.11709198670751439,0.013710533351112728,-0.20269136083244152,9.685238414336752,0.8343067460032213,-0.830839988793725,0.008528213377678834,0.011501112219126305,0.05233877422211878,-0.18975366214883,-0.005738747037913913,-4.228945096849123e-06,0.005762365181212391,0.1849972244418118,-2.842685880661072e-05,0.07808147234000924,0.006096716322783629,0.40145300358902375,27.92524523289815,0.8474356011577564,-0.8633346115095105,0.006662753520150791,0.008983181322844492,0.030360389935526037,-0.09270134198909574,-0.004552777900154296,-3.189226083127726e-05,0.0044304034226901965,0.0903667450077455,6.597218159567792e-05,0.8475900429716839,0.718408880944741,-0.0003053609949792722,1.3039215657091816,2.702402,-2.700692,0.6920735264906502,0.9333265,0.6151285351461064,-1.58956775,-0.4654415,-0.0006495,0.467885,1.59212075,0.00011623319386959469,1.1985496871454977,1.4365213525565705,-0.0003457106214219471,1.306656022882553,3.7897627651696157,-3.8041615003343363,0.9774264775198133,1.31849457831651,0.8693008094463874,-2.246162440149682,-0.6574142455007542,0.001227834903105702,0.6610803328157557,2.2488139697030363,3.010279607498114e-05,0.014143311350049906,0.0002000332559444505,2.0245598834758995,71.04509711753389,0.49652738333572966,-0.2745649214881299,0.012603942923579426,0.016981146939424645,0.01069693106667116,-0.02060181393633178,-0.008527984800805964,-0.00021745798811148055,0.008453162138618681,0.02086256756858682,0.00023006151568454456,1.6941869873298638,2.87026954803784,-0.00040750166051903324,1.3165452214618298,5.351703228279,-5.272665611277278,1.3506099290431592,1.8195238873696766,1.2271978709112827,-3.176353715985993,-0.9064162373927827,-0.002356697818499995,0.913107649976894,3.1869991939757862,-2.756210768224854e-05,0.04889047801708336,0.0023902788407389112,-0.021940212326517137,2.142494810478678,0.5634824603270328,-0.5562260548769185,0.0371109300493577,0.04982076825394434,0.03667917102408598,-0.08858632717696077,-0.02441443833758546,-0.00033861080235790195,0.025406329916358883,0.09018638197797103,4.327807963231032e-05,0.006434244835299357,4.1399506600576445e-05,14.683938006853419,684.994131684416,0.3354119920904719,-0.10930587507429222,0.004523644404971709,0.006101724831431196,0.00396041226681054,-0.008597550333291862,-0.0031163841151032306,5.321619066483319e-05,0.0029853407163279656,0.008560487432485504,6.378589747687972e-05,0.01893785870028147,0.0003586424921518266,0.35329557682434837,10.209015884777186,0.2949356693896039,-0.28729740059425496,0.01727722922155365,0.023394665508623833,0.014645510158911858,-0.031031343317144362,-0.011734660285167103,0.0003784623857926956,0.011660005223456732,0.03145122079038791
-6.126524390243903,8.10999319026552,65.7719895461531,0.7108295736296457,0.2521922050268013,14.5,-25.4,4.818457210143204,6.3,9.278556910569106,-17.685,-10.5,-8.149999999999999,-4.2,9.2,-8.600279588256807,11.500277153031277,132.25637459653316,0.7369271500327871,0.26108419995361176,20.460859985163868,-35.768125280636134,6.767782900187373,8.876401631675137,13.131187847276424,-24.954971441124087,-14.821812246168262,-11.558844889842067,-5.945410614493126,13.161432722047826,-0.06184903803474414,0.7854828782215691,0.6169833519792404,-3.779831544340397,37.62158748874543,3.1886172916321986,-8.494297056898626,0.3050812262604148,0.4077570819666927,0.3739465283898252,-0.8563477245390355,-0.22230354228330632,-0.009512561287794319,0.18545353968338635,0.5623318240413527,-11.993304930880146,16.358526237804828,267.60138067294895,0.7552340162059573,0.28193958000877295,28.828616850383394,-51.0096089837593,9.460909928147345,12.225172967685957,18.564531504032168,-34.281783564618166,-20.665928660815336,-16.318125721322637,-8.440755693129379,19.158890181174854,0.14546321390136863,1.2593023280506426,1.5858423534337682,5.8051181372011404,47.49584561794334,12.440122368979006,-3.5118553828473678,0.3268258690494768,0.447739372298204,0.48389286140032844,-0.6890158903262977,-0.19920980369127167,0.00774686714048034,0.24852956860693232,0.9790843656227259,-0.08643170151144253,0.7564339073309496,0.5721922561599676,-1.0409444235654306,9.942517267835747,4.02637411054472,-3.468280204087649,0.29468096224288054,0.3926944212601846,0.4015610441048055,-1.2685753578410712,-0.2248937479450389,-0.02599932962543694,0.1678006733151457,0.5953052918805022,0.05223294414532773,0.8018074630186635,0.6428952077524254,3.826630119882698,29.424759240936922,7.010215842474187,-2.6429563800249896,0.27009303696064163,0.3624656510528622,0.37077812340143,-0.6096311907715997,-0.19860847107615265,-0.015769363162516904,0.16385717997670954,0.6171354800032876,-148.8774390243902,12.968488197331666,168.18168612433075,-0.4175247109879561,-0.20367611073204062,-110.5,-195.0,13.49168018840097,18.950000000000017,148.8774390243902,-171.655,-157.925,-147.0,-138.975,-130.9,-210.4640861267389,17.50594124788236,306.45797897430907,-0.290127622985172,-0.6577956069670172,-159.65550000894072,-255.6944216565273,19.350908647521027,27.062108278362246,210.4640861267389,-239.53710672543787,-224.06296062423576,-208.62381444504553,-197.0008523458735,-185.96587944856742,0.17379490560442182,5.396485717900511,29.12205810350419,0.013855755558652585,0.8080344299011788,19.807297907346083,-17.563386817817698,5.212036866967778,6.925713507426112,4.20042697867514,-8.061792594613118,-3.2160050313466373,-0.1015322235220868,3.709708476079474,8.640346188188637,-297.3688494619619,23.694431529727783,561.4260855169581,-0.31281208429003843,-0.7880897739754915,-225.58944415696385,-348.71109701195246,29.68396667319246,43.79224115130137,297.3688494619619,-337.74044693121937,-318.4236255659505,-294.22802427782324,-274.6313844146491,-267.9254115222932,-0.23034068233536273,7.003029087911772,49.042416406138386,0.12560134006117118,-0.7938083095790871,17.528542866455176,-16.49975221116769,8.199069945167386,10.54367022332465,5.883770077904652,-10.771871643241973,-5.85646182725105,-0.05564367712758589,4.687208396073599,11.735048345773258,0.23509586368600693,3.8506196508494437,14.827271695507891,0.022085855966997327,6.108653078423906,18.76731739765436,-15.391895002658394,1.9911839184824756,2.7526244344804,2.3572711413204672,-4.704684895097648,-1.1710757519175163,0.09312026939743334,1.5815486825628837,5.296875602671607,-0.9201610701423768,6.463850027786316,41.78135718171316,0.282521629503397,0.3371338402436588,21.130607096073856,-19.81182245849248,6.731723868136836,8.58119560166941,5.215806873197068,-9.900450130746815,-5.587084030491651,-0.9485395325064014,2.9941115711777604,9.21002380255937,-1.0177845528455285,7.450402317008782,55.50849468528983,-1.3272556894824898,2.1141499815539815,14.3,-30.6,6.375189539574088,8.8,5.463922764227642,-15.669999999999998,-4.5,0.5,4.3,7.78499999999999,-1.4703439284597475,9.858100757460733,97.18215054424788,-1.004493429080976,0.6529560230852796,12.976469639996392,-33.765965681480154,9.81638274682133,13.784636251143088,7.5320817340609745,-22.59108272065617,-7.67059803589517,0.6385727753523749,6.114038215247917,10.613352611241698,0.08587832176477869,3.675878936549743,13.51208595617007,-0.35042767836841,5.7976830053323845,14.808172415354273,-17.42955573890827,1.6501866876117544,2.256792765271654,2.190788353074849,-5.338243417857871,-1.022785801832303,0.14674512217061614,1.234006963439351,5.800014469496344,-2.1665197303783077,12.236727511340424,149.73750018679561,-0.38028051792709416,-1.0577474927489838,17.217832698561516,-28.34387942576242,14.797355355184566,22.672295656249805,10.230827185781735,-22.42050319932534,-13.959872295565177,0.703898618122867,8.712423360684628,14.00539987338455,-0.37017903900963683,6.57189968622735,43.189865485835135,0.1659878248599544,4.956890474314358,26.152257877188056,-23.754396763621784,2.6084625109367634,3.4496388736604557,3.7616549139655846,-11.915089054306087,-2.0895363575704096,-0.47832652619205157,1.3601025160900462,11.38788260518825,0.12125081619469079,1.886669097712182,3.559520284262099,0.29089745080044094,5.059731497075504,8.828065530002826,-8.04177257653643,1.082561083611493,1.4706979521916337,1.23418638624375,-2.7808407039441865,-0.7116715871920114,0.18472338151671114,0.7590263649996223,2.867959893617056,-0.09019356249631605,4.804278438030522,23.081091310124997,0.8266851750154838,6.41030993162658,21.40860304503433,-18.82950600229925,2.137623397358056,2.98385096512004,2.808433830613775,-6.81058778663129,-1.7492184023357784,-0.1854373786799158,1.2346325627842618,6.819163086942837,-0.7050813008130082,4.225088948105879,17.85137661940644,0.022877610579880067,-1.422833208265144,7.1,-7.0,6.301059428648808,8.3,3.828252032520325,-6.6,-4.9,-1.05,3.4,5.5,-0.9967260821539042,5.9968552410096425,35.96227278162482,0.03330964331242387,-1.4219420071530064,10.03116527458996,-9.863307769016672,8.977385311982246,11.911968698303898,5.436452822555754,-9.36190654254871,-7.014797305971096,-1.4504190024217285,4.897171392332801,7.868090470413534,-0.008858199309548526,0.17032816326565559,0.02901168320145182,-16.715463975806447,334.73393696817146,0.42293682404572747,-3.4520996241065305,0.06034121496009769,0.0800274125873332,0.05671374085269551,-0.10109760784601081,-0.0395792885434024,-0.0034773342397333568,0.040448124043930805,0.10109516087058291,-1.4304358664181929,8.54559965995615,73.02727354824266,0.04814797609150065,-1.414680824687521,14.09554326896075,-13.93057288376929,12.948036919643393,16.896124555654936,7.749103300138789,-13.215673409418061,-9.96418010663686,-2.3102876666151917,6.9319444490180775,11.398517351186047,0.02349660138377431,0.3571009340697267,0.1275210771134713,13.047751693822946,192.57109427251677,5.336618626267147,-0.9899833576846593,0.07293390431828069,0.09826351705912881,0.09319051955791431,-0.14079885913928636,-0.047407612884596106,0.006759766301066894,0.050855904174532694,0.1529995385078392,-0.012428962968980363,0.14075431916902006,0.019811778364734366,-7.63598720102543,73.91817534567349,0.2882963707811999,-1.4441255056404774,0.05950126365152764,0.08224332493072378,0.06021336037242728,-0.10843617609513473,-0.04135556217556438,-0.004010039635124024,0.0408877627551594,0.10122533095357836,0.0169031007233913,0.19283950938686437,0.03718707638056655,12.576421287784667,181.71526693671692,2.846011139570893,-0.3192249905183007,0.06183287480264995,0.08420210838583571,0.0642309972625951,-0.09667013070866175,-0.03867924612434302,0.00650935710933696,0.045522862261492686,0.10685821305231702,0.09491869918699188,3.1433493143602997,9.880644912089366,-2.2698225058044503,4.883858178458742,3.6,-14.7,0.8895613311033613,1.5,2.2016260162601626,-7.385,0.3,1.3,1.8,2.4,0.14095304540512898,3.437356194802584,11.815417609947701,-1.443569410460305,1.228550119603523,4.475230917667426,-11.847780420899547,1.4543925903839878,3.9858202280317316,2.7882818380784262,-6.979795516646365,-1.586828762995919,1.665396185574812,2.3989914650358126,3.2931740466322617,-0.00946687564847968,2.799144867600688,7.835211989815273,0.5267390406750094,3.820009723172385,12.371425475498887,-9.010400746171591,0.450485342289413,0.6134509244985661,1.534341054955974,-5.107843872690274,-0.2993895179288655,-0.0022849444098841237,0.3140614065697006,5.365710495504109,0.2238430929416743,4.287420868106652,18.3819777002764,-0.9923451737618272,-0.4681937575986166,5.265692140944906,-10.413304730959902,1.4958616470266743,6.704108504660105,3.7965585136339746,-8.230392648050348,-3.4687226790187844,2.561468990414147,3.2353858256413206,4.367132626098615,0.22913754252530683,2.217924254669057,4.919187999449291,0.5000890147545076,2.3241460822906275,7.3955270548035195,-6.134458895366524,0.8689239209902184,1.1811115622562645,1.3592665180780852,-3.40532634940912,-0.5374929731892071,0.07325710224434716,0.6436185890670574,4.912528530823488,-0.013192612407809376,2.7966902490443926,7.821476349099987,0.23475838569556712,6.817478954214275,12.126183101110648,-10.47084485901137,0.20517759849624403,0.27229093422333644,1.2480487509714058,-5.213206352267399,-0.11743717349770716,0.007027267563635547,0.15485376072562929,4.364564647795969,-0.13544655857023005,2.7590090980668487,7.612131203215645,-0.34026204672476157,3.8383741018758446,8.596398569930454,-10.395863775565989,0.5326584841725771,0.7207296087179221,1.4693723006940094,-6.054450369203904,-0.3735304558328195,0.003257295685457781,0.3471991528851026,4.311247331262679,3.127743902439024,3.2474243376440635,10.545764828722984,-1.5154937425028265,1.5095785562553177,6.7,-7.3,1.1860817748044812,3.8,4.122662601626016,-4.584999999999999,1.5,4.7,5.3,6.0,4.433433805065702,4.565634125386272,20.845014966891668,-1.4676672184637347,1.345967333545592,10.615498793309314,-10.189655463269405,1.755604624235839,5.2630271697941025,5.821179464996133,-6.376336323023001,2.1591461423559624,6.5838165391572,7.422173312150065,8.508714568327813,-0.03608489831262876,0.4272532029220576,0.18254529940715694,-8.65420342759091,85.33532454460267,0.6470819288990033,-4.667460864510711,0.09962636548721554,0.13415113270469076,0.13835442520686214,-0.27686494347783414,-0.06562748069719254,0.003546082487993693,0.0685236520074982,0.24531061053080014,6.308913544889814,6.372010277002581,40.602514970226515,-1.5385551209097363,1.6494846960829923,14.04598892664358,-14.907109313906458,2.4281661758216484,7.237027426108714,8.201970527458892,-8.364489192781475,3.231170987556137,9.302030625915066,10.468198413664851,11.871957207351876,0.11221111060260952,0.8997958730755133,0.8096326132037254,5.99683277003037,40.88153701138621,6.960491932774927,-1.3503307758693779,0.19002218287953226,0.2590878124531515,0.31711548666829453,-0.46549319849052984,-0.08723188975834953,0.014283616504673503,0.17185592269480193,0.46895489020309633,-0.050162702550504396,0.3391892207925887,0.11504932750188346,-4.161760733498502,18.470854134970477,0.3717367135579395,-1.8943111561863468,0.10255285088140889,0.13515509482987734,0.14739425716137125,-0.29110375615893114,-0.06043165242218058,0.009315337706226043,0.07472344240769677,0.2002558816092047,0.04998435977009064,0.49256155610484714,0.24261688655242847,6.1774682959311695,42.21040616698883,3.869292598698073,-0.6770987613295663,0.14230238263872405,0.18130722879724814,0.17989308893442946,-0.29009244652849286,-0.10477013463162674,-0.007497082773709996,0.0765370941656214,0.3313922841540414,0.0004947370259918719,0.2836004075479507,0.08042919116136373,-0.5676124248767177,6.4454451482494655,1.306375,-1.825046,0.057536826895765406,0.077498,0.1462486340233313,-0.48640700000000003,-0.036232,0.004182,0.041266,0.48918325,0.00070054737783122,0.3861990857066776,0.1491497338006737,-0.40643675478533475,6.173311686171829,1.8109545180559485,-2.2882379917767945,0.08133068861654817,0.10979469802557656,0.2012477227084523,-0.6577171802166533,-0.052084699838078674,0.004767831923688103,0.0577099981874979,0.6627984098242031,-9.829676451452681e-05,0.10814279771098816,0.011694864696759705,-0.08015788401329986,15.991300665122719,1.1928102018755393,-1.1253769983384705,0.007319579114392616,0.009894422452025847,0.04495087860204541,-0.15091173690216797,-0.004946078746250639,-5.4471389394304074e-05,0.004948343705775209,0.15476624700343164,0.0009932698754428059,0.5393728934633523,0.29092311820302874,-0.3661495537747117,6.143295559068692,2.508506587892656,-2.8972993030272427,0.11443066069037952,0.1543394041976709,0.28196429814052465,-0.9248977797059269,-0.07349928009183249,0.005279184106160063,0.08084012410583839,0.9184124693126321,0.001223299857369451,0.08557946780267801,0.007323845309389602,0.10268071995328068,12.989759713956113,0.6724519019569124,-0.805252184400738,0.007211421971912365,0.009745028853378752,0.037090343075154325,-0.12176527231607256,-0.004855873886425414,-3.3564021151866316e-05,0.004889154966953338,0.1330437868685971,-0.0001389280094508652,0.06297003375657857,0.003965225151304645,0.09296793905398654,11.642696933410559,0.6477153607884099,-0.5538541525767701,0.007107259671862083,0.009570501959487877,0.028635571661471876,-0.10152923569419654,-0.004761173212332749,-5.243383758178796e-05,0.004809328747155128,0.09609409559055734,-9.078596835936647e-05,0.1393570992284601,0.019420401105370872,-0.13543958512996676,17.435893665390367,1.3696785083241183,-1.5132414195044692,0.00750101678144358,0.01011556160733447,0.056593922280206516,-0.18916755370298804,-0.005039723930472636,2.3573235670579666e-05,0.0050758376768618345,0.19473800565237964,0.005060201034996929,0.48836449325361864,0.23849987827086372,0.46526601235080567,5.77778771243578,3.099621,-2.510618,0.08128811443622515,0.10947499999999999,0.24977280583574543,-0.87363475,-0.0515,0.0012850000000000001,0.057975,0.88302375,0.007157463652799634,0.6708576220613596,0.4500499490778219,0.519568644117281,5.494159334662299,3.5610358851707566,-3.2873250173962205,0.11516366961668545,0.1548094033385486,0.3459183032838554,-1.1985957984663744,-0.07331281332599121,0.0004967333269544009,0.08149659001255737,1.220905037220525,0.00018109318983651373,0.16403782968014602,0.026908409566172596,-0.1334962530254984,14.87968058744924,1.375514002196461,-1.5659877569017493,0.008725196503025636,0.011769557371041427,0.06757902618571117,-0.22568433828292656,-0.005858079043953841,2.270921689309668e-05,0.005911478327087586,0.22665703178413438,0.01012612837427737,0.9126370433410156,0.8329063728782307,0.5641203481621736,5.151828941204471,4.84196438739597,-4.214529391806154,0.1614127786592706,0.21774320284931103,0.4771640412276298,-1.61467637866827,-0.10346398489517619,-0.0007832000627892657,0.11427921795413484,1.7477637820354694,0.0003633451144056591,0.25891598436455904,0.06703748695946858,-0.10369847359827404,8.092842916582407,1.4856811196221378,-1.8096607657764088,0.023413854958689244,0.03155808285205705,0.11924701516105443,-0.41362771302562024,-0.015552026595937695,-4.312519245088745e-05,0.01600605625611936,0.42896266728137894,0.0002556645580757286,0.1565561858289824,0.02450983932131887,0.02619343977243351,10.747218911272562,1.248487941671121,-1.1908111176623697,0.0076766182038493815,0.010373120669834214,0.06720444540029448,-0.24351504275929667,-0.005140009558914948,-7.70720759246805e-06,0.0052331111109192655,0.24092963273675433,0.0011199190757463996,0.17116160733420266,0.02929629582522778,-0.047205454894278784,16.642764996698126,1.7462451057249178,-1.6289177826806287,0.009394794844991531,0.012692126588951583,0.06918008581206413,-0.23024511810648549,-0.006107670106527971,0.00012651942183206376,0.006584456482423612,0.23793582644496547,0.005428122781627343,0.17205670086534408,0.02960350831266649,0.2986191584134141,8.70783366647947,1.246814,-1.1692,0.022058155806926348,0.029696,0.08380545734292315,-0.270082,-0.008943,0.005875,0.020753,0.27849075,0.0076787321762324025,0.22497380932825978,0.050613214883668184,0.11389648276349112,9.001768626655803,1.4508088929204495,-1.389653978152275,0.029749892972137378,0.040163352131874094,0.10851398679393036,-0.3441419686346849,-0.011515518048261173,0.00848164542997849,0.028647834083612923,0.3535083183660724,-9.078989492570982e-05,0.09267508465439171,0.008588671315698671,-0.19207867720191021,10.544222504733085,0.6922875404067506,-0.8101718117392436,0.007545320362688567,0.010174220388389693,0.04119790290313166,-0.14717006455139178,-0.004969115448210995,6.494598329255157e-05,0.005205104940178697,0.14720333451099932,0.010865649269009493,0.31219747840426654,0.09746726552198245,0.039817070051422224,9.188067878933243,2.018868159399486,-1.9722783661867045,0.041097073701943654,0.05543231981211585,0.1502620436090732,-0.4721913834930856,-0.01523752265207839,0.012174109785158302,0.04019479716003746,0.4916762812369496,-0.0008753875665965601,0.06116299794569157,0.0037409123177046715,0.08550582548580793,10.082775906733136,0.5368213709434938,-0.4250128940309861,0.006876955101461039,0.009281138853347259,0.027910389356607144,-0.09655517163474203,-0.00494388088320162,-0.00012443620643555866,0.004337257970145638,0.09207845732409138,-0.00012895921663763938,0.10963857535377118,0.012020617205604562,-0.20868296806510328,9.097033536090244,0.7503093655334986,-0.7784041983684874,0.008276937101890891,0.011174733533472543,0.04927921195007715,-0.17581331530918703,-0.0054543002186301336,6.086131997356e-05,0.0057204333148424096,0.177825185001692,0.0002462643828012531,0.07178905322885339,0.0051536681634951455,0.0335246267584306,17.32181686906029,0.7897385533224872,-0.7702399451229558,0.006629255676259768,0.00894271477279023,0.030119864301919416,-0.09853279128360376,-0.0043841128494067905,9.219888856783949e-05,0.00455860192338344,0.09961926439317324,0.00027911975557699613,0.8502953501121554,0.7230021824223529,-0.002130825944960647,1.6425237767230119,2.869707,-2.864947,0.67687462984764,0.91302675,0.6087365796567553,-1.6157255000000001,-0.45455375,0.0007975,0.458473,1.61980825,0.0004237183305315022,1.2023749410974038,1.4457054989789855,-0.0021992677693111365,1.6455169332109847,4.014239436135108,-4.044338297698906,0.956541667348066,1.290612627118584,0.8603306484931369,-2.28541811213499,-0.6424119973458778,0.0016877192782996974,0.6482006297727062,2.2881806141220062,-7.966848825309889e-06,0.01386749927220694,0.00019230753606466,-0.2352670148094095,14.20481579668451,0.2626526939016668,-0.3383462031179585,0.012858468827212432,0.01732934316047582,0.01084832089985664,-0.021735768024113117,-0.008644685074053384,-0.00017190928558304206,0.008684658086422437,0.021547816707359734,0.0006784299027009973,1.6995991787880829,2.888637368537126,-0.002312537895882284,1.6560713350551408,5.628224287380984,-5.618842279785709,1.320190983408715,1.7808779515804996,1.2140988069656014,-3.23460712247267,-0.8868998832859636,0.003463343966409257,0.8939780682945359,3.230561561128806,2.182602763375016e-05,0.04841695972989597,0.002344201989486368,0.030217787003995147,0.8945226465168248,0.4364613462049243,-0.4223551564693974,0.03755140427372497,0.050619479159561956,0.03631598891634589,-0.08777655026266909,-0.025965198828921794,0.0003686663603976355,0.024654280330640158,0.08897107927140838,-1.0945847131988267e-05,0.005250111968781698,2.7563675684744836e-05,1.741720245660183,179.7798825154795,0.20424398662938986,-0.15433579840251144,0.0040797021935133505,0.005498599079813693,0.003697837729060623,-0.008223144625508924,-0.002756950462446388,4.679427696217535e-05,0.002741648617367305,0.008082460967476383,5.7385483339987385e-05,0.018896130488732215,0.0003570637474471952,0.2625574498639381,3.60386838850736,0.3000232632143093,-0.05094378850698619,0.017880195935622702,0.024089995777673352,0.01495063206544292,-0.0319009116514264,-0.012077095125806575,0.00027807291620006317,0.01201290065186678,0.03209684638706992
-6.002235772357723,7.6918137696100395,59.16399906636261,0.978936423178383,0.1814784826593301,14.3,-21.3,5.485628208470729,6.5,9.085162601626015,-15.77,-10.5,-9.3,-4.0,9.1,-8.44142589504788,10.924326357131813,119.34090635712482,1.001928340588537,0.18917508159420837,19.882314976606764,-29.09426290636438,7.997138443783469,8.963197312389163,12.872763885620673,-22.3108144692441,-14.777114249115382,-13.351360917286147,-5.813916936726219,12.703861271750192,-0.05642554161266033,0.6668973913842781,0.44475213063515495,-5.539351005884626,61.400345613344214,2.6844168762415963,-8.48551191222253,0.259593264421525,0.3465967396590308,0.30666050450900295,-0.6250050082650821,-0.19236176888576792,-0.012682306484738781,0.15423497077326292,0.5247002081632652,-11.827427966929314,15.578088532873819,242.6768423380548,1.0171519927675674,0.20520571990599024,28.11353057670772,-42.010839834394254,11.200288954331576,12.742035375289586,18.25264671548753,-31.114958695600585,-20.881211386876068,-18.897712313468805,-8.139176011586482,18.36067651577278,0.12730596818864812,1.193399102806588,1.424201418579569,6.680326310258505,56.26382474039641,12.492400989941803,-2.7267743057388767,0.26657803646901235,0.36817442043877147,0.4259047703307584,-0.6216731440594554,-0.18848934243354915,0.013947692799920253,0.17968507800522232,0.8246556571201453,-0.07872310000562656,0.5894936092296872,0.3475027153226431,-1.2786973040982068,11.762186935962271,2.99312591191072,-3.437832724531578,0.2522951135185483,0.3448233922012313,0.32297746948164835,-1.0038327950272699,-0.20631280232526994,-0.007001988132348249,0.13851058987596138,0.5459127084984607,0.09500304790232994,0.7223805042659648,0.5218335929435496,4.911015863773281,39.36174669242025,7.069265969178472,-1.561396582052271,0.2839251147046385,0.3813893437533026,0.34732067067102096,-0.5401245748190918,-0.16182248257290963,0.03817741220362144,0.21956686118039298,0.7788554966402443,-149.0375,13.28161538234842,176.40130716463415,-0.3471904202805155,-0.3796504042090252,-110.8,-192.7,14.677761963205468,19.625,149.0375,-171.685,-158.4,-147.4,-138.775,-130.41500000000002,-210.69194425738587,18.081203241904877,326.9299106750714,-0.26720611378068637,-0.6572389682258502,-158.12934769189016,-262.1138643062556,21.22074147736534,29.815773120440213,210.69194425738587,-240.82990860460518,-225.959309694325,-208.62040154620325,-196.14353657388477,-184.9586812637134,-0.019983141936510643,4.988796778894589,24.888093301109027,-0.03463674264650199,1.3706898137652814,18.95983668338925,-20.625366168646842,4.300281945809675,5.874806387992433,3.7781385432301153,-8.083072236492878,-2.8493320309085313,0.003480879840022766,3.025474357083902,7.621861114661323,-297.6916499208359,24.629335942595084,606.6041889732061,-0.30046226389974184,-0.8039126205643132,-226.25035647525362,-353.75599321544627,31.959873236272326,42.68628049715517,297.6916499208359,-339.3315377865261,-317.75593125446323,-295.075855360896,-275.06965075730807,-265.2124314487447,0.053734514407318155,6.631486750391991,43.97661652062453,-0.07999610228549357,-0.17434902349643666,17.272930510465397,-21.149091563151,6.581829614907029,8.867900094241218,5.2972237568652805,-10.98862319042647,-4.418107827473113,0.28838216515011617,4.449792266768106,10.759508857988461,-0.033422602758853504,4.038029046685457,16.30567858187546,-0.14374480101780382,3.662198552729296,17.025346119038097,-16.81906347222324,2.9633439470394918,3.9660831280314164,2.792819029427761,-6.5693483702904665,-1.9347729216407017,0.05075442354564954,2.0313102063907147,5.421936723033021,-0.5825716432617472,5.696638778076991,32.45169336789052,-0.07417505987842044,0.38727382721700776,17.340266278042225,-19.977511623524833,5.986284392665319,7.493266629666584,4.474908722607159,-9.58054560905465,-4.583226751188088,-0.2328176230105053,2.910039878478495,8.147510182056081,-0.9253048780487805,7.106775645090465,50.506260069651,-1.1008209143109051,1.4091282730364911,10.8,-29.2,6.671709983275209,9.325,5.398678861788618,-13.3,-4.8,0.4,4.525,7.8,-1.3362873487966365,9.561541002875515,91.42306634966972,-0.8264910865342563,0.2951552930249761,13.493886610670348,-39.16270318538934,10.290229856690798,14.38616251762279,7.522758392322037,-19.154500040234044,-8.22062614460588,0.637871217094919,6.165536373016909,10.814588164657462,0.10696148503747174,3.0460580273102478,9.2784695057412,0.6568447616271961,5.7046939083087125,17.060701864886546,-14.783974786945592,1.7002129843494487,2.282052188187847,1.93636164065453,-4.809585198433625,-1.1408814178714177,0.07812096351162323,1.141170770316429,5.3971965439090965,-1.9649949814868408,12.182146963682952,148.40470464476974,-0.32029596832550983,-1.1065222122434621,17.628866547221953,-31.27647505296906,15.337138027298652,23.22740307088086,10.213325403801136,-21.53017230414378,-14.05208330876693,0.5796335313069246,9.175319762113931,14.87730810864273,0.17583417888052047,5.750887191768076,33.0727034924421,-0.8533572174730394,8.493402321367766,22.578739237185946,-34.78683854108785,2.9245572568328533,3.866751926835791,3.4554835367444086,-6.025288682536366,-1.8135514304329219,0.17753366087870615,2.053200496402869,10.525655794482155,0.14878027778361716,2.4994628609783085,6.247314593409871,-0.23030707708098855,3.954501429999831,8.789340426434153,-10.296063582536743,1.433653137619147,1.944144323084695,1.5902618634720433,-3.2582536550598826,-0.8652944168623216,0.09113415544176341,1.0788499062223735,4.544823831701423,-0.09438363891749874,3.470443722118931,12.043979628394698,-0.8065493949625648,3.3242763392938866,9.727767675510062,-14.465185842881455,2.093857946786152,2.8522430819028113,2.2829773332451597,-6.867337039497633,-1.335241797075529,0.14242542878303582,1.5170012848272825,5.953434059145399,-0.7230691056910569,4.240106410127951,17.978502369208144,0.0346321024310939,-1.4333773103802416,7.0,-6.9,6.375189539574089,8.4,3.8535569105691057,-6.7,-4.9,-1.1,3.5,5.5,-1.0222914028797867,6.017742407023796,36.213223677292554,0.04487442671030414,-1.4324345464754724,9.908073147520989,-9.731808367137049,8.924823915161939,11.863078263203887,5.472306861534788,-9.384509483792666,-6.962682817263479,-1.5202234663690892,4.900395445940408,7.842188862617488,-0.010994704441259372,0.1741470565613711,0.030327197308989393,-17.037418008150496,342.8769719175246,0.4130907501710584,-3.552465769858213,0.05757340758697707,0.07750232341894873,0.05608399249480253,-0.09677122872022209,-0.0411434783735197,-0.0019619133335357503,0.036358845045429036,0.09729895216342536,-1.466891805997439,8.573922332360326,73.51214416134711,0.05871104661837803,-1.4251704448245746,13.987656990061229,-13.733166778087176,12.808573471603141,16.739258584730102,7.792052755911177,-13.279162963409883,-9.89346113731739,-2.292499998525253,6.845797447412714,11.411857249066532,0.022709013320541205,0.3677954863096797,0.13527351974977378,12.8900639666439,189.61474654057199,5.473998320965298,-1.0128504552798943,0.07262031379607561,0.09731882916821835,0.09699348385152556,-0.12682225857728024,-0.048391696223136826,0.00022488292824732192,0.048927132945081525,0.1588054120116984,-0.014833418840049718,0.14647131824957177,0.021453847069767332,-8.169117603588676,80.04533043254052,0.19611444670384864,-1.5463624925898694,0.06578292451223496,0.08283992595290668,0.06170065319370557,-0.11368367932191112,-0.04203983650546325,-0.004904870694392143,0.04080008944744343,0.09448617562592637,0.013498471343736175,0.19554244321977257,0.03823684710035798,12.776538046184232,185.896352332681,2.8984028849908086,-0.3689443133684839,0.0587829120799619,0.07950931896020054,0.061743964146820374,-0.10666969447539199,-0.037303167575772,0.003399887007559306,0.04220615138442854,0.11550745634955369,0.009959349593495953,3.178146030859736,10.100612193469495,-2.2098234341852976,4.490844577035158,3.2,-14.8,0.8895613311033613,1.4,2.2063008130081303,-7.8,0.3,1.2,1.7,2.4,0.020871112476948717,3.4696615640009894,12.038551368705793,-1.3536392333493066,0.8083427517873436,3.9295256143581017,-11.787515452017265,1.51266195039025,4.061458030496752,2.819041656058925,-7.236693086628197,-1.7548431707827494,1.54786342992483,2.3066148597140024,3.160817618029453,0.03489674610624866,2.837221289814091,8.049824647374335,0.6152487925782815,3.9095250666614367,11.451154188847594,-8.593960771380232,0.5568815351760377,0.7455997169518841,1.5465226939404217,-5.166229256341568,-0.40534024342084085,-0.02337754095794181,0.34025947353104324,5.585482311907106,0.05463344395679052,4.43434229728656,19.663391609504647,-1.0434871506290384,-0.3441362332917386,4.749408375959639,-11.781463157433398,1.6267671179514531,6.9652974554304885,3.852952399889253,-8.392184137329469,-3.7000710457130435,2.4397924736820977,3.265226409717445,4.079627886679104,-0.007721300316219001,2.03456364074188,4.139449208228854,0.4456620807829473,3.425582869105061,8.24763400117774,-6.519342112139164,0.9610248069589254,1.1870812187745983,1.2538586597536345,-3.6452870950054272,-0.6610977916604872,0.015821817268051153,0.5259834271141111,3.592716537283408,0.04804647672081931,2.4434799844831976,5.970594434570007,-0.5982996833736529,11.116721247062433,11.67956632078332,-12.796945772662959,0.28611613538144304,0.3864384851485224,1.0788678914715177,-2.279794648344737,-0.1792351253821895,-0.0006855031224652093,0.20720335976633292,2.8506771010439556,0.11013669934483726,3.145262522430109,9.892676335003413,-0.636634587172237,2.7085341474975158,8.353373381179102,-11.844150536823028,0.677291634088844,0.9695971931813421,1.8191485077983118,-6.311756623363028,-0.3476083564869061,0.024917118596495584,0.6219888366944359,5.434898213906261,3.3737804878048783,3.0469636253044143,9.283987333928218,-1.8314859240308021,2.735504151216973,6.6,-7.4,1.1860817748044812,2.8000000000000003,4.234756097560975,-4.2,2.4,4.7,5.2,5.9,4.778632307298892,4.277110910051814,18.29367773688426,-1.785508396839657,2.5336195939417196,10.306868094867514,-9.854994911909284,1.6078276435607084,3.9326424022774655,5.979052590185127,-5.843034577787694,3.424653825969076,6.620386027593749,7.3572962282465415,8.384660230617637,-0.03458497106683907,0.4129100879621948,0.17049474074094745,-8.63725452589674,86.98558164413899,0.5840436192304086,-4.776327474128844,0.09592636663539411,0.12937336509866612,0.13671498025553858,-0.2518280569606376,-0.0603733721004239,-0.0002568907402218934,0.06899999299824222,0.2393798647831062,6.7828124014110704,5.947198271941385,35.3691672857826,-1.8744426647682697,2.988628565597364,14.256961339065441,-14.881580781484647,2.2624790057400554,4.813787134769832,8.414851563862388,-7.971515795041596,5.513006400106068,9.329810349436281,10.3267935348759,11.677708713115244,0.10190801493161838,0.8633566116712386,0.7453846389164419,6.175722720720498,43.16835959750085,7.090536706017414,-1.347898918777025,0.17084096840408247,0.2281995279448862,0.2956378038586869,-0.5116449834497223,-0.09592884897326404,0.007418338533464519,0.13227067897162217,0.4455465391927623,-0.04838309357017727,0.3304830905095255,0.10921907311272722,-4.225296214420493,19.65960779531758,0.41169984274023447,-2.058924733578066,0.09255109785239515,0.12204190336459264,0.14150644530765966,-0.2551594243001945,-0.06042487071252838,-0.0016560581398627572,0.06161703265206426,0.20844699602618644,0.048394944040510854,0.47404593613775287,0.22471954956871848,6.127042459570107,42.79645758701937,3.9104852064234907,-0.6706421397274405,0.13193781082999773,0.177723577062227,0.17918818544257473,-0.31753813334222747,-0.09264032597788874,-0.006384223569379503,0.08508325108433826,0.3143426270795531,0.00029631062425838553,0.267136899779294,0.07136212322369256,-0.6124683422944781,6.3030352300805355,1.20665,-1.782731,0.056303301849968734,0.076013,0.1387258662055393,-0.4756795,-0.035697,0.003468,0.040316,0.453837,0.00041930172657485845,0.3638951999073577,0.13241971651561582,-0.4852743009428728,6.087415197480036,1.6648062365896326,-2.2584086928314995,0.07975090349383475,0.10748961174626245,0.19120663052096265,-0.6517833665157514,-0.050705975932829855,0.004562648586406164,0.056783635813432605,0.6121722503336754,0.0001822411689684869,0.10145009496829498,0.01029212176907607,-0.05256288385215984,12.304193534222774,0.8633365921396227,-1.0909870519940352,0.007458358334770364,0.01005722457152971,0.043373313627260955,-0.14754954892407304,-0.005064439859046698,-4.056920256802297e-07,0.004992784712483013,0.15327815511157222,0.0005935447357186148,0.5087219588979918,0.25879803146501007,-0.45741358049940567,6.055687362606973,2.3386022965147983,-2.916155418361649,0.11270750577967961,0.15178325663389028,0.26775818279531055,-0.9127882043393738,-0.0718578274336823,0.0060955736928885096,0.07992542920020798,0.855990029591654,-0.0010928924802703196,0.07742275256359708,0.005994282614523978,0.014369551309548846,11.45050318957629,0.6312651526266814,-0.6600167763457547,0.007204692285311415,0.009709050800117941,0.03429037733097828,-0.1200408834587981,-0.005036515777394891,-0.00010457326700940954,0.004672535022723049,0.11562099239598622,0.00025753164117019715,0.06426842175845562,0.004130430035322732,-0.005835350620805393,10.074968511620678,0.4840969031773689,-0.5399389845647675,0.007318532302982662,0.009870409667428207,0.029396362147479576,-0.10115025157589544,-0.004927033914012015,-4.077988052192318e-05,0.004943375753416192,0.10523381715010527,-0.0003107304094519533,0.1282581810398073,0.016450161003639985,-0.05948708959713366,12.738082391940242,1.1322014015845985,-1.003147629664177,0.007547126306799696,0.01017650398147113,0.05359517918707858,-0.19110155365188752,-0.005036505311303989,4.474874812643503e-05,0.005139998670167142,0.1850408251410826,0.0054872109078806484,0.48951202672232724,0.23962202430580043,0.5161695590829127,5.772335549290759,3.039776,-2.607956,0.0793740749721344,0.107013,0.2484987865453072,-0.882287,-0.049578,0.001855,0.057435,0.8789830000000001,0.007754724758862643,0.6712604720437916,0.45059062132845384,0.5708204999370046,5.627763862671333,3.819806992329531,-3.2999070399819583,0.11185150703747955,0.1507606175837673,0.3430446502558239,-1.1990199898375624,-0.07055397255843247,0.0012236779047417273,0.08020664502533482,1.2178208626006826,-0.0005138175208377454,0.16915093795085892,0.028612039809655324,-0.24373878808351385,13.99563763543021,1.517245023711973,-1.5833145117382454,0.008843588666989704,0.011929469353340761,0.0704538075521528,-0.24171604793202345,-0.005886474504476997,6.671783682591997e-05,0.006042994848863764,0.24158529925785624,0.01095136014774753,0.9090412673518585,0.8263560257486731,0.5467136506097294,5.049074475023504,4.750776021649822,-4.179158806996282,0.15705856740701649,0.2119749617445521,0.47234861167403247,-1.5944697199964304,-0.09968880514142453,-2.624087217899425e-05,0.11228615660312756,1.750110398996514,-0.000363304356025072,0.27325924405847657,0.07467061446341006,-0.24569853588987559,9.184210724575907,1.7617241806311121,-2.1152685037112264,0.024586098137391987,0.033163284649411845,0.12427523501949127,-0.4395317771446119,-0.016648012854559958,-6.494166357408522e-05,0.016515271794851884,0.45073083062794084,-0.0007268232484237038,0.18182757334642932,0.033061266429051134,-0.09768467133016716,11.274645293492522,1.547225871887647,-1.3163683107487356,0.007719943085123051,0.010409547176763269,0.07740076880945153,-0.28233958938055087,-0.005217292978883128,8.060270609474647e-05,0.0051922541978801405,0.27770290371352074,-0.0009585431503629767,0.15540905256530288,0.024151973619245072,0.08504622889253065,15.125791597419507,1.7290167586811083,-1.4638689517720072,0.009737229917177532,0.013167517464066934,0.0645846856451717,-0.2273491835577217,-0.006556377907433116,7.927222730796138e-05,0.006611139556633819,0.22010742950880532,0.006791560414435794,0.15990298110928627,0.025568963367636765,0.24948489803899132,9.939594104834685,1.392572,-1.126078,0.021519971201608812,0.028971,0.0784068945388244,-0.24557275,-0.00731,0.007206,0.021661,0.26074,0.009605387925152588,0.2043149164816068,0.04174458509688596,0.08056253454283728,11.001924273541153,1.5862089959991656,-1.5577949512048803,0.028992088039005274,0.03907063271955327,0.09882963872089946,-0.2989539785696342,-0.009447842112756975,0.010185744843266158,0.0296227906067963,0.3226523765358984,-9.501165503282994e-05,0.09689639545310313,0.009388911451804146,-0.05353427137282879,10.433740273781646,0.7549016912011564,-0.8911925658144453,0.007658889868736532,0.01035024867563386,0.043160517076407286,-0.15401540703228447,-0.00520136171140495,2.139774044530274e-05,0.00514888696422891,0.15179466102925887,0.013586060554003538,0.2822023367675802,0.07963815887708277,-0.00027644157252139573,11.330209768430523,2.139190488563559,-2.012411347562273,0.040013699881908116,0.05397580159515493,0.136390129826606,-0.4023054273911472,-0.012622092979280294,0.014356819643358634,0.04135370861587463,0.4407482461702876,0.0006864729012360521,0.061936351923683464,0.0038361116896143683,0.2917151614401024,11.72741449656103,0.5654974722952935,-0.5496954061138486,0.006849801480080002,0.009234737605765042,0.028085471400872003,-0.09173661472821129,-0.004701247814816313,-5.432476876553385e-05,0.004533489790948729,0.10167841178045829,-0.00013452551907879582,0.12071920518216663,0.014573126499814045,0.015262164884517584,9.478162533628705,0.9521961086341204,-0.9645075595527612,0.008412965009272284,0.01134894590677274,0.05398110048457904,-0.19737336280152426,-0.005589511204846774,8.342179798149116e-05,0.005759434701925966,0.19344395738820208,3.93188065034527e-05,0.06481851707978603,0.004201440156422514,0.16640926480976131,12.408085712000783,0.6515189786221649,-0.5225345706459708,0.006705617942243182,0.009049699231927045,0.028503171546057957,-0.09999047719066231,-0.0044621420262964335,5.446222329138714e-05,0.0045875572056306105,0.09675869656939494,-1.9518970856365165e-05,0.8758994299944058,0.7671998114645251,-0.001373146514708762,1.8134114071184042,2.96711,-2.951878,0.6806849175491994,0.9180247500000001,0.6196663511417243,-1.666417,-0.4578315,-0.0004105,0.46019325,1.66729,-8.074774288159591e-05,1.2385924926717735,1.534111362902877,-0.001251750632067633,1.8164780284160562,4.190748016930089,-4.180560380206711,0.9623377640286768,1.2983208673961504,0.8757662869746288,-2.363499813665931,-0.6478878773146248,-0.00012575909385485317,0.6504329900815254,2.348334086966835,6.58630283543783e-07,0.01376918982097526,0.00018959058832604872,-0.08232431371879947,5.003912961355018,0.18760702478159144,-0.2550904111472822,0.012594304756744452,0.01698825625769499,0.010738966705344098,-0.021198436956827507,-0.00856544006085097,-9.91778628909e-05,0.008422816196844018,0.02139870230638614,-0.00026311837704363493,1.750890669893124,3.0656181379187926,-0.0010415373799676528,1.8272842412988082,5.907549069758625,-5.821805871714527,1.323454136062147,1.7856206807556245,1.2362382304073742,-3.3339132330917383,-0.8911705905996005,-0.0014418192554741076,0.894450090156024,3.311489501613925,1.6731320881454477e-05,0.04697719716947247,0.002206857053899492,0.010706233162725188,0.2483909022802533,0.21635563460215865,-0.15292817859600613,0.03980925846333451,0.053709952624601105,0.03546323515288086,-0.08558578946021186,-0.02709867462861252,0.00029654152694070027,0.026611277995988586,0.08655529317432048,2.392436781056804e-07,0.004987377569474701,2.487393502049938e-05,-0.978084197335451,102.0727840159678,0.11738384069098207,-0.1666187524193036,0.003844543390531353,0.00516681741023308,0.0035056218794524054,-0.007835717171230456,-0.0026017440572848015,5.3428568122377204e-05,0.0025650733529482784,0.0078058817634165225,2.1488510344103245e-05,0.018822665916131354,0.00035429275219029294,-0.07879236188955695,0.6019732266184832,0.09739975759336456,-0.16480653849317692,0.017489273489599663,0.02360084417531686,0.01488305777402231,-0.031821789999730815,-0.011709427372516073,0.00023175689714054963,0.011891416802800786,0.03185001747060239
-6.094099694811801,7.924481156865969,62.79740160552382,0.6618402075691999,0.21074411448416397,14.7,-25.3,5.337367986620166,6.300000000000001,9.077009155645982,-17.29,-10.4,-8.2,-4.1,8.889999999999999,-8.557084010568781,11.229718314127851,126.10657341465847,0.6845505723853472,0.24229291139937503,20.82234002702755,-36.30712566092518,7.6845067274065935,8.986198996717729,12.831146051045689,-24.346398914867414,-14.665910181298145,-11.723824797288563,-5.679711184580416,12.465299051144369,0.03465456601245271,0.8798021882564913,0.7740518904609105,5.601111774614522,54.16279789266652,10.344338433501274,-3.0285915807156534,0.32348263058555365,0.42880123186744334,0.40434252196241866,-0.8580617272288484,-0.22895325578687006,-0.033091436336395774,0.1998479760805733,0.7872885722858216,-11.932059440017385,15.97462711353619,255.1887114165256,0.7311785353787368,0.280052509098085,29.329659810587522,-50.75253461111477,10.782109924325423,12.691109549830333,18.157206235210186,-32.97522951579248,-20.662787532223174,-16.428004349115145,-7.9716779823928405,18.109280313709448,0.058444184050348506,1.423700385381512,2.026922787335466,3.404612155491894,30.359869691812854,12.428663576552058,-6.338832699388038,0.34132287303169045,0.4913332490130078,0.6117508146828186,-1.5308296396735463,-0.24817043959828985,0.018182646065574515,0.24316280941471796,1.0842715615206013,0.04796620567920122,0.7086342093907512,0.5021624427188549,2.0559397242400137,10.737329553397853,4.235975645119596,-2.680792740447,0.31726974782781253,0.46202169946062954,0.4017130735454343,-0.7640829303752437,-0.24072014231147904,-0.034576141696253886,0.22130155714915054,1.2667799403976907,-0.15622630624220613,1.000436939248372,1.0008740694126508,-5.34566311979912,41.62212612052245,3.3699257231514625,-9.53319768513083,0.2791339894363381,0.3740915987858416,0.40433571916186667,-0.9762725008982791,-0.2338378916525335,-0.018189297865891532,0.1402537071333081,0.5381459107648829,-149.5435401831129,13.474564278015187,181.56388248236294,-0.3506946195073897,-0.4421108581749613,-110.8,-188.8,14.23298129765377,19.900000000000006,149.5435401831129,-173.67,-159.1,-148.3,-139.2,-130.81,-211.38455099579866,18.268571068147352,333.74068887195045,-0.2466961909505898,-0.7360608627701972,-154.6512418943084,-255.6497771715989,20.474240145561662,28.83436638315237,211.38455099579866,-242.36760068610917,-225.51857861712097,-209.75072738031324,-196.6842122339686,-186.11866709070284,0.0206163774900117,5.340434816932278,28.520244033902497,0.305788278193924,0.7129975166714639,22.03140189138304,-15.218634023773472,5.125363935949284,6.884272855636091,4.163209230889579,-8.27251125167958,-3.4880488863379373,-0.2536973125990176,3.3962239692981533,8.93835706247182,-298.6622301076177,24.51974211243207,601.2177532601746,-0.29388688925987966,-0.9418422050870352,-237.51027132616755,-349.0116376619631,31.22591160768936,44.588507653907925,298.6622301076177,-339.823162380835,-319.829728809575,-295.6574815882004,-275.24122115566706,-268.064912073331,-0.5604432040656603,7.946463836803881,63.146287509631854,0.018017857577400622,-0.3028921873929149,25.680277276460217,-21.61413094617417,8.599386406753725,11.606571027305101,6.4973145414617495,-13.664168843440375,-6.45369358253963,0.031194813565512902,5.15287744476547,11.687565090863599,0.02541526502720456,3.712570468474265,13.783179483387224,0.29998185285699264,3.5095926717770416,14.862658214352107,-14.54568307888848,2.2187116474869155,2.969256496959369,2.484247960284354,-5.61213224866998,-1.5103678981589486,0.09814882807963524,1.4588885988004203,6.365621319278141,0.18505263440298006,6.5157363614494574,42.45482033191461,0.037395545914501234,0.3562887885365198,17.726754580901147,-22.111080941816976,6.4075798969799775,8.60350024089584,5.147367980243622,-9.408087871523634,-4.288276843502003,-0.009207065055780977,4.315223397393838,11.59003722761282,-1.2192268565615463,7.951610175743641,63.228104386989806,-1.5366684384436062,3.022293509357385,14.4,-36.1,6.523449761424648,9.35,5.716073245167854,-16.389999999999997,-4.8,0.7,4.55,7.6,-1.7498407034837224,10.518163816051946,110.63177006130444,-1.159183363282864,1.3811717870455418,19.235809547216125,-43.34540874345748,9.943660586012339,14.478183221559096,7.939100033148739,-23.271219880593158,-8.311163059737748,0.7908675600536,6.167020161821347,10.545543224824684,-0.062401825088525584,3.898425016293161,15.197717607660332,-0.48645860055321727,6.389733048611745,16.908240419727385,-17.592294220254942,1.616266182950592,2.1485836413280346,2.2241902640450415,-5.027666596506634,-1.0742781971825734,-0.11918732635238771,1.0743054441454614,6.0782638681083725,-2.547912937827888,12.28187656628932,150.84449198956673,-0.3130607740797165,-1.1420521524595857,16.30920370247174,-29.487487322225167,16.370988201082998,21.96267592049195,10.408746723435515,-23.03332739543751,-14.240029379388599,0.6756017223962302,7.722646541103352,13.703503576402845,0.034890752325087204,8.2715686624347,68.41884813737177,-0.623006859528607,8.787076741788242,36.86869941841828,-43.48455954732411,2.845185850628472,3.8342955806466255,4.356679831443321,-11.643978132566845,-1.8396083968983752,-0.13845060708911544,1.9946871837482503,11.466386512673996,-0.08381871423525442,2.052270776862445,4.211815341563584,-0.5054068515799007,4.222295405738689,7.819656829429734,-9.18250097105397,1.1770329372291644,1.5619314235343227,1.324965924409767,-3.0556360675874563,-0.8381624192092811,0.004039375344382288,0.7237690043250415,3.0919873231992634,0.23520999833326572,5.070530965683355,25.710284273953782,1.1277349956446883,6.691812369516402,22.391865581297345,-17.448560796879015,2.2301293533541684,2.904511051386787,2.909915622155885,-7.239190064035946,-1.4515248913785235,0.12911345555456277,1.4529861600082636,7.063673283337563,-0.7710071210579859,4.235042940872948,17.935588711037795,-0.013498919290407882,-1.4915393996187774,6.9,-6.9,6.2269293177235285,8.55,3.8554425228891147,-6.6,-5.25,-0.8,3.3,5.2,-1.0971431864071681,6.009243680898317,36.111009616416354,-0.003957132021163883,-1.4864141551384753,9.744098612624537,-10.272573831873824,8.822706445425611,12.226117358302293,5.469498354853778,-9.315840114476085,-7.47833660361765,-0.9910234652776593,4.747780754684644,7.422094850062137,0.008896980772901504,0.2170499689336379,0.04711068901409318,17.738251303890866,365.69366507706513,4.4935994892009585,-0.7224321207536115,0.057004874784571745,0.07680603581903037,0.059911668506777954,-0.09294164595893725,-0.03857671584099323,0.00013031193473478364,0.038229319978037135,0.10666749400446006,-1.5703732413416929,8.555572095383518,73.19781387930512,0.01788175406071772,-1.480758566721481,13.720649435124942,-13.663564785243695,12.859523718166987,17.40128669428735,7.793936322889679,-13.163736798896347,-10.645325672508195,-1.7398219641459465,6.755961021779154,10.837763342839505,0.016253440180907817,0.382754630929438,0.1465011074979303,8.626050504926924,140.61157055074037,5.204529113961813,-2.624178285116705,0.07612011967449221,0.10608379082720215,0.10022264399687461,-0.14094075388595648,-0.05074560737046124,0.005183814586951274,0.05533818345674091,0.14925563576106854,0.012323853710298347,0.14219653190586978,0.02021985368605704,9.930410645402793,123.35788430506153,1.8944487792483018,-0.15948109796473112,0.059484782084946064,0.07532823251412282,0.056812198912925826,-0.09115963036926503,-0.03944914789403975,0.002679224341013274,0.035879084620083074,0.10451261102590492,-0.01866650609323902,0.26902860902730985,0.07237639247516914,-13.975028679971896,209.19658865750182,0.29769169266540707,-4.105393881752514,0.057264924668004924,0.07544089901482649,0.06870988864068205,-0.10542411529420773,-0.03695163571083278,0.003282415489679852,0.038489263303993715,0.10241371146802829,0.13082400813835202,3.021967053995761,9.132284875435817,-2.2902598447960894,5.388292545241793,4.0,-14.8,1.0378215529539212,1.7,2.1688708036622586,-6.9,0.1,1.2,1.8,2.4,0.1958397509977265,3.352331190074272,11.238124407944785,-1.475601847193514,1.419325467112663,3.8224606229213007,-12.101914690344936,1.5753372969267274,3.8079679578744594,2.7385257761219286,-7.0456823268441555,-1.3481360228160606,1.637733527062804,2.459831935058399,3.202782630877643,-0.03328959872546088,2.6296684305490907,6.915156054626518,0.7190144647106216,3.8614957158580188,11.402514610583838,-8.47373925043445,0.47280662949067104,0.6526354470472864,1.4554602102570373,-4.813674488441912,-0.3627670537885807,-0.005960620970227065,0.2898683932587056,4.932480210569606,0.306793109009732,4.139490656438539,17.13538289474197,-0.9574000313508544,-0.5510238007051638,4.923344381753789,-11.580273138957823,1.7300463849167227,6.664627916729438,3.714367702027117,-7.765244032641688,-3.3285259336934874,2.5054933057569717,3.3361019830359506,4.24982826871382,-0.01219244876723532,2.258165386586874,5.099310913179046,0.17458126797339132,3.6967813000298415,8.332112511998181,-7.807469888423987,0.9157756053855423,1.2816189310928519,1.3565341174910963,-4.1259690084645175,-0.6455513837046614,-0.052321270398431485,0.6360675473881905,3.6665676535726357,-0.04707706026637071,2.1687230998253373,4.703359883716019,0.21461546409178217,6.921973919943925,10.378879242075351,-8.392612803397608,0.21413788939832182,0.30828667143246613,1.028106515778068,-3.8922908270193726,-0.17638300187819517,-0.010363713711631186,0.13190366955427096,2.838213200883165,-0.003332362660906828,2.989012191841123,8.934193882974876,-0.3915529924457566,2.694896650140768,8.870984805668726,-10.545550671206016,0.6928118740302487,0.8990271654985649,1.6906421277752135,-6.685827820942665,-0.45966166136752995,0.02227604104585139,0.4393655041310349,5.471370563655885,3.4467955239064088,2.8174011324805077,7.937749141302446,-1.7176981074994495,2.4251980152088803,6.6,-7.5,1.334341996655041,2.65,4.122685656154629,-3.4,2.6,4.6,5.25,5.9,4.876549768833305,3.9363987053545384,15.495234767516887,-1.722579710579908,2.5483191307401745,9.174694440682291,-11.313019672721868,1.7477920021559399,3.858233512698794,5.797737132109388,-4.508703138305273,3.5454848619109764,6.568700495572408,7.40371837460977,8.305642144805296,0.02994271268504874,0.5175555399724142,0.2678637369561373,8.765707306388373,88.26441362066049,5.978149974286756,-1.0835751750831868,0.1045942029121708,0.14128994402505335,0.15649317858880685,-0.26528256395930805,-0.08001595847522547,-0.006842688139485409,0.061273985549827895,0.2684030140318201,6.901912853377717,5.452484040030065,29.729582206782574,-1.6456002348890129,2.3213584752509977,13.793507413941244,-14.755401283820188,2.6259907599929044,5.52892842776817,8.089810446531754,-5.471502383226866,4.917104524625747,9.17018501742906,10.446032952393917,11.725261724727561,0.03461554575147718,0.9110924303661612,0.8300894166705182,4.016252627063224,30.62400369596584,6.778954437277184,-3.5659392665721943,0.17008311501578602,0.2287891405693075,0.32890139273483493,-0.5570537654441172,-0.1190946650791207,0.0017220965673204747,0.10969447549018681,0.45366473184018746,0.04155705880548293,0.33037841850722616,0.10914989941533589,5.1037932245269415,30.772669399886254,2.5467676294521544,-0.35032731058373223,0.0919413059512537,0.12231751319214924,0.13857519322570103,-0.1960091128564077,-0.07165574935844571,-0.00519618249685892,0.050661763833703535,0.32449947171450466,-0.08789098988386855,0.6414422065922858,0.4114481043979806,-6.77722726712678,48.22423017645524,0.45400286425379355,-5.483854776789506,0.12719528503787225,0.1698504496574162,0.19652263988705734,-0.3068957878145257,-0.08715638693623654,0.0019496918421823565,0.08269406272117966,0.2597225800011982,-0.0011240889668083084,0.3070427799448732,0.09427526871627584,-0.7644814467818191,6.927014638657278,1.274579,-2.040127,0.05788968622376974,0.077974,0.15573658987311684,-0.50921325,-0.037896,0.002458,0.040078,0.5083945,-0.0015940219586519475,0.418559221801894,0.17519182215540707,-0.5433348446143929,6.341554603557926,1.7298279782612997,-2.379609117282529,0.08167948049219331,0.11030712573818668,0.21547759324322746,-0.6969602789178346,-0.054500441699156944,0.0022192368107408294,0.05580668403902975,0.6953309037907615,-0.0002974014184434497,0.11550775487909738,0.013342041437209646,0.010682627096071574,22.662130936453163,1.265923546901243,-1.360292377409099,0.007689804471949699,0.010375076430091874,0.04655483186236639,-0.15009370862139154,-0.005136454238205238,-1.9204732647851554e-05,0.005238622191886636,0.15019002128581765,-0.0022666696729499924,0.5846477925684318,0.3418130413551401,-0.47477072424613936,6.0365645502744965,2.4486871617958452,-2.981551585297751,0.11472566578604418,0.1545506313085592,0.30223836381963215,-0.9980210634295874,-0.07667514834119007,0.0031773400321741746,0.07787548296736913,0.9470687060731486,0.0035379248774466466,0.09217662775345986,0.008496530703999906,0.9259748694814589,16.847467653880862,0.805680982732596,-0.8297803480412527,0.00737193067237601,0.009969448049935324,0.038255443467138175,-0.11384219110246449,-0.004932067923767382,1.6868065630972623e-05,0.005037380126167942,0.1327139713376833,-0.0004204615721036194,0.06921671822788285,0.0047909540822381295,-0.0865715125379175,11.143009128133409,0.5366126666278004,-0.5344625780470813,0.007504744196469665,0.010105674536854892,0.031306550032373176,-0.10771088149734703,-0.005033104450519008,-3.997923739378642e-05,0.005072570086335884,0.10460450589029657,-0.0013168799767245552,0.1479413407806018,0.021886640311962156,0.4254329223369972,23.454953673222075,1.6714666654011598,-1.5302973396823358,0.007795052868025342,0.010510169401320529,0.05830002677967485,-0.19786364282662455,-0.005449881151839301,-3.1777149844397865e-06,0.005060288249481228,0.18108382450067895,0.004943052892758446,0.4822798261602231,0.232593830721135,0.449060671199198,5.419597325169759,2.954995,-2.648153,0.08084259246956421,0.108935,0.2516639627967789,-0.852935,-0.051741,0.001375,0.057194,0.884901,0.006991569862640174,0.6578654266938462,0.4327869196390763,0.5216898180853673,5.180877778739712,3.8389598548333725,-3.442543147398693,0.11484681455160578,0.15454687578671225,0.3468157461557314,-1.1613562169984115,-0.07395558281472671,0.0011520181546552143,0.08059129297198554,1.2115454280642715,0.001389970051034654,0.17988155437647774,0.03235737360489772,0.058981555257560075,14.565982389645875,1.603971302726045,-1.7247724662587178,0.009024800727283651,0.012176065274979615,0.07510554496872207,-0.24667472623283532,-0.006056310182634728,-4.33828948019372e-06,0.006119755092344888,0.2579539709327698,0.009890859632660561,0.8925327489498242,0.7966147079479299,0.5951252607314499,4.770228878904839,4.650669697487589,-4.382172084471038,0.16030905308640475,0.21720776224050875,0.47744598782851294,-1.5864869528040701,-0.1043466954458955,-0.0007210672431119118,0.11286106679461323,1.6928849478954153,0.003612567522784651,0.2622821394404028,0.0687919206694349,-0.07533639619174051,8.39006947143133,1.9148237371159225,-1.9499976584882732,0.025452201391170354,0.03436741989272106,0.12222235865403629,-0.40734304651775166,-0.016422942207440915,9.860867148710727e-05,0.017944477685280145,0.44206134864326957,0.001965616358295155,0.17927112157589037,0.032138135031077666,0.10158148931649352,10.415024052243988,1.5070457158978474,-1.463063327620658,0.007994849468350884,0.010785808900494721,0.07839901632288374,-0.2779803610396749,-0.005353511238782458,3.6960107230046936e-05,0.005432297661712263,0.28989339306765893,-4.723175667047087e-05,0.18045798833303844,0.03256508555320704,0.5046328815415144,20.400952025413392,2.0510043651196472,-1.730224234605675,0.009756753500841528,0.013145228885971263,0.07280187287999809,-0.2459453356951167,-0.006586571362108073,7.239039437461627e-06,0.00655865752386319,0.2359916355621725,0.006285580780316762,0.18805672198113219,0.035365330682288844,0.4548502853266232,9.17343731716131,1.347998,-1.151238,0.022596340412243877,0.030421999999999998,0.09067634457552075,-0.29321575,-0.00864,0.006843,0.021782,0.29129775,0.008892323942355519,0.2455876020817567,0.06031327029626727,0.11879279328872198,8.913794995901382,1.64305935811562,-1.3955979846103421,0.030262332227179393,0.04073122383529409,0.11714938682108669,-0.3668061951320465,-0.011091983336293474,0.009789139834263043,0.029639240499000616,0.38896236961573727,0.00019452665156686656,0.10203526114667677,0.010411194517270525,0.026131525244632862,12.017540117335601,0.8662675994542864,-0.9602628233353622,0.0078659840246641,0.010604208790693254,0.04518208763286161,-0.1562183724384894,-0.005299128973480089,4.6239643836898836e-05,0.005305079817213166,0.15717290877760381,0.012584811647201842,0.341269974744195,0.1164651956619035,0.007303920301424792,8.78265533246097,2.091927677899116,-1.9400192987770422,0.041814447492825244,0.05638777691486782,0.16267759918173408,-0.5099909577124873,-0.01463235840063641,0.014049749212378984,0.04175541851423141,0.536089276817946,-0.0019045155015111755,0.06431814440101426,0.004136823699189722,-0.37634446382819736,12.683118289135473,0.6104501452620397,-0.5469974318774815,0.007070797773410694,0.009571655923089705,0.02897470591832861,-0.0999424927433315,-0.005023236424678647,-0.0001257133731275477,0.004548419498411059,0.09050379669932587,0.00027510282670067585,0.1207315386486153,0.01457610442446209,0.12979083867531488,9.45528253219324,1.02960100690615,-0.837820921621349,0.00867313760968396,0.011688559542944506,0.05469453988168379,-0.1927633379369118,-0.005840977618946917,1.1666524655786718e-05,0.005847581923997589,0.20017636842268094,0.000843736263077903,0.07900547057779272,0.0062418643812184715,-0.1513020224822228,25.687163013928625,0.9272871643528321,-0.8710647876329459,0.006839897929704068,0.009225961328212571,0.03148075844300417,-0.08996528394484529,-0.004479736814748834,0.00010766337243905266,0.004746224513463737,0.10238422771684594,-2.085313345021249e-05,0.8410136873451688,0.7073040223019172,-0.00070600397468687,1.2127137237223335,2.599992,-2.601517,0.6869414989112931,0.92671125,0.6117090946572371,-1.609794,-0.46238225,0.000315,0.464329,1.60999925,-2.6492034027621205e-05,1.189244377141405,1.4143021885624485,-0.0007020433775422298,1.2153845543537152,3.687296090918849,-3.675664552446823,0.9707752042288854,1.3092828291386716,0.8645100474743951,-2.2821474690805035,-0.6540885318184635,-0.0005786369539600624,0.6551942973202081,2.272936374364524,1.1520072543998031e-06,0.013699046375824139,0.00018766387160698046,-0.11391314223187218,4.897401535302777,0.18177441295290472,-0.22271144470630544,0.012521753542803925,0.01689637598182927,0.010742921489460761,-0.021364074842538914,-0.008313292626310045,-0.0001059855686741211,0.008583083355519225,0.02144781943953732,-3.057988554634754e-05,1.6810618367738095,2.825968899057334,-0.0006840375604398255,1.2245958874819705,5.1922232205177945,-5.185477070300496,1.3385848534913656,1.8044667104155745,1.2204342391871255,-3.231633330880686,-0.9008447201663774,-0.0017793927295561146,0.9036219902491972,3.1942281084297166,-3.615870799153626e-05,0.04647178589961939,0.0021596268847000636,-0.035002955900691565,0.44233582838374064,0.18074402763884817,-0.3796917031003388,0.0341426895940796,0.04586721734183828,0.034799180703725306,-0.08532384984188612,-0.022752733543894746,-0.0007573503294739936,0.023114483797943532,0.08646816611247818,2.786982180161393e-07,0.0051077160242811335,2.6088762984698267e-05,-2.1555129627179324,141.09403306434658,0.12106562179729712,-0.1900991844350592,0.0037362152318139207,0.00501684813147536,0.0035827290630025366,-0.008115569852318793,-0.00254261251573988,4.3761832317725934e-05,0.00247423561573548,0.008019792880088004,3.009070827925103e-05,0.018691567990464182,0.00034937471394214526,0.08365710866987106,0.8219856146225069,0.1959142496400605,-0.08376250030272069,0.01739390775005973,0.02343581331291255,0.01477720017770899,-0.03207231452455604,-0.011798151368958877,0.00011039612155135494,0.011637661943953673,0.0320584277834504
-5.725101626016261,7.359333296912024,54.159786575038005,0.8679524519356644,0.11758814941461537,15.1,-21.4,6.004538984947688,7.1,8.523475609756098,-15.084999999999999,-10.5,-8.7,-3.4,8.369999999999981,-8.051200178134133,10.464688296092028,109.50970113436546,0.8993672278393029,0.14749058931114734,21.07983904255714,-30.75648583539731,8.587097045269555,9.983396319843353,12.089791306609149,-21.17159467936787,-14.818923566013751,-12.311075211232666,-4.835527246170399,12.008431636816411,-0.014956180962090344,0.7042894782611318,0.4960236691893371,-2.7754945792453682,52.51539627688881,5.783517207139157,-8.176664944371998,0.2880946976783175,0.38549869760832167,0.339418724272449,-0.7207647070482965,-0.1840770732436023,0.0029207280356761123,0.2014216243647194,0.654394387294863,-11.281821092062497,14.954513504280069,223.63747414969495,0.9388922836681144,0.1915339525807611,29.816329944541817,-40.31441895498836,12.276500981354767,14.130695205022011,17.172412881711928,-30.619961247778285,-20.9057637826525,-17.47686752903462,-6.775068577630489,17.160299456159446,-0.023260108282999716,1.3249196601110453,1.755412105748768,1.463647289485535,32.44351841956189,11.801949467027237,-8.10631571569216,0.33787684951717667,0.4370906560725202,0.5710672683632235,-1.6266597412692452,-0.23041829493829866,0.01083441540882224,0.20667236113422155,1.1579107130626158,-0.020551268297735625,0.6310700480918751,0.39824940559868144,-1.7110622803115487,21.943672632224715,3.755394217181652,-4.634411712852787,0.2668794076554428,0.35558869986252983,0.31562223207154144,-0.7567301512926727,-0.16386671567844158,0.02136687040413335,0.19172198418408826,0.45784663021422567,0.02833771978352904,0.7621042866947805,0.5808029437985602,3.3769847952509067,28.898249043135912,6.905871214610246,-2.4731013165847275,0.3095148347480661,0.421180968974862,0.38818603912022387,-0.888271322239551,-0.22214334371130057,-0.015945520325806144,0.19903762526356145,0.9530997907477976,-148.8487804878049,12.300641075590882,151.30577087051358,-0.42226371587685674,-0.05715362669474233,-111.0,-190.0,13.343419966550396,18.850000000000023,148.8487804878049,-170.7,-157.82500000000002,-147.64999999999998,-138.975,-131.9,-210.42652461597515,16.73534405622991,280.0717406803897,-0.3003404249548477,-0.3524369139804189,-157.29211647425043,-267.6810879603597,19.365403396645682,26.054993142529014,210.42652461597515,-238.54035861127258,-222.256832701555,-208.86865282505704,-196.20183955902598,-187.56678821717958,-0.11344228559739457,4.714843514619317,22.229749367347832,0.13914589099143562,1.5481477845599159,19.066592001215163,-17.03231456030174,3.9447389582866226,5.279337641106417,3.515068672857896,-8.809894342592912,-2.7527030637170196,-0.07081613100635309,2.5266345773893972,7.40132740975537,-297.32287849335654,22.48187707250209,505.43479670309523,-0.16671540844796165,-0.7137758632770397,-225.6007145148124,-342.88468374003656,28.61206695051858,38.54968006958478,297.32287849335654,-334.8811273641072,-315.4387224667519,-295.77002474754676,-276.88904239716715,-267.57072845548305,0.13822160172167067,7.357548979747463,54.13352698938293,-0.7614408474341513,6.4021978032979945,31.249120912757,-42.044442783870565,6.015266152410651,8.073184866070456,5.159860522228408,-8.909193318163629,-3.796772773264042,-0.1353134616038254,4.276412092806414,11.162168402827593,-0.16426462454550728,3.038629315928831,9.233268119622114,-1.025218514638392,7.242879920774746,9.41949787650018,-19.55711970611655,1.882056939464864,2.530442516006868,2.0002797011283904,-5.0934660262253235,-1.3591012128677997,-0.02341375914576184,1.1713413031390685,4.739438426294813,0.3246398521289958,5.879026239040655,34.56294951932851,-0.18671710905145059,1.2485810579395347,16.177140053328255,-19.416605864051615,5.2365783303162665,6.839349517784306,4.448275678481071,-8.97326330445021,-2.9795925360634317,-0.222103368359003,3.8597569817208752,10.061667481478139,-0.5252032520325203,7.51110796386708,56.41674284486748,-1.8151050920401335,5.202626670603603,18.8,-41.3,5.782148652171848,8.025,5.247357723577236,-14.694999999999997,-3.625,1.0,4.4,7.4,-0.7756049240153465,10.18998159067073,103.83572481820836,-1.5771665043915337,4.1821892840956085,33.530504260083625,-49.33451990666456,8.033138518916049,11.791919847108943,7.2958959497195695,-19.480379123555362,-5.668392256546342,1.4274916699691915,6.123527590562601,10.17464711150575,-0.0747178973880757,2.9446384253242157,8.670895455895876,0.23600580341092628,7.624001842690051,17.593702047166307,-17.556568845470824,1.538043439497919,2.0463934249956823,1.8549671940863872,-4.0732161507029465,-1.1049256862498078,-0.154852677549555,0.9414677387458743,4.778919404044472,-1.1887716074674786,11.354109669432638,128.91580638550374,-0.5467554411108919,-0.580968116442043,16.072971719998375,-34.06285646779547,13.244885753691065,18.912448072595737,9.386304836705769,-21.46923136802909,-10.454085594559972,1.3199953389512493,8.458362478035763,13.564551915001406,-0.06034607081805572,8.794965548115798,77.35141899254381,-0.3573375998486668,12.033352061915831,41.97346767568096,-54.274925269813195,2.4266258586599108,3.247784374818595,4.133833630394801,-9.045770023428444,-1.7536158059310452,-0.17747900189824128,1.4941685688875497,11.042571770525582,-0.10471469920424466,1.784903076230625,3.1858789915375487,-0.4202090781416639,5.226406465911218,6.190546258137839,-10.39245830613018,1.1768366028396473,1.6158832516197035,1.203247335377992,-2.9388978834822606,-0.94603785404983,-0.017990250445755793,0.6698453975698735,2.6998899593529804,0.3150931424989404,3.7170277228320163,13.816295092301765,0.6760316696408835,6.077484286708598,19.88700910942209,-13.378818337849733,1.8920177648811647,2.4437095792776047,2.3131603313508147,-5.702785259592487,-0.9605462507178906,0.14007560952042347,1.4831633285597143,6.164219446041166,-0.6729674796747968,4.446529766730692,19.7716269664221,-0.04186441638271592,-1.4838714625687586,7.2,-7.2,6.375189539574088,8.9,4.034349593495935,-6.9,-5.4,-0.7,3.5,5.7,-0.9518422506005771,6.3085155686953485,39.79736868047159,-0.03132536451625604,-1.4835628526995344,10.199494070904935,-10.18795230723101,9.072766383882774,12.573200983286046,5.727632461138258,-9.711549898072557,-7.620814797005483,-0.9668251338211166,4.952386186280562,8.08596919601524,-0.008018960183549775,0.18817094985099023,0.035408306367823876,-15.312078301490116,298.03901010191373,0.4942352975600965,-3.7030309420062086,0.06513597865221563,0.08579959838961318,0.06481439801775982,-0.10983932344910007,-0.043189734551731335,0.0011319513656998792,0.042609863837881845,0.10757869814467545,-1.3688048736570058,8.982511215753139,80.68550774113092,-0.015948224384310882,-1.4779130851056363,14.380518232639584,-14.355207945546892,13.047803211906079,17.94699206026899,8.153575865797448,-13.707275964727721,-11.006840893763217,-1.3565302978841678,6.940151166505771,11.745747362165329,0.012907516524376836,0.3694357727022176,0.13648279015208462,13.130243998272443,194.85317249698616,5.525947532735392,-0.9733687131440627,0.07578043980249662,0.10050863713866642,0.09761029465559919,-0.1803735080375937,-0.05407638868383219,-0.0069247060424989515,0.046432248454834235,0.16431521424891002,-0.010812717209534124,0.15922686819563078,0.025353195555388775,-6.5815834114547735,59.801576307279454,0.4360666056740394,-1.5755027209678283,0.061010513602968816,0.08142325171141129,0.06915672365529862,-0.12636163071289563,-0.03688568284612643,0.004298122652650279,0.04453756886528486,0.10397894281848558,0.0074068218859307785,0.21088661646655055,0.044473165004709984,11.913831424735706,170.88751470672324,3.054388755059657,-0.4673327873698891,0.06509902002837384,0.08710168235127676,0.071659459113051,-0.12806317220623675,-0.04513820499067907,-0.0005528286184842404,0.04196347736059769,0.13065646340145687,0.15934959349593503,2.9166493583237605,8.506843479410405,-2.531956626564577,6.933645601341452,4.2,-15.2,0.889561331103361,1.2999999999999998,2.0327235772357723,-6.284999999999999,0.4,1.1,1.7,2.3,0.23105281908587638,3.274484490600434,10.722248679182782,-1.970837000812024,4.086594267040642,3.8926282349841754,-14.339408844029837,1.3901417817488344,2.759949560583518,2.521957833104529,-6.284637215272291,-0.4976165564811079,1.4817538063078053,2.26233300410241,3.0014678391279856,0.008108233801691924,2.489294449936382,6.196586858484076,0.24910787079766572,4.035490877867492,10.632528051475978,-9.209771627554955,0.47262168593012455,0.6164384877334147,1.323901023915969,-4.805169261486777,-0.32422340811832745,0.005312668762350304,0.29221507961508725,4.604642827643059,0.3473561471817472,3.791182880216707,14.373067631248245,-1.1568027137514345,0.21029569038599982,4.712877080442105,-10.889893825144505,1.6994005355056576,5.453174166457313,3.3062401315441896,-7.012010703901854,-2.533151212654964,2.2595610910120434,2.9200229538023486,3.969805331514207,-0.2017044055662198,2.6029748298752815,6.775477964964251,0.015986201026546513,5.5443663967906165,11.299786430582017,-12.198951353200302,1.0182845300786922,1.3933277637182995,1.5302330092943568,-4.590379950791949,-0.833535565439588,-0.12169806865953917,0.5597921982787116,3.77853124006798,0.011329093970591418,1.320235760538598,1.7430224634049298,-1.1660907399116363,13.514137906999274,6.159428491193985,-8.69971025385175,0.21414839001539365,0.2809581428943755,0.6389052452860275,-1.9499214114608494,-0.12429006762514416,0.014357531125079336,0.15666807526923132,2.0817335075335874,0.0020993738422551795,3.2368760929238514,10.477366840941977,-0.14559430321850486,3.319242316778399,11.387045028750451,-12.001577750378516,0.5650889665192267,0.760519919411953,1.7499163494082108,-6.3878942614548535,-0.37131005627241975,0.007434709011065235,0.3892098631395332,6.56601275449272,3.227235772357724,3.063877876743521,9.387347643598387,-1.772919422065156,2.4324279546604606,6.5,-7.0,1.1860817748044825,2.8999999999999995,4.126016260162602,-4.685,2.2,4.6,5.1,5.7,4.566228880654516,4.29460543242377,18.443635820203756,-1.7588136414504454,2.417522166717421,8.880126310398529,-10.823673599630515,1.7232575259204388,4.197978332901967,5.8110275589309675,-6.500797579667199,3.051847274475885,6.486595164744538,7.249825607377852,8.14924860836558,-0.0023121517497468637,0.46732184555586187,0.21838970733373683,3.64679969186637,95.42422109032178,5.621233837710496,-4.2699351663368414,0.1051699386772603,0.13997864530551163,0.1511811324160375,-0.2658975907858858,-0.06302068151828732,0.0029635527643735483,0.07695796378722432,0.2344530188833657,6.466682260485299,5.996564186861047,35.95878204714449,-1.7160716962728302,2.2090935493045025,13.038398402130651,-13.718338048308928,2.4005235205547573,5.820817182351089,8.185780809874647,-8.393901969010322,4.36025735992494,9.190936593866358,10.18107454227603,11.409303455355744,-0.05471064028409852,0.6478602993305539,0.41972296744867493,-5.7945778453878285,51.7889507118085,2.719273794421045,-6.168741796990529,0.19340078045807516,0.25835962234435117,0.26436943102959903,-0.5329583559639319,-0.11739984955961895,0.01373129779611254,0.1409597727847322,0.44339877080761964,-0.003398147495203085,0.468645147042725,0.2196282738466973,0.8811336972361064,49.15340609483199,3.803131432015721,-3.550997426172874,0.0870643377736692,0.11255464422178288,0.14296681166981154,-0.23380653733837753,-0.048434290322166326,-0.0008267546206138137,0.06412035389961655,0.18778033008465275,0.035478157447903474,0.45812780728067576,0.20988108780379996,3.3204863123946624,27.3487603037695,3.4750702969641987,-1.8002492240151324,0.14751682786473166,0.19651321965455637,0.20393731295278714,-0.3255284306293123,-0.08614647476575232,0.009915675784133455,0.11036674488880405,0.36816345544335344,0.0015419369348517115,0.29815294152396277,0.08889517653939155,-1.2607725124689069,10.704025420624648,1.354871,-2.327476,0.042823482479315805,0.057469000000000006,0.14052519900935098,-0.44597925,-0.025177,0.004895,0.032292,0.43474425,0.0021798624944806932,0.4056404970459322,0.16454421284367093,-1.0349520844701892,9.660554216619323,1.8433663654605017,-2.7005973531859317,0.06065986946428885,0.08116085597424086,0.1942792892514043,-0.596864485142675,-0.035943796870308936,0.006946985127078642,0.04521705910393192,0.5845925807392207,0.0002290731947566702,0.11502065264322905,0.013229750534474354,0.04752542747804395,25.23018347416093,1.3424974282173605,-1.5770752277008162,0.007666465968125809,0.010355529190725883,0.0466968807366283,-0.15113269303319246,-0.005217947275000219,-1.7302288649159768e-06,0.005137581915725664,0.1532677479082921,0.0030807826570397527,0.5670623688590252,0.32155973017600914,-0.9751651693131963,9.2378909725707,2.6103317909551706,-3.3861170687155155,0.08487419581236652,0.1139277436461992,0.27256072312741103,-0.8157807661354715,-0.05083857547458085,0.00909440602270815,0.06308916817161835,0.8190526414398869,-0.0010984590933101083,0.08641210864447811,0.007467052520385089,-0.7949952126930148,20.997762619360167,0.8199548930488895,-0.8630012328468113,0.006567833054680051,0.008859161090871414,0.035514425066167504,-0.10954397143161151,-0.0044447729324021135,-1.2259535313936983e-06,0.0044143881584693,0.10965310348256581,0.00032396954048246544,0.0768562212342255,0.005906878742404215,0.3092177580424263,18.810385944696083,0.7908452899733824,-0.7957825530631162,0.007641530842822058,0.0103193239167782,0.033822261366270305,-0.11234620326203082,-0.005178313857884578,-4.119932461019629e-05,0.005141010058893621,0.11202022967129929,-0.00016070996462592458,0.1433446954749774,0.02054770172081401,-0.19222245681504538,25.87677451124448,1.743171787158868,-1.7550495781397886,0.00748478442298368,0.010120101664841851,0.05642797384184865,-0.1889645610580827,-0.0051095531815755265,6.020488080733463e-06,0.005010548483266325,0.18574526465607835,0.008866773986976516,0.4784695832664663,0.22893314211118593,0.6579387261941476,7.1413805277783915,3.311482,-3.059198,0.06093346857836174,0.082257,0.23667991128907823,-0.791693,-0.034917,0.006302,0.04734,0.866305,0.012544057039186976,0.6478644044374793,0.4197282865371298,0.7469404339755503,6.886953905751486,3.9710340745126342,-3.942566239984738,0.08556566275435488,0.11555586031306021,0.32390820749257504,-1.0517688127608413,-0.04983137201580996,0.008137110258276244,0.06572448829725025,1.20539109909642,0.00011611822737481065,0.19518168128925578,0.038095888710900624,-0.024037411635900126,14.792588245017608,1.971923687685656,-1.8878323447547563,0.008528396355752943,0.011482108816557854,0.08045797416441464,-0.2595678108143392,-0.005866322601580385,-6.941642581048159e-06,0.005615786214977468,0.27063844606038345,0.017752709286067467,0.8831034551593908,0.7798717125144542,0.8436991315508536,6.4605604725524906,5.295110278990235,-4.781510998559008,0.12028914055976501,0.16192985849728003,0.4481801660402632,-1.4281371169712906,-0.07030356306236032,0.010199759144282478,0.09162629543491971,1.7061868296937968,-0.001851999880435781,0.2437768800547935,0.05942716724924918,-0.04533364352096065,10.742224469200448,1.6215850942380496,-2.3675410019990792,0.021412215742404414,0.028903670294927512,0.10981605153840927,-0.37686054987729345,-0.014991828636133566,-0.000476528406409287,0.013911841658793946,0.3702765071173945,0.00016381824355931932,0.1954771718689688,0.038211324721890365,0.032587313452585816,13.066997569586462,2.3335479603005362,-1.613803317497077,0.007366734543665188,0.009966183613864601,0.0828772714501131,-0.29031000760040254,-0.005022747104998407,0.00010078059524903066,0.004943436508866195,0.2939772798115071,0.0006894803572679209,0.19484836213774273,0.03796588422776093,-0.09906077387014275,14.390466022211275,1.5772821721273835,-1.7514541498647125,0.009324255743508746,0.012592583414889374,0.07942820517821311,-0.2649103804248044,-0.006077494832769649,9.965273605967514e-05,0.006515088582119724,0.2629045790411774,0.007050387479554362,0.1979379277927213,0.03917942325887654,0.8499054289912727,12.189924852269861,1.783457,-1.094144,0.01927975924944685,0.026067,0.09110144451131069,-0.295847,-0.005737,0.006903,0.02033,0.27693375,0.009971388377163987,0.258828156728187,0.06699201471531094,0.411711902823847,10.856330137319432,1.7928940004728922,-1.4231244804695846,0.025554693413228576,0.03452509858289518,0.1162843254514721,-0.3546167708186575,-0.0067599460153770705,0.009618755917448048,0.027765152567518107,0.35191520323988423,-5.431051551351496e-05,0.10658139217119574,0.011359593157150223,-0.11425419872654638,17.526660725381408,1.2191208136208924,-1.081220509213831,0.007651293295281806,0.010319255928026735,0.045934035049437064,-0.15771596925094863,-0.005122670372489999,2.671210091125819e-05,0.0051965855555367365,0.15979165461428108,0.014103406323902818,0.3612606427319664,0.13050925198711347,0.328129262588542,10.786763824438834,2.390170653335596,-1.9593991474633365,0.03543291081224219,0.0477563564902376,0.16147762208748348,-0.4806910355020581,-0.008946028288872334,0.013848507545204825,0.03881032820136527,0.48713999589993967,0.0005429842976731923,0.058734542187838495,0.0034497464460149802,0.7583720442325147,18.55371475907828,0.6631629087733738,-0.6322155630187308,0.006604357386635197,0.008895463024078697,0.025942076334071282,-0.08224435312812349,-0.004497248289126367,4.892593562022175e-05,0.004398214734952331,0.08439028384799391,-7.736235233560313e-05,0.12776712413531124,0.016324438009808036,-0.2664112953853191,14.745454529107885,1.323055968460698,-1.3185121466239211,0.008536880982195634,0.011521837066254202,0.05638472417130772,-0.19644544912273115,-0.005700875558256421,8.010810597766142e-05,0.0058209615079977805,0.19565043362138487,0.00028490926559224255,0.07994041906750084,0.006390470600687651,0.03089470923857786,28.524044050913997,1.0288186042638816,-0.9402863308960475,0.006496587338088663,0.008752799213680305,0.03141567229255797,-0.09594268835107422,-0.004252631804513687,1.2375880656415213e-05,0.004500167409166618,0.09664649606872894,0.00023256970033638867,0.7284654004804966,0.5306618396972103,-0.0017206608348918468,1.0672639859840238,2.589744,-2.586135,0.6762726933469267,0.9123622499999999,0.5473660384532296,-1.3315812500000002,-0.45533425,0.001441,0.457028,1.333251,0.0003717195331291099,1.0300599677359188,1.0610235371321222,-0.001814097182886935,1.0699099054320689,3.650425442057535,-3.619058290467557,0.9543552965280474,1.2862205858330837,0.7736686462233862,-1.881941166008214,-0.6406416044910159,7.698744130177348e-05,0.6455789813420678,1.889732597708221,-8.132055802035157e-06,0.01516275757176002,0.00022990921717996584,-0.16008528406186823,3.352810922724238,0.06393752544707913,-0.26392641510716686,0.01393313394530246,0.018811971985655054,0.011846665600371706,-0.02364578382799935,-0.0092913413745449,2.748750405701019e-05,0.009520630611110152,0.023679087317106474,0.0006469347380652217,1.4558888890088781,2.1196124571395054,-0.001994753213515543,1.0804711079534055,5.071465424028069,-5.025155442945933,1.313874484385716,1.771297644563636,1.0921789400690185,-2.681967743148122,-0.8838411185744512,-0.0012892836892578925,0.8874565259891848,2.6660790955799083,-7.990358554648381e-07,0.046419399674241225,0.0021547606661169462,0.008398546491770756,0.1867970364024587,0.1392987675258488,-0.13645667175862602,0.041986878839714206,0.05658011910831528,0.035220231749759565,-0.08591946667853997,-0.02844303204991632,0.0006868875839375638,0.028137087058398957,0.08687445604769709,-1.1542864908582018e-05,0.005788657620625044,3.35085570488204e-05,-1.7095796908066463,46.43777599854976,0.027689959360320246,-0.16613063989336238,0.004951082929362762,0.006694044689230641,0.004284611103584023,-0.00922039830030975,-0.0034064297152557404,5.340732288287076e-05,0.0032876149739749,0.009113525949744652,-2.7389183685015516e-05,0.020651392154266174,0.00042647999790928646,-0.055097153839031535,0.5779237671324786,0.054061634819498675,-0.18736122157648666,0.018523693939613655,0.02502813747409603,0.016232377441185886,-0.03596811625057707,-0.01275574723437849,9.993997470545692e-06,0.012272390239717539,0.036016686521057134
-5.881993896236011,7.37553014057225,54.39844485448971,0.8819345254895818,0.149864026471215,13.8,-22.2,5.782148652171848,6.4,8.723092573753814,-15.2,-10.3,-9.0,-3.9,8.389999999999999,-8.27736531173456,10.467586143346683,109.57035966838347,0.9102041808511768,0.1782667659600854,19.460898849388247,-32.09633784140066,8.14914310609927,9.075523756466845,12.361848437993482,-21.069052434464233,-14.531731553183139,-12.79663585149046,-5.456207796716294,11.841218917284392,0.01805560944056864,0.7243194502802127,0.5246386660542295,-1.004160178884739,60.70994947263122,6.616477874374176,-8.584397559374528,0.28146530475696474,0.38293325079812823,0.3324113607416683,-0.5984467779019056,-0.17335088850197233,0.008019330796663782,0.2095823622961559,0.6176780106273593,-11.592416063431997,14.923868875181254,222.7218622036038,0.9405118685448597,0.18001477847716796,27.225155099843622,-43.5901768671744,11.898634990777888,12.711314914803918,17.52337691773051,-30.415818997315625,-20.509723714025753,-18.208893248105284,-7.798408799221835,17.010243653478312,0.10816830142651902,1.2204667948752255,1.4895391973930054,5.398279006541103,45.10340619108808,11.999995276029342,-3.818253078594439,0.3418018014638344,0.46988813623658454,0.4779600996587511,-0.8035400914167454,-0.2141834883749537,0.03063798530908879,0.25570464786163083,0.7847475981435009,0.025848750714030866,0.6118991386586907,0.37442055589124756,-0.8976265292630399,14.2938763680997,2.830185801626121,-3.692555473114375,0.3111153054998884,0.41792708175413107,0.3448970256463299,-0.5276908858778955,-0.18396023173012474,0.03090160653900426,0.23396685002400633,0.6294291060046927,-0.05201220185700811,0.8112696708164833,0.6581584787866852,0.2952458848821855,42.77287314442227,7.292913947589791,-5.9207268162514,0.23849895651553332,0.3307090649249975,0.33660906571298016,-0.7452342971220582,-0.18913671842495702,-0.00883594596103113,0.14157234650004047,0.4722279358512086,-149.4059003051882,12.871766234679447,165.68236600023388,-0.3975344595169265,-0.23823092091176745,-110.7,-189.3,13.936460853952667,19.25,149.4059003051882,-171.95,-158.5,-148.2,-139.25,-131.8,-211.19376056712102,17.518822157751565,306.90912979492714,-0.2430902411963556,-0.6799836404568089,-157.03970233684564,-253.52134731664614,20.594030108738888,29.003785974467007,211.19376056712102,-240.44505996511035,-225.90838370207655,-209.69595284436085,-196.90459772760954,-187.42363637636282,-0.07504283911728153,4.872799024887349,23.744170336943096,0.1778447423088172,1.8659515357159533,18.31704823238346,-17.204131925969556,3.5569099991690947,4.853703638145137,3.4777022939605775,-7.78138614389403,-2.5748086148115457,-0.10667311183158468,2.2788950233335914,8.044882133941044,-298.39642601273175,23.93573700669997,572.9195060539064,-0.25772464818757196,-0.747599424167714,-223.6988576056804,-349.40536872129564,30.521447930022727,43.52830833501207,298.39642601273175,-339.9056415233141,-319.5296904560446,-295.44882879951416,-276.0013821210325,-267.00085045236733,-0.20749607269026754,6.239210777152346,38.92775112173398,-0.1242480169309352,-0.3640988336031934,16.35946171392271,-17.921455327487596,6.779747719558357,9.147341550389346,5.108430983896969,-10.817717489012718,-4.804784178846785,0.3343238399733064,4.3425573715425605,9.672274098529048,-0.09932989177776912,3.8756890760446314,15.020965814171689,-0.183048971462023,6.58916450937191,18.54806221832232,-16.932436326157404,2.0617516142392844,2.7072857390722893,2.397958556005017,-5.076711451290702,-1.2702969767881647,-0.00806661503088446,1.4369887622841246,5.134048653769057,-0.07747437873476941,5.642284022753155,31.835368993415525,0.05087653184424463,1.493205783695954,20.856259188269984,-18.744041569691557,4.9782466829713306,6.612471049526659,4.246418741280531,-8.571547634176255,-3.2660091068271218,-0.05720488091002705,3.346461942699538,8.161559252868335,-1.0392675483214648,7.006989990066343,49.097908720889926,-1.124641783906006,1.195144374562295,12.3,-29.7,6.2269293177235285,9.2,5.316581892166836,-14.09,-5.1,0.7,4.1,7.4,-1.4993405148960053,9.49734862024253,90.19963081442269,-1.0037148955442026,0.7515237964323931,13.62487097089259,-39.05824127074866,9.133639921585248,13.774813510943984,7.365566231004065,-20.117117100083775,-7.873365978402161,0.9606096031043623,5.901447532541823,9.838793406545413,-0.04996116608514595,2.7656906762015914,7.649044916428415,0.23070588598629577,2.676811208680782,10.57051325546382,-9.496701172908702,1.5988541251488364,2.1459398540467585,1.843263287119133,-5.197973460146534,-1.1363566489202344,-0.057665667074662474,1.009583205126524,4.380454090414102,-2.204122704920387,12.098561986218684,146.3752021343758,-0.3856494112597922,-1.2250889776788594,14.902775600711418,-25.10228005757052,14.77468355234495,22.6667663793801,10.214170234681317,-22.298915837899546,-14.148448168926128,0.6277365829004459,8.51831821045397,13.481990850726206,0.27374070902233594,5.7323205630140475,32.85949903715368,0.8583613755089768,7.941061611155035,32.29659906126772,-20.34694324675107,2.6059688021778586,3.503160109119463,3.2825880501206233,-7.979499758126691,-1.5724992177699453,-0.006818058727691811,1.9306608913495178,7.631019171132812,-0.07340976453582915,1.8980196265182798,3.602478502648591,0.2189051533736932,3.4771895745956938,8.489826686933094,-6.112905619576642,1.1334068867393794,1.4831591924174345,1.2797668730376308,-2.817694849243449,-0.8319020297143003,-0.12775473182044306,0.6512571627031344,2.8932589352532583,0.12644387249360584,3.3866094443733323,11.46912352871865,-0.27492414925852054,3.2688261400121066,10.663345571787398,-15.10181736470412,1.6655858523826281,2.2508433091294386,2.1795602753059717,-5.526178292208252,-0.9748679524132611,-0.06726668746556931,1.2759753567161776,6.048057729350344,-0.5970498474059002,4.39048743340724,19.276379902906896,-0.08339733498699334,-1.4763950211558707,7.1,-7.2,5.930408874022407,8.7,3.9748728382502545,-6.9,-5.2,-0.1,3.5,5.689999999999998,-0.8542516013874611,6.231632810931663,38.833247490280066,-0.07121552912775789,-1.4788816331968204,9.995679623602966,-10.19742776915717,8.447424702676084,12.456331881258311,5.64711206387489,-9.742275987043456,-7.480139493420074,-0.2320756344843359,4.976192387838237,8.08918117423575,-0.0069679424813038635,0.17868211744332219,0.031927299094029186,-16.602328062666523,334.9861317476776,0.5359923747568622,-3.6194674051621085,0.061202676556046366,0.08237167027831432,0.05870621888169344,-0.09876702251547784,-0.0432150837153967,-0.001521020588495181,0.03915658656291762,0.10705406545563646,-1.2355921600762216,8.874724257461594,78.76073064597725,-0.055916338619861276,-1.4757727423168687,14.01655087609812,-14.345970630929221,12.055019312799152,17.63091015132377,8.041541616973968,-13.707278300204619,-10.631430104536152,-0.28560847866252137,6.999480046787618,11.653379808048639,0.013472073045108614,0.3605897378549177,0.13002495904627828,13.307988386568054,197.65462455519813,5.4131622628924445,-0.9984977926618186,0.06673570884590521,0.08721938305884698,0.08936272008725814,-0.12562837252177275,-0.04941331911800419,-0.01540616617784868,0.03780606394084279,0.12633250400734214,-0.010200735261450176,0.14336251733301908,0.020552811376060198,-7.665697058971113,74.29665296579387,0.24066216930058473,-1.4883877169707467,0.06844029166540581,0.0900661451851046,0.0634145614483565,-0.10282383695749531,-0.047019233563638255,0.0005044024866785844,0.043046911621466344,0.11201252447291905,0.0056204102703747896,0.20618633031326747,0.04251280280805184,12.511885143390577,182.58987354467436,3.033686230035848,-0.5033033175016851,0.06441544142901966,0.08705791659994655,0.06564873717957176,-0.10766137249182232,-0.046863884502031314,-0.002864716768405557,0.040194032097915236,0.10214306412495126,-0.02644964394710077,3.2569375534569875,10.607642227118388,-2.230897540707363,4.519517894900439,3.6,-14.5,0.8895613311033613,1.4,2.2382502543234994,-8.059999999999999,0.3,1.2,1.7,2.3,-0.026214654618611187,3.579082774195011,12.809833504539457,-1.455757754453667,1.2836479902841065,4.098877257589106,-12.717076654697529,1.6779140962957835,3.781660219872207,2.83596770245228,-7.713322034334158,-1.4411640718279586,1.5735740056987155,2.3404961480442483,3.129449924240843,-0.023835684096798454,2.8773276389005336,8.279014341580918,0.4031219598085195,3.064522053107771,11.151640709540926,-9.038065881189011,0.4495115664693173,0.6111744561364401,1.5847809276228408,-5.667043501725324,-0.3305548813781297,-0.011705465355899863,0.2806195747583104,5.610174778365423,-0.006035459804229991,4.483564240341726,20.10234829727108,-1.02262764549214,-0.3415011539054844,5.174440316179563,-12.7944911532149,1.8470036777535928,6.81938824511017,3.88369701320636,-8.871923545678136,-3.556009458323178,2.3353245840923136,3.2633787867869923,4.130489143714491,-0.19001188935420507,2.2842649243395265,5.217866244567863,0.23937085048619422,2.440613506432297,8.738115315623702,-6.919824281990382,0.9733540264726731,1.3103262782760865,1.4261252168913343,-4.6917020755543435,-0.7661216233219816,-0.03132753544951425,0.5442046549541049,4.26126652381587,-0.03332687719546129,2.4535804361511215,6.020056956663527,0.3737919149733705,10.469274727482592,14.058069592015505,-10.596739447238587,0.2056467219591574,0.28760699624323705,1.0854805692471714,-3.074836238297228,-0.15279816609384345,0.006536007827570486,0.1348088301493936,3.249755380940581,0.06233083376060238,3.2098710126691534,10.303271917973698,-0.3125460797216004,2.6927934440600865,10.600157753057387,-10.779607030448664,0.49782247448576894,0.7181114476263575,1.7822783332381438,-6.6344574009899695,-0.29195239998112144,0.026206785477986192,0.42615904764523604,6.189823082569311,3.222075279755849,3.187496389231282,10.160133231362462,-1.7773037545792667,2.4106511077948545,6.4,-7.4,1.1860817748044825,3.05,4.2029501525940995,-5.2,2.1500000000000004,4.6,5.2,5.8,4.5663856102862255,4.46463586485929,19.932973405787866,-1.7835607056397016,2.4757502492022,9.938760072872167,-11.271592599397003,1.7064650201727243,4.238064379282073,5.924189288949898,-7.217565980564278,3.1458189929917326,6.534988638935242,7.3838833722738055,8.169912829603147,0.01422722250138088,0.5114989052085781,0.26163113002957394,7.174251212477583,98.62104241172312,6.044376079058802,-4.0510065655076195,0.10080334723765359,0.1356337795275966,0.1512383900996382,-0.2538103201964417,-0.0680160328222925,0.0024756948128126233,0.0676177467053041,0.21699107353748553,6.484753044994922,6.20364871723332,38.48525740683062,-1.7782070145937927,2.579138507349831,14.497134902747796,-15.038231032982926,2.4132191436549015,5.821124671822993,8.282460491886933,-9.444985103574114,4.598128190963244,9.276489458343494,10.419252862786237,11.509373593359744,0.07792954497560373,0.9430234571177522,0.889293240674317,4.348507367790993,32.12847464078687,6.867075182839388,-3.5246984964998775,0.1661508271196726,0.23470259259982312,0.3270939947147784,-0.4797052025150349,-0.09133246762868916,0.001872061136035219,0.14337012497113397,0.5068975083538172,0.01926651178388465,0.34213481861769396,0.11705623411056235,3.368543769340244,31.010242005371104,2.5427770565400882,-1.6443844815088424,0.08641605309003934,0.1139489524947552,0.13236271342266712,-0.21628488538818957,-0.058427924861004336,0.0010464071741539452,0.05552102763375086,0.20794418989172567,-0.04989019679156023,0.6297765093348958,0.3966184517100461,-5.869270457673479,54.38404818857255,3.3373918297886833,-5.533822112299081,0.13577230101245288,0.18530381499202458,0.1950484475372705,-0.3177447628024671,-0.09797840377503757,-0.0013050519935042437,0.08732541121698703,0.21745821392641637,-0.0013166207920492076,0.26726144189153567,0.0714286783219427,-0.6086741357904126,6.340731047097757,1.200409,-1.850602,0.04326233273599346,0.058183,0.13565507617489317,-0.47469900000000004,-0.029219,0.000497,0.028964,0.458814,-0.0018629862581977415,0.35859993637476417,0.12859391436798492,-0.433024534972925,5.946723731834695,1.652419061032591,-2.057738220312745,0.06067336612709473,0.08188817932426715,0.18411949806692382,-0.6361101562391002,-0.041615161591144006,0.00016188432472469662,0.04027301773312313,0.6226120125335453,-0.0005732254925157728,0.11937450474390167,0.014250272382851802,0.02139777548935065,11.743725182545571,1.1142250968302145,-1.0114962707946509,0.007717888842718293,0.010412795639839715,0.051657160707740984,-0.18288683105190134,-0.005313092343174692,-3.82493929256694e-05,0.005099703296665024,0.17879963463157106,-0.002637487443678494,0.49989491660111973,0.24989492764364046,-0.40640555846056314,5.909652038362866,2.3464096866723616,-2.813452674532391,0.08533419765339549,0.11520849033672889,0.2569459558786387,-0.8846019932617359,-0.058571091663102336,0.00033558426960587364,0.05663739867362656,0.868848194269692,0.0007810496166505902,0.08512406604195737,0.00724610661951552,0.05671965117672644,10.586163802665308,0.6401889094411503,-0.6157901594034422,0.0066595046359664055,0.008976508544604876,0.037913000938828635,-0.12372457616241642,-0.004489297618689154,2.610204477512118e-05,0.004487210925915721,0.13482385123870805,-0.0008109053256971042,0.08199850770105137,0.0067237552651993795,0.01519441032241124,10.968092339452134,0.7137336275013204,-0.624323622129718,0.0077980457759758166,0.010519355344806464,0.037332019854941195,-0.1294157636160036,-0.005404820183563369,-0.0001051950299709332,0.005114535161243095,0.12833340118177006,0.0011252811460063584,0.14754777993745688,0.021770347364472205,0.2447721088217343,11.066982427775983,1.1617027425146425,-1.218503576340021,0.00759221856163484,0.01022501172511103,0.06280202988639137,-0.2267247757221076,-0.005101526791343194,4.498601420524895e-05,0.005123484933767834,0.23023153766236862,0.004026728691331091,0.49031146515747515,0.24040533286486998,0.39632644894367675,5.711401836075455,3.261791,-2.698685,0.06164511764324442,0.083098,0.24683928591340182,-0.88783,-0.038642,0.002937,0.044456,0.8979250000000001,0.005692623275912174,0.6640348917370534,0.4409423374442402,0.4098151515391758,5.337959608375009,3.5591737367527534,-3.459529648732523,0.08668884209495502,0.11689032785261191,0.3373845368729053,-1.1903159923551847,-0.054531247174114235,0.003540488924399675,0.062359080678497686,1.2124845628345036,0.0006121993658431096,0.19956103878354073,0.039824608200365846,-0.09828051732894741,12.682895723926954,2.070245114414621,-1.7624630444721276,0.009021672419462359,0.012157326834943478,0.08428360089907302,-0.2859565715130921,-0.005891592568449122,0.00012354269930433528,0.006265734266494357,0.28470615201023936,0.008044448798259158,0.9044523091928642,0.8180339796043045,0.43379533698298556,4.928553614531696,4.524524229245136,-4.33727790926715,0.12039490167870986,0.16251715350823265,0.46440337881106464,-1.6203748363769184,-0.07622738113759975,0.004233301713064306,0.08628977237063289,1.744350659203607,0.0004169905947491595,0.2523720915013485,0.063691672568765,-0.213256608067592,7.183715211842831,1.5606586224683643,-1.572276192039518,0.021686887571837628,0.02929222568080615,0.1182257566819594,-0.4258351953419432,-0.014421270274433195,0.00010140060956561887,0.014870955406372954,0.43549723901088466,0.000865551097162942,0.19893617082645,0.03957560006309049,0.008509572649323572,9.376889629547303,1.5864547564564409,-1.2652765665964638,0.00794077802831268,0.010704590378730932,0.08717936408885989,-0.31987542466627117,-0.005173051122710362,0.000123054427563563,0.0055315392560205704,0.30871224635425887,0.0026254316079842473,0.20013062026923265,0.040052265169347796,0.3606175948930664,13.43479486013489,2.042575022456835,-1.738268900597931,0.009828768565820309,0.013258500213560577,0.08304169417657943,-0.2726384875825356,-0.006558470702749657,3.918129626037092e-05,0.006700029510810919,0.2891580771886078,0.003985732918219556,0.15979027382567326,0.025532931609283646,0.38580007614912964,8.821889336907832,1.313645,-1.152447,0.01999733872320356,0.026974,0.07840163353331515,-0.25611100000000003,-0.009426,0.003758,0.017548,0.255055,0.005637106173287964,0.19737984606091982,0.03895880363103241,0.1663217010427038,9.919944824290463,1.3312789526857205,-1.197847642076913,0.02655075796224701,0.03575809235375823,0.09425645798622835,-0.2804421112170727,-0.012124220971703818,0.005330242906705465,0.02363387138205441,0.2975160941116207,-0.00023305982622924245,0.11001082718355087,0.012102382097609096,-0.10927451373234405,9.481830483342153,0.816600327542804,-0.9583184796592353,0.007879317823865875,0.010627320531429433,0.04984435024356852,-0.1769315211873749,-0.005260431062483507,2.4638798999788373e-05,0.005366889468945925,0.17459980644414536,0.007973263744899647,0.2727094202052014,0.0743704278686571,0.09618242169742224,10.258638581643373,1.7795791826425285,-1.6149568832848686,0.03674885880980999,0.04935568635425257,0.12946625172083445,-0.38139873346878855,-0.01659680472774347,0.007354360928695885,0.0327588816265091,0.4051527755702416,-0.00044837963446455283,0.059437997231416885,0.0035328755148819214,0.2638770778420951,10.322585100314937,0.5416135370667647,-0.46384383043256333,0.0065828669224953125,0.008878245963439585,0.027322152564273523,-0.09285637451155904,-0.004555524959515175,-9.811006422575546e-05,0.004322721003924409,0.09002068623851346,-0.00032952629738796247,0.13394790403325502,0.017942040994902094,-0.0958380887669824,8.517579998021018,0.9882768433267641,-1.0427992350877902,0.008813378397581128,0.01187663737324812,0.06113053419870093,-0.22582812690874024,-0.005885474652663744,2.66631806968509e-05,0.005991162720584376,0.22174757485956886,-0.0004387782504851826,0.07910837658830504,0.006258135246437089,-0.2511217077329155,12.286105063758164,0.5901001652141179,-0.7058665207734645,0.006713021143608755,0.009055197376760821,0.03426862320386413,-0.11894866917489645,-0.004507428847899996,2.0117318300344013e-05,0.004547768528860826,0.11711845319896659,0.0002919190225131053,0.8493702603030947,0.7214298390873469,-0.00220705951027717,1.4781819397697396,2.766343,-2.783157,0.6920512874573727,0.93393375,0.6110420133472715,-1.6150657499999999,-0.4653665,0.001169,0.46856725,1.6137035,0.000428858204029605,1.2010440133325146,1.4425067219618737,-0.0022355341216469785,1.4815791703126289,3.89819140788133,-3.9062239298476817,0.9741382655359471,1.3140534619164406,0.863632428845269,-2.295547938495026,-0.6552882990327794,0.0025117881729296142,0.6587651628836612,2.2645785731437256,-1.0701963396595031e-05,0.015615565940582665,0.00024384589964468538,-0.08415018274611161,1.5460754258851752,0.04597175887182686,-0.2164441186137964,0.014735333359870855,0.019945293107239515,0.012403584243822754,-0.024566085018039342,-0.009645732908235824,-9.232763857623368e-05,0.010299560199003691,0.024682597149168563,0.000650945733673388,1.6976761873970618,2.8821044372550237,-0.0022818405611956154,1.4941295573818651,5.427014222275659,-5.523173177326691,1.340191587176606,1.8075536307895779,1.219404119708719,-3.240932863714381,-0.9019447452365504,0.0014782569654991588,0.9056088855530273,3.2107756902565896,2.060958733101012e-05,0.04970034412765536,0.0024701242064073667,0.010405825386342653,0.21130714878888535,0.1508661386301724,-0.15994480989483806,0.04074039626657342,0.054963044495579094,0.037476772166407456,-0.09208580785734533,-0.02753979530644605,4.946218997686422e-05,0.027423249189133043,0.09315604734248417,-1.4067700163704573e-05,0.005758835900875594,3.316419093321362e-05,-1.13790524208663,27.069432356395993,0.03243124223107352,-0.14524834499507117,0.004808506095401734,0.006497731006105733,0.004246796920485624,-0.009051582846401882,-0.0032862744359113917,1.2659155364203695e-05,0.003211456570194341,0.009011399448788078,-1.6839756909624244e-05,0.02131855365481281,0.00045448072993313255,-0.021243732721232093,0.16431540643475806,0.05834476819908866,-0.14388468225892495,0.01964553847554559,0.026504980507734813,0.016961274855396453,-0.03684066402457828,-0.013384536330919971,-6.62655599186617e-05,0.013120444176814842,0.03678219700044224
-5.872573839662447,7.434434005838221,55.27080898716374,0.9241763967038513,0.1111068175176686,14.1,-21.2,5.930408874022408,6.9,8.74240506329114,-15.065,-10.5,-9.0,-3.6,8.764999999999999,-8.257993900770291,10.555730100728956,111.42343795943533,0.9426825880418197,0.1265241501924521,19.757455905757457,-30.48579994832665,8.729618272340245,9.744279239028586,12.372828693728344,-21.342515080745425,-14.825785991714259,-12.90949537003816,-5.081506752685673,12.358783858095656,0.012805943670802697,0.7823973882119466,0.6121456730808754,6.414837153672122,97.87580973685147,11.29109805052424,-4.799921049816678,0.2902611814826893,0.39363971224185046,0.34049445535802414,-0.6137246491059071,-0.21609236822291233,-0.01141518485165749,0.17754734401893812,0.6409310926506271,-11.567951733398571,15.069865053121656,227.1008327192974,0.9784268217143902,0.1624143244056726,27.703703355716055,-40.3892562028388,12.09140336086713,13.92184922002043,17.563269688720194,-30.717019390654368,-21.06696002271582,-18.304796879361867,-7.145110802695388,17.62209553605627,0.03207380967901582,1.1572864660469138,1.3393119644953546,3.2882595641004473,58.433400679009225,12.064699193540012,-7.406438053722301,0.2782126966976386,0.38633525831623433,0.40222144306642915,-0.5981715456021731,-0.17049093832141274,-9.98971707001084e-05,0.2158443199948216,0.619513165027174,0.017655861547018516,0.6579073284780366,0.43284205286510713,1.7652092856526866,19.57681049412419,4.923358650338537,-3.782777660678551,0.30206854083132806,0.4249154757953903,0.3521571911503656,-0.6257246548853725,-0.23463505595893192,-0.005999615164336024,0.19028041983645838,0.6597270630045577,-0.03922698311170912,0.8796112123757985,0.7737158849372221,-5.998497738054113,68.64445221250209,3.2755171806630075,-9.994477144797818,0.30439842835118597,0.3948555139490092,0.38260508539589944,-0.7500385333381524,-0.18542294216891358,-0.003376518412178931,0.20943257178009558,0.646242168793378,-149.89493670886074,13.146938795002375,172.84199967953853,-0.3677381065130272,-0.432912618086879,-111.9,-192.0,14.900152295981295,20.525000000000006,149.89493670886074,-172.165,-159.525,-148.6,-139.0,-132.0,-211.9082642990452,17.88336274473152,319.8146630596513,-0.20492660944782357,-0.8640463410971866,-156.690264700272,-252.28866495494026,22.19114903962356,31.635057838939304,211.9082642990452,-242.24882562577068,-228.01506241653144,-209.8376440035159,-196.38000457759213,-187.60289877537232,0.0031063878929129822,5.016083176713283,25.161090435706022,0.28119803224773654,2.6351475421677524,20.546306470788807,-21.221964213836998,3.779204868988185,5.053132282291369,3.5544900538111954,-7.6620828098926355,-2.6748881891536342,-0.19247401395609742,2.3782440931377344,8.2593715753426,-299.4165782336399,24.72905260545725,611.5260427634721,-0.2535621654710866,-1.040362034073069,-242.54372917769373,-348.13982760399404,33.713472863298925,47.65996342827913,299.4165782336399,-341.0449565744037,-322.78973783717106,-296.73308695662763,-275.12977440889193,-268.01590176260436,-0.34955454039323125,5.1019429371308105,26.02982173373896,0.12202329949439031,-0.07656703368680651,15.701733634743796,-14.841714417013794,5.379323142612373,7.338378861742413,4.143739492299645,-8.14666913204972,-3.937924692231967,-0.7374162103894388,3.4004541695104455,8.312268413222943,-0.00978243782287236,4.7930529786864815,22.97335685649535,-0.08933120981241197,5.063834611110206,19.297869253289363,-21.846418564641358,2.9314975390654587,4.0285391304483005,3.1521004619269153,-7.40271523233307,-2.039975723812258,0.1548274752359289,1.9885634066360425,7.00449051088082,-0.3175031857746339,5.155269341550858,26.57680198393422,0.4821127117661541,2.1238099671557853,20.180274456202735,-20.498705721964665,4.462345881829399,6.0804286116702,3.92425497247831,-7.323644764785746,-3.6138471459159685,-0.44226151853164464,2.4665814657542318,7.663549372753161,-1.273101265822785,6.532008504884902,42.6671351078887,-0.6849983061516247,-0.12112791412562496,9.6,-24.5,6.597579872349929,9.9,5.243776371308018,-12.93,-6.3,0.35,3.6,7.4,-1.8260920041309574,8.897953936503127,79.1735842561315,-0.49993747261028776,-0.6968764969811239,12.570438130754926,-32.126850603433674,9.479850572266875,14.871440412903453,7.340166172395275,-16.77215141433057,-9.974036915341594,0.6953653725773992,4.897403497561858,10.322541215881873,0.026990764199971838,2.4253782395455765,5.882459604861201,0.1566702110135741,3.693963320641969,10.445890399375974,-12.205011501778909,1.5373305281448446,1.998194639409896,1.6395899588413236,-3.8742547775400307,-0.9882859099358776,-0.10906613628191769,1.0099087294740183,4.041553846786035,-2.6527368880701556,12.100370173793182,146.41895834282363,-0.3249929956941636,-1.214045748086221,16.55391932763288,-31.80288374780963,14.693900473847828,22.1142376199249,10.282131598205817,-21.543223632459405,-15.19226957180985,0.9323376573679639,6.921968048115048,13.821579194963016,-0.2679295753368213,3.255231080915174,10.59652939015617,-1.097765900058964,4.642483331668875,9.84382520487335,-17.220473943668907,2.1445531668952813,2.84219596128139,2.215731469010877,-5.975404968746799,-1.5754045379793742,-0.22236842589588776,1.2667914233020159,4.100151621227686,0.03409973647215182,2.571973857354623,6.61504952291562,-0.008868201650958623,3.9398397411127624,9.098259556223717,-10.023631345529894,1.1498173946316306,1.6097749878345955,1.5870921950030612,-4.175421325558906,-0.7688452825279014,-0.11616419521828646,0.8409297053066941,4.21960298599382,0.07826820260500755,2.230934523608635,4.977068848628888,0.10165656381513395,1.8950324237051763,7.704867837021251,-8.03274355307632,1.580884914795258,2.1570738391390742,1.5938155760593693,-3.6478356985539784,-0.9995614188532196,0.12047107866363548,1.1575124202858547,3.4823515421864095,-0.6166666666666666,4.372723840285785,19.12071378340366,-0.0924902079783201,-1.4881019341529405,7.1,-7.1,5.856278763097127,8.9,3.9430379746835444,-6.8,-5.4,0.15000000000000002,3.5,5.6,-0.8719689942395321,6.202335889372637,38.46897048459986,-0.08379762153354907,-1.4826756839982285,10.058203026595343,-10.472657579001,8.084335715206636,12.665206088405492,5.591002884264567,-9.553994987259653,-7.676161404444097,0.31996404563723546,4.989044683961395,7.965797688941272,0.0032924575594892335,0.24126076590656828,0.05820675716582394,15.97346326526215,313.6863686466622,4.755829153303364,-0.785487738994335,0.0608914405196935,0.08311019384385798,0.06986300532417987,-0.12473041488307787,-0.04357600393856513,-0.0026060067306533097,0.039534189905292845,0.10171806566525142,-1.2560208883487036,8.831028615506934,77.9870664079023,-0.05965737665342199,-1.4789184584064654,14.227478094346592,-14.023976420638835,11.769652910195909,18.09571179307643,7.965631691080563,-13.53059900423449,-10.987677337843579,0.2523661748830949,7.10803445523285,11.551139834372185,0.018156387971142645,0.41445175345485585,0.17177025594180462,7.8245708123803075,121.79122685918733,5.381142650860564,-2.7691820582485174,0.07791226770996496,0.10769709811323601,0.11230127045690835,-0.15415667181539705,-0.052167533767891586,-0.0020900801575771955,0.05552956434534442,0.13978168623844134,0.004082480436862559,0.17131208338201454,0.029347829912686297,7.36748704963072,80.32477555045133,2.0138218865182704,-0.48106603648647983,0.06429410501396103,0.08562673521718274,0.0723562065665042,-0.12955685886376625,-0.04713209105676386,0.001729122745877664,0.03849464416041888,0.10290404694792782,-0.02489043146543094,0.29150911194661167,0.08497756234790217,-13.558742797683193,198.42619156239078,0.4235442214429551,-4.355917681237469,0.06228441392895995,0.0837116182695441,0.07477699871929651,-0.12864127105127243,-0.04655171632671798,-0.004670504379274715,0.037159901942826125,0.10129214353651068,-0.11729957805907172,3.3727964031230306,11.375755576919653,-2.0782836934178692,3.5246712452428,3.3,-14.7,1.0378215529539212,1.7,2.323206751054853,-8.9,0.0,1.2,1.7,2.3,-0.1555774231437148,3.6165254713054256,13.07925648460093,-1.1708577826321855,0.04157728575439901,4.054316373150243,-10.990365854762713,1.4875971153797716,4.609147592792189,2.9601036477413265,-7.547668644874873,-2.251885293922205,1.6704868218203315,2.3572622988699843,3.0772021135838497,0.06599939726390114,3.08974001123754,9.546493337042156,0.2828282785715104,2.9181239097549296,11.635876575565195,-9.889116975998375,0.540937917960419,0.7488082596355475,1.7110410343508529,-5.60362100583918,-0.40803445520008363,-0.005725771443425655,0.3407738044354639,6.570562090038016,-0.18386799555570127,4.785197635066503,22.89811640664605,-1.0225090696428047,-0.40421198483258536,5.43320506660448,-12.418585071942017,1.8230137374972821,7.119194518788342,4.080205851187167,-9.749623987916245,-3.8532474435521396,2.4256245971174226,3.2659470752362028,4.108345837615315,-0.029650094671631728,1.7297986411410997,2.992203338893595,0.27392608749651404,3.109707622674894,6.859482226781851,-6.306353171679252,0.808785306582052,1.0775123102889668,1.0985948392975902,-3.0268926376349286,-0.5547995385877595,-0.015689555669957733,0.5227127717012072,3.357256585100157,0.09196920779884843,3.0800883417607143,9.486944193050267,-0.18658409326753986,8.435368066891517,13.548909820622434,-13.377823794491258,0.2583288518574239,0.3750514830668071,1.370675712615188,-3.3551789169241366,-0.1264911710532654,0.02169892215042877,0.24856031201354167,4.830852155939337,-0.06493142173105494,3.0538258240175136,9.325852163436247,-0.4570652545230874,3.514705924769138,10.253630727756079,-12.201410111784579,0.5955770644738009,0.7944830599606971,1.6695760652286549,-6.973971483383361,-0.352632093423975,0.03711213615517507,0.4418509665367222,5.157318800631155,3.3060126582278477,3.2697332966257964,10.691155831063398,-1.9334919999678786,3.0037884226360063,6.5,-7.9,1.1860817748044812,2.8,4.356223628691983,-5.3,2.5,4.7,5.3,5.9,4.681862566506352,4.579118286990782,20.968324286253388,-1.9274496979706799,3.054688583584551,10.343371615651757,-12.24173177312209,1.6508489512846038,3.973685431706159,6.132469948709357,-6.782470459124323,3.446433050639547,6.5948114891135505,7.420118482345706,8.234565308565575,0.009096151701794643,0.5352169384964053,0.2864571712534649,4.758196601369785,82.01383100452654,6.294579113292969,-4.20327003537282,0.11205594681400247,0.14275390033144653,0.17049529100584618,-0.3160502862242663,-0.06225157978390139,0.0040485389160220125,0.08050232054754512,0.23486198379660708,6.645183164322728,6.374339376467201,40.632202486380265,-1.9092089763492963,2.954402437399974,13.477032612998896,-15.946873936429874,2.2807224979669836,5.16656090414232,8.636223238061218,-9.48065646731852,5.34354627578466,9.281593915999036,10.51010717992698,11.691046673596238,0.01598089441493266,0.8617594985033852,0.742629433260806,2.2365560918249012,33.554200581459924,6.462741309239662,-5.683794608999457,0.21748061354322007,0.2910644734174935,0.3389236420944197,-0.5697614049794574,-0.14553687204547072,0.010260332835045655,0.14552760137202275,0.5317237405478066,0.012443094281224846,0.45532959752513763,0.20732504238240385,2.184223167306206,42.694757036476666,4.2163360308209965,-3.172579146514209,0.1072239985846019,0.14562259247726095,0.17369003656902085,-0.2657743662006222,-0.07483576975500454,0.0035099794688893057,0.07078682272225639,0.2698011061690664,-0.021675782639808096,0.5974538628747629,0.356951118263976,-1.160041598621763,39.319273769236744,3.998956425632868,-5.1527345981563055,0.14666045759218654,0.20026349008523556,0.2196444561603185,-0.35104368393903546,-0.11820296713619624,-0.006528204109911528,0.08206052294903932,0.2807956718700397,-0.0019204474627139926,0.24579686477213053,0.060416098731809025,-0.571495284752657,5.471319803988857,1.170159,-1.443083,0.0433512888691038,0.058302,0.1280741299114936,-0.45942475,-0.029754,0.000497,0.028548,0.4254435,-0.0027155835534328006,0.32965852414349767,0.10867474254046904,-0.38639456389964594,4.9787454906990645,1.6331536296171394,-1.845261296111934,0.060831921826649274,0.08184480498177751,0.17476831302578166,-0.6238589084752203,-0.042118191366243715,0.000522884790738927,0.0397266136155338,0.5675623603456827,7.615588835753671e-05,0.1102108834462984,0.012146438830013569,-0.005095975171298477,12.171373755845789,0.9931474095810392,-0.8261096899403804,0.00797627271270727,0.010760558268951736,0.048616186155074965,-0.16717041021676088,-0.005295341663628956,4.095336557374254e-05,0.005465216605322781,0.16867445471781892,-0.003839634387396469,0.4587352030707534,0.21043798653636536,-0.32795352080986584,4.8449368715993515,2.2781158438631306,-2.262476861083118,0.08581626495046918,0.1156244521876411,0.24445422792988783,-0.866370946518989,-0.05940830713991348,0.0003852971321060819,0.05621614504772762,0.7887466838385123,-0.0005260557303279341,0.0828953092802319,0.006871632300665299,-0.03353586092731441,11.539534116108102,0.7517187473131564,-0.6464578548847048,0.006586358533840989,0.008903505101540754,0.03670718993171972,-0.12491897682576096,-0.004625235602957829,-9.886591511939699e-05,0.004278269498582926,0.1248856339613762,0.0001072539601200989,0.0806895633786813,0.006510805638242226,-0.029557832474420995,8.392013886037258,0.5252800197061219,-0.5698389934780032,0.008165142109580166,0.011010953048377417,0.03774132405967895,-0.13101508611442136,-0.005454406908136771,3.7586834285835575e-05,0.005556546140240647,0.13181995173822736,0.0004214003013231373,0.13333205424182462,0.017777436688344864,-0.050668829477028984,10.543428397533756,0.9492917915898635,-1.1616999966893002,0.007805022918350829,0.01053253173012479,0.05843245482308331,-0.21234920894188403,-0.005186551072559845,6.676245859743064e-05,0.005345980657564945,0.20807897808323914,0.004027179018773161,0.4741492521201332,0.22481751328608163,0.6089913060262558,4.852861325488231,2.836687,-2.411717,0.062269293177235285,0.083819,0.2444970718004471,-0.8558947499999999,-0.039904,0.000894,0.043915,0.905105,0.005695663561242167,0.6381301809649844,0.4072101278584038,0.5112493575607083,4.373430556580151,3.3705837684754583,-3.053129911947987,0.08770855815077724,0.1182279654108982,0.33388030754123327,-1.1283606765784913,-0.056019945991982484,0.0011815262670670022,0.062208019418915704,1.2661282305702097,-0.0008872149486640216,0.205871010223888,0.0423828728506042,-0.018498482741225116,14.614066969516522,2.089696192456676,-1.7646358023401514,0.009221206073565708,0.012429100321937853,0.08523143180215821,-0.27993544457612074,-0.006265640478519222,-1.4301656401112051e-05,0.0061634598434186305,0.27978206230011987,0.008056147675166872,0.8625753835960164,0.7440362923858148,0.4977178446760103,3.8985063150732966,3.991863546136187,-4.117526696220068,0.12253430432855777,0.16489895026608975,0.45749200505133986,-1.5350388563250972,-0.07818391417227552,0.0008244202021726536,0.08671503609381422,1.763002452315972,-0.001820321130977746,0.26501192767717896,0.07023132181117432,-0.4866690675545491,8.453280183587973,1.978154965765166,-1.8454824793408147,0.02220464167953101,0.029912727678605863,0.12272140241323705,-0.44169660538735045,-0.015038518615716997,0.00017079651768024066,0.014874209062888865,0.43573706393998757,-0.0012546975467729142,0.2263585255901061,0.05123818210732672,-0.03304427943109468,12.010161179095338,1.660315094725258,-1.7773736192316612,0.00840287575489156,0.011361696541162687,0.09587386389052957,-0.33111495294950477,-0.0057605349025047405,-4.478671761464479e-05,0.005601161638657946,0.323211671385916,-0.0004266978897124161,0.18306232971259634,0.033511816559803335,0.020396635647048904,11.357090325996946,1.370200860327927,-1.469002466033119,0.009781650107890307,0.013181986758137587,0.07804713526487739,-0.26181465059982517,-0.00666337196360901,-4.91778632941693e-05,0.006518614794528577,0.2721560511148817,0.0035585175175328458,0.1423907690046557,0.020275131097737212,0.09979000016153039,8.38707482069731,1.194256,-1.25847,0.018919486910349982,0.025462,0.06992003345787523,-0.22998375000000001,-0.009245,0.003456,0.016217,0.239451,0.0050337071285708,0.16587754460600124,0.027515359804515926,0.12903003425584728,9.794617165702713,1.3823652538313216,-1.2195283931252803,0.02485867264949823,0.03357050063499245,0.08008672017025571,-0.2470010938532625,-0.011670438795435164,0.004878942557101555,0.021900061839557283,0.2604091820972052,-0.0003269443340081525,0.11415387003009922,0.013031106042848784,-0.029899984900638315,10.795256229144695,0.9695218300825671,-1.0841378271077529,0.00813995809370359,0.010972138762585805,0.0515194470272026,-0.1769551393255327,-0.005520016606903465,-6.22455086763569e-05,0.00545212215568234,0.17839686514295247,0.007122330177483344,0.22620531869466173,0.05116884620575348,0.09638290039276466,10.098292561134695,1.8793963005963163,-1.4727736125946531,0.034186942295555835,0.04609374119625467,0.10802951582976786,-0.3217059924667902,-0.015929414541572713,0.006678593998237548,0.030164326654681963,0.3521210189907853,8.193269454913865e-05,0.06206359737714964,0.003851890119392936,0.3418488654353322,10.18052841091645,0.543315255399441,-0.47141394085008853,0.006772670992169464,0.009133777125850746,0.02882958533190611,-0.09503263413118837,-0.004691455700489649,-2.3707058668956393e-05,0.004442321425361096,0.09700973751494703,-0.00046234425604687186,0.1453026242759947,0.021112852621490884,0.040447137415024745,9.976078017750917,1.2481347124912332,-1.0774444740020517,0.009284368778269008,0.012533542072188153,0.06543277807153365,-0.22832703677140187,-0.006356633245206184,-0.00011332286209062423,0.006176908826981969,0.225649317378477,-0.0003285313576752003,0.0703169446422714,0.00494447270382426,0.2074620520180716,10.937804648093081,0.5740465741779508,-0.5512065392959229,0.006794858665027292,0.009168917637069734,0.031691502216382075,-0.11276389597898955,-0.00469799215003118,-2.381097473028339e-05,0.004470925487038554,0.10726121477501122,0.00013328484365908208,0.9275621095569023,0.8603714670856508,-0.0011198081420912454,1.6629357233473998,3.033809,-3.045296,0.7069314246234041,0.9532845,0.6530048419747037,-1.78438275,-0.4758265,0.0014295,0.477458,1.781168,0.0001818832050041624,1.3116232128160241,1.7203554523978293,-0.0011010545971134214,1.666572345302554,4.300792170179677,-4.294195734134468,0.992493758849024,1.3388506156480364,0.9229480959464472,-2.5258927179669897,-0.6692554282027261,0.0009426084160844448,0.6695951874453103,2.5115871942132477,-3.930738995972467e-06,0.015960134695302084,0.00025472589949218535,-0.027926249430045205,5.837952154932756,0.2580951451578356,-0.25566382608347826,0.015211200140544352,0.020490501615186306,0.012627519441937025,-0.02464506290330782,-0.009925582918798602,-0.00017168124973126857,0.010564918696387702,0.024686514776829326,0.00023759379592250236,1.8540803840931035,3.43761407067883,-0.001051513069000147,1.6793875267326959,6.034629810309343,-5.974775199112355,1.3564252143834008,1.8292636775342044,1.303242597366463,-3.56213097218769,-0.9137450687885487,-0.0007342745613047874,0.9155186087456556,3.5486840955140297,-3.928016951404286e-05,0.05062479537533106,0.002562869906794141,-0.05643253023706081,0.7881569239769721,0.15432471516226742,-0.4802560834791354,0.0428957485869261,0.057966309869606394,0.03823534126263097,-0.09302095814378955,-0.029187072200321386,0.0004051087000923187,0.02877923766928501,0.09391324572048285,-5.973405606498248e-06,0.006003992241131029,3.604792283156159e-05,-0.6671085825985285,67.86678451883307,0.11777123943762317,-0.17086494984681333,0.0049442276854084624,0.0066686420606429635,0.00429205764240001,-0.009074371268771902,-0.003346500007970008,-1.2565368125136764e-05,0.0033221420526729556,0.009030421527248108,-3.130928669292221e-06,0.02175861837454129,0.00047343747356892594,0.03466348884079973,1.4132342249207728,0.2403209951894358,-0.20198968050571559,0.020558367605677252,0.02777719742240991,0.0173246894988732,-0.037116067307944964,-0.014078511908462321,1.325673660518712e-05,0.01369868551394759,0.03714687377403256
-5.61859756097561,7.73797845918369,59.8763106347908,0.6980361965253452,0.0632006843616928,14.1,-23.3,5.485628208470727,6.725,8.645833333333334,-16.685,-10.4,-6.3,-3.6750000000000003,9.1,-7.903591081865764,10.98152769538338,120.5939505244722,0.7191639350926546,0.055972601719693316,19.762592038742504,-31.396971941546745,7.516225078743299,9.599274614586381,12.238610152188476,-23.82608772567758,-14.709089307242884,-8.907886644202383,-5.109814692656503,12.908077261235013,-0.010601627733023901,0.7315393668919965,0.535149845312743,3.731336629763608,105.8215982818249,10.598125798301199,-6.541934217318832,0.266310216781495,0.3561133005914542,0.3003346839056915,-0.549226301444471,-0.17476713824029405,-0.0024479047204064575,0.1813461623511601,0.5373923400634378,-11.081067779812626,15.64115770922387,244.64581448481331,0.7556367778926382,0.1031691217361379,27.766669064031483,-45.85153349090628,10.42977266545529,13.705620722110998,17.378220198278683,-33.17550197249952,-20.90445907158658,-13.014241079180934,-7.198838349475581,18.70536552204497,0.10823872301423099,1.29603603024931,1.6797093917043902,5.525669773608524,47.78509805027949,12.252465951157196,-6.299941494491484,0.28671120014299917,0.3945840793965732,0.4318443464835296,-0.5877711075500577,-0.20056293934535607,-0.011479522764504368,0.19402114005121712,0.5679934004564672,-0.015400992550029089,0.5833854947191446,0.340338635448701,1.0565402732690086,16.757107457833985,4.390404664743124,-2.7912748313563673,0.24895083375797092,0.3394213784067775,0.31161607621903437,-0.7965165738278436,-0.17034323632886886,-0.008491342445454374,0.16907814207790864,0.5338907540417885,0.010203144133028705,0.8463551935312877,0.7163171136173835,-3.8469659188915677,73.3648214920471,5.625360917448255,-9.566235057641695,0.2820051981635007,0.387615999580555,0.33120251202325196,-0.5189092034414533,-0.19852184351724284,-0.014997202046838269,0.18909415606331215,0.5193502938328409,-149.7530487804878,13.295930166694637,176.78175899762047,-0.4660220839027891,-0.27969411998635607,-110.4,-188.6,14.45537163042962,19.625,149.7530487804878,-174.085,-158.525,-148.25,-138.9,-132.1,-211.7072979282002,17.995372146059594,323.8334186751774,-0.2597225607281456,-0.7822541993877561,-155.84826325957908,-251.20687234046125,21.298995426992974,30.359576745812205,211.7072979282002,-242.87718928329525,-226.16064109124972,-209.71344241903395,-195.8010643454375,-187.43922459959254,-0.11326210167754965,5.360087342953032,28.730536324085296,0.1730979961719482,1.9202397721485172,20.278945927042464,-16.83814617647245,3.8875438806042606,5.266940285535,3.790570827910013,-10.134237938828521,-2.6612928943536796,-0.07669938232581153,2.6056473911813205,8.453994879926814,-299.14058658021986,24.85183570946144,617.6137381300629,-0.308959036111197,-0.872078697957618,-229.739418405282,-348.1702315071246,31.302471453639367,43.920238099057826,299.14058658021986,-341.64398069895947,-319.57375590945225,-295.93377353258956,-275.6535178103944,-267.89191493429695,-0.20618512346916307,5.161631971027943,26.642444604337808,0.07100181875249775,-0.5693957436828154,12.605415222191217,-11.446814085709859,5.3043331230814355,7.777268400727512,4.257880635492842,-8.224781752153493,-4.486843065051743,0.0732582355275575,3.290425335675769,8.104304213029849,-0.167063607240426,4.861993972679318,23.638985390370024,0.07415270029098714,5.750856172666166,20.956136711616047,-21.022030198311043,2.511418502252237,2.9526500137823053,2.9363230045754785,-7.9412686339745004,-1.6712805930378347,0.08141093213396033,1.2813694207444704,6.120569087721849,-0.17510589015087483,5.744796482916662,33.002686630131656,0.17713899853636872,2.2036260255034694,21.825478349812816,-22.18499525937045,4.512485637998402,6.075998276749557,4.1523352832929925,-8.824988211736969,-3.263467974482593,-0.10951193812393678,2.812530302266964,10.443010325987697,-1.3135162601626016,6.560214389725881,43.03641283916651,-0.6513387320070333,-0.41544878004055263,11.0,-23.3,6.8199702051257685,10.225,5.321646341463414,-13.385,-6.225,0.4,4.0,6.9,-1.8871611163141313,8.938090598901793,79.88946355417661,-0.4443674722881953,-1.0225487650327956,13.429251906965547,-26.53676692856216,9.71988794155639,16.18592488592637,7.461289922678294,-16.594330957091824,-10.538659943136812,0.7218633074869377,5.647264942789557,9.5576833406041,-0.1303068347178625,2.446385037123017,5.984799749859386,-0.16695756378454826,3.251791753199968,10.459601746933927,-12.439758005228642,1.5527323776577622,2.0653546810003283,1.6424337454221034,-4.668786094734103,-1.0801275272120283,-0.08536673251757299,0.9852271537883,4.222785968765835,-2.7495423593799067,12.302879564256079,151.36084557258985,-0.3691653063254004,-1.2615943011221715,16.39420228266035,-27.082708116791295,14.270633433893899,24.08473334915502,10.363707600480796,-22.391667082434285,-16.43322368535449,0.6612197571044299,7.651509663800528,13.149673135966847,0.05828158018056023,2.7445769484830325,7.5327026261444345,0.4705782562666139,2.0372674318720847,11.273456998908799,-9.785572427803718,2.1878454072733637,2.8794068539534416,2.01342818259595,-3.927576903093536,-1.4242746380956708,-0.2673144942079895,1.4551322158577706,5.115100826289172,-0.18161522458956217,2.3312537470097014,5.4347440329467736,-0.22586487585798004,4.7408487039205705,9.989271533813449,-9.617527376492262,1.0684910951344049,1.4458234871903075,1.4352782572558125,-4.185926979482164,-0.8206048805626582,-0.1513307757629771,0.6252186066276493,3.3287158257916047,-0.10673177721501612,2.521531357090721,6.358120384791772,-0.3805167686446568,2.213401051842629,7.435383178589589,-10.6625081363582,1.757718663085506,2.375737720631524,1.764546193002304,-4.829921260152091,-1.3017602847386667,-0.020885364656328384,1.0739774358928575,3.944840715396688,-0.5807926829268294,4.324254127811834,18.699173761897683,-0.0975788614608587,-1.487126048376748,7.0,-7.1,5.633888430321287,8.7,3.9098577235772356,-6.7,-5.2,0.2,3.5,5.58499999999999,-0.8226292761271699,6.13417009380317,37.62804273970919,-0.08972604286626931,-1.482940627790987,9.872587496533995,-10.15658399377852,7.939562633594204,12.452174039863003,5.543081770735222,-9.542122388852382,-7.510017767679083,0.3345554780359604,4.942156272183919,7.88015430430641,0.007189818745392278,0.2199519589371859,0.04837886424030551,18.06146289843854,376.4511944690948,4.584772245920769,-0.7340572311498053,0.05753497331111091,0.07767773398774505,0.060347249727715706,-0.10794762857092961,-0.037402157834611344,0.0012603967338973288,0.0402755761531337,0.09669397719861908,-1.1897110187049942,8.736125271402026,76.31988475762913,-0.06752201321912744,-1.4813440133589943,13.919486921297759,-14.119134722695303,11.662146916807046,17.606036399428454,7.904112852793496,-13.461882162283533,-10.643250350388275,-0.060498796323065,6.962786049040179,11.414797808944297,0.00851005128840285,0.3768012973560629,0.14197921768921212,8.99317744676259,145.60106096976557,5.168637242261064,-2.5449719260574177,0.06245359709598661,0.08441141987088817,0.0923599660384332,-0.12555935184191486,-0.048861080047058136,-0.0044499887087924295,0.03555033982383003,0.14321662075908845,0.009843658998905415,0.14073584584564774,0.019806578305889926,9.530087342706992,114.93459096385205,1.8332610609641877,-0.16859058661183415,0.060775015153529725,0.08117581461795127,0.058294130891209085,-0.10355460389930898,-0.03947377533812117,5.864471767736269e-05,0.0417020392798301,0.09932086097920906,-0.0209681693739254,0.2742318989831756,0.07520313441991865,-14.265909368158427,215.6226525419411,0.31939748511008187,-4.218043879640281,0.060867145174005675,0.08322695438069053,0.06805732384986202,-0.10839171372959022,-0.04811861417302973,-0.004112609801270501,0.035108340207660786,0.10235222005969233,-0.03180894308943089,3.324315196318313,11.051071524472865,-2.0759190420623437,3.559381203252382,3.1,-15.0,1.0378215529539212,1.7,2.3265243902439026,-8.2,0.1,1.3,1.8,2.4,-0.03488432086953978,3.645628516159963,13.290607277838696,-1.2397298088450464,0.2528701462200882,4.111882045495105,-10.97218861300628,1.6178829791875027,4.509864319694952,2.9698409301263524,-7.793472896183895,-1.9778101228953753,1.6552147471690997,2.5320541967995767,3.239214586520974,-0.02628259793954769,2.949188313849952,8.697711710549125,0.1372911555421271,2.6781097414917427,9.645013560887861,-11.192008286855634,0.5448971478575031,0.7274732928329721,1.6360889042885645,-5.540304790960766,-0.3979524660440656,-0.01277511168375009,0.32952082678890654,5.96073438935353,-0.013643149372118118,4.798926616455325,23.02969667012335,-1.0818005449656036,-0.1878580349843637,5.480229348196229,-13.007756670533071,1.965088458513875,7.301197868030014,4.108773813586722,-9.961556232927876,-3.8255467647818255,2.478978658510561,3.4756511032481887,4.292031670019217,0.20429246085681588,1.8022586211569642,3.2481361375346016,0.6842373589665146,2.648659095874411,6.690523974686474,-6.0169507123907335,0.8519773622698468,1.1413214513571215,1.1388655745973717,-2.9166775820346844,-0.4665403368795652,0.05750141101555559,0.6747811144775563,3.8672939232528334,-0.03712550669345309,3.0814756950980056,9.495492459479737,-0.31201122011265786,7.531288391241823,12.99105989382192,-12.90505014361,0.2392896015676607,0.33532795183457353,1.3855638308744358,-3.8968304910338554,-0.191514445347732,0.003918027284870801,0.14381350648684157,4.055400754710022,-0.0895314274039369,2.765801692924901,7.64965900458625,-0.4282431153900817,3.324191101476692,8.002631905541884,-9.295289619975923,0.6909035357948933,0.8936257475359322,1.5141322879100145,-5.815240621504827,-0.5646519192540922,-0.007449943695984995,0.3289738282818399,5.165109531120046,3.2129065040650406,3.113063559095096,9.691164722965826,-1.6124755517485787,1.894942057435733,6.6,-7.6,1.1860817748044812,3.4000000000000004,4.099491869918699,-4.7,1.8,4.7,5.2,5.8,4.543338333457198,4.3693152603850045,19.09091584463328,-1.5593240723085,1.6791378099729366,10.107537863404154,-10.014189734647152,1.7306890985985706,4.8959073798183566,5.77917561792751,-6.247408613580364,2.510944943298272,6.586349273323584,7.406852323116628,8.271958782707435,-0.034256892111354784,0.4256851687573504,0.1812078628999739,-6.825537589578395,77.62930778929068,3.025236434900857,-4.692778254093575,0.09090550267658791,0.12240201349340313,0.14086438934582915,-0.28494496950990933,-0.06338633098319027,-0.001961913336689741,0.05901568251021286,0.21728085234286115,6.429006035035018,6.075260825508965,36.90879409796388,-1.6165448497438064,2.0072956863405738,13.504598607952552,-15.12763380227786,2.5124700664581243,6.523077637169043,8.106642128345072,-8.311164087569182,3.872020666778023,9.264564284278798,10.395098303947066,11.508199363694523,0.08569993310613347,0.8819380748123502,0.7778147678037146,6.020238131278922,41.421961673714684,7.332950612288771,-1.7964790535636377,0.18317288394759307,0.26630914087305513,0.29714867732505257,-0.4188916575258357,-0.1441106207683709,0.011975597490215293,0.12219852010468421,0.43108823759718273,-0.04722664916724174,0.3322430101735765,0.11038541780919925,-3.5647790469188787,17.743153384190443,1.262457939478978,-2.0145270966762685,0.08990298689114927,0.12300674335186114,0.14525986595578885,-0.2687978138439696,-0.06644045029354595,-0.0017866147494373912,0.05656629305831519,0.23021254156069526,0.03918102568635506,0.49557152795966974,0.24559113932428175,4.5785755620973285,38.30532362700839,3.846091712716752,-2.739155585025096,0.12159309446758887,0.16815338391570894,0.18061283979352968,-0.3151453695608992,-0.07863989942230146,-0.0013553230605505805,0.08951348449340749,0.2871857785250502,-0.0014282614393870841,0.23986731040508383,0.05753632660096884,-0.6659099857478507,5.448098410973111,1.14187,-1.414616,0.04264705281531364,0.05747,0.12497844462039633,-0.4490545,-0.028446,0.000972,0.029024,0.42143200000000003,-0.0020216150211313255,0.32053916056197185,0.10274535345377359,-0.4465261503863639,4.7162138199672,1.5550259843269514,-1.667242226581685,0.059989211553145357,0.08087665246222814,0.17075034084072155,-0.6140429048587238,-0.04044158903078096,0.000960097976405113,0.04043506343144717,0.5656767962639924,-2.3760206096982328e-05,0.11098171617386635,0.012316941324896627,-0.08211926981608571,11.339722614459893,1.0272320833129438,-0.9304868255339315,0.007783481508865071,0.010501603551283952,0.049085365605901175,-0.1692569824846373,-0.005259735070985658,7.218693840811002e-06,0.005241868480298294,0.1720193301586519,-0.0028638751000563656,0.44518005458222715,0.19818528099783472,-0.39100586103165635,4.591013806679235,2.2351944841380647,-2.1357731326419462,0.08430593972124717,0.11347736323344948,0.23811193224210403,-0.8417065890391712,-0.05712258728046271,0.0005345281877553698,0.05635477595298677,0.7865913099713465,0.0004373245279649996,0.08525392241607295,0.007268231287325785,0.026049609541127984,12.090776015886496,0.7021693410201109,-0.6672552312584161,0.006702108658056691,0.009045400488792231,0.03761254712636646,-0.1275249904563895,-0.004647059474254289,-0.000109973069158208,0.004398341014537942,0.1326261373654116,-3.342967085576894e-05,0.08345785243076231,0.0069652131323549,0.0894682514199323,11.125907038512445,0.7196660597292278,-0.6602091448494204,0.007943809435188869,0.010724916904980559,0.03814110873199741,-0.13063819021303538,-0.005387813533865264,-4.0766897370288425e-05,0.005337103371115295,0.13002317682206907,-0.00022469224517672934,0.13290661882656848,0.017664169327910772,-0.06312668015719591,9.566771465503932,0.9171690585670201,-1.049277401513213,0.007439540436834506,0.010036113863555674,0.058659188741124677,-0.21371805127493526,-0.005048344055148777,-6.03544446417561e-05,0.0049877698084068965,0.20832074582502327,0.003694654752209453,0.4684414174497539,0.21943736158233462,0.5086928327899717,4.41512401123976,2.631135,-2.390206,0.06173555637857327,0.083219,0.24278552891141078,-0.865658,-0.039724,0.001195,0.043495,0.9167767499999999,0.0052315586507681216,0.6308041177846251,0.3979138350140391,0.47772957000018446,4.204633065666092,3.383271404295601,-2.7024788494414396,0.087060472032013,0.11718099441984722,0.33048349578458536,-1.1296994970156087,-0.05625750806915992,0.0010367121247291447,0.060923486350687305,1.2434045567864525,0.00013661773558236852,0.20229126448611992,0.04092175568739332,0.07802706395261258,15.54555734374366,2.146562991137376,-2.106903611700756,0.008984317125873824,0.01211836937827801,0.08466307458991047,-0.28276668264500016,-0.00603685563017516,2.223992329213249e-05,0.006081513748102849,0.28496708990517966,0.00741699497735246,0.8488368475086071,0.7205239936883503,0.46048041298900544,3.6852224742148483,4.00277842609122,-3.543210084231792,0.12076643071497495,0.1632183329089369,0.4505188301892094,-1.5549359244505538,-0.07788644029550423,0.001130978459990841,0.08533189261343264,1.7709053999466178,-0.0002038611436068376,0.27415683375852745,0.07516196949650086,-0.4157188557570724,8.672617934142224,1.9549486422838978,-1.8407567729076,0.021162396157685063,0.02852228357827266,0.12526628115208352,-0.44767816060902094,-0.013720506232447641,0.00029730009007920865,0.014801777345825018,0.46026895778178567,0.00019269626376332093,0.20721343554589358,0.0429374078707322,0.03743415524423435,10.81312454906484,1.6092294733310748,-1.6522334495275022,0.008124978964612067,0.010980679563006085,0.09112372618304126,-0.3240392312288095,-0.005408016217062351,3.67090415557608e-05,0.005572663345943734,0.3242076349954467,0.0009865933622437847,0.1972064175478146,0.038890371122042994,0.058438026115495166,14.13104640207954,1.536172571856654,-1.8012753799469419,0.0095425119941307,0.012855702719364835,0.0805992264877869,-0.25954256669161646,-0.0062282481432093815,9.734667600848508e-05,0.006627454576155453,0.2690378679590325,0.003945055816969806,0.13541859229867403,0.0183381951401545,0.312174803830525,9.013691576583192,1.335902,-1.166297,0.019098881778789167,0.025705,0.06685847942870932,-0.22017075,-0.008822,0.00394,0.016883,0.223786,0.005581811205289788,0.15459335454875975,0.02389910527063854,0.13976812587505066,9.788930572593365,1.2381653146679792,-1.1943103307399145,0.02520962272644843,0.03401479509979814,0.07592855647373697,-0.23148351375511833,-0.011393607558569012,0.005467006078090895,0.02262118754122913,0.24725629336143395,0.0002953823581268383,0.11302205695335214,0.012773985357966774,0.04651967619409797,10.27639345809747,1.034738736432208,-1.074231103709032,0.007977902571222457,0.010768935761887479,0.05160567172127411,-0.18050077307147955,-0.005391984152516568,7.202384514424956e-06,0.005376951609370911,0.18601744314207763,0.007901286233752523,0.20877607182085456,0.04358744816494662,0.1433923993833091,9.743225557530028,1.707557405671757,-1.373313439766504,0.03499071963513211,0.04719235988243621,0.10221960220243172,-0.3087691737446014,-0.015675615794910686,0.007528323558738609,0.03151674408752553,0.3403925375160934,-0.0004143325115021162,0.06482515147840077,0.004202300264197606,0.25712453345486697,10.41422253949865,0.49545127109331133,-0.5104647248372766,0.006718885838100462,0.009047577665889673,0.029670015477941125,-0.10058954827667761,-0.00470604575321199,-6.786067090305912e-05,0.004341531912677683,0.10127857513186257,0.00041713879559770583,0.1431910245552408,0.02050366951317957,-0.01877474008520779,8.885722664155862,1.0661068711109634,-1.0854055183059375,0.009054094100677023,0.012207868643690625,0.0656946505517188,-0.23716986773556378,-0.006098584215451853,1.3218800163160605e-05,0.006109284428238771,0.23730892115543598,0.00032173012762369064,0.07099005849534072,0.005039588405171898,0.14720911679780502,10.795511798101318,0.5789023988270957,-0.5398820598761904,0.0066182685649880885,0.008928835034127197,0.031857360013867485,-0.10503449779408727,-0.004436207576818221,4.996907539340503e-05,0.004492627457308977,0.10928993367193385,4.19945706270929e-05,0.9292956624595556,0.8635904282661444,-0.0012314126883043472,1.689531642914786,3.016766,-3.026787,0.7039632549819559,0.9492795,0.6512799502910748,-1.79571325,-0.47354925000000003,-9.2e-05,0.47573025,1.79716725,7.82961381765925e-05,1.3140602793907268,1.7267544178724352,-0.0012655417223397323,1.6933767837074178,4.218905162937204,-4.27792817217722,0.988125512627357,1.3336599869989914,0.920538368569451,-2.546005707850055,-0.6654474877894552,-0.0016374342854076516,0.6682124992095363,2.532754415022114,1.775562100221881e-05,0.01672541647992036,0.00027973955642679156,0.3171182255020925,6.332880758473291,0.3503302210369364,-0.09416948602030382,0.01607969519909534,0.021560598433595653,0.013245896520369334,-0.0256161288339226,-0.010546602520654234,-3.124139208812368e-05,0.011013995912941417,0.02561036366782446,0.0001621467685118584,1.8574980466712305,3.4502989933874373,-0.0013137353722652543,1.7067734016194773,5.9523969461005475,-5.979372077568765,1.345163634285785,1.814795043550927,1.2997706714107193,-3.593331393783342,-0.9069755749601389,-0.0012223461543126,0.907819468590788,3.575032206466444,4.227643446673894e-05,0.05120353882488831,0.002621802388191845,0.09302222077837304,1.211661155092207,0.5826219943283729,-0.17187453275251538,0.04781244073651569,0.06435982685295505,0.039124351987109375,-0.09306728596087847,-0.03241603279303995,0.0008019763723259646,0.031943794059915105,0.09405561064616433,2.4795177524828217e-05,0.006330698246960707,4.007774029407137e-05,6.858265601570841,324.8959629999734,0.304115533147233,-0.06616957868035546,0.005291406338521498,0.00713644754011908,0.004474908067234356,-0.00925874260336266,-0.003569982313465252,-1.6030408257272465e-05,0.0035664652266538277,0.0091657857099754,1.3493984279320378e-05,0.02279021525989095,0.0005193939115921664,0.004893571228488016,0.08248232999955896,0.144300093055536,-0.14737130426781986,0.022153572127218496,0.029901588927568577,0.01823899031826216,-0.03926636786748788,-0.015188034490917721,-2.8546369401371316e-05,0.014713554436650856,0.03918321110742244
-6.173170731707317,7.56943815692427,57.296394011501086,0.9258014560152136,0.08853687596042681,14.4,-21.6,5.040847542919046,7.425000000000001,9.03678861788618,-15.485,-10.825000000000001,-9.1,-3.4,8.384999999999991,-8.683284570889908,10.757729925919365,115.7287531590211,0.9513984258340588,0.10680668526267478,20.244243377461768,-29.29626712135432,7.387760168939279,10.4055805492771,12.80823278580442,-22.09176908455537,-15.266317933933408,-13.046931359430932,-4.860737384656306,11.87007564040996,-0.042113956608048474,0.6597559845575757,0.4352779591595361,-6.177960592698713,70.98548561552676,2.306973916223412,-8.80783752410574,0.27985503362043634,0.3730557578686368,0.3167465905314642,-0.543891068150409,-0.1895348822435195,0.002467821226349476,0.18352087562511732,0.5707092972449097,-12.170354969922297,15.362413499834505,236.00374853989743,0.9725681823673322,0.14184815022749842,28.48870576604144,-42.21776123988372,10.497570475949495,14.855073183422927,18.16917547558575,-30.762352235907034,-21.638807486598502,-18.66315750945265,-6.783734303175574,16.927166693481,0.11254837620689613,1.1606017982798817,1.3469965341704955,7.080233913694234,61.79234658551671,12.520865284600916,-2.1944072101780114,0.28010469291722445,0.3487217675695974,0.39813857981654693,-0.6154402776633819,-0.1783999064299936,-0.023720832609455345,0.1703218611396038,0.5742326641251941,-0.05996747772212872,0.6128035407619999,0.37552817957044415,-0.9958358278350202,11.08715322586186,2.6817847648968964,-3.8961468346191936,0.2950992436684033,0.38878743730994164,0.3506298927828324,-1.1195009410222907,-0.22494088673860335,-0.0076079310803731145,0.1638465505713383,0.6059038266505374,0.09354247107073553,0.6892297616102819,0.475037664289366,5.786402011509454,50.016379590697106,7.2034806016416235,-1.6942505687388039,0.2852652928187717,0.39930721437803307,0.3271336765835385,-0.4569851046324898,-0.17744914219787614,0.01372485437050188,0.22185807218015696,0.6849721975871252,-149.58313008130082,12.975084001143783,168.35280483673736,-0.39298773756110805,-0.4288812852737873,-112.4,-182.7,14.010590964877922,19.075000000000017,149.58313008130082,-173.485,-158.25,-148.25,-139.17499999999998,-131.7,-211.45457625376596,17.666241345229928,312.09608326791135,-0.253187097132504,-0.7564013642670173,-158.88460375073663,-252.84287229102583,21.202161663939606,29.380665340834184,211.45457625376596,-241.06059446452315,-225.8077453570187,-209.46537273073676,-196.4270800161845,-186.3619459939592,-0.09786206374582891,4.910184284066154,24.10990970349025,0.08913121267914566,1.3677442745696133,16.22504925457458,-17.6983198523465,3.5576977659879865,4.825092202489686,3.5746610135088197,-7.553295431769347,-2.632250449006788,-0.3065456159724764,2.192841753482898,9.091965779203912,-298.74999118110316,24.35489794750623,593.1610540334433,-0.31190014915090725,-0.8140247030376173,-226.79657724949624,-350.8450465074071,31.54763375332104,43.92494985440328,298.74999118110316,-341.1357559306498,-319.17467097056624,-295.33443355994484,-275.24972111616296,-267.71032866420984,-0.024284789775477524,5.430451618720552,29.489804783264663,-0.07694448424356215,-0.4304687647722991,14.026598361301255,-14.271940560234075,5.76147532680368,7.612383792971782,4.429471170948244,-9.051933890673187,-3.8210629037440746,0.45700277842931314,3.7913208892277073,8.324160791602392,-0.14787363397281986,4.833609448359778,23.363780299272914,-0.15509281664480046,6.129267828708638,18.773096635893033,-23.97367834489867,2.918470783986956,3.8384390924550864,3.0391656029913605,-6.10404411775701,-1.9430684407299814,-0.15422465520254408,1.8953706517251048,5.209494038967014,-0.6236052505783009,4.882295094396144,23.836805388764652,-0.19893509727297343,1.2164825693100436,16.036007288662404,-17.043247811804026,4.15026224994952,5.591348444623472,3.7260246666744306,-8.628187872241751,-3.3813859809980418,-0.6342742460642062,2.2099624636254305,6.517794531181956,-1.284857723577236,6.558774639862646,43.01752477650538,-0.6781837891846914,-0.2541688712664363,9.8,-26.6,6.968230426976329,10.350000000000001,5.297865853658537,-12.985,-6.325,0.3,4.025,6.9,-1.8448919488826245,8.939810259555703,79.92020747685741,-0.48137053522921536,-0.8962129713080342,12.905728748711175,-29.55772455431682,10.352520768966604,16.04496279859769,7.421067090751476,-16.740911044142834,-10.255364842930422,0.41334201647883206,5.7895979556672685,9.523834203034372,0.13203450805545264,2.4193383019787884,5.853197819421608,0.5657704119807747,4.179770693852461,11.297806371721395,-8.815107509030739,1.4125172458606121,1.8985654161294456,1.5672220110614112,-3.6109867932585895,-0.8717211662751815,0.0982588359787675,1.026844249854264,4.027658003805646,-2.685389887973673,12.227254589852716,149.50575480507433,-0.3549481251879879,-1.2544304559376787,15.116736545692794,-26.935302870810876,14.624599104241817,24.48524722718735,10.319391011346545,-22.12490054830673,-15.745509666775835,0.6257798024824107,8.739737560411516,13.000154171992666,0.07124752154009675,3.036315251844217,9.219210308581811,-0.5260710004586264,11.424889094904549,14.954345002743853,-21.098888980886557,2.2213933985860788,3.021959444072963,2.026342352439334,-3.8263143348657414,-1.4532472019139981,-0.09657447458266105,1.568712242158965,4.075982015507238,0.187000856268863,2.4881821320413735,6.191050322209955,0.010035702247091669,5.196190385179937,11.043858839594868,-10.275056508129698,1.3562797745425634,1.8226802648856646,1.5390361250171707,-3.9563116001294745,-0.7757211849260298,0.14879030397571297,1.0469590799596347,4.342020336229764,-0.08480269853663,2.3126788602041537,5.348483510435184,-0.8923971187814004,3.643195162616095,7.24677814499684,-10.338104179507367,1.8169865317701666,2.428500005533107,1.6138448836337416,-3.634447304155726,-1.258214343194041,0.08665319962053435,1.170285662339066,3.453512177613875,-0.618089430894309,4.364357905461176,19.047619926961467,-0.06121432987480949,-1.490268925978729,7.1,-7.1,5.7821486521718475,8.8,3.9520325203252034,-6.7,-5.3,0.0,3.5,5.684999999999991,-0.874870865668716,6.192602529186186,38.34832608448315,-0.05094506135454568,-1.4902014422827332,10.022587063680632,-10.051456417092501,8.26780360551856,12.498136402676948,5.61140535370949,-9.508290701110974,-7.513024007745903,-0.06216938176006418,4.985112394931044,8.166689100714734,-0.00907429803262356,0.17085468580012195,0.029191323659858395,-16.521946255990045,329.2978227658584,0.41536025256680015,-3.4488773140461273,0.06100780759664687,0.08139463864648633,0.05779515599383951,-0.10738631836601631,-0.040600052011711796,-0.002396081207728551,0.04079458663477453,0.0950401880292384,-1.2624285661166963,8.81998240189912,77.79208956981017,-0.03533954969169307,-1.4852460385902055,14.099951926187568,-14.211981531714205,12.250139438580645,17.801861335374625,7.994650801948739,-13.437920606878757,-10.815624333241104,-0.4145513144831773,6.986237002133519,11.83909839884981,0.025298935975201563,0.3529303686086249,0.12455984508621985,13.248582424255078,196.1922341191227,5.300894413364052,-0.937283930360137,0.07620683847796318,0.10207845706992758,0.09182734145451116,-0.12526402397313297,-0.048812641701378105,0.0036122103130665772,0.05326581536854946,0.1425195796140347,-0.01273092748033805,0.13888361123539822,0.019288657469785232,-7.662267608170554,73.89639163526171,0.22971872765327264,-1.4287441406129922,0.06348024147796896,0.08742319469361748,0.061135476564620615,-0.11805829637544041,-0.045902013593718025,-0.005832809609105572,0.041521181099899454,0.10167943760006515,0.012926083008722599,0.19529173707782033,0.0381388625708725,12.239787526156348,175.11473085407323,2.8517170870721786,-0.35906242010809236,0.06531651422514928,0.08120404394090966,0.0652496314518746,-0.09959821266267266,-0.03713086588427025,-0.0024302187829806517,0.044073178056639406,0.10782130963895405,-0.07052845528455282,3.351074534196926,11.229700533743143,-2.1506186810853203,3.856859902896418,3.4,-13.9,1.0378215529539212,1.5,2.2912601626016262,-8.584999999999999,0.3,1.2,1.8,2.3,-0.08973145188120163,3.5903234886592514,12.890422753218338,-1.2706859790344245,0.369812194078909,3.802191547338976,-10.696001990871201,1.6093449930560493,4.533636925173653,2.911277993133576,-8.277920904494543,-2.189965384573895,1.5501473723086923,2.3436715405997575,3.122624467096452,-0.028628793000088287,3.0747654337662502,9.454182472683756,0.2575910111864489,2.851528086644751,10.98498230717329,-10.16254704251362,0.5020219956730722,0.7109221060354408,1.6956450810194785,-5.301337841563126,-0.4129905112115294,-0.013448120361181912,0.2979315948239114,5.941451699498494,-0.09131956652502084,4.769503817600434,22.748166666105114,-1.1388934232049344,-0.1110049476724626,4.8445421967762465,-12.627855406081228,1.5639949065015093,6.4639706595136275,4.008936419140255,-10.427272419178717,-3.2182785488271146,2.488147427976253,3.2456921106865133,4.151413473693225,0.05466415676420663,1.6690185374467488,2.7856228783408845,0.2543502388706242,2.3877706919079387,5.882192801784279,-5.493947952638937,0.8322637989308684,1.147372161058668,1.0840903324240796,-2.7251278353800963,-0.5810193116110511,0.031936296400424,0.5663528494476169,3.245827842818918,-0.04031560855358233,3.143160980083966,9.879460946722396,-0.11734929335986369,7.262605046355818,13.286643672042779,-13.042880231287404,0.24377069106151822,0.3208804721011973,1.4303823411555754,-4.4939370663562626,-0.16686993711724865,0.0003070098613970852,0.15401053498394862,4.796608452641015,0.07338880546971523,2.9597317994183587,8.760012324488235,-0.5462845330827746,3.893892480634821,10.526312235568236,-12.21645319070722,0.6165480742977336,0.8348699171632711,1.6320550729435064,-5.756287254317572,-0.2601931957808997,0.06756370268431254,0.5746767213823714,4.766408419889629,3.132926829268293,3.3455760697596584,11.192879238548484,-1.8229377900135606,2.765702181452151,6.4,-8.7,1.3343419966550423,3.225,4.199186991869919,-4.984999999999999,1.975,4.6,5.2,5.8,4.434611549751551,4.696167239994095,22.053986745993754,-1.776852140959302,2.5828825296195284,10.310711592918047,-12.093949806068236,1.884321205309406,4.58091722469753,5.923464656693781,-6.756984217298708,2.81907537287717,6.5591642113268485,7.3999925975747,8.230321811483341,-0.039946940674686966,0.44565481181019106,0.1986082112895768,-8.99634226772388,91.86216103078932,0.7215237913479504,-5.24487256468605,0.08634866416349586,0.1151431183987453,0.1380231869358002,-0.25913101811178746,-0.05067766747159022,-0.0004859914054623493,0.06446545092715508,0.2118910952131613,6.288334693905777,6.529762055918257,42.637792506909825,-1.8674878383843645,3.0330201359300517,13.333229997197883,-18.01463096450594,2.5981813146470323,5.631973909814424,8.31366422964983,-9.228027076206258,4.751744017136251,9.192974449035514,10.383717926950675,11.582247055751964,0.09100293463026779,0.9379115095787747,0.879677999800336,6.225977446673755,43.8398877212611,7.695783952527053,-1.4422719519363847,0.15280309219413668,0.20893060520797052,0.30619124029693306,-0.4237977067114782,-0.11003171535543721,-0.010768580758397539,0.0988988898525333,0.47487324664829494,-0.05564375067843707,0.3571551045432883,0.12755976870132718,-4.392549773710153,20.534263330758915,0.36035701801553194,-2.2012600582246957,0.09527716154609113,0.12826787202861295,0.1479856957080419,-0.28586258897064637,-0.05546859545335947,0.006221374343691433,0.07279927657525348,0.1908517332381035,0.04769877783091088,0.5118788252799528,0.2620199317699844,6.497916473493279,46.477475042262434,4.367269392130234,-0.5341007562723192,0.11439797357653829,0.15289812611338005,0.1792298902402801,-0.27128631003332904,-0.08794018379483289,-0.0003687703820743314,0.06495794231854717,0.28097073128423866,-0.0011097027378801335,0.2488196876007602,0.061911236937739894,-0.7736845527568899,5.936208263673404,1.079467,-1.562658,0.042470623151311476,0.057113,0.12795899015404405,-0.46089625,-0.027911,0.001448,0.029202,0.427613,-0.0015651011144659568,0.3314834725303694,0.10988129256079217,-0.5497843882759795,5.004173818146548,1.504468316679471,-1.8855380695594792,0.05957017087590864,0.08021141870528162,0.17462161253839126,-0.6362009381750653,-0.03971112767929591,0.0014923912397691885,0.040500291025985714,0.5790648117061907,0.0005621278360786305,0.11802419314669302,0.013929710167927899,-0.012493239150931638,12.27167418919524,1.0237407668038665,-1.0124027904477677,0.007851025517234602,0.010595737354660087,0.05189435036698724,-0.17318816849127427,-0.005272040407000651,-7.013226196944471e-06,0.005323696947659436,0.17890951103957362,-0.002201242297548543,0.45932626527634063,0.21098061797271123,-0.48252034589310705,4.7125534212542695,2.1035816001137397,-2.303853442891897,0.08367770846780367,0.11274564021142156,0.24354306449121055,-0.9067332909889572,-0.055659617089762886,0.0018773404311304472,0.05708602312165866,0.8152170323126129,-0.0007255305927064163,0.09349833815627295,0.008741939237984768,-0.08357306625360862,11.328957261509617,0.6443007610588982,-0.7235068076977579,0.006657421031985292,0.00899341399537875,0.04103425302998377,-0.14047690514754813,-0.00458218151182445,-3.823760331732773e-05,0.004411232483554301,0.1383005215711266,0.0007943667585785447,0.07911618022658379,0.0062593699736452875,0.06800821606964706,10.173779941019372,0.5747773522297775,-0.5298384593331118,0.007854995141991105,0.010598320298503296,0.03635681920939985,-0.11918763792585581,-0.005200315161294116,6.2875892198405e-05,0.0053980051372091815,0.12416538941817631,0.0004609205980890657,0.1469514584258117,0.021594731133473065,-0.002459350241077045,10.445317561289805,1.0824738794731597,-1.2128979156858115,0.007815461598431085,0.010543047256616301,0.06469888249625842,-0.22766456772482757,-0.005237543969191534,0.00010560934780960533,0.005305503287424768,0.2393438117069379,0.003757042859767862,0.47956329743880743,0.2299809562503821,0.578448577251054,4.760692031717535,2.809588,-2.590471,0.06218033704412494,0.083759,0.2484110465960249,-0.8737397499999999,-0.039964,0.001134,0.043795,0.928899,0.005310945113060858,0.6515815217645028,0.4245584795049452,0.573056744916197,4.616260178115033,3.670164084845606,-3.2065588228396558,0.0877563637378399,0.11808935216372221,0.3408620408006323,-1.1554454051192602,-0.056216626036815175,0.0017922195982864194,0.06187272612690704,1.272413069528215,-0.0006953756019587483,0.188044600317051,0.03536077170839946,-0.14375564717941486,12.575780755577812,1.4828540679872015,-2.083957474969769,0.00897402333787778,0.012120224845130756,0.08078855532005842,-0.2771994197045795,-0.006133158133620655,3.734409250153944e-05,0.0059870667115101,0.26791768391564613,0.007503865539627686,0.8734350764289979,0.7628888327365294,0.4956774231257072,3.759507254430879,4.201733869494388,-3.9471751638585384,0.12223673484851777,0.16387896589459675,0.4639894422573237,-1.578023462230481,-0.07787981205772349,0.0010833673378485907,0.08599915383687326,1.7895912101111153,-0.0010428502604130576,0.29337925814635996,0.08607138911050852,-0.8197974544826284,11.022420319061615,1.7868476759638454,-2.5034700841455972,0.021948337044309894,0.029687437042265143,0.13198960866627327,-0.453903834175996,-0.014383108717902757,0.0001700890788403145,0.015304328324362387,0.46878002488149806,-0.0009822456726440451,0.1816327959183834,0.03299047255312912,-0.14344001919209362,9.90580713827894,1.5433452351659638,-1.4283920035778779,0.007954919612571644,0.010729559276202939,0.08078857694204292,-0.28688888345230135,-0.005419623713669766,-6.648196486718093e-05,0.005309935562533174,0.28308853760977654,-0.000999265591660896,0.19420891261492831,0.03771710173907286,0.007828281100249728,10.183950011796732,1.5253661869935826,-1.2645482842423166,0.009689494671804251,0.013102124979819137,0.08382275906891264,-0.29045831741191175,-0.006651414443019612,-2.676549839601423e-05,0.006450710536799525,0.2967494628520095,0.00376698444247083,0.13677145936754073,0.018706432097526846,0.28962489143095976,8.358116335726091,1.257882,-0.924194,0.019189320514118004,0.025825,0.06818151986034975,-0.22484275,-0.009003,0.004,0.016822,0.22969875,0.005326768940276167,0.16223038662375514,0.026318698344093068,0.060632048988873206,8.027821496472567,1.181318796347983,-0.9886821288136912,0.025506422764557824,0.034421595478269354,0.08114057276490977,-0.25580128783543443,-0.011610699239862389,0.005814126669608021,0.02281089623840696,0.26704642080285446,-0.000302165883289021,0.10531218720393529,0.011090656773676712,-0.07608617912498246,10.276017585503844,0.8399654962795143,-0.871228065684834,0.007853453044551754,0.010578266026017448,0.048149842512394375,-0.1666998890250146,-0.005387022155582765,-3.1677687309225404e-05,0.0051912438704346826,0.1648534549808799,0.007531455834196936,0.2183201692780785,0.04766369631360886,0.07220319040983122,7.882878647298659,1.4991854785809464,-1.2662367000768695,0.03527434513775739,0.04760561139410388,0.10917652118118827,-0.3407483416309801,-0.016161850420268478,0.007981970267673933,0.0314437609738354,0.36318357235032794,0.0003582376129142811,0.07045533852696524,0.004963954726949273,0.7915118631488437,11.479384667109574,0.6490729161911998,-0.541052693877034,0.006733254165213395,0.009088368401217437,0.03206180996252189,-0.11126972613897662,-0.004657530293487368,-9.275063563476239e-05,0.004430838107730069,0.10779564557892789,-0.00042661650221869057,0.12793694226469893,0.016367861196040903,0.03960646295927914,8.307643794240269,0.9545606292731595,-0.8919127599758516,0.008701496563376333,0.011728489685938346,0.05919131590604797,-0.2137258582210257,-0.005818746877198354,-2.3216948665432325e-05,0.005909742808739991,0.20427683998074903,-0.0004685876901100264,0.07621788939966333,0.005809166664539311,0.07953163813596506,10.351159890969013,0.6417889083434563,-0.5670649277600456,0.006810065821354828,0.009199306412290349,0.03457074373721988,-0.12251818121840603,-0.004617898239196902,-3.831452249525573e-05,0.004581408173093447,0.11888950724852118,6.717030594432381e-05,0.9262609307491662,0.8579593118323116,-0.0013173934230492359,1.6092322030661945,2.99298,-2.984176,0.7119707895641046,0.9604835,0.6523987146969652,-1.78139925,-0.47917675,3.95e-05,0.48130675,1.7787822500000001,0.0001260805294587467,1.309770095990866,1.7154977043519224,-0.0013714232051140634,1.6129523987063443,4.224044560974459,-4.182728565708405,0.9986523891017849,1.347791843105928,0.9221336297914519,-2.5238688992196767,-0.6717773993703706,-0.0001811863749380865,0.6760144437355573,2.5162846715107534,4.694991384482663e-07,0.017119510264102585,0.00029307763168271377,0.6593431178687268,37.67073393155576,0.487999176306939,-0.3352991692181182,0.01593533322393502,0.021416113631764717,0.013135321834765935,-0.025625796188721798,-0.010581513258717036,-3.248769088116683e-05,0.01083460037304768,0.02560210128122256,0.0002680114073835869,1.8514281994758557,3.427786377814409,-0.0014589076292709476,1.6260250166189527,5.9007491548376,-5.893469579170821,1.3564877074582944,1.8293039472022237,1.3020873398452975,-3.572350092681951,-0.9118337658490872,-0.00269904072646919,0.9174701813531364,3.54964381704625,1.9444680611067355e-05,0.05195509355314487,0.002699331746116036,0.13985420300577203,1.998735120671161,0.5724446053880918,-0.3855726775628134,0.04813094860137651,0.06516238744895049,0.03944788999432403,-0.09451888580660878,-0.03301090878709789,0.0005834479117707847,0.0321514786618526,0.09476963060418722,-6.305741773342487e-07,0.007296932008577659,5.324521673780519e-05,9.676642296613096,517.6003486987198,0.32778673832683786,-0.14682260526806415,0.005599653838338489,0.007551263645694195,0.004693856997902727,-0.00957969795208384,-0.003759783934779171,-5.067069662431952e-05,0.0037914797109150243,0.009531750464200375,7.895130615545792e-05,0.023086055649554068,0.0005329659654543074,0.45487775505914346,5.162492987418775,0.30465510452871064,-0.06177448197424482,0.0219025743238635,0.029696053027835182,0.01808630863980277,-0.03856339343740547,-0.015185117004959583,2.704037157467954e-05,0.0145109360228756,0.03910431844221358
-6.203059071729957,7.900491434314927,62.417764903683526,1.0457998454429465,0.33669548660787196,15.0,-21.5,4.8925873210684845,6.3,9.399894514767931,-16.365,-11.0,-8.3,-4.7,9.5,-8.724944139329367,11.229473091580383,126.10106591452788,1.0598816250750742,0.3357809337560149,21.268636026687744,-28.893573016169615,6.876233802751082,8.849745448676279,13.307965142609346,-23.211447602941185,-15.566313912853403,-11.624625117851856,-6.716568464177124,13.413600748715407,0.001559013951906432,0.7115037109732161,0.5062375307286578,6.553857414187038,130.78089811695136,11.03659513396823,-5.374266268024846,0.27242618926273243,0.3704108382824123,0.28692534715005813,-0.4993434317175626,-0.17955238721916578,-0.011024990432646431,0.1908584510632465,0.4811025969798425,-12.231535717974166,16.043805715743606,257.40370184452723,1.0862608608475628,0.37313022099856896,29.84348963995548,-41.839949594839844,9.854706088280235,12.524505091973175,18.89327280679929,-31.69929361279629,-21.973927847380715,-16.552808448417146,-9.44942275540754,19.196868943415865,0.07708314970442705,1.2167248607296894,1.4804193867176823,5.6205072017392155,55.14611432027114,12.22769863848078,-6.562991658674846,0.22714404238637978,0.30274015962870987,0.38116592906147184,-0.5114797201194932,-0.16561286200119463,0.012905335186069622,0.13712729762751524,0.43250278511995033,0.0018487081912151825,0.5474030097223209,0.29965005505305536,2.5503074522989375,29.934373334335085,4.909494976553304,-2.5400828972221774,0.26099965230562877,0.3500621743439414,0.2967116143006515,-0.568425656355708,-0.17432236317750638,-0.0006708776525960877,0.17573981116643503,0.5432953573950485,0.037717936328628715,0.8359245392811341,0.6987698353723764,-5.9553398281739645,88.94678695237687,4.442378847126572,-10.014486291704833,0.2830859812974535,0.37900866740102207,0.318324445976573,-0.449892540548787,-0.1625341510768044,0.02393498088538183,0.21647451632421766,0.5404796554300652,-149.76044303797468,12.260388973372782,150.3171377784009,-0.28426625544733536,-0.5317158688868551,-112.1,-183.8,14.900152295981295,19.825000000000017,149.76044303797468,-170.965,-158.5,-148.9,-138.67499999999998,-133.6,-211.7548746384999,16.763848962975132,281.02663205344237,-0.15171961221092237,-0.7480238613549965,-156.04522213337242,-249.19161106860426,21.66312308242423,29.27184118820219,211.7548746384999,-240.198085171327,-225.12042745382266,-210.61136732443796,-195.84858626562047,-189.02985027617504,0.01697159610326297,4.302063854156222,18.507753405237484,-0.13373186321822897,2.025330056387176,15.731929095961922,-16.089316951763124,2.7731499279770304,3.676485182407422,2.9793556683858444,-7.56686365477979,-1.7837684003184737,-0.04239859629442577,1.8927167820889483,7.968761946464141,-299.3168340015112,23.331296419338074,544.3493926070176,-0.16634215709043962,-0.9162194306445435,-236.8271611869298,-345.9186503715476,31.53302564211569,42.32755509797232,299.3168340015112,-338.9278356119763,-319.73136756491306,-297.58196105402476,-277.40381246694074,-268.2648560274306,-0.23034020048593154,3.6732890207699467,13.493052230109033,-0.22696836924423439,0.7471552575110936,9.922982295995038,-14.423892434748515,3.415584917335787,4.503012376937627,2.8479030971306396,-6.075575488526468,-2.582128538311446,0.10784644336959115,1.9208838386261808,5.712057055515625,0.016275377856043487,2.3778410451692342,5.654128036091516,-0.21919921633304867,1.5678932068740856,6.700765111884261,-10.222755109245515,1.8827180940692927,2.528799561689744,1.7728949522427073,-3.672293754369292,-1.211269335995543,0.07696996378939752,1.3175302256942008,3.6332350052803055,-0.3563863118336725,5.542036553978354,30.714169165632267,-0.05866520210061221,1.9852910802941066,16.076865774749926,-21.30215002664262,3.6784980564612155,4.931446668919994,3.8202309939590826,-10.060510731488584,-2.860504696511436,-0.46123476668991614,2.070941972408558,10.339325140635063,-1.139662447257384,5.60957859718151,31.467372037956878,-0.36500903464645784,-0.9312429841537835,10.2,-15.7,6.449319650499369,9.3,4.6776371308016875,-10.8,-6.0,0.15000000000000002,3.3,6.7,-1.6408294577806561,7.78018373619561,60.53125896896269,-0.2973318702014593,-1.1200517143240862,13.082244346883108,-18.443073481345486,9.647183292058644,13.660316279801783,6.577867222112418,-14.47582658135309,-8.84048236388659,0.3475874566206684,4.8198339159151935,9.118582908348559,0.022563836815675874,1.5469636471208763,2.393096525513523,0.39630652009605133,2.204430616301333,6.3233874071946605,-4.675036212862412,1.1286723079247445,1.519099283897921,1.1103112763745486,-2.557971170289235,-0.7528303655036024,-0.02478384364615782,0.7662689183943184,2.514782402803585,-2.3977379337866926,10.84066616893141,117.52004298621401,-0.2555926097676998,-1.191959938511658,16.163983177013304,-24.22236894230462,14.283325285954492,18.608838344936764,9.215882592659478,-19.840088470800605,-12.543996105625778,0.4451954428581627,6.064842239310987,12.745136025095288,-0.09073390754890602,1.8300760896544068,3.3491784939247644,0.3969671684360958,1.777284965895416,6.709982216418748,-5.309213877960938,1.3372195764176842,1.7517336273250703,1.3117740406668406,-3.284375057277804,-0.9567026744472946,-0.11707544444983772,0.7950309528777757,2.781734471091094,0.029536654669607757,1.2074247528745288,1.4578745338541168,0.566377900301155,1.2186002708825106,4.512609635560202,-3.3663840766739956,1.0063199132676672,1.2787585830213812,0.9083449478142,-1.8306840816356635,-0.6458690061462886,-0.09835750125434677,0.6328895768750927,2.193136561482379,0.08324024371376613,1.8042378810628317,3.2552743314620964,-0.42118161164821694,1.5823284247687353,4.885916909490196,-6.375867501895607,1.3437798697467203,1.7915828737853257,1.302903986277366,-2.9610850568204294,-0.7500439215048194,0.1335624115553946,1.0415389522805063,3.1567004978523263,-0.30200421940928285,4.608406622132959,21.23741159491891,-0.19717081772813475,-1.5753205562175068,7.3,-7.2,5.485628208470727,9.325,4.220147679324894,-6.8,-5.5,1.1,3.8249999999999997,5.7,-0.4292633471652712,6.533589841885242,42.68779622198601,-0.188958036007782,-1.571874074051215,10.296851565245925,-10.621058785870517,7.79781390067968,13.377377956917686,5.980690629903967,-9.61389257940691,-7.869231378151842,1.578151159219384,5.508146578765843,8.02135075432688,0.0061084427830901886,0.2459885810071907,0.06051038198593122,15.799417689638458,316.5003638411009,4.859403292306506,-1.2145343239733077,0.062471614279771576,0.08364128388744307,0.06806135483004014,-0.09958940335088465,-0.04280159860353083,-0.003140829899808101,0.04083968528391224,0.1044720709194774,-0.6373190506566688,9.293877251774337,86.3761543710485,-0.16498181423517852,-1.573197721186264,14.518649458457206,-14.152684463885114,11.641825878918782,19.12039825814562,8.513257494685144,-13.544923286728054,-11.283582363185227,1.9431514402759016,7.8368158949603925,11.462003225750554,0.02394324983577945,0.4252893194246915,0.18087100521671728,8.259405551316567,129.06766312301022,5.619567351791736,-2.7958838605796696,0.06997191383358195,0.09380894040230593,0.10971437554505983,-0.12765504385684123,-0.04404138601360694,0.002780395629314633,0.049767554388698995,0.15756159269156564,0.007868690290467288,0.17211497555838293,0.029623564811462756,7.455134522361914,89.15724802087445,2.076620452128879,-0.8214025384264017,0.06408286054385684,0.08326337968283856,0.06777787259299602,-0.10984672359739957,-0.04478951097741965,-0.0011835566181687108,0.03847386870541891,0.1048118511906589,-0.021426692465948142,0.2988402404839316,0.08930548933249406,-13.2252622040127,191.10852030265883,0.4010706112441866,-4.41958986281822,0.06956325761255056,0.09323413482861793,0.07957792012512861,-0.11362905136561893,-0.048282580569197306,-0.0019930686484521116,0.04495155425942063,0.09674227861674338,0.3566455696202532,2.492627977261929,6.2131942330288945,-1.9743095191491278,3.2700597578867825,3.5,-9.8,1.0378215529539212,1.6,1.9338607594936708,-5.9,0.2,1.2,1.8,2.5,0.5136874257199924,2.707662546866876,7.331436467705617,-1.301554734850339,0.8854855611915071,3.990167035545096,-8.992553042639095,1.544101497462656,3.3897730744106016,2.3609011253783683,-5.516798336203909,-0.9894058305234936,1.590250701306951,2.400367243887108,3.183767059956806,-0.070949624086436,2.242039788034788,5.026742411131079,-0.3093220093213675,3.909006354825543,8.11820130602245,-8.767737211828619,0.5047317681359441,0.6944307662411606,1.218145932037531,-4.082616528192356,-0.38224262713810186,0.007600784405284958,0.31218813910305876,4.215309118146368,0.7584908017133687,3.498308995194652,12.238165825859818,-0.9758645342983391,-0.32430597229158975,5.408068577099856,-9.271811013615874,1.9497070844080882,5.187247239393272,3.2504940943684275,-6.307508317170273,-1.8527086209222245,2.317953857825582,3.334538618471047,4.134700830272391,-0.019446889960366413,1.512678255285176,2.288195504012604,-0.27391241644993064,2.0910352795875937,4.581277670742722,-4.6405207514560685,0.7602351549023655,1.0197974715295068,0.9876034989053297,-2.612341336177515,-0.5173440553086117,0.02420172655529311,0.5024534162208951,2.8342311179379,-0.09919628459781699,1.1826281984563216,1.398609455784045,-0.47537330397439354,5.569996429089004,5.059820876944512,-5.292729368726908,0.21627179160457116,0.2941731749688119,0.630470413986543,-2.2045648193464995,-0.1641411982881306,-0.014083770608548476,0.13003197668068128,1.5091698118967354,-0.025171523106391525,2.9170226847996323,8.509021343635656,-0.0926891046899963,3.0549116878166602,9.711773998005103,-11.191832010395734,0.7897476904805233,1.0542755439374916,1.6552514752424077,-5.925401237127029,-0.5036490849573895,0.017889216413451307,0.550626458980102,5.387531690758407,2.8658227848101268,3.6597123336704005,13.393494365219247,-1.6291095420916366,1.6494346093683108,6.3,-8.2,1.1860817748044825,3.8000000000000003,4.269409282700423,-6.7,1.4,4.6,5.2,5.8,4.0526132860857915,5.13466752783897,26.364810621443958,-1.6088541284265114,1.6162400622304176,10.210621129186231,-12.409093547150988,1.781963763623911,5.217224809536695,6.008452875823162,-9.216790135183468,2.115378616061788,6.471054610801465,7.332603425598483,8.141556532517098,-0.012670450315461242,0.5117018657151007,0.26183879937631493,0.7351085525478719,85.23729093536399,6.3414780825863915,-4.864708355538583,0.09718404855715526,0.1307377284716706,0.15417524747257966,-0.2722414026379043,-0.06255344348057851,0.006479135076306521,0.06818428499109208,0.21380882569052714,5.735675866381185,7.160770452788058,51.27663347752249,-1.6389366686761118,1.731988275146752,13.529869990255923,-16.031399649016965,2.631639342007822,7.180003997998073,8.432536912292008,-13.072014303710136,3.0827198508132767,9.090467971822347,10.26272384881135,11.489635853168082,0.06278481464929982,0.8555528136225415,0.7319706168974474,5.671196988823397,42.8632962172643,7.398108807288811,-2.126026541754933,0.19453050093301819,0.2584171177374873,0.30953287318356837,-0.4516578734225306,-0.1296461675828582,0.002898991584377786,0.12877095015462914,0.514962629099467,-0.017455878720655214,0.4271340861422191,0.18244352754454862,2.5807552005368652,46.325468512216105,4.25486374543149,-1.9637872552184017,0.0886772685584758,0.11555724684911996,0.15338856902076056,-0.19103106463700087,-0.057078610364117016,-0.0023358274699857235,0.05847863648500294,0.2183296313108302,0.030311361745362694,0.5768599205933697,0.3327673679869887,3.809710398950642,30.95247106106374,4.034060127232913,-3.1906434079044796,0.14073359101762517,0.18725549340453554,0.21229173552630734,-0.33249036316745767,-0.10018377391365071,-0.0039821604653618396,0.08707171949088482,0.29112020161222607,0.0033457588061878854,0.18454262917385467,0.034055981982398835,-0.28067122603609623,5.867586391778399,1.25051,-1.388941,0.015242633408456092,0.020564,0.09185275178555147,-0.332911,-0.006576,0.003647,0.013988,0.3480195,0.004730939922321735,0.20142428944543214,0.04057174437859723,0.15499234478995214,4.393254794322797,1.0276426947137407,-0.998918512653517,0.01955554530666389,0.026435624303156602,0.10151544134367423,-0.3811163287627577,-0.008347125717204543,0.004999280551612249,0.01808849858595206,0.4049188435907112,0.00023724971457864827,0.1659336174818127,0.027533965410600537,0.04128391773004601,16.453581562950227,1.549595597799803,-1.8076479708385882,0.00810219320623543,0.010935262004833513,0.06966513241591175,-0.2375737171415897,-0.005587272884540092,-6.44248152943944e-05,0.00534798912029342,0.24697889700276687,0.0066887299456143655,0.2631211228493263,0.06923272528949027,0.40923081784844756,4.563890681753816,1.366239327698265,-1.0813610896300487,0.026728074533068198,0.036039310007247846,0.131295590837545,-0.5096744523284192,-0.011127328965917057,0.006987312220911799,0.024911981041330786,0.516642296798735,0.0009167447175919196,0.1090650001671908,0.01189517426146933,0.09532774761741239,8.172737816643277,0.7610266070617747,-0.7973651640551322,0.006524380666778173,0.008789106933316032,0.05031634183829939,-0.18130301759091277,-0.004414332525576185,6.979095298478242e-05,0.004374774407739847,0.18825522300667347,0.0003356845342422694,0.11840856697581634,0.014020588733266382,0.08777968128229155,12.325749685667915,1.1124945044343402,-1.0753196855890523,0.008371250493348309,0.011286193695651384,0.053307143284691764,-0.18786054051929055,-0.005714792667038026,-5.834285089215241e-05,0.005571401028613358,0.18450381180973416,-0.0003047262067025521,0.20257643294061922,0.0410372111829452,-0.0622725037320947,14.192177488019361,1.737710406678086,-1.7593733165651453,0.007902391133784731,0.01067648437122154,0.0860673308590761,-0.3037436861263238,-0.005513019981705391,-0.00012733673442224045,0.00516346438951615,0.29920114642587453,0.010224208339665076,0.37121263813213645,0.13779882270902047,-0.8171635134194427,7.908586323522492,2.138434,-2.895405,0.026368080456122128,0.035511,0.1792460284776464,-0.636057,-0.006136,0.011289,0.029375,0.630289,0.01446086226786607,0.4764485398895819,0.22700321116291453,-0.6014245061666617,6.347097230239706,2.503713730266643,-3.381168387764759,0.035947355559150816,0.048684387048223914,0.23564553137167224,-0.8763709378235452,-0.0077993663770304505,0.015936573677322326,0.04088502067119346,0.8092615725449456,-0.000549083115158779,0.22038384825754015,0.04856904057280248,0.11140516987718514,12.359434700383842,1.6931846131508386,-1.9499975383586736,0.008535432357134916,0.011510795550664801,0.09335118305455022,-0.32428772636546765,-0.005767825780270636,2.2915636283112495e-05,0.005742969770394165,0.3135558679803587,0.020455487859931912,0.6155064729528639,0.37884821824687454,-0.40727501163925756,4.326449293604176,2.933193221453504,-3.5400552525080444,0.044727511766403126,0.060744174124667885,0.31387445988304064,-1.2378453507414635,-0.0075163329910056635,0.021932078363502763,0.053227841133662225,1.1348813534976756,0.00029167625087689553,0.27399905681466613,0.07507548313532665,-0.10334869284133984,8.895508159676135,1.8127094524223053,-2.191380054356496,0.023149716577160872,0.031247994795820584,0.1268446795701344,-0.45060642856538197,-0.015341534831802232,0.0001323528832133801,0.015906459964018353,0.4537273249922096,-0.0007770191263735829,0.19360292573987098,0.03748209285503799,0.00814291322065072,7.8534878748694155,1.352361958709122,-1.2032514519581081,0.007384546659319297,0.009963295213797647,0.08774368854235605,-0.3260674079432847,-0.004975092258794039,5.65473023227461e-05,0.004988202955003608,0.31606174336880993,0.00029919756812489794,0.24420932532669348,0.05963819457651882,-0.03331709723985808,12.776496818200785,2.059997486499009,-1.9519678016459276,0.009392582737416952,0.012660196136350648,0.10299549852541816,-0.3506579224583445,-0.00635729931500547,-6.0394506554014045e-05,0.006302896821345177,0.36819422564230053,0.010211858949032003,0.11860930077295023,0.014068166229848173,0.2620398324400349,9.703536095719405,1.049708,-1.017576,0.011567262508780709,0.015663999999999997,0.05925457915691578,-0.186634,0.002791,0.010714,0.018455,0.200804,0.014441832078946918,0.10335428219901757,0.01068210764887416,-0.5209716553082928,7.1310710423200785,0.644035387371641,-0.8017194903523692,0.01421492731660721,0.019171970318027944,0.05712439779216328,-0.16359567577654321,0.005669960609763144,0.015359191330807364,0.02484193092779109,0.19566972362029955,-0.0006006947468705995,0.132103432841852,0.0174513169686017,-0.11776372534160096,14.758412675940512,1.3952635450394602,-1.297591108743212,0.007572652297295491,0.010208883976687438,0.05725362528136485,-0.20356305440691738,-0.005019799724220899,2.541458159498281e-05,0.00518908425246654,0.19894485401670012,0.02042405388534292,0.12816948118890384,0.016427415908232774,-0.4464521441759154,6.113679658509216,0.6799222627635145,-0.7458995493978783,0.018671024825968285,0.02516734861820676,0.07272308570281819,-0.21090144846986209,0.009172764062130277,0.02186853071343531,0.034340112680337036,0.24330886638561683,-0.0006035821774634809,0.07023255501636462,0.004932611784126683,0.6032071805574795,10.878444674718251,0.6772972458602279,-0.5376029588433764,0.007028255885964188,0.009481722837407914,0.03250335704098791,-0.11361631792027356,-0.005001873141650667,-0.00013677798251636572,0.004479849695757246,0.10979496858443881,-0.0008499346897507192,0.14524807301750875,0.021097002715299556,-0.15553316436710946,10.55315868017916,1.1914837501681905,-1.3099287109728435,0.008468670636543106,0.011432722400589863,0.06579768792545,-0.2410363944814676,-0.005711601876489114,3.051909377926885e-05,0.005721120524100749,0.2382761719974758,0.00012540802236946804,0.11747026105687604,0.013799262232770606,-0.025528647386252826,15.314917700635718,1.1636849229411104,-1.062932879533455,0.006750577908561247,0.009098897233051318,0.04959652354841488,-0.17134252454273347,-0.0046015334174580825,4.253660410886254e-05,0.004497363815593235,0.1719646670067811,-1.6694146430416684e-05,0.7406697747185785,0.5485917151816698,-0.002673581256464516,0.6716708550789794,2.231764,-2.241716,0.6883440406099993,0.9287825000000001,0.5623371600613924,-1.4098152499999999,-0.46293425,0.00020400000000000003,0.46584825,1.40742425,-9.180042241368004e-05,1.0473183931088375,1.0968758165440773,-0.0024980142893377684,0.6736526807631491,3.1651917322749235,-3.1157644448486037,0.9721226236250771,1.3109347031506846,0.794713352909009,-1.9941205731895708,-0.6530884675769778,-0.0017648808444084346,0.6578462355737068,1.9899019188475005,1.0162619278494323e-05,0.01608502311338558,0.00025872796855814833,0.4449720879225401,10.347900009159467,0.3839674443305669,-0.0566614279536589,0.01612503270073636,0.021788982992910613,0.012899075653659412,-0.02385638129398462,-0.01077245212960064,-6.331141949402668e-05,0.011016530863309972,0.02398228444952251,-0.0003225610578081351,1.48015471691357,2.190857986001491,-0.0021000825093632504,0.6817013382803476,4.417538237968102,-4.4359132344880745,1.339792016004168,1.808336532229743,1.1214909928811723,-2.8131882702791255,-0.9044876178199889,-0.0027978259712277617,0.9038489144097542,2.8131005620676537,-3.572909990330639e-05,0.051939878284732434,0.0026977509562328196,0.002682579854319808,0.032860181447385894,0.14317722236352426,-0.22061049811967,0.043156193955846266,0.0582198253623254,0.03964184479096153,-0.09503274234928265,-0.02946370408572769,-0.00040739042840511053,0.028756121276597713,0.09612714798524827,1.3190703068759626e-05,0.006283980581150719,3.948841194427933e-05,4.968955552582626,212.89026586609606,0.2714107577588978,-0.053893646026599365,0.0049046300695669105,0.006597389328317471,0.004428506078769519,-0.00958926435794606,-0.0033844325185612622,6.694213843030475e-05,0.003212956809756208,0.009664553582799842,3.906478748166413e-06,0.021866353410070743,0.00047813741145411243,0.06923969534766873,0.816237719824124,0.23101293044685964,-0.1502859210429636,0.02182270281827077,0.029429609874586073,0.017620089358419175,-0.03707071165308184,-0.014628162022704965,2.2902788306935562e-05,0.01480144785188111,0.03743372966315117
-5.919898477157361,7.897282832204067,62.36707613182509,1.0626551494949712,0.21610881325227949,15.4,-21.2,5.930408874022409,6.800000000000001,9.21492385786802,-14.7,-10.9,-9.3,-4.1,9.6,-8.337155266431644,11.22530136222046,126.00739067266849,1.081325012831525,0.22976759669646452,21.480507437189015,-30.10260916352671,8.478523233896253,9.5267340038221,13.067655738986844,-20.736226493410342,-15.453319912370016,-13.21502104716663,-5.926585908547916,13.592110291687,-0.04760431955121198,0.6016524087189293,0.36198562091728953,-5.420907708192249,87.3930934843304,4.743313235128468,-8.352357060866286,0.27879383058264445,0.3754623392757403,0.2886081972295805,-0.5860936982552636,-0.2129945733153352,-0.025084122271637643,0.1624677659604051,0.48802054501026143,-11.669312149994427,16.046737895332033,257.4977970814851,1.087521089966152,0.22671022050405387,29.978896204895655,-40.13694604973256,12.061374192864072,13.277989904804963,18.54582190193016,-29.467303254226444,-21.664297743357498,-18.608153130014188,-8.386307838552534,19.417105533591236,0.07213353693959777,1.0664827212981416,1.1373853948274895,7.978871244395189,80.2104706061642,12.385559049963826,-2.55215206553503,0.3057530495988902,0.4065624160960851,0.36960299275240194,-0.5358741598217426,-0.21380271801853268,-0.008407991005005888,0.19275969807755244,0.4693063135150487,-0.06779314698334542,0.5169650826439819,0.267252896673099,-1.1561312241118753,20.823685275611865,3.500299294856033,-3.418185917795874,0.2938910756582195,0.39558607723318434,0.29616015205416896,-0.5920643516065656,-0.2311147282145427,-0.041385479800864766,0.16447134901864163,0.4649645201786216,0.0680515918226851,0.6675291883983798,0.4455952173637997,5.4198018422493615,47.30546072927143,6.923397012746036,-1.3067237816342026,0.323949446739674,0.4381017971709256,0.33961415294550285,-0.5983212573725876,-0.20577130619621475,0.007102460833129754,0.23233049097471087,0.5637660383629624,-151.34385786802028,12.76560596982191,162.9606957767528,-0.339515154756201,-0.5234144537798624,-109.9,-183.2,15.270802850607717,20.69999999999999,151.34385786802028,-173.98,-160.5,-150.1,-139.8,-134.6,-213.95205829577537,17.501502036894884,306.3025735474358,-0.21082965553295033,-0.7833722080958765,-159.46621929344633,-251.45387972837145,22.55242259597765,31.780516257168898,213.95205829577537,-243.32223421793384,-229.28502754525132,-212.201761263887,-197.50451128808243,-190.51168923561764,-0.08127637995419092,4.325375138578505,18.708870089433027,-0.07990773780726078,1.4733816450138635,14.706616864360004,-13.35804614285263,2.9463016976514798,3.900609696307774,3.06488657359021,-7.445941541510706,-2.112437269231963,-0.10606483111553366,1.788172427075811,7.680947845825265,-302.40083142293713,24.383241079414763,594.5424455368596,-0.22745746645246548,-0.8809287677537854,-230.2200036671345,-350.5247826369024,32.38635536365259,46.2172181670681,302.40083142293713,-344.07890960783254,-324.85145012576027,-299.8775453166842,-278.63423195869217,-271.0229413727303,-0.07238747574140769,3.8654888738426516,14.94200423380133,-0.430338094041017,0.9945486867951301,11.093287927235743,-16.054213826555262,3.1795915181089613,4.644235076522992,2.919795012575703,-7.099335451525986,-2.4178707562106645,0.17685173223412143,2.226364320312327,6.052045400289634,-0.11792220486553168,3.20113615250013,10.247272666843333,-0.26093360483431777,3.3507080256033497,11.82885563603773,-13.685413915557175,1.8905228837613584,2.6377296860902018,2.1340589789805273,-5.21039902377069,-1.3010523490797605,-0.1366068171961592,1.3366773370104412,4.855769735582687,-0.11166195567365916,5.169623814549349,26.72501038395577,0.36288850274836726,1.8644378383316278,20.104431419994697,-15.35040672992771,3.5498056524098085,4.597637698076158,3.6136721545566974,-9.709519563875103,-2.6264846187488784,0.04902000397006001,1.97115307932728,8.705662834301066,-0.9796954314720813,5.784994935581183,33.46616640469994,-0.43406972764446633,-0.9073577780035613,9.1,-15.6,6.671709983275209,10.0,4.780304568527919,-11.28,-6.2,0.4,3.8,6.7,-1.4149232624927282,8.026693579264908,64.4278098154125,-0.35432510276961143,-1.1236743267212417,11.455079528942278,-19.567047061346855,9.870417126501426,14.908627952437783,6.726721998401496,-14.506609862736655,-9.398609831797028,0.5385342172156016,5.510018120640755,9.420656872837462,-0.011354850857581478,1.554551124334014,2.4166291981681467,0.19643286082889772,2.6918094781356796,6.94589978096688,-6.935764347408966,0.9168912733150058,1.2562079999864166,1.0768233187089615,-2.609718256125526,-0.6713654865220349,0.0115543180826964,0.5848425134643819,2.639532809538062,-2.087396923058795,11.170677271883006,124.78403071256356,-0.29546969575366916,-1.2517645012775085,15.129744658315989,-23.109029189661644,14.078352489297554,22.070207185962246,9.46111840024584,-20.14772967828304,-14.15366422054108,0.6984882050525141,7.9165429654211685,12.989929767326043,0.04144534711057059,2.025943675954011,4.1044477781380495,0.5778028417947405,2.030058309900604,7.538597203491742,-6.820750803852394,1.5120290395434053,2.1096053377168578,1.4521635578377503,-2.9226850591700306,-1.1496565928232092,-0.018801256346104994,0.9599487448936486,3.809099245288105,-0.016293469260002247,1.1620422664179832,1.350342228941843,0.2667712217464955,2.7412413050947864,5.267949103291573,-3.91407810018438,0.8837359005622092,1.2142502297266142,0.8332234050672532,-1.7160215850231348,-0.6140260433092155,-0.0842736904100028,0.6002241864173987,1.9967252644309914,0.15693559690308867,1.8442841810863726,3.401384140605432,0.31336734083592616,2.1335506154875654,7.6163056504931745,-5.342824675652443,1.0913146516898367,1.6030806219705034,1.2822932394106394,-2.8754189420100102,-0.6268046581189822,0.011494344752320765,0.9762759638515213,3.217856014504084,-0.4162436548223351,4.453466123050701,19.833360509160244,-0.15925629418749407,-1.5109154710904689,7.2,-7.2,5.337367986620166,9.0,4.033299492385787,-6.8,-5.4,0.7,3.6,5.779999999999995,-0.5985823992584898,6.319043249395843,39.93030758773518,-0.14633155864961206,-1.5144017266260137,10.1198142460939,-10.12046020605348,7.610818780390791,12.684500991937902,5.728103243260313,-9.594292269546735,-7.5750281196744975,0.9504320557955231,5.109472872263404,8.157100168848327,-0.013281158386260396,0.17709143824007334,0.03136137749793771,-16.117306894746054,319.00635500766145,0.4829245011082361,-3.552207012562296,0.061832160271894254,0.08351611087231617,0.06049442627514304,-0.11822530463329116,-0.046563505947198026,-0.001389775375672836,0.03695260492511815,0.09606904457532897,-0.8511042582510074,8.987910741399071,80.7825394953568,-0.13302379911334775,-1.5100490596009346,14.206053344229336,-14.26909505793028,10.723424263365823,18.130258292258205,8.14826899845447,-13.570500296961253,-10.877682105745437,1.7891685573965348,7.252576186512767,11.79067559636104,0.02367283790633195,0.36500227576568484,0.13322666131412902,12.953591556951729,190.20695010881352,5.437316109595538,-1.0176329670720459,0.07478599177765215,0.09621163442588146,0.09523296515702351,-0.13009650442337653,-0.04991672130415755,-0.008303965180733286,0.0462949131217239,0.1449196668828404,-0.01867202691493496,0.14731901795563462,0.021702893051412594,-7.197284900538971,67.54458289011622,0.3034373721569925,-1.518456694362539,0.06679483751179385,0.09076704318953174,0.06650084007886299,-0.13788130537831397,-0.05087240184327295,-0.0026940857287347563,0.03989464134625879,0.09535940637868606,0.011586793274386598,0.20089102733436165,0.04035720486345524,12.233399991745936,176.54717941461672,2.9375895120309172,-0.4194700457732806,0.05536871896419035,0.07670686951420042,0.06600528079765045,-0.1047412971341656,-0.034159896761870256,-0.004076776878775287,0.04254697275233016,0.1274705093299125,0.328730964467005,2.6530505215226983,7.038677069751862,-2.0904637528971204,3.7072691867107297,3.4,-10.8,1.0378215529539212,1.5,2.001015228426396,-6.579999999999999,0.3,1.2,1.8,2.4,0.4761115503388868,2.867155728802631,8.220581973205746,-1.3276758166983242,0.9387746201196916,3.9892289916172308,-9.035834724967682,1.54791803044273,3.4817780783682832,2.4741738990224262,-5.65539811394868,-1.0350051584957813,1.6432223721404464,2.446772919872502,3.3238847136334955,-0.016035561142995983,2.4034278710866865,5.776465531516283,0.44671664813024753,2.9814760093153696,8.821397927926375,-8.03610456345684,0.4110792212852428,0.5606603538998999,1.3070764879802694,-4.649104947997998,-0.3362652248807299,-0.024891484516409774,0.22439512901916997,5.323103266572724,0.6987932228889921,3.678664736203197,13.532574241384937,-0.9435172274247877,-0.5227048711686528,5.0422514692053335,-8.684193030057214,1.8700945867244,5.508291573422001,3.4110193901714334,-6.553479298371883,-2.067663687745751,2.4498021121449107,3.4406278856762507,4.326950562651351,0.08869088698541541,1.6622698291091815,2.7631409847666673,0.5102945687536259,4.121050446038136,7.635706911474439,-5.104444193699889,0.7673894436964074,1.083136109845256,1.0149414569815711,-3.1091211321990815,-0.3863253783736862,0.0479214059942914,0.6968107314715699,3.1794134560257743,-0.02257730134362049,1.6063193420373383,2.580261828603267,-0.14411225146217124,8.18911682679729,8.653993937890416,-7.644120159170956,0.19490737595859273,0.2661896368869193,0.7630242407141131,-2.5172974409117996,-0.1432860950408702,-0.008320653344056357,0.1229035418460491,2.944561518299899,0.09383946526316757,2.970826406817305,8.82580953944302,-0.6110007613949836,3.6581354326083595,8.358431501444464,-10.963852523186597,0.5649160537930747,0.7509120112770167,1.5967855205072516,-6.513877457336489,-0.23412328558159962,0.05392135030778063,0.5167887256954171,5.326672336767797,2.835939086294416,3.6434807584092797,13.274952036898659,-1.6590831337286576,1.7782181452928478,6.2,-8.2,1.1860817748044825,3.5999999999999996,4.239999999999999,-6.38,1.5,4.6,5.1,5.7,4.016470756932297,5.113115125610286,26.14394628774469,-1.6372098057516529,1.7203134847888357,10.118261629315068,-12.195278888912839,1.8604432017107564,5.108819427379372,5.972433086394825,-8.683155826717194,2.1595494772117982,6.389289940624576,7.268368904591171,8.095478182886456,-0.01472802715087501,0.4855237271449607,0.23573328962073428,-1.192395098772152,94.99228627569501,6.099674856924369,-4.950089176980043,0.08620440016873167,0.11667617955376326,0.1414120388003617,-0.25682692543699437,-0.04937139762080227,0.00874677091000256,0.067304781932961,0.2247875845307582,5.690726706782778,7.141877797510278,51.00641847457027,-1.6751632988784682,1.8830333948122062,13.301210714168235,-16.81044444951723,2.7105637151319955,6.983124161803967,8.38283060418898,-12.199840593436992,3.27879647955385,8.973625865072778,10.261920641357817,11.439018373446387,0.08731525232067269,0.8371991777998554,0.7009024633087539,6.0653847729988675,45.573593245242655,7.210863415104633,-2.12662329969524,0.1674786209726093,0.21540267795523865,0.28793836367455977,-0.3883816107892515,-0.0834055138637872,0.003125144726166762,0.13199716409145146,0.4974937770895107,-0.020719660593447584,0.41650774319730816,0.1734787001433148,1.9878110112980465,47.60368572545279,4.188169664546507,-2.037691505125415,0.09809807643208893,0.13077841122855294,0.15029302957024937,-0.2042852491574524,-0.05267003918422321,0.013758938071264135,0.07810837204432974,0.18490239131511182,0.068584146148183,0.5364196001502392,0.28774598742534246,5.707048421686885,34.91191906933831,4.114341613035666,-0.4695296057329589,0.1213359365527545,0.16152808245243228,0.19045730304076391,-0.29469414557977924,-0.08492533886279156,0.003677079306897729,0.0766027435896407,0.33002281420476737,-0.0012475837633193908,0.19493641585495547,0.038000206226376135,-0.1080953106926412,5.140068315382919,1.262812,-1.357799,0.014274494159771934,0.019197,0.09691702158580892,-0.35502,-0.010736,-0.001108,0.008461,0.3670825,-0.00176384299728922,0.22397872287106563,0.05016646829895362,0.012879059457790425,4.573584019134592,1.0959587247328926,-1.102278515492408,0.01810041918277843,0.024420902743789028,0.11027531789625719,-0.44296628545595157,-0.013514665175436934,-0.0013083344290999819,0.010906237568352094,0.4409854772207999,5.818297740786864e-05,0.16070777378238268,0.025826988554089488,-0.10061377697977576,15.081575588049859,1.5641717834947,-1.8180076821146622,0.008257772745857607,0.011133439334914952,0.06899107711481028,-0.24269017649167618,-0.005573397041277971,-1.607499243201318e-05,0.005560042293636981,0.24903968591305312,-0.0024930034783994972,0.29693351160836295,0.08816951031607383,0.06605188493746857,4.8441525354857395,1.4024933129295787,-1.4239528622491662,0.024369226950257512,0.032790931932351275,0.14374018456571372,-0.5887328356673538,-0.018028313673496627,-0.0018165387976097896,0.014762618258854644,0.5398686353511367,0.00013912065611949625,0.11020463548763444,0.012145061682962378,0.03802854134517006,8.102793585907147,0.7709961405113647,-0.8267875045815766,0.007240844984003935,0.009765698808654695,0.051379307552928515,-0.18513212240441787,-0.0049433468023584925,-3.562619464953919e-05,0.0048223520062962025,0.1869144824131299,8.216705907232662e-05,0.11368290389235591,0.01292380263739863,0.11930369063451146,11.387681088301564,1.092766213070613,-1.0669758811064398,0.008013318564975216,0.01080065887780423,0.051840576373343765,-0.17976961061899496,-0.0054412040688208265,-7.52094484874583e-05,0.005359454808983403,0.18268363036032215,0.0006203584942200035,0.19677482513855907,0.0387203318083105,0.08394581905878545,13.44591548323232,1.784830510467361,-1.7134491520177828,0.008576044698238597,0.011559720366524057,0.08510577821043763,-0.3004407253222543,-0.0057490653617519975,4.394843752837663e-05,0.005810655004772059,0.30307310996973963,0.007629693844838642,0.38552524786200687,0.14862971673906183,-0.6730113336220457,6.994233973160027,1.969053,-2.86422,0.024497036456368065,0.032987,0.18590008791561077,-0.6866340000000001,-0.007698,0.008585,0.025289,0.6623450000000001,0.010791456228974285,0.4986536997306203,0.24865551225503563,-0.4596756933162991,5.764651300286706,2.701899507454102,-3.2691773116541816,0.03312328358633388,0.044740561345582526,0.24493390136819035,-0.9293468892429488,-0.01018446079764908,0.011990560477757758,0.03455610054793345,0.8692248842852386,-0.00039566173132310906,0.2204009192932979,0.04857656522533081,-0.03244186009592113,11.318458585887333,1.6569030369283264,-1.8600029040353008,0.009279121019236168,0.012508049490055352,0.09496093529466756,-0.33799619336602005,-0.00625262991627145,-2.0219789468987488e-05,0.006255419573783902,0.3305226030919574,0.015265476665571638,0.648940449487627,0.42112370698120327,-0.3152658125314597,4.015307730045909,2.9790572821514987,-3.3857333566435965,0.04101720255536232,0.05518402438387689,0.32841308389229507,-1.3130031922391792,-0.011063703195529788,0.016892678935893624,0.0441203211883471,1.197902283356373,5.025327245104867e-06,0.27585565414817437,0.07609634192551719,-0.13378009155528908,7.878246299008961,1.659988183444182,-1.993149074280258,0.021954171532361448,0.029631456718480005,0.1287193237465308,-0.45414006997006806,-0.014581891443177359,6.949093582751483e-05,0.015049565275302644,0.46155259482049776,-0.0005594929218219226,0.1913902916787481,0.03663024374887627,0.047963458926882516,8.237999369209486,1.3798179643230437,-1.2348629314983834,0.00717143679569995,0.009672171477141119,0.08697681276878451,-0.32113029103237944,-0.0048564424140933584,-2.1331549830888995e-05,0.004815729063047759,0.31921831887612395,0.00016459954633521505,0.24597780172384073,0.0605050789408931,-0.020653230480858497,12.577587274795295,2.111782753038744,-1.8431756188160984,0.010868437152958741,0.01472936430013891,0.105189938164099,-0.365250112105622,-0.007512547276127428,-3.848784844491651e-06,0.007216817024011482,0.37742490293643216,0.007270987039355173,0.12699764810093503,0.01612840262316893,0.0925584267480231,8.254868864213604,1.167887,-0.937137,0.01120847277190235,0.015120000000000001,0.062328086083717524,-0.211613,0.00019,0.007508,0.01531,0.220702,0.010283362198974882,0.12415261940945045,0.015413872906227854,-0.4727821867796313,6.832563833378705,0.7556651665557018,-0.828991611632731,0.013558397376538656,0.01826069221954434,0.06417574513194928,-0.20887266013476005,0.0019806588902921717,0.010708369915965165,0.020241351109836513,0.22938260877047398,-0.00025829699544343854,0.12976873133370895,0.016839923631960338,-0.08190596672705822,12.629112502670427,1.3437876364386496,-1.2618164873436448,0.00785235870487023,0.010590291799672615,0.058136276136147844,-0.2052419757615046,-0.005359505975719943,-1.9657416007197513e-05,0.0052307858239526725,0.20617233614146313,0.014544602934695079,0.1613794420056121,0.026043324302042724,-0.3293581461309564,5.614908391071452,0.8456772917644925,-0.8284087710181249,0.017577788344992885,0.023918864968190765,0.08428211310332569,-0.2786508921972691,0.003727612969377775,0.015096026382740078,0.02764647793756854,0.30863243562472165,-8.417003183379703e-05,0.06912895499166276,0.004778812418239336,0.7026438782050344,10.756493869780083,0.7217850714793723,-0.5665937135320936,0.006901050213916443,0.009288323770116968,0.03233959952162947,-0.11425960398686705,-0.004920937696702415,-0.00021232974133578652,0.004367386073414554,0.11244405841067542,-0.00036552887735457983,0.1465071060572527,0.021464332125271095,-0.16648599568854427,8.329802799865982,1.1156026423249676,-1.3267716085937482,0.008421576228629542,0.011358689659312193,0.06819008764206444,-0.2534939146807612,-0.0056382728035428275,-3.321604331484084e-05,0.005720416855769365,0.2542716656952409,-0.00031357974429215853,0.11049547702123576,0.01220925044215044,0.04006977387814351,14.410228880881288,1.0987093502509457,-0.9682638412849395,0.007279369575101717,0.009801309837007402,0.04796881651545666,-0.16646020369352837,-0.004962656141694404,-3.975546463125601e-05,0.004838653695312999,0.16404356918316387,0.000316425915183342,0.8032295571475232,0.6451777214754063,-0.003680750333990077,0.8973703569382292,2.44028,-2.43791,0.7026956300851336,0.9479355,0.5952673957500076,-1.5492785,-0.47271525,0.0011685,0.47522025,1.5484977500000001,0.0004726074678362849,1.1357673288030903,1.289967425176507,-0.0037287020827287683,0.9000400271840703,3.410883030829546,-3.443646612310624,0.9891682355577667,1.3344883228207398,0.8413202320244321,-2.18967898910183,-0.6651801840224236,0.0015682280513354147,0.6693081387983162,2.188966371729654,-3.4744349864658845e-07,0.016698707269539814,0.00027884682447378186,0.0901365313062222,6.02669533998958,0.31591755757400974,-0.2516632228068445,0.01573867185781688,0.02126137786878176,0.013163320427196921,-0.025168207042565387,-0.010290370230852466,-5.8783617940967245e-05,0.010971007637929294,0.025180379041742522,0.0007416371741536574,1.6052528580523682,2.5768367382852966,-0.0037987383214386867,0.9100551904348482,4.8248222671863825,-4.798306499536319,1.3497724506307478,1.822107939557626,1.1873651956176248,-3.0928678538613963,-0.9088680081243563,-0.0010639374808128557,0.9132399314332698,3.0938105433763874,-6.807969802793537e-08,0.051603108199443935,0.002662880775843518,0.005623665536009609,0.14317385741797484,0.15779545896330804,-0.23802342988705433,0.0484419941898819,0.06529506993480387,0.039517097859878426,-0.09360618175900175,-0.03275056699746265,0.00047476185000581983,0.03254450293734122,0.09461441742264579,-6.302930380788593e-07,0.006633699480541388,4.400596879813508e-05,1.6172455237633205,90.86822277735575,0.22178129317278553,-0.12465895058586916,0.005430932239366955,0.0073175775436620134,0.004770616269809361,-0.009861859358168485,-0.0037122196403752937,-9.56099522224905e-06,0.0036053579032867197,0.009778215372277589,3.0957838252366746e-05,0.02267182489611026,0.000514011644119885,0.09676263526406854,0.8393173695754319,0.21923304881325745,-0.08346126101495283,0.02082040480081418,0.02809766473862026,0.018005368902195847,-0.03910586762944094,-0.014292377282514682,-4.3647717252327366e-05,0.013805287456105578,0.039258833045560666
-5.807621951219512,7.734245252733898,59.818549629436845,1.0291071461950798,0.19383952887193479,14.7,-20.8,5.708018541246566,6.5,9.017784552845528,-15.084999999999999,-10.5,-9.149999999999999,-4.0,9.5,-8.171362388619047,10.992871470656796,120.84322317038013,1.0467636138148633,0.19876406097748367,20.539236690698132,-28.49588905404358,8.255501460728587,9.182599529678477,12.78327514060687,-21.393023223924857,-14.849731950681575,-13.087747778948964,-5.667132421003098,13.372134055385219,-0.05345441195420437,0.5875697890581322,0.345238257013818,-7.244085195010112,83.89095230474639,1.1690840719298674,-8.127941505905518,0.26901028284428313,0.35910445150694004,0.2830230538411206,-0.5630171299562979,-0.18241239512803079,-0.005404732595001738,0.17669205637890922,0.4578575248474406,-11.463324885288955,15.694105662818535,246.3049525557128,1.0578081065359257,0.2037609996076366,28.707983712650456,-41.0078238657056,11.601177212187071,12.994758171785696,18.147785448289557,-29.888169221896668,-21.12654013911468,-18.53693587504247,-8.131781967328985,19.09130178436427,0.0981878736801523,1.116104515498403,1.2456892895159253,7.50304213021439,69.00790309921916,12.418159158718925,-2.62805574906952,0.3013173881972477,0.39975879507170975,0.3734211831873925,-0.5254420670040794,-0.2142015049088679,-0.018986499643210086,0.18555729016284184,0.47167640417241646,-0.074778385673537,0.49589852964137837,0.245915351700481,-2.6874584741980505,12.92151327177265,1.3457581392574518,-3.22931896859628,0.2678478116367129,0.3615950006607881,0.2906774552988937,-0.8489275864433553,-0.20165742405922132,-0.018933765233142,0.1599375766015668,0.4658804146370198,0.05690014056870395,0.6584277871035285,0.43352715083004945,5.852299965405851,51.79090417107861,6.893555941791371,-1.2581090051549757,0.30667130872175113,0.4122878981816568,0.31546143971357593,-0.6213609327459402,-0.2045987023232743,0.0059360051741909215,0.20768919585838247,0.5667714319562311,-152.05365853658535,13.33056831705837,177.70405165576042,-0.4210712980540235,-0.4116822509302094,-110.4,-189.5,15.270802850607675,21.225000000000023,152.05365853658535,-176.8,-161.32500000000002,-150.2,-140.1,-135.2,-214.96811108229213,18.3747428028468,337.6311730707702,-0.31129474363610554,-0.6782021811637011,-157.931482672358,-257.88917042100445,22.531605394198127,31.834699233547923,214.96811108229213,-247.25342149120942,-229.92044405291327,-212.17744241424813,-198.08574481936535,-191.49412870964622,0.06678955293818922,4.09448814230053,16.764833147439642,-0.09658615452254232,2.4853993009046693,14.620909836740115,-16.75755392525267,2.435422211270603,3.267445737999294,2.7618450189333363,-7.39418220235157,-1.6342507749142534,0.014146155390298176,1.6331949630850406,7.4292109626762155,-303.7688364475664,25.65491596990703,658.1747134229907,-0.3254160131725446,-0.7008084535866828,-223.6440134774126,-358.2177857737764,32.74076798539137,45.0017541612641,303.7688364475664,-348.04329092172986,-324.49280911033895,-300.57717090918703,-279.49105494907485,-271.83540804536915,-0.13268859008287595,3.6716461027085656,13.480985103534998,-0.275716684636302,0.5778812638293016,9.714494748385356,-14.693866271080882,3.383322016519025,4.5365841994453,2.8386944401011376,-6.635980363957973,-2.192651208837275,0.005935616226807383,2.3439329906080246,5.651747668942598,0.09110053726167941,3.7526870335441425,14.082659971730337,-0.2185107012414391,3.320713850247225,13.138248598697205,-15.115297438674894,2.3076587231616394,3.0978958825030114,2.4694035921253086,-6.3477158084857495,-1.3888373358644177,0.013800585251599988,1.7090585466385937,5.825119768212728,-0.7760231443042493,4.28824021891152,18.38900417509032,-0.20226144932815734,1.8361850650038907,13.561530241692243,-15.618279947351578,2.935348029420406,3.9566084897746063,3.0391297231114858,-8.252394433484952,-2.535671643764792,-0.6382881152770307,1.4209368460098144,6.55311177805509,-1.0902439024390242,6.119778871531761,37.451693436446554,-0.49661881646342687,-0.8784184474497887,9.3,-17.2,6.671709983275209,10.424999999999999,5.022154471544716,-11.9,-6.6,0.6,3.8249999999999997,6.8,-1.5727394540163255,8.474703684693024,71.82060254334952,-0.4036682789229349,-1.1149652709338467,12.046403538274951,-22.822632992287435,9.457161172125517,15.452900900013354,7.079141174326873,-15.526275776181771,-10.111112739578694,0.8037723167492052,5.341788160434661,9.536566108929367,-0.014679512078930266,1.7482000491951852,3.056203412006048,-0.3600108350312826,1.9742685646919877,6.00188426931275,-6.778464641421662,1.1226701700914186,1.5480606053612063,1.219294488451012,-3.215853374150578,-0.7534588975864602,0.04767145821251051,0.794601707774746,2.9931127797378374,-2.308183139494781,11.826367284443275,139.86296314655021,-0.377575523131081,-1.1724131164511677,15.775837391348402,-26.185388742858546,13.444401154146165,22.905027135204946,9.905447529946896,-21.182883559775874,-14.58771917286729,0.9211713192389529,8.317307962337654,12.739447468631436,0.040407460554897905,1.8734300516805547,3.509740158539806,0.3688514052629857,1.7638953536532966,6.673127027305262,-5.862360492597931,1.4262928680648799,1.8712909711117842,1.3634033513536512,-2.5551238593113155,-0.9689292167937322,-0.0014931961533046628,0.902361754318052,3.052722974180922,-0.02023997717316893,1.674378071271162,2.803541925553737,-0.020527748286478093,4.167272948300039,7.589321758085116,-7.065799098491006,1.1054386524315314,1.5202045385376146,1.125615571127621,-2.732845875550128,-0.8066951235603697,-0.02061291980623486,0.713509414977245,2.313310896097829,-0.03876479924172943,1.7952700894114964,3.222994693935562,0.17619001413210414,1.4846292561430365,5.952085866035126,-5.4918953198304274,1.3129929098182556,1.6956485859840185,1.2785261765519405,-3.114367771814841,-0.8574374883013756,-0.15526719492316787,0.8382110976826429,2.8503717490604554,-0.4365853658536587,4.525649902440603,20.481507039460638,-0.1230044856886914,-1.5592389255539603,7.2,-7.1,5.856278763097128,9.2,4.133333333333334,-6.7,-5.5,0.5,3.7,5.6,-0.6183322702829612,6.418147549262059,41.19261796409858,-0.1129268378521662,-1.5602709080626784,10.16413873184566,-9.941081237141923,8.356942971464656,13.017876228600542,5.865064372709512,-9.478859798459792,-7.780069483862752,0.7016416101013669,5.2378067447377905,8.010477787963637,-0.011278690995791114,0.17260908788812884,0.029793897221571792,-16.725290746448135,335.53275296304645,0.5200644763687019,-3.502479660755462,0.05913637321563551,0.07957392876882738,0.057473093756474,-0.1132774035141474,-0.04321415044115895,-0.002265769268792628,0.03635977832766843,0.09169886780705441,-0.8997224359528573,9.130893453382187,83.37321525701768,-0.09604127880176773,-1.5570608935456354,14.350977504200138,-14.003977125201246,11.85551075126302,18.667862001388407,8.344584738433852,-13.401390492234816,-11.243161254066994,0.9825756795885299,7.424700747321413,11.595143733762212,0.015978064014886682,0.35006629778104414,0.12254641284212668,13.171961861827171,195.33031375197933,5.242106078204088,-1.064310711079433,0.0716160227686814,0.0977157420687974,0.08799865266636239,-0.12098212948663756,-0.053284018294129966,-0.011131239545091098,0.04443172377466745,0.12261298423974623,-0.01592673949266605,0.14040390861939175,0.019713257555602513,-7.752999368044164,76.25429751677761,0.3344676066941244,-1.5046176547206187,0.06498945466227306,0.0867238827047722,0.061109433372931135,-0.10510859685935217,-0.04834593301161903,-0.0066424672667686705,0.03837794969315317,0.08794806404012362,0.01028379457497702,0.1976027999664458,0.039046866554579195,12.652992233774071,183.59306977280897,2.91659620285685,-0.39219186164543973,0.06296347340164284,0.08894296271405906,0.06451312436216201,-0.10630708866665053,-0.04600846861882864,0.002369175044741785,0.042934494095230424,0.11057597667615238,0.3532520325203252,2.7402023531994146,7.508708936479609,-2.073562438732137,3.685358987857933,3.4,-10.7,1.0378215529539212,1.5,2.092886178861788,-6.685,0.4,1.3,1.9,2.5,0.5071866337954655,3.000396011877033,9.002376228087606,-1.2128895666541761,0.4231840507926501,4.617413739105269,-8.714056659932321,1.6370495622845294,4.024435950355542,2.6407425292211055,-6.110396677925021,-1.4636779940236542,1.8034257117715116,2.560757956331888,3.408156213867762,0.09227262398028213,2.4348257359924173,5.928376364651017,0.47741719337085603,3.7624125640093755,9.216133799183373,-8.874903368388168,0.44734197160324085,0.6034119968772269,1.300527725938274,-4.466077966911485,-0.30370442013944,-0.008298411923171156,0.2997075767377869,5.276816968159437,0.7444288220869876,3.970664221856114,15.766174362728218,-0.9802250610848915,-0.44238884205508455,6.117730615194539,-8.831786435757627,2.0265754645427854,6.006358744821127,3.658407528471434,-7.234700785399175,-2.4114083401459023,2.575603242546929,3.5949504046752248,4.720469239586065,0.13433465071997439,1.4272512394708297,2.0370461005710196,0.6953523568745096,3.3280069902307883,5.6514215243680495,-4.998438763287074,0.8268328328570633,1.143279738731942,0.9140023946671866,-2.38974144520611,-0.5067430304135747,0.04032343574923836,0.6365367083183673,3.1018364344884937,0.1288260089938876,2.3491810478818373,5.518651595727206,0.5466548792478889,6.231546337317221,10.011818261135666,-9.331562072209556,0.20454841301908794,0.27601619400995037,1.0761440239785565,-3.2509061811205657,-0.11140936504887222,0.004840860621544893,0.16460682896107814,4.778833796630813,0.02739194720672576,2.484404101653966,6.17226374031505,-0.7563451161900903,4.760028025389175,7.254604418612594,-10.731983380013027,0.5999628867901967,0.8344627233344979,1.3357579339025627,-4.407750696065438,-0.3826595127952379,0.0020625486923129058,0.45180321053926,4.417590746780321,2.908231707317073,3.5076691997114553,12.303743214604403,-1.687803255354646,1.933608329058818,6.3,-8.1,1.1860817748044812,3.4999999999999996,4.188922764227642,-6.185,1.6,4.6,5.1,5.7,4.124900836112478,4.930897407492519,24.313749243216442,-1.6491900427663586,1.7827400526704293,10.119779658133137,-11.218826699450247,1.6747480662097962,4.917166207975502,5.916418846901046,-8.382414117790246,2.312674298985205,6.418456895285988,7.229840506960707,8.131055723224003,-0.03200955692499258,0.4374348308882897,0.19134923127426662,-8.680523952042574,83.78160148807041,0.645878522653859,-4.744015301436538,0.10032585761560754,0.13302940949848246,0.13854906794997102,-0.22814972417907134,-0.05808125753581218,0.006713961099614196,0.0749481519626703,0.23135289331500677,5.876132637997461,6.879336412421757,47.325269475271845,-1.7139199332158246,2.0924958226562325,13.35255389179495,-16.396717327442968,2.4952090200716666,6.359749472151027,8.325170634927863,-11.477223634395127,3.883500357659791,9.028950359581984,10.243249829810818,11.302219557334666,0.09141385035539809,0.919129926437317,0.8447998216726678,6.019471513669068,39.86262448184918,7.043183794509945,-1.3383638008042007,0.18062414994397757,0.24259382637901955,0.30500675754534834,-0.3882098533682409,-0.1333194113139355,-0.009154869021019321,0.10927441506508406,0.48903643830339055,-0.04428487754326104,0.3460706413234259,0.11976488878600731,-4.195339141415533,18.227712249750574,0.38768201798610197,-1.951095333187618,0.09622630253074818,0.12226888190162297,0.14065136226604502,-0.17604395032017373,-0.05530900524144323,0.01589328664772249,0.06695987666017975,0.22496285627669066,0.052712702484225826,0.5049347652277862,0.2549591171356396,6.160024718440522,41.25202910648525,3.959538264108013,-0.5078564827027452,0.1264933367995193,0.16647092683004333,0.18213916971196786,-0.3185335299611857,-0.08606237648451502,0.006907456677512433,0.0804085503455283,0.2494314531552254,-0.0017743965717346667,0.205851287218021,0.042374752449316176,-0.14299820685905903,6.26749727215986,1.519316,-1.212491,0.013568775503763269,0.018245,0.09839025584025236,-0.36802025,-0.010557,-0.001346,0.007688,0.37256449999999997,-0.0025103997040463017,0.24298084466666497,0.05903969087492598,-0.4640120727914819,5.764322950198203,1.119651356834364,-1.4359680135645112,0.017254490529791753,0.023301805916635075,0.11528230414125623,-0.4643074251021972,-0.013270997507820726,-0.0016824084481799825,0.010030808408814347,0.4467565386944328,0.0006318917031918806,0.16031801135320586,0.025701864764246643,0.09254524455107468,14.917046653013685,1.5345518033251322,-1.5131429389347075,0.007672875471698212,0.010340720050070645,0.06785942076506934,-0.23360117295522925,-0.005159412453519044,-1.3881107706560486e-05,0.005181307596551601,0.24529999917962642,-0.003553099828814684,0.32012111892017614,0.10247753077870556,-0.5814704026845608,5.638418267048753,1.354283604047376,-1.5815909105161716,0.02325196978648954,0.031425115640921944,0.14951576693382143,-0.6277110654278235,-0.017172464198482437,-0.0018354518376261471,0.014252651442439503,0.5628376867360735,-0.00013374921642043272,0.12482312304814701,0.015580812047492848,-0.012209694406235245,8.928872157146126,0.809199549386321,-0.890064107322765,0.006903906395607642,0.009297263483670437,0.05592364413325935,-0.2056422625820153,-0.004670643149793675,-7.473568877481487e-05,0.004626620333876762,0.20977144534112663,0.0008934731052138861,0.10208023538976736,0.010420374457230312,0.20649086506071837,13.654995337270016,1.0630593709434024,-0.8778944920549432,0.007626070664813511,0.010290704356988006,0.045485972084506165,-0.15392821494026906,-0.005157367125890093,-9.760509717900528e-05,0.005133337231097913,0.16197585546902918,-0.0003844281674732605,0.20242044973888884,0.04097403847249403,-0.04453577670583692,12.92212237320599,1.6496197742435383,-1.7069885337972246,0.00766784159671532,0.010339753792706224,0.08620331127124525,-0.30861187747849184,-0.005197065643994434,-4.731266964460482e-05,0.005142688148711789,0.30098213561197346,0.006850068163556825,0.3846769683955406,0.14797637001398373,-0.5173933216999356,7.270127968140876,2.29712,-2.719835,0.027438519257883175,0.037011999999999996,0.182762393789245,-0.667887,-0.010582,0.007564,0.02643,0.658229,0.009687435623335868,0.4961938890036994,0.24620837548461555,-0.33772355989804803,6.2680511606585565,2.710089724693042,-2.9116552600537786,0.037386513644095544,0.05054595248615529,0.23886763875879977,-0.9067092034666566,-0.014553515414703866,0.01051250907406448,0.03599243707145142,0.8743168144850546,-0.0004952015627509786,0.22297472845078542,0.049717729527701496,-0.05793403282542203,10.659612353907333,1.7088541697463009,-1.8085172516420218,0.010177881344300843,0.013728382051645643,0.09544679015011454,-0.33596105046108343,-0.006855482924338556,1.7464852949863863e-05,0.006872899127307088,0.3357933574980829,0.013699709540627185,0.641154149568166,0.41107864350847817,-0.22596408825407355,4.421185441194363,3.1375669495181815,-3.0641183643100223,0.039023251350113794,0.052616790828784045,0.31584955244636015,-1.2722584311553522,-0.011267199887354286,0.014812193054618703,0.04134959094142976,1.2126201564764283,-0.00020625027215451897,0.2850446717023602,0.08125046486590631,-0.1589590395761335,8.776705858839428,1.7851340534901485,-2.0355276797717456,0.03320889630413348,0.04480318237371143,0.13340525139706483,-0.4578707791611405,-0.022154199761289906,0.00016466460285327568,0.02264898261242152,0.4686650587732893,-0.0007004487695799276,0.18794397184447423,0.03532293655267652,-0.06345739967901504,8.165892927468175,1.2860910152454808,-1.2786244625436942,0.007396210011252357,0.009982180929649387,0.08433966003009528,-0.3137794199087527,-0.004955265704871663,5.982934104311551e-05,0.005026915224777724,0.31436602818265813,9.661100461384239e-05,0.2531694943084309,0.06409479284838662,-0.046522690813052554,11.752776947692329,1.922047027033947,-2.0592177333756965,0.012152488157593875,0.016381073543137357,0.1078079570622489,-0.3914476444826197,-0.008144974242905079,-1.3192798313381612e-05,0.008236099300232277,0.37729651415616006,0.007498397003243756,0.13459317638424814,0.01811532312920133,-0.3037454901720278,9.222331384986171,0.994429,-1.220185,0.011119516638792014,0.014999,0.06442352853911852,-0.212943,0.000674,0.007992,0.015673,0.22929,0.010605284122524216,0.1440411427354293,0.02074785080052832,-0.36679472766978727,8.010975294697639,0.8749125191719243,-1.0271615932403133,0.013637525161741897,0.018402474642466863,0.07110867530430469,-0.22926483832817282,0.0022426373259361978,0.011199765827426919,0.02064511196840306,0.25602660233861485,-0.00021741422909180288,0.12441674678764507,0.015479526881220989,-0.17070431176728035,14.38609059810943,1.2295941003274844,-1.3075269922878279,0.007651027871131026,0.010308801234199359,0.05435640292988225,-0.19179863691172722,-0.0050842452033739525,3.158720665063403e-05,0.0052245560308254065,0.18897970531344074,0.015000807119498284,0.18858549212297546,0.03556448783926484,-0.16419563517684396,6.319733965047037,1.017143701827018,-1.0327448718620547,0.01722594610212547,0.023224511882248958,0.09405266821207971,-0.3198122057783145,0.004413957735014939,0.015979150597659413,0.027638469617263895,0.35404655485691183,-8.692630671388333e-07,0.07696659730616809,0.005923857100889841,0.5309331036749301,11.486153398950009,0.7230644137705334,-0.5322989769269094,0.007980690602818462,0.010763557981657073,0.0350989470524002,-0.12531088267435697,-0.005446288767138077,-9.305103490804355e-05,0.005317269214518997,0.1228352340265948,-0.00030745528083620725,0.13965165834875878,0.01950258567955845,-0.14332105663100858,10.933830815903322,1.1769148203753486,-1.3270636907117306,0.00818518657071909,0.01103321660365894,0.06265406892321634,-0.22835826446418556,-0.005493868120589166,2.6597055140529222e-06,0.005539348483069774,0.22919736735559737,0.0002732983825729456,0.10700876223566566,0.011450875195209227,0.09930678439317318,12.717100155217658,1.0001570824353812,-0.8832849926201011,0.006871312421488325,0.009275205258006899,0.046609747336347804,-0.16277161542343893,-0.0045689341989734325,5.316981829019841e-05,0.004706271059033465,0.1706216854747703,0.0003798100467220191,0.8659979688969968,0.7499524821337237,-0.0023669516787772796,1.4640830627896735,2.796597,-2.793849,0.6951313935663179,0.9379225,0.6208129765497129,-1.663427,-0.4671595,0.0013154999999999998,0.470763,1.663522,0.0005584867126513396,1.2245416868147088,1.4995023427470122,-0.00240856751245624,1.4673418771719797,3.9405726091554283,-3.9408366580409404,0.981828133270743,1.3245352927671803,0.8774339449083347,-2.3454558556037135,-0.6604673202494525,0.0013172475882581103,0.6640679725177278,2.360474578319694,-6.690110028625122e-06,0.01657882616943989,0.00027485747715650494,-0.06283501167093837,1.112203665835283,0.05057026237010584,-0.1910852367452261,0.016081553376462512,0.021554272283148344,0.013182022180302125,-0.024790604005557382,-0.01056439429091164,-5.526964237338901e-05,0.010989877992236703,0.02478824439665023,0.0008472079223471102,1.7307756919164174,2.9955844957287536,-0.0024787464005067185,1.4791236654303512,5.535394480731507,-5.488006220959071,1.345840034004691,1.815802741927385,1.2381401692030385,-3.3108116758396644,-0.9058828868584046,6.514625257582687e-05,0.9099198550689803,3.321708220124731,8.378374994479335e-06,0.05390907563753795,0.002906188436093787,0.006343338885134793,0.18084173974795048,0.18926616927265366,-0.25068793020020014,0.046763479724929564,0.06308242503717158,0.04085906286366187,-0.09893269910950586,-0.03174621918334582,-0.00026767738126968685,0.031336205853825766,0.10023421232477342,-8.960707069106245e-06,0.006513488372870561,4.242553078351999e-05,-0.8164419639091548,16.40189519722678,0.022171459900896348,-0.13185760658949683,0.005742779896133446,0.0077482842728663365,0.004864288828048826,-0.010286617542277967,-0.003924410348361601,2.888650088094159e-06,0.0038238739245047356,0.010320533383694404,-1.959918172047649e-05,0.02252473141296668,0.000507363525226288,-0.015291062853818718,0.040309075632857905,0.05827935323609286,-0.13572386010962192,0.02182552636713995,0.02945411869812639,0.01796899315116301,-0.03915019154226538,-0.0150030873565141,-5.3093664762205204e-05,0.014451031341612294,0.03870686945629157
-5.601533742331289,7.65323271975754,58.57197106276739,1.0015699064136574,0.12061098505582946,14.2,-20.4,5.930408874022408,6.6000000000000005,8.808895705521472,-14.615,-10.3,-9.3,-3.7,9.4,-7.880545291834758,10.873323806159506,118.22917059359507,1.0208589422657415,0.12339410036113252,20.009167228663397,-28.43278398836849,8.465375809333617,9.261906447734962,12.486851759398492,-20.37573780729237,-14.511148855717355,-13.206163162956814,-5.249242407982394,13.26610850340377,-0.057686982962499286,0.5982716502150527,0.35792896745104236,-7.7084042008544635,91.21456260617396,1.2106477957165511,-8.390203996439388,0.27237374923335533,0.3778596816513104,0.2825066169680082,-0.5117270933145,-0.20055537196650064,-0.02117493200642709,0.17730430968480976,0.4934299113679668,-11.030566552477739,15.520383644163713,240.8823084620245,1.0312783564432586,0.10403796469194315,27.975035351970405,-39.44810755907089,11.825776891982622,13.118689082254573,17.71117818259165,-29.50855294153568,-20.49556370217433,-18.697267869357834,-7.376874619919758,18.796084499049773,-0.004972439965167298,1.121282231228761,1.2572738420693486,5.025960351885311,85.10160028185344,13.22130187477779,-7.179388353096064,0.29828396362706006,0.3977626318422547,0.3618399614731616,-0.49196590557402387,-0.20789018913863844,0.01808338922404018,0.18987244270361628,0.444103304725387,-0.07996246356766627,0.5851912091529513,0.3424487512698932,-4.580583686663045,28.40737808248677,0.9190464875599362,-4.795438540064047,0.2921506347915582,0.394674322748753,0.298629680270264,-0.5430016319231729,-0.20121241140463825,-0.007181766673021484,0.1934619113441148,0.4437505305248907,-0.007362414635118272,0.6058155948104612,0.36701253491555286,5.22339438817164,59.05434684859718,6.670927817388124,-2.211427644879152,0.2958121707556585,0.3733513175039508,0.30888492950456115,-0.6628672835119359,-0.20495193178381205,0.00667809468812915,0.1683993857201387,0.4794105131003687,-152.15961145194274,13.250863098499106,175.58537285516536,-0.323394722932547,-0.6881392850956591,-113.4,-183.3,16.382754514486898,22.774999999999977,152.15961145194274,-175.5,-163.075,-150.45,-140.3,-134.785,-215.11283322672114,18.250392341792125,333.0768206293447,-0.20516981552751087,-0.9351922611551164,-160.74151362850935,-251.28745636806954,24.357569048657474,33.79270133246169,215.11283322672114,-245.39663201562212,-232.14352789618292,-212.55713988423963,-198.35082656372123,-191.19190575418696,0.08147748424458147,4.143454391016991,17.168214290437984,-0.3289294814872643,2.5294991601322776,14.684473900937466,-15.534761253446328,2.482111473636138,3.32157475966347,2.821316717015535,-7.19495712362611,-1.4762991420949643,0.13491306231163147,1.8452756175685057,6.9538044401995895,-304.012987506516,25.529545955831573,651.7577167109163,-0.2152317704672172,-0.9426215546305645,-226.92523247028282,-353.4555671672621,32.798250720798556,49.17627097583505,304.012987506516,-345.57748268636544,-328.7608516332786,-300.1991980508049,-279.58458065744355,-270.58052049318235,-0.08817337485537134,3.3339563723525325,11.11526509275006,-0.07944625262575,0.0791111756765317,7.525185151206106,-11.52814315587867,2.972968489996958,4.358262036989425,2.61456543193679,-5.3090030214655,-2.189279298227655,-0.3034179194849109,2.1689827387617697,5.7803691231027345,0.1057237378332729,3.635525653605862,13.217046778026333,-0.5391922773299277,4.539844087567781,15.173779175461334,-15.284854665480646,2.2517594594606707,3.0931503373448814,2.400195905602075,-6.295309990678172,-1.3140470139015035,0.14655308838363418,1.7791033234433782,5.470917968595857,0.18777919195343437,4.5498752385379575,20.701364686260835,-0.007815525942906373,2.425130634540544,16.131568722149527,-17.448867859324327,2.89971305419282,3.918392326013966,3.154204829805793,-6.936162778869623,-1.7936703454640173,0.26226200908861286,2.124721980549949,7.777135608277104,-1.2866053169734153,6.282378261071714,39.468276615186454,-0.5449400261008962,-0.7151220625851433,9.4,-19.5,7.042360537901609,10.2,5.125255623721881,-12.6,-6.5,0.35,3.7,6.9,-1.8488462769115857,8.694627333693248,75.59654447180574,-0.4452816821363633,-1.0016186419478448,12.001730686160709,-24.71620317219486,10.192766102245743,15.333249661301338,7.211946225369767,-16.811510529732097,-9.828261066426625,0.512706343566566,5.504988594874713,9.470298289937915,0.05529677141825079,1.7940421161395343,3.2185871144824185,0.13084867999665323,2.062432983209508,6.8011514445894505,-6.524619255888287,1.162914152314039,1.5542633172796834,1.2386972433840613,-3.0661525872408903,-0.7810995526039598,0.01715330704624425,0.7731637646757236,3.0724552799279734,-2.6977785147865427,12.14618396337289,147.52978487209677,-0.409983686911242,-1.0846391945109823,14.967182501398122,-31.651886531148428,14.563398769307089,22.715955818053807,10.157981824076302,-21.947596803951186,-14.417694232064811,0.8131768137066486,8.298261585988996,13.017995517713596,-0.02589155201355292,1.8340696104278336,3.3638113358949053,-0.22881462380373058,1.0043082155862608,5.465754577921244,-6.416363427188601,1.5264309842486348,1.9963493546272186,1.367992010938702,-3.2879209115613093,-1.0001821867079383,0.1351633463182907,0.9961671679192803,2.8524506771269857,0.07804557837594336,1.625674729181459,2.64281832509921,0.34313437452229195,3.875840531789665,6.6397935767299785,-7.01909288970097,1.0236762435599154,1.3406868793709257,1.0896389034268912,-2.23437805506516,-0.5738124576151233,-0.0046224681968974925,0.7668744217558023,2.67368483307542,-0.011137395365076621,1.9291703766938304,3.7216983423130157,-0.02846853391860469,1.4739626126787213,6.44818900992025,-7.005851232060689,1.4335529889830512,1.9038021712979558,1.3823344330226957,-3.445654752865793,-0.9773799603000808,0.019187913918501186,0.926422210997875,3.3647335542347636,-0.41533742331288354,4.433407514176765,19.655102186759006,-0.16546386956342543,-1.5281723306943495,7.0,-7.1,5.337367986620166,8.875,4.027198364008179,-6.7,-5.275,0.7,3.6,5.6,-0.589421546184314,6.287851312233819,39.53707412476056,-0.15500409660806774,-1.5305018643294543,9.881165707443323,-10.05700805235026,7.748622275729569,12.71011227484681,5.716466275093536,-9.51720009535237,-7.570907576077668,0.8866401818236908,5.1392046987691415,7.85185574311241,-0.0052289947076055955,0.1725478090193266,0.02977274639737,-16.533775853234133,329.42091505001315,0.4212336680073316,-3.4741803868200467,0.06161521360338144,0.08164816106609693,0.058864886367700923,-0.09958521539586009,-0.039599191951783935,0.0021733975936309886,0.042048969114312995,0.1032927296709162,-0.8390932274369909,8.941788996677008,79.95559046109403,-0.14225045496053848,-1.526674428775433,13.898449834657653,-14.150283864881352,11.136838361621136,18.154468805255252,8.125419037681219,-13.451829402956609,-10.777595357542165,1.1513890738925516,7.376873447713089,11.465184715369373,0.013235639356018283,0.35286777067419106,0.1245156635805735,13.680303967193732,205.01156106656225,5.334876171291123,-0.9775417593217479,0.07389210601004194,0.09811507156838964,0.08639971102669056,-0.14078305026617433,-0.052656056584270056,-0.00012113917857044243,0.04545901498411958,0.1224435016609202,-0.007332403721879441,0.1446741631676268,0.020930613488253102,-7.489521783402214,71.94784634558431,0.2992413987215287,-1.494957504048467,0.059761582750705367,0.0808243059507367,0.06186548531387719,-0.10311530684182596,-0.04062820579303488,0.0022787831102410623,0.04019610015770182,0.10959493733198798,0.014348394180439355,0.1941871980170602,0.03770866787371695,12.42718294838819,179.32628710962328,2.8481164472050486,-0.3993488407156902,0.06678756698605895,0.08895885803569094,0.06447616502041449,-0.09420771755655682,-0.039159354771645206,-0.00024895854607761853,0.04979950326404573,0.10520745367971276,0.2585889570552148,2.8523969851872035,8.136168561105048,-2.0683594427394563,3.809406037666543,3.4,-12.4,1.0378215529539214,1.7999999999999998,2.131799591002045,-6.9,0.1,1.3,1.9,2.5,0.3740648956462946,3.1081584354791683,9.660648860040311,-1.2188157054062436,0.6004910289145187,4.244724496465563,-10.774377586510582,1.618313942023136,4.120909191591252,2.677882448099776,-6.03309400145427,-1.5154907850552872,1.77573258049827,2.6054184065359656,3.433913667752158,-0.001833481003504256,2.555198979871677,6.529041826737258,0.15347658702044317,3.1629754935458,9.799721713197467,-8.98502875068501,0.4468181487378821,0.5766739731681212,1.3957942368875254,-4.451527195603403,-0.3604544552492901,-0.010417993738740014,0.21621951791883107,5.407124794667164,0.5522436645196098,4.168603897020669,17.37725845025591,-1.0669637865558106,0.027755569747537567,5.588314807477236,-13.353993642340729,2.0405594761712975,6.492256960606582,3.7496263969805366,-7.402017571137012,-2.905587651901707,2.5671298414102988,3.5866693087048755,4.582347809909626,-0.021378852076905777,1.3319612711661977,1.774120827886673,0.3870152395199435,2.923403645629193,5.197137854861565,-4.250335307049071,0.8469048839974708,1.147076438364473,0.8958459067078778,-2.055841223242036,-0.6370874806815618,-0.028640074915584013,0.5099889576829111,2.275840421210808,-0.0015964620456183007,2.360596198188969,5.572414410904215,-0.16083937327722525,6.241468648351212,8.930196617628392,-11.037454331215896,0.2707771184863583,0.3568459609877215,1.1522972742257271,-3.84150498045641,-0.17950949172538092,-0.005299921744338101,0.17733646926234053,4.890129356520172,0.112228125973372,2.7048484787925315,7.316205293226271,-0.2757005960697022,3.83566735175138,8.798601544989126,-10.216973474768148,0.4956909441395508,0.7450356624752075,1.463861453722564,-5.555712415152412,-0.2504513634511533,0.046507597176128394,0.4945842990240541,5.631724065202198,2.8798568507157465,3.452634982599024,11.920688323066564,-1.5682796758324,1.5391969464402928,6.4,-7.9,1.3343419966550423,3.8,4.105419222903886,-6.0,1.3,4.5,5.1,5.7,4.076256440414587,4.850739604970693,23.529674715231234,-1.5259076278222625,1.3870789187690056,10.227136089019815,-10.629548695627427,1.8627464536018432,5.397926296037032,5.787754094796237,-8.045233721333595,1.838886081954864,6.345758380319005,7.236812377991896,8.154473636376268,-0.04089027267320395,0.43363780877919716,0.18804174920282354,-8.718964175351935,85.28420691060161,0.5725279385123592,-4.583785065666377,0.09181379379744134,0.12101429490911636,0.13562856370080267,-0.2468606855526834,-0.06135729328652163,-0.00478457048444552,0.05965700162259473,0.21017638992337234,5.774490643384196,6.765155020977918,45.76732245786273,-1.496953523916949,1.3619003577326954,15.02587675013702,-14.810234697486061,2.705032499725862,7.6321274962326475,8.12252187865262,-10.768309451811733,2.615304144485699,8.918175578954264,10.247431640718347,11.295198029213367,-0.016484106759582572,0.9036019508882487,0.816496485649049,-3.1799086986372775,43.88816171410509,6.464784407545473,-6.864846521081679,0.16668638662966243,0.23997517341922747,0.29716883628666724,-0.37510822084105416,-0.08574181026622385,0.0035357639133018204,0.15423336315300362,0.4573349621773302,-0.057214706869203914,0.45777545930439956,0.20955837114135398,-6.8063971314557214,50.63780157641696,0.5163581244115478,-3.833105391724027,0.10243830464459285,0.1381251461855244,0.1469107488280287,-0.22123207209232243,-0.06916004571427813,0.0011238480587065468,0.06896510047124628,0.16712527919354714,-0.01824826153329176,0.402143482300068,0.1617193803564251,0.9844338107444592,31.746838832316882,3.5312732961118307,-1.860618654895142,0.1117626195904915,0.1504478435838077,0.17211364454519074,-0.33033790958323467,-0.0743541338697309,-0.005691716215926409,0.0760937097140768,0.2796152122666703,-0.0023028676111094748,0.21201666615020906,0.044951066725449206,-0.10865188266839751,6.382684087096875,1.641685,-1.272516,0.013392345839761101,0.018007000000000002,0.10169298686419463,-0.383844,-0.010973,-0.001821,0.007034,0.37834425,-0.003256743477499329,0.24896086254298042,0.061981511078144785,-0.5198123683386796,5.687661467884137,1.2187248639933101,-1.509712992936334,0.016974235034768127,0.022931245368805156,0.11866440821256627,-0.4909460354604859,-0.013453248678085273,-0.002271542365105814,0.009477996690719881,0.4505957524322757,0.0001061849619714598,0.16707086193234305,0.02791267290681603,0.2212270093431055,16.275506157017634,1.6749807809524382,-1.875856064353397,0.007765028612735029,0.010469737367050178,0.06971873978826894,-0.23746860773864273,-0.00527217623159763,-9.90688615685064e-06,0.0051975611354525475,0.2389707674090571,-0.004605821724810566,0.3264432049517494,0.10656516605916987,-0.6446861370359951,5.518373324820896,1.338220434892551,-1.7027339654582352,0.022927190788124056,0.03129895255882598,0.15430799272287407,-0.6560368824072109,-0.017446061737574833,-0.0027570654309633574,0.013852890821251152,0.5476733154827558,0.0024343799734887882,0.13179545393634215,0.017370041678286482,0.058263528766536336,9.245465960079214,0.9079256020663613,-1.0040236902185973,0.006457471962384237,0.008719087378939283,0.058394306826862814,-0.20269980364833876,-0.004280180430917879,3.7296164859522474e-06,0.004438906948021403,0.22611742737476997,0.0001505005104831442,0.10674458678089101,0.011394406807023172,0.1751013652239948,15.76405476929023,1.1005843478416568,-1.1146426120540611,0.007764232743576465,0.010460257913664863,0.04708069248795089,-0.16410314151681585,-0.005166330028501783,1.6364720081480576e-05,0.0052939278851630795,0.15825579392029931,-0.002580980887860609,0.210747285279441,0.04441441825265409,-0.0915315297791616,13.789104976479425,1.722896695621267,-1.749359354113448,0.007712429214483013,0.010422081184480193,0.08885489103565658,-0.329651611547547,-0.005315547110967709,-8.195653627872316e-05,0.005106534073512484,0.3015641002597658,0.006448969649220982,0.3904565214127761,0.15245629511376566,-0.6430879346560714,8.002781251454085,2.045362,-2.879422,0.025478519125018768,0.034489,0.18418374919741995,-0.662134,-0.009441,0.007323,0.025048,0.656637,0.00912092670097072,0.5007768337580445,0.25077743722873214,-0.44419614777447497,6.683356236249548,2.7668905971365305,-3.136846986398649,0.0350767988746409,0.047462467131452815,0.2403103803243613,-0.9078875257694186,-0.012644932912009433,0.01031696944720683,0.034817534219443384,0.8645872181189614,-0.0006059202274875076,0.23261097180969342,0.05410786420624999,0.12004697576987641,13.504604661409097,2.197993747469567,-2.1535984906063828,0.008551108689622666,0.011532730952325774,0.0972861297628117,-0.333601909228995,-0.005800246220836287,2.3707162448782665e-05,0.0057324847314894865,0.331542462800216,0.012901062742472179,0.6438843602197708,0.41458706933562356,-0.3253526600549978,4.810863381410905,3.254742052206657,-3.5629050105120568,0.04100298985424741,0.05552378640192196,0.31666900146385,-1.2546455615155259,-0.012489402040163793,0.014761739829571466,0.04303438436175817,1.1756046787882037,0.0022886233610395503,0.2947440069075063,0.08687402960789212,-0.1266603958097626,8.2049741510646,1.7554460506783582,-2.152577366357959,0.023829129960516685,0.03207679107784156,0.13752202820725032,-0.48655402172997775,-0.015770065766193938,0.00012409483063858216,0.01630672531164762,0.5211657712949052,-0.0008568509624732227,0.19637449459343287,0.03856294212682619,-0.02877423424717719,11.217159560422658,1.548380260909762,-1.8742687297094918,0.007570160199129636,0.010209605759035335,0.08505288907480825,-0.3114105953926385,-0.00508063734729804,4.204954645273002e-05,0.0051289684117372955,0.2944689855534912,0.001552392697297891,0.2638773577066564,0.0696312599102467,0.05368565992398893,15.000070553718707,2.3392903893408716,-2.5568857772480316,0.009387188754451246,0.012609147023631067,0.10947953404841436,-0.3777697697436853,-0.006372898043655359,3.535342049773162e-05,0.006236248979975709,0.3966102901420152,0.0071355523959591195,0.13780650996140084,0.018990634187741672,-0.6020358472057292,10.127168685189758,0.98445,-1.455455,0.011567262508780707,0.015604,0.06575811611639619,-0.21661775,-5.2e-05,0.007569,0.015552,0.234975,0.010091554186183018,0.1472781717292564,0.02169085986791234,-0.3645096468616483,7.874002269078682,0.8702361166029696,-1.031409404087817,0.014240085798566808,0.01924119781949391,0.07211979408928582,-0.23449398210514202,0.0013053796398788567,0.010645575018895055,0.020546577459372765,0.2532741909102391,-0.0001913891049330969,0.12762062125120688,0.016287022968544,-0.48361355782048054,18.739734379371672,1.473960504746927,-1.5062883444982276,0.0075760540069496765,0.010222726402597795,0.054202936871626674,-0.1811300035954032,-0.005114706748396957,6.635369897815638e-06,0.005108019654200838,0.1848000049018596,0.014272681284636267,0.1936874862813793,0.0375148423419995,-0.15263486225928172,6.3757343561684845,0.9759131873450909,-1.0692881190622812,0.018090621902098425,0.024481798107941287,0.09624170777788386,-0.330708987740791,0.0031868262486943622,0.014962350975924077,0.02766862435663565,0.3436764035340003,-0.0012400219500413134,0.07653562333400038,0.005857701639123983,0.5023186069288876,10.253622587036972,0.7140756779265997,-0.5631669385277583,0.007509393742089437,0.01018854651115137,0.035276911056415304,-0.1258030228210773,-0.005450113612600681,-0.00012614936133158335,0.004738432898550689,0.12057603669839559,-0.0002705833585841349,0.14232252337701076,0.020255700660399778,-0.338356317309908,12.98521916284269,1.3123908403777416,-1.4336206893807317,0.008283097820969068,0.011176659887445031,0.06329494490005456,-0.2188129923969899,-0.005567077666784035,7.6038043178442354e-06,0.005609582220660996,0.22129242647536154,0.002019506057073202,0.11094373762575101,0.012308512918371478,0.1589826381710766,15.356618073698332,1.095918058926476,-0.9938354038819461,0.006727277479260346,0.009035975531466168,0.047514039070691835,-0.1602850078009158,-0.004259646317317947,0.0001091478576501512,0.004776329214148221,0.17510244881400616,0.0002666480134303298,0.8873802399265167,0.7874436902120423,-0.0015229140498905207,1.2623213521277217,2.763721,-2.773755,0.6978512273361666,0.94143025,0.6367704413748417,-1.74505125,-0.4690715,9.55e-05,0.47235875,1.74394125,0.00041284565727572105,1.2547891932952568,1.5744959196105612,-0.0016001874599724593,1.2653233481289963,3.866343980680898,-3.9246576770370414,0.9857261537435544,1.3286919290262047,0.8999649185369589,-2.462830965511203,-0.6622454183155855,-0.00044009980912085474,0.6664465107106192,2.467341085409956,1.2901890029198429e-05,0.016359263575891483,0.00026762550474548983,0.2713394708234795,6.299284647865521,0.3426920734108483,-0.10319848144276429,0.01465817020297639,0.019757389950017135,0.012744998048195379,-0.024888660069073972,-0.009865325185199518,-8.747352464155353e-05,0.009892064764817618,0.024869181235267067,0.0006840916577149859,1.773537603028762,3.145435629357006,-0.001728615956851527,1.276251102422652,5.461036389365872,-5.492805676342388,1.3529732065572488,1.8246316554855588,1.2699735047167537,-3.469220161562981,-0.9101537257516124,0.0006946523736244825,0.9144779297339464,3.4813791189121326,-1.04645838275591e-05,0.055307869513715184,0.003058960430146145,-0.06581447594731886,0.9101119150222572,0.18479018645836423,-0.5922745284169393,0.044035401578183364,0.05930687495285021,0.041542410348587695,-0.10094980166107585,-0.029917657412361454,-0.00021418375591575334,0.029389217540488757,0.10197424474827976,1.9959856026228627e-05,0.006632955288414477,4.399609585810557e-05,1.245584941990953,26.061439164439005,0.1478818448929965,-0.04678025971524621,0.005609363126188747,0.007567159142942129,0.004879051378112247,-0.010617073235957473,-0.0038291263868413354,1.2648247461607708e-05,0.003738032756100794,0.010650382728717059,-7.491452888817123e-06,0.022165124217580212,0.0004912927315807609,-0.11198551768259206,1.676778459482323,0.09066108562232365,-0.2812247583860676,0.019751693563277266,0.026643640848529125,0.01730110949239247,-0.039040880134230536,-0.01329447497266544,5.888708509529375e-05,0.013349165875863687,0.03929988846572742
-5.709857723577236,7.774785594257117,60.44729103666799,0.9758598779013261,0.254158927824065,15.3,-21.8,6.078669095872967,5.7,8.959451219512195,-15.684999999999999,-9.9,-9.0,-4.2,9.6,-8.027168699573044,11.053242212101823,122.1741633993896,0.9979953632935428,0.26060683433407084,21.367036016450278,-30.01362770854513,8.766282992637073,8.043663603744193,12.699703736935396,-22.396984425588865,-14.005343831898086,-12.877163975215556,-5.961680228153893,13.561202549737157,-0.056197974071099506,0.5821017161035189,0.3388424078906617,-8.195261001695124,93.35821489871704,0.8627505872751496,-8.15575338157812,0.2624542784143739,0.35741131994911,0.2580512117018995,-0.48061204036106187,-0.19530613476491882,-0.0061280322641066864,0.1621051851841912,0.4151316240646298,-11.239669913060027,15.779456730493322,248.99125470951103,1.0154697217066762,0.28052962623535516,30.246078424415266,-43.29843753059699,12.514048617797433,11.432199793906356,18.023758228493765,-31.040990370473345,-19.883714673492918,-18.271117599636867,-8.451514879586561,19.277709367559225,0.15502615747147178,1.1744541528522487,1.3793425571518931,7.156631359834031,61.00871194711378,12.469163275935971,-2.289233165536097,0.2817321418048881,0.37896709237847176,0.38553593598804986,-0.4242078764973453,-0.15833636483785957,0.031158201548261655,0.2206307275406122,0.5289136013652989,-0.07766466472956983,0.49675766012550926,0.246768172893371,-3.646686017084715,18.58737805417678,0.6999756444337298,-3.5115448518253625,0.2565357948815013,0.3354175238841341,0.27379861580543285,-0.6528716828326271,-0.16060638426545681,-0.003062967972654991,0.17481113961867728,0.36619464391435674,0.08040777448525072,0.6454387507877108,0.41659118101840076,6.132038385454754,49.899410930219716,6.5820008416088,-0.9386511709073819,0.2538395515517656,0.3316182933772522,0.280681229036313,-0.46194192072786816,-0.14627804594479155,0.007192563676027431,0.18534024743246064,0.5175488238113788,-149.314837398374,11.914226114886782,141.94878391665017,-0.3398707743863591,-0.6105432164714824,-114.0,-179.5,14.529501741354917,18.875,149.314837398374,-170.585,-157.375,-148.5,-138.5,-133.51500000000001,-211.0947022209576,16.330475489822504,266.68442972369354,-0.22077155168452756,-0.8354737249737605,-164.80999992895332,-246.75629167401027,21.212879573537272,28.54228708599817,211.0947022209576,-238.45709438161185,-224.12808840510132,-210.25661454961795,-195.58580131910315,-189.28635758436874,-0.02882973839495565,4.102472510535546,16.830280699699827,0.14315414641128194,1.5956986530302304,15.118057297792426,-12.845098648657174,2.702791115898283,3.674701366341652,2.884512165347465,-7.650535880606225,-1.8506002520164326,-0.03523527129238424,1.8241011143252193,7.152179652854385,-298.2916209292303,22.7306862446607,516.6840971532072,-0.22898138161478984,-0.9764979814759194,-242.75725295623488,-343.6003920323247,31.788807694468844,42.51640722992852,298.2916209292303,-335.8869456526736,-318.04660203273806,-296.5700883444624,-275.53019480280955,-267.9732114467735,0.03691089890138211,3.9708163315080265,15.76738233857086,0.08404929348688339,1.5514928193790967,17.188335671970766,-14.670069366193793,3.5429520929890517,4.637185448163751,2.9798320325677037,-6.208488380726864,-2.2928579611112063,0.13821035569243634,2.344327487052545,6.864723544933666,-0.04124789188102394,2.4693905083786247,6.097889482870442,-0.11427218770960346,1.0032101193789567,7.83945355822224,-8.452805887545761,1.8599253268425102,2.6523504394241755,1.826191402991837,-4.287826576338415,-1.2567240744588788,-0.10250690488244213,1.3956263649652967,3.9761045271272533,-0.8197348901469417,5.141022025602036,26.43010746772526,0.1738721061235465,1.9895326800874855,16.09112887810362,-17.506557185201018,3.692414197067463,5.026468548360555,3.6389987172585907,-9.368748287158438,-3.479009660876982,-0.6638723015241257,1.547458887483573,8.418988248063314,-1.0260162601626015,5.875778272593231,34.5247703086787,-0.4515408462689681,-0.9138952965592648,8.9,-15.8,6.8199702051257685,9.9,4.872764227642276,-11.285,-6.3,0.5,3.6,6.8,-1.4776142346952539,8.163517270414783,66.64301422436041,-0.3833882440327583,-1.1091374092443997,12.46065970083495,-19.04369173667337,9.747581367269081,14.69925871581167,6.853394736113298,-15.166525086705317,-9.502908153740787,0.7399809959398732,5.196350562070883,9.14738739347794,0.04862691467252786,1.5277849379494823,2.3341268166253037,-0.0936983546392965,1.7068400479024435,5.557832885090608,-4.884958656708509,1.045337977783665,1.4089993595333317,1.087378566703921,-2.6561344694827023,-0.6284520654106204,0.08426860424872507,0.7805472941227114,2.5815631985050222,-2.1580186795719194,11.36956207002044,129.26694166404747,-0.3500263112363009,-1.1849553176320795,15.245481243166877,-26.93103024749363,14.018933890314107,21.358604774992976,9.632698643327112,-20.88394013964512,-13.422214131670593,1.0428758303095251,7.936390643322385,12.624212779447927,0.1526582938870045,1.8812212733858282,3.5389934794393967,0.6692006472051643,2.2669336770556345,7.237097421251994,-6.2980986850303236,1.3966227241496763,1.8836776141837581,1.335045542576299,-2.2857513744328317,-0.915736829962903,-0.02640775235465176,0.9679407842208553,3.4149309552396296,0.06796015979062844,1.247419392507185,1.5560551408029943,-0.032017113822374405,2.6691041327108715,4.647669282488571,-5.39940206339825,0.8944814261648982,1.2096762541589159,0.8858988065701958,-1.8007254425522046,-0.5030108429449645,0.09031946199922525,0.7066654112139514,2.0229684948365616,0.007790424994408812,1.7459097897521152,3.0482009939522747,-0.0005245989730144618,1.7732518434975804,5.887834692519758,-5.854900498292629,1.1752755265598473,1.702879144987656,1.2480568621052006,-2.685719515818964,-0.830949614136667,-0.08466965032861375,0.8719295308509889,3.087326449917761,-0.364329268292683,4.485140094126394,20.116481663940117,-0.18524041876053332,-1.5161174115301959,7.2,-7.2,5.263237875694887,9.0,4.070630081300813,-6.8,-5.3,0.8500000000000001,3.7,5.6,-0.517434924033845,6.362118806348755,40.476555706096505,-0.17436672913463278,-1.5179716399657823,10.155430209008616,-10.063121767811353,7.603433501453279,12.711191048961936,5.776981579701088,-9.654259882533072,-7.490173210019103,1.1380611848966307,5.221017838942833,8.022461394654407,-0.011489209431625179,0.17395182711819265,0.030259238157757586,-16.937212276669126,337.87217182682485,0.3172598760911029,-3.5353833619630533,0.05500710303214292,0.07725746116359249,0.055183349784915264,-0.09215811542577476,-0.03974940727726732,-0.0036076461687329364,0.037508053886325166,0.08799593157552589,-0.7609644026324169,9.055720308443211,82.00607030475082,-0.15641329135255994,-1.517401124315415,14.323943183427673,-14.177601222333791,10.960243664398531,18.105856437098986,8.225744725697263,-13.629536337994658,-10.698333605515176,1.5978718623107029,7.407522831583808,11.647123165850783,0.017649785883688884,0.36100691905430526,0.1303259956050817,13.041892268834623,192.21718515908617,5.386359866813892,-1.002368181013637,0.06759958178247855,0.08944515853970575,0.09315534296855707,-0.1315393962313759,-0.04937789884339794,-0.009115974491185452,0.04006725969630781,0.15140124766210813,-0.01602757902454443,0.14553125171882925,0.02117934522684924,-7.520961607899066,71.79970806411576,0.3138642993038882,-1.4965174620528867,0.06009477672727848,0.08077581127457048,0.06420791942248695,-0.13185506983293002,-0.043184311034441814,-0.005491184545125811,0.03759150024012867,0.09239092822789094,0.009159602501543617,0.19615483468979447,0.038476719172180596,12.534497667142341,179.7450257500889,2.877998215214252,-0.3702100945615606,0.05689085140219745,0.07594367484354332,0.058959062306507964,-0.0967702559525879,-0.04250933970872233,-0.00027766779309105864,0.03343433513482099,0.08691353855238221,0.470630081300813,2.6088033439779243,6.8058548875503995,-2.0463017755271493,3.7198938709526557,3.7,-10.7,1.0378215529539216,1.625,2.065752032520325,-6.185,0.375,1.4,2.0,2.6,0.6750851510124636,2.8656785583431814,8.212113599747854,-1.2657562555178725,0.7072046038459474,4.1073284133869565,-8.843151436504696,1.5358994694663652,3.622360244533137,2.57170956541848,-5.495409489113249,-0.9498064481316217,1.858044147194702,2.672553796401515,3.537218982900501,0.02091135687817462,2.31056715565859,5.338720580808227,0.4310573460962065,3.77515993611903,8.761528375610517,-7.188953384411541,0.5131787727741979,0.6852423363005893,1.2486137861362052,-4.2568107653868035,-0.3400140486734305,-0.004435000227701491,0.34522828762715885,4.714701218630943,0.988309888348801,3.7158916506428508,13.807850759317251,-0.95778977572336,-0.4165157180364445,5.429484439560754,-8.26112736617941,2.0985300041853194,5.782501781458199,3.5406479734132565,-6.408028820132333,-2.0231069114863196,2.703784370894088,3.7593948699718798,4.66211045458349,0.03862406127173148,1.5803839145128624,2.497613317250998,0.03738443223348088,2.563170847418175,5.138297265259934,-5.945210655235071,0.8403547243173596,1.1423285666181302,1.013750917236586,-2.8464777514679955,-0.5566071538389759,0.006506918014570734,0.5857214127791543,3.266653165450104,0.028557008043958134,1.2199255351024076,1.488218311194896,0.41386475937525363,10.07423912431557,6.802452706335618,-5.7694079440854,0.26040320425816876,0.3428559829848591,0.6221128002341959,-1.6711403762325934,-0.14888888644799353,0.007807526824530252,0.19396709653686559,1.6687016282134515,-0.04946907340631961,3.006349382991653,9.038136612614293,-0.8345299089883566,3.6148862146953205,7.970439483307194,-12.511744136674926,0.68599813847359,0.914392930618055,1.6582119604256835,-6.353748311983248,-0.3585437419282217,0.030892603474599243,0.5558491886898334,4.77838753639478,2.864329268292683,3.513472611821731,12.344489794021417,-1.6042209161255554,1.6657512682710047,6.3,-7.7,1.3343419966550423,3.8,4.134857723577236,-6.369999999999999,1.3,4.5,5.1,5.7,4.055278712100641,4.937290930434103,24.37684173174685,-1.5658301970383028,1.5251946959809528,9.547660788921801,-10.472881645288581,1.8033538360000034,5.4788759958979725,5.834163081975272,-8.310619423700528,1.785060219671656,6.3973384578579315,7.263936215569628,8.12215322207762,-0.035487361373982305,0.43159391291624266,0.18627330566635325,-8.780248991440931,86.05488927772068,0.5914171730029094,-4.6443927791750115,0.09936353400416467,0.13338489704810372,0.13818706204041145,-0.22189694234182605,-0.06737587621413865,-2.0367318942504653e-12,0.06600902083396507,0.23568271025738544,5.753526872831153,6.882869852111425,47.37389740110436,-1.6261420171504808,1.821131796615175,13.598653819332048,-15.591717959463557,2.5057990586779773,7.523843161129699,8.17851874580724,-11.905155486657645,2.681567565107731,8.991535897738657,10.20541072623743,11.406689684742421,0.09448807379084107,0.898650203469955,0.8075721881965915,6.1563879022987535,41.917994089877254,6.965541554527434,-1.3675538615707257,0.1628253139943164,0.21877549511971656,0.29432870324303695,-0.3879234848193305,-0.11286918755169242,0.0038163890960540015,0.10590630756802413,0.43644044503203094,-0.049494935191320935,0.34204654935589074,0.11699584192627181,-4.30696844351052,19.36337824719646,0.37763020443725676,-1.9488007526038882,0.09428185107646497,0.11991599574501563,0.13827334976355726,-0.2704417566124263,-0.059324084248657566,0.009368627630141846,0.060591911496358064,0.20984399601370768,0.06711206527606549,0.49589132860981283,0.24590820979040537,6.190311156196979,41.90786228925413,3.8274127564629947,-0.5241511386538803,0.14843704704129004,0.2039585467894954,0.18376933072380944,-0.26551981738738645,-0.08098822906006123,0.0025888884711081322,0.12297031772943418,0.2737363265569807,-0.0028160053077917785,0.1924147743393075,0.03702344538404663,-0.04824800631050357,5.196174660088859,1.225846,-1.218374,0.013392345839761104,0.018008,0.09492501652482481,-0.358051,-0.011449,-0.002475,0.006559,0.369192,-0.003982479851382969,0.22094260889113593,0.04881563642362146,0.055531679749302995,4.513482720865752,1.12523530135226,-1.0639619857563163,0.016907873874669167,0.02284750936281107,0.1083046385345472,-0.44403639521784993,-0.014693299433063734,-0.0034809903533946493,0.008154209929747337,0.43194554417653236,-0.0002872305188341927,0.15882221697244578,0.025224496604042648,-0.08308213224224073,15.970169420544071,1.5165382786908816,-1.6833751346925332,0.00777334570694769,0.01048778325355873,0.06631622387745663,-0.22480842877427812,-0.005303481493404779,-4.3121692802616134e-05,0.00518430176015395,0.23584692327869933,-0.005632073300056608,0.29165594565419456,0.08506319063544249,0.10422289661895232,4.810675374358884,1.308872786638278,-1.3737988236914225,0.022868525794293226,0.03085298493175293,0.1408679152114334,-0.5898359280186252,-0.020289711675770022,-0.004841726219162725,0.01056327325598291,0.5274584679772134,0.0005014591889131028,0.11202780718533226,0.01255022958275398,0.02245414169623104,8.372504936419386,0.6972157234702433,-0.7925212358057873,0.006260792854173145,0.008449779827372984,0.0508443731628449,-0.18125814786489708,-0.004239818427544009,6.921926393352697e-05,0.004209961399828974,0.18604376726085323,-0.000406232621064028,0.11179870202887104,0.012498949775340296,-0.050720177599710994,12.89599450386676,1.0848710985197594,-1.103593800919134,0.007735080271647106,0.010433755607288046,0.049398293503846336,-0.16989431577880837,-0.005250063351482884,-2.7591984781794238e-05,0.005183692255805162,0.16837901199763897,5.388026177289374e-05,0.19478436829824164,0.037940950133345044,0.08261147747727964,13.98806150208809,1.7011603838265188,-1.6330820606610104,0.007864433562664403,0.010601583027835157,0.08195334992015389,-0.2859074016785997,-0.005309928829042821,5.565339300868724e-06,0.0052916541987923366,0.2790138340868956,0.006123743737407151,0.3761055991312827,0.14145542169790115,-0.9098823956328288,8.063208088375628,1.951568,-3.089361,0.022716431191942832,0.030764,0.17831263421345442,-0.647713,-0.007578,0.007323,0.023186,0.639332,0.008660940487863382,0.48114062074133407,0.23149629692735627,-0.6015187558387657,5.917796981036254,2.3372864497657457,-3.209585866844951,0.03093966677971687,0.041743892118546615,0.2337992570936787,-0.9089939696412533,-0.010209839610261081,0.010333522273835827,0.03153405250828553,0.8388271978791308,0.000123477818359584,0.22669150213455436,0.05138903714002067,0.15947255068326155,14.992132693142349,2.0437515107155453,-2.2375561723569515,0.008048449925874623,0.010856161716287466,0.09346422336086148,-0.31875347323261494,-0.0055605471861630605,-7.473609516641598e-05,0.005295614530124405,0.3227708502434878,0.012250282727467598,0.6230047362126678,0.3881349013434158,-0.4046517129850735,4.2259095386029815,2.875835031058773,-3.3477621821250816,0.03839282279629802,0.05176106950589379,0.3114735489483578,-1.283937949203772,-0.011245069706215995,0.014351904202939426,0.04051599979967779,1.1496525181758925,0.0001516171904941936,0.2734488014342245,0.07477424700581395,-0.08816421078843423,7.853837728900171,1.7656403248848815,-1.9985534074652567,0.019828073937995832,0.026737357331559738,0.1257428500988631,-0.46494288617416046,-0.013276106976928086,2.6378946880770485e-05,0.013461250354631651,0.4673679925757227,0.00017457069940620705,0.20329267296363007,0.041327910880697455,0.000924303857783105,9.036422236965066,1.4593867524175648,-1.5126764672316413,0.007047124360845675,0.009500933666047174,0.09003531759487642,-0.33108941562741967,-0.004698844262560134,2.5539674012382352e-05,0.00480208940348704,0.33143178147990504,0.0004915685496040628,0.24785356636386002,0.06143139035928436,-0.045039843770805305,16.10494305189677,2.5292451313431177,-2.2646184207581403,0.008907135316186381,0.012019379799739955,0.10207984594666883,-0.3500104279767675,-0.006069562602029796,-6.68737841944784e-05,0.005949817197710159,0.36202942483541256,0.006538306664060385,0.12499552838697571,0.01562388211673925,0.2540214890654883,9.712832207174134,1.083033,-0.967135,0.011029077903463174,0.014939000000000001,0.05994966891709019,-0.199214,-0.000294,0.007145,0.014645,0.206368,0.009248180314557115,0.11727929220861098,0.013754432380952761,-0.5783441919533366,7.1922226916785235,0.6583147033186992,-0.7995615675223264,0.013309083955677502,0.017986689478314683,0.06021163603610614,-0.19708789379822217,0.001602166564793483,0.010318196611675757,0.019588856043108165,0.20853123486108932,6.10338382735427e-05,0.1322518082163071,0.01749054077648288,-0.024217173939565826,16.26874617109766,1.4154736756816972,-1.4218941577692952,0.007623598258548434,0.010268278674765891,0.05643061502335347,-0.18891654262622953,-0.005128642210533675,2.548064732970089e-05,0.005139636464232217,0.19118091369384949,0.013083530282505746,0.15112256209303537,0.022838028773563328,-0.3650888824050282,5.662994299697369,0.7516703133165626,-0.8080407841179865,0.01761181132370547,0.023785396566333168,0.07943038029852463,-0.2631334741518091,0.003032650120813961,0.014582544046696459,0.02681804668714713,0.27973016556621344,-0.0002978548089898592,0.06830748316468747,0.004665912256294062,0.7270926878072704,10.670504494458198,0.6585762702451327,-0.5050366664970098,0.00648986762076247,0.00875550455492361,0.031463237639020133,-0.11348266127026742,-0.004573487490439775,-0.00010253666467472267,0.004182017064483835,0.10870351128469083,8.590457912176497e-05,0.1523883838784809,0.023222219541095258,0.09979150610885593,11.617849097831803,1.2994435028550104,-1.3662803750727819,0.008301251170451772,0.011195095756972112,0.06784273392299543,-0.23976823100086925,-0.005646598819815645,-6.889941034357472e-05,0.005548496937156467,0.2438271772027178,9.308817211698736e-05,0.1084091627618984,0.011752546570735779,0.02325152546509637,14.689180099229823,1.017337206009638,-0.9704545578484535,0.006865157781411067,0.00925318720456932,0.04637615067134614,-0.16172216524808652,-0.004561734610819828,-2.317016067045045e-06,0.00469145259374949,0.15943424531081402,-6.329215409136066e-05,0.7982161706921841,0.637149055154494,-0.001205875130404304,0.8624223153041468,2.37493,-2.367779,0.6926094871926399,0.93456875,0.5928296909451779,-1.54781225,-0.46602,-0.00041200000000000004,0.46854875,1.5475177500000001,-7.401782011755033e-05,1.1286863112632175,1.2739327892329686,-0.001228906020219228,0.8649613294548817,3.336096193197474,-3.3680316820998084,0.9785515873931294,1.320547182737423,0.8377913644473182,-2.1874356429531643,-0.6587347006946291,-0.001338260016722717,0.661812482042794,2.1886144145472297,-2.85587753461291e-07,0.01612352937635642,0.00025996819955022846,-0.1225284010077898,3.8944102723068426,0.17635306033183185,-0.2874147046330481,0.015253026555270947,0.020581198604096358,0.012739996097533922,-0.02435464364656196,-0.010329551212805975,-0.00010025846853818111,0.010251647391290385,0.02448108576182651,-5.744913965182736e-05,1.5951548218599703,2.5445189057031135,-0.0012864879313426128,0.8746625008161466,4.69412766951585,-4.725303252008093,1.3484044485383198,1.8188290887324527,1.1821615815183948,-3.0819105407685736,-0.9077442012521595,-0.0027064111635638037,0.9110848874802933,3.0716159638936533,1.781299281925055e-05,0.05409837875856993,0.0029266345843056906,0.04270251698638573,0.4674888689250811,0.4955002868912441,-0.16972872094292,0.0419264610202935,0.05673276187067661,0.040834119952643154,-0.09928126245787017,-0.028287318782410427,-0.0007878481063399931,0.028445443088266183,0.09932208125452185,3.624891789911903e-07,0.006366705818079169,4.0534942973963144e-05,-0.40599400315419953,13.75502252090579,0.09262703508359435,-0.116007046150105,0.005227980033465637,0.0070476564768249764,0.0046806204503648,-0.010233524082650873,-0.0035780763531650128,1.5893643991106513e-05,0.0034695801236599637,0.010324760771783275,1.6057461172342958e-05,0.021905029809835615,0.00047983033096978683,0.09969324457540492,1.0642836380673328,0.24128800326895972,-0.056825202439050176,0.020140642280542746,0.027192964582183246,0.01728156665828104,-0.03821212884928769,-0.013343220183167005,-2.4136902074698915e-06,0.01384974439901624,0.03836121147966287
-5.284333672431333,7.593750357693485,57.665044494969926,0.6505325694006493,0.030522892831984283,13.8,-23.1,4.892587321068487,6.750000000000001,8.294303153611395,-15.98,-9.8,-6.7,-3.05,8.8,-7.430212452762316,10.768941717651177,115.9701057181679,0.6779029759621695,0.04591636211006955,19.444784922991136,-32.52597333122348,6.889899377371543,9.418471379012384,11.752311858086673,-22.468461119451398,-13.780724714137367,-9.669855510103254,-4.362253335124984,12.4986219148358,-0.03926643121404999,0.6985961890073715,0.4880366352956232,-2.2126985217605206,67.93084319054567,7.2287414356042135,-8.359744364656867,0.28936738944792645,0.3897700989041094,0.3166473651825085,-0.5559540899396271,-0.20546080556526553,-0.010855586881884705,0.18430929333884388,0.4996763596485096,-10.389265426213106,15.32250977195974,234.77930571180175,0.7077549539339703,0.04987926235649942,27.53290000239621,-44.90071372298933,10.49048046867882,13.247867201334676,16.65632338373396,-30.86774507532097,-19.341957626943874,-14.3322471255452,-6.094090425609197,17.89346959501581,0.08015150263188586,1.2452949236414488,1.5507594468471615,5.94579607091134,51.44092124079378,12.307101243474083,-4.846390215707549,0.29638583615004044,0.4041673257475763,0.4459613423904569,-0.742923439863836,-0.20436604417621826,0.0010444899071453961,0.199801281571358,0.587844834304416,-0.055452936571525134,0.5988719873010749,0.35864765717393887,-1.2930172950906211,12.635385185694725,3.1212107308169483,-3.585750390808121,0.3177163088451493,0.42014880443457847,0.3432351426320005,-0.9139252982891771,-0.23450321022071602,-0.016544238908443705,0.18564559421386245,0.6104915943132683,0.056265058664867744,0.7753511423441483,0.6011693939343756,0.772288675519728,43.87745710599917,6.703439661904722,-6.609125875934043,0.2970169294322414,0.3730152993264232,0.33982766354785643,-0.4889234798336276,-0.15963817756690907,0.004604728262973095,0.21337712175951412,0.5707406689719297,-152.0622583926755,15.576372728324362,242.62338737168693,-0.18665456737931818,-0.6271917919648731,-110.5,-199.2,17.494706178366076,23.849999999999966,152.0622583926755,-177.09,-164.2,-150.8,-140.35000000000002,-128.2,-214.89809762478055,21.113743881768915,445.79018070493424,-0.13739481774147938,-0.8287015079852571,-156.1501106228213,-277.36245092494994,25.00901409298697,34.29415302876862,214.89809762478055,-247.76948534185385,-232.73205617985155,-212.68004264137852,-198.43790315108293,-183.78332177692292,0.32201079789801995,6.277030500205073,39.401111900504745,0.10445963012894946,0.7049680990337857,21.657995897580847,-21.62295435306471,5.929871024892497,8.016836982813459,4.827655976568483,-10.281448411867329,-3.764137248167822,0.21713380259526183,4.2526997346456366,10.64456133785928,-303.4921037888887,28.131294925720447,791.369754197865,-0.21605192805425333,-0.9517519237453023,-227.02256287963624,-362.0749408504606,36.839267018334695,51.54051748732866,303.4921037888887,-348.72078843103054,-329.2561483418285,-300.3422849825584,-277.71563085449986,-264.7526669911116,-0.017439886791440255,10.07572915429579,101.52031799072613,-0.28718006502926974,-0.2153036005633453,24.190120526244712,-29.373096953089156,10.01228886485117,13.187737937553308,8.01987583095863,-17.984050178824702,-5.851907251896572,0.9208072374794067,7.335830685656736,15.541399079359955,0.47340418247503674,5.053346632271538,25.536312185890093,0.7060665167462729,1.6835373616725455,20.975496477196387,-13.469642991160724,4.374364562349988,5.949344721948155,3.740963789877243,-6.689268570574391,-2.8530701515569374,0.2025619839832723,3.096274570391217,9.62976415008703,0.318325770357636,7.22647692417366,52.221968735614404,-0.254251409362208,0.4219210952362946,22.48077278843021,-24.389077113770565,6.988470597272561,9.230842997992195,5.675799338921352,-11.376399206826306,-4.042329894354679,0.45202026147458757,5.188513103637516,11.203747204247476,-1.5391658189216684,8.452729074427257,71.44862880566788,-1.6152031295606475,3.698656633882857,14.6,-43.8,6.671709983275209,9.399999999999999,6.034791454730417,-16.18,-5.1,0.4,4.3,8.3,-2.198187158997514,10.89473673720897,118.69528857309074,-1.234126197714178,2.1510200927260463,13.953012470335894,-58.33408675302054,9.704004997373572,14.823842916781302,8.19769737839302,-21.386452211984714,-9.165780018296026,0.24484259252416235,5.658062898485276,11.280371581040086,-0.033527298138225824,4.832738764322317,23.355363964183596,0.16049328873268603,8.415275535188279,24.763844511435583,-22.527666134410822,2.3357682424960493,3.125250751965503,2.775850390584152,-6.739510130395056,-1.5949317140843808,-0.02436618102227006,1.5303190378811222,5.867726865444282,-3.1681592684865065,13.21309935179284,174.58599448034838,-0.46771977651489866,-0.9102188741349502,16.78968340676931,-34.6805619634082,16.015106030179457,22.06949970236036,10.93942520223932,-26.139811415990444,-13.949501667060812,0.05843256535116536,8.119998035299549,13.803732498188236,-0.4076510189488499,7.7487892368010005,60.04373463636303,-2.1755111447891617,12.741175330758718,27.78697242393716,-44.11044939282359,3.747367267430034,5.139772571920217,4.28347348778272,-6.778480888952656,-2.671927310123206,-0.24435273067618413,2.4678452617970112,8.266671856070943,-0.05222100753953476,3.095537040064321,9.582349566410178,0.03880837016927749,6.651288568555767,14.367150936468336,-15.01471170380765,1.6834446542504191,2.208173534425363,1.890380078572824,-4.175550455133002,-1.1182750745580865,-0.06543774840934824,1.0898984598672765,4.408345623621678,-0.7999496269695846,5.987293127563794,35.84767899537264,-1.0710693025856766,8.254818367278313,25.367309381872605,-29.950241195475165,2.7785219559940253,3.760591363658583,3.4067552795362492,-10.097043027957122,-2.213921840019583,-0.28556643346554583,1.546669523639,5.35452691063295,-0.9553407934893184,4.388805868225048,19.261616948966616,0.1203188654515246,-1.5390889995074843,7.1,-6.9,6.523449761424649,8.75,4.109155645981688,-6.7,-5.35,-1.6,3.4,5.5,-1.3551546944129933,6.226132676084186,38.76472810020322,0.13138003194814954,-1.5360615944506266,9.98710141269364,-9.768613704617882,9.105068105214514,12.421835012105262,5.833350363043202,-9.411225422671908,-7.565824992820685,-2.356093330773395,4.856010019284577,7.847279542551293,-0.004066281642195065,0.17996367764873164,0.032386925272856595,-16.27757167536865,325.6986203060294,0.4877984937805291,-3.617330081254259,0.06093264213131342,0.08278534729564618,0.060415552654526875,-0.10811155753472027,-0.04079458662299612,-7.961360915759164e-05,0.04199076067265006,0.11246246007739706,-1.927853129670605,8.858374378396027,78.4707966278232,0.14425986917444325,-1.5246698598550144,14.025923354566652,-13.811062417750486,12.711341565923377,17.78596012393801,8.294524397856588,-13.29903840398911,-10.973954219922224,-3.425550950279365,6.812005904015786,11.36712004038152,0.020436290778842545,0.3624015455196634,0.13133488019504067,12.993416701026687,192.18753785351305,5.409411040114553,-1.083192555294902,0.07740547257019498,0.10477412185645713,0.09816636179605046,-0.16023697361417794,-0.05090302731030544,-0.00124918454313927,0.05387109454615169,0.1551100171133901,-0.005930554545127796,0.14529091781679476,0.02110945080004661,-7.47282519190257,71.91604849812998,0.30076310834723635,-1.435775422243584,0.06221231969461617,0.08502545173534148,0.06324748347616724,-0.10601174582721573,-0.043012841266817016,0.002083008485977275,0.04201261046852446,0.11335892315107896,0.003350402424325033,0.20706673446329227,0.04287663252129159,12.204735583540723,175.27973527065927,3.0137699456441127,-0.4319738507385841,0.06075663537378179,0.08088221496492515,0.06766125510495793,-0.11764610287666094,-0.04689470841471555,-0.004928599860118979,0.0339875065502096,0.1067156774124673,-0.04567650050864702,3.514269577943179,12.350090666456932,-2.200794037426188,4.5081407794394615,4.1,-17.0,1.0378215529539212,2.0,2.4399796541200405,-8.3,-0.1,1.3,1.9,2.6,-0.050301492299581425,3.932827185380307,15.467129670066388,-1.3776901329617377,0.916026610841516,4.5400180884973915,-13.490778313013596,1.7699463947996081,4.685482815474148,3.155356382027935,-8.517941459554477,-2.0867977742393755,1.7560921785618537,2.5986850412347726,3.394533828346368,-0.15435191677219498,3.0114496174492307,9.068828798435119,0.30465629575733455,3.534329752558425,12.507706740560495,-9.702734068818081,0.5413448575531034,0.8067432531401918,1.658805876145814,-5.995511518995217,-0.4684447576915064,-0.012365000768552653,0.3382984954486854,5.2298314597874285,-0.03135199746189335,5.0332552131074895,25.33365804027372,-1.0470646783977564,-0.2897218575529239,5.73264892932729,-15.227115412324139,1.709249570143509,8.154599755634498,4.353020350508517,-10.07670265340212,-4.60656188236058,2.7465014794304032,3.548037873273918,4.519106665009926,0.29064511638128204,2.2843486661757177,5.218248828658782,0.9027739830686047,4.319738266248908,9.340192990442056,-7.5671532501407865,0.9057029314868872,1.4624607494646162,1.3837205419122895,-3.136529554767022,-0.5531539515619674,0.03632268393925203,0.9093067979026487,4.273512764276218,-0.215242993484251,3.091281095239369,9.55601880978431,-0.40138656868876765,5.206004547010863,12.90251738330126,-11.891553514601497,0.31102804419160573,0.44240318086002217,1.4863568556645035,-6.655986446916501,-0.2531065018309864,-0.0012116406655631928,0.1892966790290358,4.975770236949708,0.10743509237150276,2.8840748947748835,8.317887998670756,0.05574999310679316,4.426155176197715,10.834030615813072,-12.339950097522983,0.5965534861187555,0.7787375616441945,1.5911328563233986,-4.464357541750859,-0.3892449848762832,-0.01192637774608027,0.3894925767679113,6.371083321158283,3.1923702950152593,3.4841353537116393,12.139199162983331,-1.5760103862107624,1.7106328315819876,7.0,-8.5,1.482602218505602,3.85,4.329501525940997,-5.29,1.65,4.8,5.5,6.189999999999998,4.5144974014245305,4.887712827199999,23.889736681175403,-1.5647460456492033,1.6762598140525773,9.823352207968183,-11.993524370549082,2.008166575992705,5.238527871971794,6.097439830753544,-7.294444883132911,2.512572306616907,6.82385677384225,7.751100178588701,8.660437919017038,-0.009472957506462968,0.4733563424473804,0.22406622693516165,2.129144127987713,85.85329887020968,5.575034518465698,-4.910216616177291,0.11015885072971028,0.14829846959298976,0.165800664855099,-0.34883417106769277,-0.07231903330926384,0.009017237095871267,0.07597943628372592,0.28496602832113244,6.383588103134547,6.80498600057107,46.30783446796824,-1.585560281891374,1.8706360001731062,15.543742443776106,-17.655924590003952,2.782075323274829,7.451107915534647,8.520690821880686,-10.326546752696878,3.497166894715675,9.730309961583595,10.948274810250322,12.029021321875334,0.06181199351431734,0.910152045922847,0.8283767466975444,4.693528479553946,33.20521435194505,7.386446134896943,-3.0194145089026403,0.24619475406748123,0.33615075318098153,0.3652410074015711,-0.7786581619374148,-0.1635886664743587,0.01620947657765609,0.17256208670662282,0.5571120631459319,-0.013127338368084865,0.3426189223502,0.11738772595241236,0.1949579268662747,22.218348225501813,2.3748777240645644,-2.025482908260451,0.12376863018169863,0.1671426069595665,0.1622259751184478,-0.3346570956525899,-0.08288592823732895,0.0021551221866506556,0.08425667872223756,0.2546304024889233,-0.039644219752085846,0.5683560566303696,0.3230286071084239,-2.3423184613693873,48.87240164480738,4.099558193254197,-5.100516964183483,0.14854212497354854,0.20776411608040898,0.208412256276981,-0.3991836000566593,-0.1417132678672161,-0.029232345359374964,0.06605084821319288,0.2721419692205729,0.0009613298094147357,0.31573184189815157,0.09968659598839938,-0.4558731078687015,6.603893662536734,1.427198,-2.198095,0.09234239657740291,0.124984,0.17407167045487917,-0.5243985,-0.060777,0.002933,0.064207,0.5440085,0.0013594233816732878,0.4288948985049725,0.18395083396359063,-0.32853781797490733,6.464717717546234,1.9937892537277726,-2.8719708084581566,0.130935822866852,0.17706110085115562,0.2402406500859331,-0.7007075886618037,-0.08643944319312066,0.0038264026767687574,0.09062165765803497,0.7382352780048171,0.00018114738696474683,0.12411704669186267,0.015405041279510019,0.04931788312411383,13.539043614534904,1.076866155524552,-1.1516276569945625,0.009127209837031872,0.012328245422511638,0.0538274013776326,-0.1826141972906369,-0.006078524988314055,1.4469431197070915e-05,0.006249720434197584,0.18374899127834582,0.0019221657027035507,0.597638219416129,0.35717144130688117,-0.2748165160833391,6.369054472293508,2.8109163857104367,-3.7055374502783933,0.1839743941695763,0.2489603328992887,0.3362870720742775,-0.9768448425170378,-0.12142487060150964,0.0064261391898558975,0.12753546229777907,1.0155641315426525,-0.0026691852329351565,0.10324435409696645,0.010659396652899793,-0.6620608149428584,12.612017505177434,0.8561962250939533,-1.0065943308470018,0.010573774607682569,0.014258120008250327,0.046977392032405495,-0.16320720421668405,-0.007358848021115586,-0.00012964322272859732,0.00689927198713474,0.15032754511105018,0.00025568176851190484,0.07350926066162781,0.005403611403019142,-0.009558125915911776,11.547999867503103,0.7160834191651567,-0.6071029415780095,0.008480984546469334,0.011437969869267418,0.03353530484157948,-0.11078654169521433,-0.005673016400808445,3.911746049605977e-05,0.005764953468458973,0.1146078360016323,-0.0015848262728010798,0.15936921143629626,0.025398545553826906,-0.2796788592230873,12.70349245308409,1.2155227722795736,-1.2632665878971452,0.009611711750588997,0.012939893477176764,0.0685761096510588,-0.2355258093649705,-0.0065582310989077824,-3.0600109238908594e-05,0.006381662378268982,0.23100970794887157,0.004382058320852789,0.5335496344114881,0.28467521238063254,0.4829376782844983,4.362531762157968,2.978188,-2.99725,0.131797406816274,0.17755300000000002,0.2977273575309077,-0.9641080000000001,-0.087011,-0.0009989999999999999,0.090542,1.045885,0.006199300282698875,0.7288714885574707,0.5312536468319832,0.4085393719152441,3.902320862183058,4.082921572736627,-3.714024169916287,0.18590236094198795,0.2505689480868103,0.41240182003324594,-1.339334693472004,-0.12201052040584491,-0.00016057123236349453,0.1285584276809654,1.4390227458347906,0.0005047151553046615,0.19505927334727344,0.038048120118766335,-0.021545932575065718,14.06358664866011,1.7843325153495622,-1.9202077264524626,0.009834916673199105,0.013230182258529769,0.08250689441865312,-0.2784620076858071,-0.006539530481368752,-2.8433511038980248e-05,0.006690651777161017,0.28413357173163706,0.008773668737085348,0.9966112075964546,0.9932338991068634,0.3460518740532816,3.6143064251513346,5.127972679718294,-4.4498254732568885,0.26109240016004115,0.3521553299072631,0.5679690765501045,-1.8604072774205505,-0.17121760042789186,-0.00039393426965126516,0.18093772947937126,1.9637363562707155,-0.0010550848734752025,0.2628539920977864,0.06909222116174318,0.29376438980411357,9.480010377231505,2.1800355101721034,-1.8028632561242262,0.02857823015244851,0.03855914992720899,0.12320422191600004,-0.44152562713906124,-0.019821844018898107,-0.00010047766479829266,0.01873730590831088,0.413408076444124,0.0007140507168192185,0.1936823143089211,0.037512838876059704,-0.06833926824860877,12.812254168537638,1.8508050147842874,-1.9994920151698081,0.00860698641915576,0.011582314488971148,0.08395234211677985,-0.28827221851609064,-0.005771660779102579,-3.757581902860452e-05,0.005810653709868569,0.3025639556602576,-0.001844439123602633,0.1963838221274955,0.03856660559340379,-0.3163048531862438,14.006022211226135,1.5802593395241729,-1.6411732519656264,0.01084331443148533,0.014627341008137484,0.08159941159822251,-0.2839587735132014,-0.007189124466625235,5.6632700428316295e-05,0.007438216541512249,0.2665080284161201,0.003938577320647226,0.16093705305518466,0.025900735046087323,0.2821584230872468,9.2595118856058,1.501134,-1.06342,0.02636215004724811,0.035563,0.07945038843861041,-0.25103074999999997,-0.013781,0.003819,0.021782,0.26210075,0.005570094335096585,0.19806717627704007,0.03923060631836006,0.03830628427040376,9.710602250539475,1.7309619375237835,-1.3188904965074921,0.0357001485721435,0.04815686614901249,0.09809137178302745,-0.2980534781403139,-0.018458821107923313,0.005622800973807669,0.029698045041089177,0.32003357622477857,0.0005820373959467574,0.11209812015832281,0.01256598854302978,0.0514899864042812,10.741787366642159,0.9392597876959549,-0.9228812341016597,0.009637707517610035,0.01301727603160149,0.05040205534773862,-0.1741568579183993,-0.006426330869940792,1.8320821110152908e-05,0.006590945161660698,0.17496443404332412,0.007877759882918814,0.2723435608447118,0.07417101513357723,-0.0750538738744993,9.898666964238195,2.048222961383986,-1.823161328966095,0.04951883781423298,0.06673803217267138,0.13424766879183875,-0.4015836254453531,-0.025390255659990712,0.007413660788282876,0.041347776512680665,0.43547248876160793,0.0015945306194634446,0.06537519660694584,0.004273916331396823,0.1047873743956051,10.229957001752107,0.504484191135863,-0.5792517686270421,0.00813735801004864,0.010985700901923856,0.03069809625981412,-0.09687702437119455,-0.005263892492790169,0.00010468108638179226,0.005721808409133686,0.10813714083216644,0.0008233123771385414,0.13475410340236535,0.018158668383775375,0.09414848512743809,9.540842195883515,1.0300510199794815,-1.105903112648874,0.010101382554203836,0.013624518562800766,0.06083199552617661,-0.21771055214614018,-0.00673141898720992,7.570016045739382e-05,0.006893099575590846,0.22119296512194137,0.0007890238560402372,0.08347624449301079,0.006968283394656915,0.23197098267120586,11.903056634733774,0.7327930401693868,-0.6394826870129668,0.009020007906882,0.012183806980965325,0.037328685569222815,-0.12025738079858167,-0.006080914203167193,-0.000109954322516106,0.006102892777798133,0.12484468299258958,0.00015464449534549033,0.9949240420158216,0.9898738493811005,-0.0006216127816874836,1.9523276968870515,3.308209,-3.31911,0.7028446316080934,0.9482635,0.6868488084162924,-1.871213,-0.4728405,-0.0008665,0.47542300000000004,1.86934975,0.00015796333955784287,1.4069107344090739,1.9793978145954794,-0.0004989149401878145,1.9555842859097412,4.662632558501368,-4.669711674034411,0.9866102902900373,1.33102839092663,0.9708201573109762,-2.6277686489192873,-0.6651756810594652,-0.0006286102670801296,0.6658527098671648,2.6552958761845122,8.162708850772018e-06,0.014769860096513642,0.00021814876727058597,0.11310970773901499,2.2335637588596393,0.22707004572074332,-0.1564837167450739,0.015343712763916606,0.020697298959038837,0.011950608707086629,-0.022147530273662962,-0.010343449638251383,-2.346215490606554e-05,0.010353849320787454,0.022448871895377094,5.04982991774247e-05,1.9890226075444142,3.9562109333227804,-0.00020369395317675117,1.9663137961595734,6.5206582675093,-6.558892336726738,1.352467943376256,1.823556458171272,1.3708037350709101,-3.696852039679082,-0.9097904377575791,-0.003525221936219892,0.9137660204136929,3.7550257542326504,-1.9924115856842214e-05,0.04539001632151547,0.002060253581667441,0.005374607303701719,0.17203585988867065,0.1471443566432432,-0.21143526461891704,0.03903845645656004,0.05266939436271405,0.03504451857626642,-0.08134111706942913,-0.026455143747332197,-0.00010823859295511218,0.026214250615381855,0.0820763650767008,1.0847243212207201e-05,0.0055425284480312255,3.0719621597235424e-05,0.6524343280587158,51.820569403221825,0.14418152921927377,-0.13152634593764706,0.005194480216597908,0.007002196301595568,0.004155740487175961,-0.008280279610240332,-0.0035155695291176903,2.674514695337059e-05,0.0034866267724778786,0.008349266004493,1.8000475924212102e-05,0.020140327998003426,0.0004056328118671607,0.03325413585061439,-0.04644843954798494,0.16498236040286596,-0.07101692702241524,0.02180871455515239,0.029413210826266994,0.016485015394838296,-0.033935005450147306,-0.014680016223841508,-3.871022489523716e-06,0.014733194602425486,0.033705120129810306
-5.488516260162602,7.687438295987399,59.09670755461365,0.6379511000991581,-0.06238968176116355,13.1,-23.6,5.633888430321287,7.6,8.466971544715447,-15.8,-10.5,-7.3,-2.9,8.884999999999991,-7.723121090706515,10.901468147847767,118.84200777853943,0.6638380070483898,-0.062477844095240265,18.463153016383856,-32.73074396942589,7.791601393036243,10.699501316666439,12.000013222634822,-22.220809405287152,-14.7983764147933,-10.421097784227474,-4.098875098126861,12.498525440598854,-0.022512570892757378,0.7376962300677855,0.5441957278562232,-3.7103302265358193,45.657024230321234,4.192668075125547,-8.192871573789866,0.34027326862533863,0.44816141133040266,0.36493258886854046,-0.6038211776662379,-0.24506990475902002,-0.0034113195729490453,0.20309150657138267,0.6940729426806246,-10.836595245832523,15.515585958960754,240.73340764990013,0.6826548370445299,-0.05130939927509459,26.006312219223837,-47.072462267618086,11.055505944594362,15.455706355915474,17.025582195830008,-31.33043233417753,-21.266728167264617,-14.633117242783051,-5.811021811349144,18.076328519044182,0.11305417845018216,1.1693540473119757,1.367388887964898,6.419433839908611,55.458918180115035,12.11394138681326,-3.5122109960232804,0.30926137894454525,0.4358711121325222,0.4324048229004956,-0.5591605088747178,-0.21620605925760483,0.03022057311270543,0.2196650528749174,0.596326293802447,-0.028121555053034916,0.7274862052012263,0.5292361787580808,0.26528078103791064,10.37181461583094,4.056716902532517,-3.255758174104814,0.3504961544468013,0.47264510280424266,0.4075555413689982,-0.9979468375692275,-0.24689515038785514,-0.01446335278265612,0.2257499524163875,0.5886608977301722,0.06543842598500228,0.7359610699808103,0.5416386965272992,5.155905097929366,38.787150172724004,6.8561384170217226,-1.8094611483315004,0.3012799082415435,0.3940393544310657,0.3500821050073964,-0.6635902715317086,-0.1819502811271217,0.006732213731967432,0.212089073303944,0.5612989967484936,-150.68516260162602,14.776087010141904,218.33274733128428,-0.22052152086489313,-0.6439970041136278,-111.8,-194.0,16.234494292636345,22.32499999999999,150.68516260162602,-175.37,-161.6,-149.4,-139.275,-128.53000000000003,-212.9799495407686,19.818885282001492,392.7882138211354,-0.15112952314781236,-0.8495246487806569,-157.50019462813617,-270.90281556567567,22.82289644944614,32.07309287429598,212.9799495407686,-244.30067968547436,-229.16701860506853,-210.42458275538266,-197.09392573077255,-184.38667877404643,0.46092852238155474,6.64131483071775,44.10706268071154,0.16770275717797256,0.25321621176515974,18.832198548723184,-23.30717027553886,5.838977809396818,8.34524570965679,5.129301239101483,-10.388762322335612,-3.54585348718528,0.05314780962145349,4.79939222247151,12.338477000051775,-300.81489976288685,26.64306448148213,709.8528849644147,-0.2731814155415968,-0.8525891464706685,-224.5245955018387,-357.1734225924028,31.879739462401403,45.77959628033943,300.81489976288685,-345.18560593077575,-323.3671359956353,-297.2192253485199,-277.58753971529586,-264.29730112009315,-0.07888995659270404,8.816467459948438,77.73009847232966,0.20542659080899933,0.007645416571033792,24.308805531828792,-19.789132560488063,8.391061930074454,11.275499817692353,6.900254410737649,-14.636824537407197,-6.02743201730692,-0.6072665393312278,5.248067800385434,14.882721093995414,0.6479448532306537,6.212406848192657,38.59399884747102,0.8279517931123508,3.6274529088092375,24.335404913759668,-21.799318417510165,3.673170716497895,5.096640811959291,4.058424368291511,-7.560560459865515,-2.243687529245385,0.10194416233127632,2.852953282713906,12.712566799953466,-0.6997193461968837,6.925259719352504,47.95922218048632,0.08152062659145728,-0.46902685598580973,14.734889453627062,-17.43192185574567,6.858223661411085,9.614921046845065,5.639643167758755,-12.582397093369902,-5.886637720688136,-0.5494050477361705,3.7282833261569284,11.308329971625955,-1.5352642276422763,7.36089469167241,54.18277066189107,-1.0557976790882175,1.3836845421578126,10.8,-34.7,7.116490648826889,10.1,5.664735772357724,-14.584999999999999,-6.0,0.0,4.1,7.5,-2.1955937368963605,9.7564226498506,95.18778292251783,-0.757131107811751,0.36968511490398104,14.314968137837761,-44.155871867007264,10.08048740139972,15.720167716071861,7.820249496086601,-18.263859181069872,-10.193129404725138,0.0841391558972383,5.527038311346724,10.450040802509271,-0.07146842452802238,3.5662089333898876,12.71784615658984,-0.20474783526607626,4.150325139990878,15.867703230076394,-17.114687594580015,1.944952886837369,2.6058208206907305,2.315019339293962,-5.321670107491937,-1.40067287678075,-0.08554209074217142,1.2051479439099806,6.188158706079215,-3.1683504898268713,12.90126023070054,166.44251554025536,-0.4091472341601539,-1.0924944504376515,16.95356389766829,-31.189610635107783,14.726337422394332,23.79415383667864,10.755682018743755,-24.315459528885754,-15.888226271257643,0.3635875127862278,7.9059275654209955,13.681759102070105,0.5835144620038845,4.669011414805454,21.799667591583628,2.5893152744607657,14.233776797271737,30.61521955237685,-12.959599842671654,2.968165030501992,3.8556438408223697,2.8027402690743837,-4.750201067874264,-1.6477767375463832,0.10776915258377395,2.2078671032759862,5.444148656696912,-0.09554138406474459,3.43446446462469,11.79554615876976,0.06655422582414487,4.767911026770771,12.521623849819292,-14.232736973639081,1.4767667428115394,2.037991109181253,2.0421249001167006,-5.276299028961251,-1.2747042549057706,-0.10758978613763565,0.7632868542754823,7.343848460924068,0.30901730808321043,3.6344630656127364,13.20932177530313,0.31751595486737466,4.93794568038198,18.535972094191425,-16.288882981929653,2.6016229615795723,3.470108352571832,2.5116861338565686,-5.652412647816297,-1.4040520702227375,0.23105518000765266,2.0660562823490944,5.858925324214221,-0.9069105691056909,4.414977396857921,19.492025414766342,0.05211533615888638,-1.4992506881766303,6.9,-7.2,6.2269293177235285,8.8,4.048373983739837,-6.8,-5.5,-0.7,3.3,5.6,-1.2808836385263356,6.262054264212271,39.21332360793908,0.06128076242692023,-1.498689707648242,9.766651791283682,-10.146003986195318,8.853648354187229,12.502781507186413,5.7455685537722125,-9.547418537032764,-7.811470151572701,-1.0134673737005453,4.691311355613712,8.01508728607479,-0.007303202595715794,0.17108783007162184,0.02927104559861615,-17.242443412780887,348.8593655916215,0.3931510444855396,-3.501861490869393,0.06480351647067978,0.08703371268344468,0.057132312547010476,-0.10206447494434852,-0.04186044874472922,0.002914720998042422,0.04517326393871546,0.08896976285256059,-1.8281649547735492,8.909976684373326,79.38768451607629,0.07517031892162736,-1.4917931067434744,13.790478696506165,-14.274456091255345,12.927681921688842,18.015313488116394,8.172310578407256,-13.59451399199035,-11.30136779655496,-1.6993958704101075,6.713945691561434,11.579353036891263,0.020146575268636113,0.3543164817478786,0.1255401692381948,13.081988042901296,193.4462842402438,5.297162159511089,-1.0627609222089025,0.06714511280543195,0.09122709935105441,0.09193334722130812,-0.12831815811808767,-0.05212555150523235,-0.007781522083114223,0.039101547845822066,0.1479933665939548,-0.009721541702897943,0.1437757642274898,0.02067147037919874,-7.61374224356301,72.65386790871068,0.31189720933220744,-1.44018140224874,0.06340896057069458,0.080976137661706,0.06154606747927466,-0.12775934682560275,-0.039215280207936895,0.007152355056754548,0.04176085745376911,0.09970761479532342,0.01346814468842946,0.19225014825112205,0.0369601195025784,13.105375129037725,192.48498382884551,2.87439691796018,-0.34238156656805224,0.05666157058732715,0.07739770170327753,0.0592614046268917,-0.0917544162119574,-0.03587204908675112,0.001871744387005406,0.04152565261652641,0.10036869105362714,0.18536585365853656,3.4480596152116543,11.88911511005354,-2.2613810217759642,4.853019017117196,4.1,-16.9,1.0378215529539216,1.7249999999999999,2.4666666666666663,-8.485,0.3,1.5,2.025,2.784999999999991,0.2726680842282607,3.706827806947195,13.74057239035695,-1.2844108911505696,0.7118343895485171,5.997428734043378,-13.926240573316658,1.7029771412163217,4.657359527428476,3.135736322805537,-7.616485626637107,-1.841112547393309,1.981311613563892,2.8162469800351664,3.682582339255427,-0.2855565015801298,3.136095541578271,9.83509524590711,-0.03284005581589719,3.322605244621318,12.153929047860935,-10.04894307065094,0.5706424471439902,0.7302475971671648,1.7162337803441317,-6.567812397806387,-0.44094999635408166,-0.015155009518790369,0.28929760081308314,5.093155979018052,0.4218379570388268,4.876087976472992,23.77623395430448,-1.0408365441541987,-0.30242938103867845,6.582909848883638,-13.365195175317309,1.773693744829325,7.229350848772564,4.3534623008708735,-8.963462114338903,-3.360557618201838,2.9811266718635165,3.868793230570726,4.893977655414306,-0.13971265154967102,1.8484957711405599,3.4169366159245333,-0.21207821762197748,2.711808148558995,6.044054075953183,-7.813035325494309,0.9385500072112891,1.3231717469049484,1.204916294590214,-3.4532348656032843,-0.8648781907810945,-0.04774906605857132,0.4582935561238539,3.070236126797907,-0.3983031409870601,3.3926783995792578,11.510266722971673,-0.5415192307902351,6.3205306069480365,16.427557466605645,-13.296947693923999,0.27439945868638593,0.3809379083387332,1.6185801393166046,-7.851292432454491,-0.21741135667154865,-0.017199928174676214,0.16352655166718455,3.783819285957878,0.02588358792886434,2.8084266723053823,7.887260373716284,-0.574791225956961,4.82060438462645,9.009380353822127,-12.407534310807169,0.6520707423937754,0.808297199384387,1.5064383808967101,-4.5876867249931665,-0.3956077422657812,0.044356521268962945,0.41268945711860583,5.318888505713305,3.2002032520325203,3.519547613805371,12.387215405843083,-1.6719808472242674,2.2022959789634537,6.9,-8.9,1.482602218505602,3.825,4.325,-5.5,1.675,4.8,5.5,6.2,4.52244879050607,4.942080323641805,24.42415792532749,-1.6314463352659672,2.0510923737200697,10.40799658238707,-12.383006171441597,2.079741383751798,5.312194265938649,6.092167540279709,-7.444486757201326,2.4741226561734155,6.829622747902538,7.786316922112064,8.743333393601551,-0.04598411860949418,0.4492345472902532,0.20181167847907872,-8.587213188688807,88.11539173270992,0.762044204048404,-5.368435241141226,0.11317857165318534,0.1509405500097132,0.1550699263026249,-0.2991024520051953,-0.08208059734111417,-0.0056634899068645495,0.06885995266859904,0.24913674979982306,6.388158475876016,6.879309656246125,47.32490134652118,-1.6978541261047124,2.397008960196599,14.185140053574075,-18.34629650272645,2.82333379293684,6.962948808452431,8.524710696556701,-10.098266039330575,3.9460408030623384,9.620074691243635,10.90898961151477,12.287379075639357,0.08292413996925717,0.9228110636949431,0.8515802592777924,6.143737268490172,43.90847530983336,7.853841023962571,-1.7758999483628732,0.1827415619051554,0.2443892394886372,0.323284902385534,-0.45221057550816357,-0.1394781430205023,-0.004125599194901837,0.1049110964681349,0.5335088379259643,-0.06410774481833112,0.3579856055510069,0.1281536937817211,-4.092254317924428,18.97398763471251,0.4295859996253375,-2.2417386645142017,0.11947827087593929,0.1632440606853936,0.16458004956045352,-0.36643561159675864,-0.087765951788383,-0.0021022580545425823,0.07547810889701059,0.2310853825780369,0.06748455613540477,0.5152441514305557,0.2654765355833934,6.17698662772657,44.420024728202236,4.43915199618997,-0.7239960993401047,0.12983585588444396,0.1746822116602823,0.194594360986758,-0.33372981453446793,-0.08003876972842999,0.004992693743829355,0.09464344193185231,0.3873495544124476,0.0014906868591755599,0.2878805658128225,0.08287522017271085,-0.4319968168070084,5.262771858111858,1.353266,-2.017484,0.08573295588730494,0.115771,0.16308627921262667,-0.514369,-0.055071,0.004241,0.0607,0.51016225,0.0021077981347085227,0.38726582825131384,0.14997482173117613,-0.3455165287837373,4.842711416106566,1.824203444349749,-2.5547497586576355,0.12103198400859604,0.16323742895596452,0.22430349174867706,-0.6911019333197034,-0.07741705677596539,0.006459775643262817,0.08582037217999913,0.7039160995864638,-2.510928451864762e-05,0.12554202584369203,0.015760800252938238,-0.11647170478884639,10.188276516274785,0.8713931881442124,-0.9719249417200944,0.008769820943046309,0.011810728267900526,0.05515422816843414,-0.1919553463922549,-0.005850703076996049,2.1076373519773785e-05,0.005960025190904477,0.19232601223608653,0.002979818741493465,0.5369635233079564,0.28832982536329427,-0.33633363803848,4.720558302099841,2.4897938957762493,-3.323971492642841,0.17040690644950188,0.2301331892394689,0.3130001082645256,-0.9584719029456608,-0.10920510669408683,0.00986897767898731,0.12092808254538209,0.9664051080314386,0.0004149683460868264,0.10754538098420872,0.011566008971038603,-0.09281815596024172,8.27355347709946,0.7317473137164029,-0.7567266177658757,0.01041468354747468,0.014020654282397953,0.05023041627576018,-0.17097246864156387,-0.006805254959337841,2.4463734412176648e-05,0.007215399323060111,0.17833993088300265,-3.541411420120691e-05,0.06853425158110958,0.004696943639782821,0.0600972655385684,7.984289319012504,0.4195842899234166,-0.44781204300654776,0.008203667139432293,0.01105476532743372,0.032566029182303426,-0.11426355410107128,-0.005497617573166031,-3.5965329680230813e-05,0.005557147754267688,0.11040472213991517,-0.0005582923073397798,0.16376418349645516,0.02681870779626064,0.07168876614314733,10.186854786797461,1.0370208966858276,-1.109648742648632,0.009168752498620283,0.012368298253550188,0.07089245100959606,-0.2546963036605566,-0.0061983863280813895,-1.1726863033541729e-05,0.006169911925468798,0.25071549361472567,0.00751014463575763,0.5254346723420784,0.2760815948992273,0.6355025077506151,4.691514259524358,3.121612,-2.946898,0.11937171762297855,0.160669,0.2885163277583475,-0.9237010000000001,-0.075475,0.001014,0.085194,1.02224175,0.01061503155900543,0.7130591707698796,0.5084533810190283,0.535640090719527,4.136581773171463,4.146102219120746,-3.3631633724620866,0.16851492627034087,0.22670812901814053,0.3971562454759243,-1.2668809823805631,-0.10572321730110723,0.0016708451202048212,0.12098491171703328,1.3947249495294236,-0.0013572126577943548,0.20894786739981305,0.04365921129092985,-0.1523363574807515,11.666218060669587,1.5943795419744586,-1.6273229512466816,0.009995323062082541,0.013467507431940508,0.08946044756448983,-0.31239107780273273,-0.006764681399748945,1.1878758104294073e-05,0.006702826032191562,0.3057697569600574,0.014995391678301464,0.9678806501251853,0.9367929528867514,0.45134386157862605,3.6729717826460533,4.711527109970777,-4.227986399534476,0.23686343562499387,0.31938366657488293,0.545511917436019,-1.7518911787503038,-0.14922988280266358,0.003853726636681774,0.17015378377221935,1.960032323272119,0.0006436093170335237,0.2827258426017426,0.07993390207486532,0.20294329049049772,8.045640164311951,1.8826665680702126,-1.5268192608476086,0.028794536290580246,0.0388181866860081,0.13220813350089863,-0.4644641206115733,-0.01932328880317523,0.00021492650414386277,0.019494897882832877,0.4550424396565039,-0.0019192102763161516,0.20467762872116993,0.04189293169892109,-0.15846413211479476,9.759313739493914,1.574037285475918,-1.5853585583569179,0.008915083895784158,0.012025771713876848,0.09073957557156331,-0.33529623745734544,-0.006032763167710677,-2.499262578390646e-05,0.005993008546166171,0.3182974938126967,0.000291412309083272,0.21309569228026984,0.04540977406840746,-0.06784161378593738,13.94907116305793,1.641000973104993,-1.9810456717272682,0.010610314655108428,0.014311273672071027,0.08786756142077506,-0.30346620872320834,-0.006985321216565631,9.292189724629531e-05,0.007325952455505396,0.30927864391592375,0.008260923863330643,0.15394305483731086,0.023698464132643295,0.03309560263476211,7.354545392109195,1.378903,-1.043945,0.024480727831964498,0.033022,0.07906887606492691,-0.255098,-0.008519,0.008536,0.024503,0.26973674999999997,0.011681565204388372,0.18116024870911795,0.032819035712349474,0.03215042684229239,7.197151634608609,1.4331655320839805,-1.0932140058257518,0.033018055328944654,0.04456911348024439,0.0953089751233044,-0.28990975607644665,-0.010997330951924737,0.01205811170418706,0.03357178252831966,0.3209289025743781,-0.0007183055341147243,0.12071952253139626,0.014573203120208288,0.002416014638278806,8.11075318090104,0.9213319948783116,-0.7608126662661148,0.008798140880584995,0.011875076846991434,0.05508383966658261,-0.2011637143186274,-0.006047447882706512,-6.678531019635014e-05,0.005827628964284921,0.19626542263219834,0.016516995774582502,0.2471241500283067,0.061070345527213035,-0.039199702851457394,7.173520886837872,1.7290069814949476,-1.4876797388443637,0.04584794095920626,0.062216739465562006,0.13016412391722745,-0.38513331044029864,-0.01534220548228067,0.017080668649724243,0.046874533983281334,0.4409962597664622,-0.00023099524859506246,0.0674995441234682,0.00455618845687603,-0.3502174104817384,8.689907909991057,0.4152121890432041,-0.47854697011879005,0.008542240285061724,0.011533655554758377,0.032068249482517186,-0.10875670166069021,-0.005773044604011256,-4.0949334783252204e-05,0.005760610950747121,0.11219870310599078,-0.0010149270005289056,0.15155678798275174,0.022969459983648764,-0.14039468572941474,8.07853037179076,1.0515145490786502,-0.9680583754043344,0.009609624681698297,0.012971638397568819,0.06903443716568386,-0.25084944050694846,-0.006461589573651788,-1.1957240492346246e-05,0.006510048823917031,0.24464915543216792,0.00044709308464683937,0.07855908903312658,0.0061715304697147096,-0.013242400888158357,8.96585783860324,0.5559412501580309,-0.5168534507547872,0.007987816648638112,0.010792780633966761,0.03611993115379524,-0.12742006424052793,-0.0052443334439987496,0.00011731213694779789,0.0055484471899680116,0.12618641217825205,-6.955969569246458e-05,1.0427264287205897,1.0872784051523952,0.0002632859343540306,2.247889436104832,3.788488,-3.787185,0.7166172649169011,0.96628625,0.7103824569844259,-1.9715375000000002,-0.482054,-0.0007505,0.48423225000000003,1.96826925,-0.00016163391094884907,1.4745110261117065,2.1741827661249977,0.00039355997448960146,2.2514474439239445,5.347443792377117,-5.344836552551669,1.005787027268078,1.3570741345160653,1.004092576948062,-2.786108993802221,-0.6776569493780482,-0.0016017249547073979,0.679417185138017,2.781072071472627,3.925196627263131e-06,0.014960459036062438,0.00022381533456970228,-0.33609263113384025,12.461659451128478,0.17839841711219995,-0.37131888654831646,0.01532824447611688,0.02059672708689388,0.01196507034162496,-0.023106016269828743,-0.010090943876057091,-0.00014671649447119562,0.010505783210836788,0.023109620270913817,-0.00040796731189482243,2.0846402712218124,4.345725060399752,0.0006706175211235923,2.262488648341293,7.470160499958797,-7.51188202685997,1.376500679993087,1.8574298009493284,1.417752006140668,-3.9196062025822656,-0.9269354374484557,-0.0012572235046760458,0.9304943635008727,3.9391713139677567,-2.0325669930588434e-05,0.04517447161907368,0.0020407328860624933,-0.04135406618733022,0.9381597767275949,0.28228425190693607,-0.453656038386955,0.040572233696450945,0.054823431909676874,0.03480974231674921,-0.08032766185837256,-0.02758036040549451,0.0002069945457565947,0.027243071504182363,0.08078497675360866,6.289628210794365e-06,0.0055158432860530566,3.0424527156296583e-05,0.4723668484400332,73.51431063728405,0.14131582799988315,-0.14961677095806628,0.005253268601366824,0.007093022579228074,0.004098925097349034,-0.008182848597703938,-0.0035353201153037273,-2.8414708653495466e-05,0.003557702463924347,0.008088653885692548,5.90854919953342e-05,0.020426526163374783,0.0004172429711030345,0.3164492574193574,4.651785771466954,0.3458847688894659,-0.050350319974678946,0.02179015856086695,0.029413760671575914,0.01653315774854466,-0.03462831893559523,-0.014943656431820121,0.0001862319344361384,0.014470104239755793,0.035074626153197196
-5.397357723577236,7.5225766652817825,56.589159685041984,0.8547800352223532,0.14371259351145005,14.0,-22.8,5.337367986620166,6.5,8.486585365853658,-15.0,-10.0,-8.1,-3.5,9.2,-7.587129981454589,10.678871671490873,114.03830017617027,0.8791034473215938,0.15380733897652865,19.77474120379092,-30.72857718130201,7.852712004884769,9.176610951465477,12.025648997953,-21.2831460346546,-14.122906126862102,-11.712864080628666,-4.946295175396624,13.08081917144024,-0.03492328565546432,0.69092355574103,0.47737535987782825,-3.775936082350572,42.875408577084656,3.7205218617536238,-7.814272358666635,0.31144111894032206,0.4197887122578635,0.3454583945087896,-0.5442124493038949,-0.2278147714675244,-0.0246619946466482,0.1919739407903391,0.677899318846319,-10.622089349321037,15.220830371626915,231.67367720184032,0.8994277507659504,0.16639925973779768,28.043407876769525,-44.37827008735041,11.16023922921181,13.17827036464424,17.061350956482407,-29.217326454036428,-20.04819730442372,-16.505942766937007,-6.86992693977948,18.458863869098003,0.11680988537122051,1.1613513457291602,1.3487369482269314,6.215220208020338,50.424310599128894,11.689218977115958,-2.4411672517838254,0.36532166603101907,0.5054944298341445,0.46299991954462977,-0.6761243347430439,-0.24532734455104374,0.02382111107260365,0.2601670852831008,0.6945155484037795,-0.04928602218507074,0.6152107185536416,0.37848422822328803,-0.42609904938523496,10.371374592157729,3.0269968566507384,-3.4493585873946238,0.3026659674688978,0.4078238224164506,0.35985025713015545,-0.9775929494597094,-0.24135473245570904,-0.040798645940493164,0.16646908996074156,0.6879906640839415,0.08853456468389777,0.7458894920128011,0.5563511342951145,3.721332507026087,24.295776023060416,6.276882989618598,-1.9425638116695425,0.31345619723267004,0.431436767127045,0.38486885932965054,-0.5822257402376059,-0.19424955017297635,0.03446387312458112,0.23718721695406864,0.7958305711927669,-149.95782520325204,14.656873569463398,214.82394283123472,-0.234172223561947,-0.5999026081603045,-111.4,-195.6,16.53101473633751,22.299999999999983,149.95782520325204,-174.07,-160.7,-149.35000000000002,-138.4,-127.9,-211.96810890317786,19.676660385725476,387.1709639351783,-0.12785879082374782,-0.9578280486664159,-160.450013399476,-256.9529880591556,23.255972345186734,31.887073747026477,211.96810890317786,-244.37192646216127,-228.39716115129417,-210.26426693267192,-196.5100874042677,-182.3279966180691,-0.1543418370056366,6.469472312761498,41.854072005587604,-0.2599343664952901,1.234787109316824,23.533254805616977,-24.722113895538943,6.011700023384801,8.088689901963871,4.945355172242439,-10.53663708720684,-4.146875978177334,0.07447606126831907,3.9418139237865373,9.330098551873878,-299.40814031738455,26.09575252606434,680.9882999015935,-0.2554164646158764,-1.1185979428096924,-248.06608975410148,-353.2595683402383,34.077014246457274,49.576872831445826,299.40814031738455,-341.7528682557495,-323.9228008160836,-296.1280887346426,-274.3459279846378,-265.42924709862837,0.20173854432202748,9.62554283685197,92.65107490407226,0.013345075820800441,-0.7492726990588792,20.40409920545734,-22.384136832333706,9.434780458447232,12.510457219160823,7.958288268608743,-15.701012285949638,-6.195256271107711,0.24783586546702807,6.315200948053112,15.821835067979169,-0.20295286639218016,5.001858258255717,25.018586035680908,-0.8825071622595552,6.207870964500938,16.913400195413168,-24.679866229848397,2.425257078636325,3.2647726552487537,3.102863957826337,-7.75281452352225,-1.5556957762886883,-0.05393184200922829,1.7090768789600654,7.058640925675812,-0.2851759652233821,7.584642559981348,57.52680276268041,0.004000816803862558,-0.4011980306055367,19.24788276283519,-18.560617711425163,7.8466696453139235,10.643761125634036,6.1234863079331765,-12.525427524454038,-5.6811985734958945,-0.5457984941420471,4.962562552138142,12.283934781139425,-1.7082317073170732,7.871361807879204,61.95833671053936,-1.2770815384829373,1.9734684367570683,11.4,-35.6,6.671709983275209,9.725,5.828556910569105,-16.685,-5.9,0.2,3.8249999999999997,7.8,-2.436268382887468,10.45738495696311,109.35690013811838,-0.9701668046210421,0.7179499601160311,14.916410181270551,-41.00673562102992,9.772497161520791,15.255978263547771,8.07119164520659,-21.357596895882644,-9.653047555252614,0.27344555913858737,5.6029307082951565,10.426678001584731,-0.14286556773745154,3.7388189036623802,13.978766794383162,0.05624295164697249,4.967229889871496,17.17322681801157,-17.254107598650016,2.239429512620673,3.016763117579048,2.41706590300568,-6.207841229063025,-1.6182508849955795,-0.11241650391848919,1.3985122325834687,5.721860341171618,-3.501778711654276,13.114186810075584,171.9818956895604,-0.441428079313193,-0.9819943462476499,16.472054699774095,-37.86455603384708,15.037992564803247,22.938148784092043,10.89368512579571,-25.855833933928253,-15.75665228649429,0.36595175318994705,7.181496497597754,13.48584743887154,0.7375417857703559,6.6251796742783124,43.89300571647048,0.7765014000678148,8.239209283423762,33.12145821208815,-31.530328047409256,3.418386659199236,4.63463986131549,3.9363500175674013,-5.503098848811612,-2.1844492782891374,0.08679492537506878,2.450190583026352,13.757545957030377,-0.1984867244243825,3.0594776579899166,9.360403539739465,-0.5419042051566668,5.328782024106545,11.674915183849151,-12.492688977011356,1.3542992732569203,1.7313600115809873,1.7784395756607327,-5.218930256425371,-1.0175543673197505,-0.062408447927007366,0.7138056442612368,4.015318696785766,0.24619214799921865,4.26261217896454,18.169862588256823,-0.81300793294274,4.6796103490968886,15.648603238510953,-20.86980588308012,2.6652702245925077,3.5154242309400523,2.911729263676587,-7.078455444823014,-1.389731232164144,0.5392912373655256,2.125692998775908,6.860639049118571,-0.9205284552845528,4.366186281821274,19.06358264756428,0.07759802830294885,-1.4968928515013287,7.0,-7.0,6.523449761424649,8.7,4.017886178861789,-6.8,-5.4,-1.0,3.3,5.5,-1.3004387624268978,6.194570751118088,38.372706790607715,0.08689450290256968,-1.4945323229326783,9.885519968861846,-9.921600881483636,9.204006838297468,12.388540845305748,5.702789596852147,-9.545484240692003,-7.658620648712834,-1.4823183950801966,4.729920196592914,7.881125093743701,-0.01115363895760576,0.1760533660916229,0.030994787712190996,-16.819531785892337,337.2590360601104,0.36946105614407915,-3.5768919154505987,0.059980475199216385,0.081741101222914,0.0593274756234662,-0.11016456608418357,-0.0431878679875643,0.00013031193467061275,0.038553233235349704,0.10199880733378448,-1.8566072339526416,8.818619057728213,77.76804208532724,0.09937380036557178,-1.4866044346805865,13.920649435124945,-13.915166858330032,13.066464865296272,17.64904137409288,8.118084927513934,-13.492434768251645,-10.983634739064378,-2.124765860865522,6.6654066350285035,11.351956618530583,0.022140425087686284,0.36797449932236254,0.1354052321515434,13.230528475850017,196.66947023447182,5.525430796604288,-1.0712353152409197,0.08222283028633794,0.11303516761465843,0.09534649567595743,-0.12769921169885773,-0.05489527155477136,-0.0037636815483540753,0.058139896059887064,0.13955827249487873,-0.01538271985556887,0.14850595095218141,0.022054017468211715,-7.749241556697887,74.68562249728039,0.2029057406301762,-1.5257141402199064,0.07217115431023097,0.0966035283087717,0.06611753795898781,-0.12016533908866509,-0.050612938789191694,-0.004785566024947478,0.04599058951958,0.10668347679897822,0.012631252464768043,0.19745303431059338,0.038987700758460364,12.5098278346702,181.85715825274042,2.909815283559801,-0.43601643450538685,0.055216374853077725,0.07709528905314329,0.06300318141846033,-0.10659653861974978,-0.03338584820555221,0.0005669168158389903,0.04370944084759108,0.09447304702970444,-0.0022357723577235656,3.639015529743203,13.242434025712207,-2.1465691050027496,4.095181190088887,3.9,-16.4,1.0378215529539216,2.125,2.551219512195122,-8.954999999999998,-0.125,1.4,2.0,2.7,0.011169628415363833,4.015811277489044,16.126740216408194,-1.2802269672217554,0.5897587375394311,4.473018421941232,-15.51402898678903,1.7561245354782977,4.860200640459235,3.3068833167694858,-8.69782935684024,-2.0855121799561984,1.9102060063156499,2.774688460503036,3.642835126026283,0.07849968559450554,3.1979195643367397,10.226689539967683,0.6621382663841014,3.691424988945905,12.736536813277494,-10.481505581725559,0.5750393222603181,0.7835747621681223,1.7375841873831444,-5.447034175999444,-0.4182011696285803,-0.01159246200029497,0.365373592539542,6.506504272920001,0.06390997286717756,5.322205136644592,28.325867516526078,-1.112112736238263,-0.06342498156482401,5.557382421854851,-17.57604770946267,1.9397271753007295,8.011676415547557,4.5924677280136255,-10.308464372526167,-4.16721322205564,2.8813478623433353,3.844463193491917,4.692200230253292,0.02291627458502726,1.9100624284933359,3.6483384807418595,0.5332911949744165,4.488487404230143,7.823807514689042,-8.630525911423526,0.8659062772126932,1.1577189334518347,1.1782244342294717,-3.102248369870215,-0.6185283628673764,-0.026086680730314976,0.5391905705844583,3.4846567800173895,0.10925100263148711,3.1276094673262893,9.781940980109036,0.4535307429497964,6.441580106986482,14.67122969768291,-12.716148652207037,0.22678384040782973,0.30050535889500307,1.4820298536438605,-5.369316662175187,-0.13553745397844613,0.010144513220311567,0.16496790491655694,4.968567294522796,0.24316036842498448,3.213629015765308,10.327411450968702,-0.46498309682016403,3.660496194873593,10.269364997082127,-12.802906498225616,0.6246236794627005,0.8623973258135788,1.763859069377313,-6.769840713356542,-0.3102531163247745,0.055378883489476616,0.5521442094888043,6.390712059136412,3.5026422764227636,2.899658854703404,8.408021473659858,-1.469286394857385,1.7505182820932124,6.8,-7.7,1.3343419966550423,3.7,4.113617886178862,-2.7699999999999987,1.8,4.8,5.5,6.2,4.949821317657352,4.069498902876341,16.560821320511746,-1.409093088899594,1.4958279099243947,9.997291483487954,-10.540276800792034,2.0504598357587223,5.236269633198563,5.795920618712914,-3.90876967803109,2.5400894527977966,6.807814725285398,7.77635908599636,8.713257792299835,-0.03180553689471146,0.4086667785611814,0.16700853589957368,-8.022425102684185,77.50689336337719,0.688891913354742,-4.728556435976953,0.10452457220767908,0.14161701605901333,0.14706886986904286,-0.30176450096950125,-0.06563720909709345,0.004178850838083947,0.07597980696191987,0.2511362047896585,6.992400989077816,5.652025124831466,31.94538801172615,-1.4730441280551585,1.8577224998615574,14.041821099120027,-15.798930645175336,2.6131488602693134,7.156412017698598,8.128744221956651,-4.70058868306638,3.743636439610798,9.636748005323016,10.900048457309396,12.220534151496206,0.08533382145257368,0.8760426243794597,0.7674506797296511,5.621659211316947,37.51803240898021,6.946633448157039,-1.7859893284130972,0.20038908712425124,0.2722742401238868,0.32880091237605497,-0.5097257569661023,-0.13176214340844333,0.006472626987896912,0.14051209671544346,0.530006606959175,-0.044632506917583414,0.3246023055493306,0.10536665676794098,-3.887157300945188,16.676139744183835,0.36181541329052347,-1.9592237781112603,0.11730189310843941,0.16044451400339593,0.1504482181586128,-0.25628758432857524,-0.07307424559601518,0.011179428186038006,0.08737026840738077,0.23642758775098077,0.06488232428152116,0.46888526409707043,0.21985339088737949,5.8044509233507435,39.55674327133366,3.970257445839556,-0.634618218776191,0.14440251521121653,0.19368644216899636,0.18946762728305588,-0.3131656449889748,-0.07569956556859384,0.01754359819946577,0.11798687660040252,0.3314555161994236,0.002165999451087441,0.3052436116460397,0.09317366245071829,-0.3046073823176698,5.434310115109817,1.429575,-2.049517,0.08996282001670142,0.121477,0.17172691227783876,-0.528261,-0.058102,0.003587,0.063375,0.55479525,0.0030638398277911313,0.4113030273583548,0.16917018031414754,-0.21737565799111752,5.296165698780298,1.9805746466657015,-2.657489854745617,0.12704272968393904,0.1716982419871912,0.23541156458835444,-0.697745518065854,-0.08193415994359055,0.0053487646220327315,0.08976408204360066,0.7360148501185673,4.4996019946246404e-05,0.13099856859571582,0.017160624974126463,0.04654594076709953,12.893406005979518,1.3402991915270412,-1.2285983642021836,0.008358625133092648,0.011271393616534998,0.056562422279204445,-0.19341165122562443,-0.005618977983262169,2.00228237298767e-05,0.0056524156332728274,0.19158481076353975,0.004334684330513151,0.5715374952631268,0.3266551084916487,-0.18631923231950823,5.2730629646118885,2.7708004836811284,-3.4504216479600895,0.17878490037362274,0.2413422286174811,0.32804390089825197,-0.9688767915044367,-0.11491230685145003,0.007931249752878315,0.12642992176603107,1.026918011784384,-0.0012786526680785564,0.10781303169082558,0.01162364980236696,-0.1347598378588556,10.370916241005139,0.7803894454707303,-0.8644737265112071,0.010337282482595462,0.013933832118777495,0.04927094082928791,-0.1716220408684505,-0.007027332567726713,-0.00016024263301362638,0.006906499551050781,0.16811752953434986,6.311067099471209e-05,0.07659932638480799,0.00586745680260634,0.11828252466626421,11.139392010213985,0.7030272637385426,-0.6367757949234863,0.007888159816362721,0.010644852295988614,0.03492366756663953,-0.120076838226211,-0.005319087879026315,2.360363486143714e-05,0.005325764416962298,0.1174675100644316,0.0009385506566075226,0.1686619368286538,0.028446848934792802,-0.0065731219904466365,12.392996677036027,1.4643902279115693,-1.5120635734715275,0.00881848387805612,0.01188191960034736,0.07262254481889438,-0.25214408297289376,-0.005789869482930467,0.00012381941488091256,0.006092050117416893,0.25766347556812397,0.00823980541791532,0.5387016480360427,0.2901994655967484,0.6622597583748014,4.735152113523494,3.135912,-2.567639,0.12418127921981072,0.16703800000000002,0.2971923818651159,-0.95155,-0.078419,0.001735,0.088619,1.02457,0.011659413895675921,0.7291684688739712,0.5316866560000116,0.526497168901489,4.219206487884376,4.461500828198872,-3.3056101117097825,0.17542867168199258,0.2358856548082839,0.4084070580605833,-1.3260280381663438,-0.10940218238103891,0.00370472820937954,0.126483472427245,1.3927885433477316,0.00045064794667553813,0.22059253499272732,0.04866106649451763,0.037022435086730185,12.908532429566563,2.1143034598459503,-1.9112096797218714,0.009824246862889211,0.013267673952128144,0.09396093281309306,-0.31964343337864304,-0.006703536606917753,-1.4006184294306813e-05,0.006564137345210392,0.3277645267686323,0.01650694661312326,0.991481515610049,0.9830355957964,0.4056620749117051,3.7126731340046497,5.374276035467649,-4.172789119815305,0.24570216496785713,0.33134552787061067,0.5603779564958391,-1.8542811685862186,-0.1535735745414747,0.005973963774461085,0.17777195332913598,1.9515061642037796,-0.0025695036710742226,0.2830977219032584,0.08014432014681461,0.21625541403473575,9.514794657681962,2.0865264951727154,-1.7974588513332297,0.028665960240131256,0.03881470592745745,0.13058272489190836,-0.4666729986326942,-0.020548854082780357,-0.000497968943945137,0.018265851844677095,0.42413102158597876,0.0006376019608894056,0.23697821644098474,0.056158675067550214,0.13666421123602518,10.947306981262708,2.0250514916621323,-2.0769838997815286,0.008622037174222724,0.011643654798322424,0.10351919106308234,-0.37963818865896104,-0.005874915162354211,5.251620184053706e-05,0.005768739635968212,0.3757032257917742,-0.00047592231109644194,0.20284455820686348,0.04114591479413762,-0.10956170082638679,14.904815009918625,1.705212857143431,-1.82970320191122,0.010786988672323188,0.014553372485679849,0.08448477300232743,-0.28832035730651195,-0.007334234928459904,-5.498685503008573e-05,0.007219137557219945,0.285383605719061,0.007904590971130167,0.16300585486877214,0.02657090872149921,0.14906139019284978,7.678427063189039,1.398439,-1.120151,0.02385210449131812,0.032297,0.08247679581936326,-0.262416,-0.008701,0.008234,0.023596,0.283239,0.011180482454273246,0.19103973208364392,0.03649617923459045,-0.04385188414986747,7.953083236632631,1.5370467428408425,-1.2149177442172157,0.03220861106640306,0.04375016631679446,0.09847331434342817,-0.2990029514943113,-0.011085720179875672,0.012186512800228892,0.03266444613691879,0.32942668212714715,0.0002934293249722785,0.1289995028922918,0.016640871746458407,0.011005306730049064,10.184879669713991,1.0008247418010356,-1.136913037530119,0.008545351531356235,0.011553564858824247,0.05766722033297166,-0.20452895523854575,-0.005703574347175662,-6.874257710032543e-06,0.005849990511648585,0.20662518518209488,0.01581656530166265,0.26153341658632334,0.06839972799131536,-0.15222569904423877,8.130108006642011,1.797316828313377,-1.6854539409810065,0.04484137423245858,0.060880553827116934,0.13499570380217052,-0.4046505488763492,-0.01546654102074945,0.01689769539521295,0.04541401280636748,0.4589884312324263,0.00032157720357332695,0.06767383988280139,0.00457974860448304,-0.1969345152481069,10.33610797805269,0.6246178434559176,-0.5794125422537835,0.008169684477356083,0.011068076641557763,0.03173970849324431,-0.10927385440343851,-0.005339215388496396,9.097086358412869e-05,0.005728861253061367,0.11083784959091215,0.0004153387891927324,0.16159215041934982,0.026112023077149778,0.06112138369963722,8.744807185609389,1.3134939776843273,-1.352408285799466,0.009312840153852133,0.012557041783934823,0.07358775047549412,-0.26796260431256214,-0.006169818873497474,1.784764903380998e-05,0.006387222910437349,0.26996179667059306,-0.0006227287622283794,0.08463698018203113,0.00716341841433353,0.12491223920292786,14.294808175204547,0.8921531842524916,-0.8620437709832613,0.007585527106690202,0.010231446175063014,0.037178391312103355,-0.12916398762133116,-0.005224664926713738,-4.9420686785680475e-05,0.005006781248349277,0.12325034698493914,-5.494392190606185e-05,1.0149141426170714,1.0300507168841448,0.00048310503978194407,1.7740014212728337,3.399759,-3.394455,0.714649110471835,0.96367425,0.7038235631546155,-1.94536175,-0.480941,-0.00031800000000000003,0.48273325,1.9464455,-0.00010154709907760003,1.4351656655998273,2.0597004877165954,0.0005427227277847226,1.777315725629446,4.8031507068509,-4.7995327334167515,1.0034741112369565,1.3544521906977307,0.9947649848565547,-2.7515916190172307,-0.6758868665658923,-0.003330740062109168,0.6785653241318385,2.7517559279516024,-1.0531509176690446e-05,0.015271900468289523,0.00023323094391334174,-0.8080106647365419,30.015743172669715,0.28821781650684475,-0.41962282284459346,0.016151941779018283,0.0217729099470663,0.012319011823988257,-0.022591826411692148,-0.010781664818886792,-0.00019031843158948169,0.01099124512817951,0.022573561059856397,-0.00021066130066919642,2.02892252566069,4.116526615133354,0.0006802739139962474,1.7878845220708923,6.711078443078685,-6.737442280776704,1.377474278511911,1.8588579826334735,1.4041959265906847,-3.9000036944773697,-0.9264826972672111,-0.003287690346741489,0.9323752853662624,3.8925984285002375,-4.2952103215354407e-05,0.04691538179048918,0.0022010530485473637,-0.1153179836824168,1.5028680888334058,0.2708239813151601,-0.5292012568885801,0.039830001328836975,0.05374090552711257,0.03627741218227022,-0.08335938881098953,-0.026762112272606196,4.1223214792890026e-06,0.026978793254506375,0.08377623164323697,-1.5883842422652703e-05,0.005673465365258,3.218820925078209e-05,-7.1113193528027665,398.42342777232335,0.1225915339043686,-0.2769150220402774,0.0048705310945570575,0.006581345717732999,0.00392865419984511,-0.007846147147000208,-0.0032994938086479764,4.07345188268139e-05,0.0032818519090850227,0.007822381946591718,-6.569952534280578e-06,0.02084032338009044,0.00043431907858674417,-0.013655280463220731,5.9956586642607395,0.3320063683172896,-0.24933277374529186,0.02304685591311181,0.031080568964247476,0.017038942960270136,-0.033645197367575846,-0.015647443476631603,9.15343383800217e-05,0.015433125487615874,0.03361378598743187
-5.881892166836215,7.415688030999727,54.9924289731126,0.8977608108536363,0.3346423001424874,13.6,-23.6,4.596066877367367,5.5,8.802746693794505,-15.3,-9.9,-8.4,-4.4,8.6,-8.275484560075986,10.519481264725005,110.6594860789004,0.9247806192529918,0.3591989317905715,19.148488490477785,-33.86329348869277,6.769072691358054,7.627932081300013,12.470664618615972,-21.57133379469115,-13.970291974709113,-12.057688498862152,-6.3423598934091,12.07355669121034,0.07750467366326605,0.7495460184651731,0.5618192337969936,0.7081750756069607,45.00958637562484,6.4918881680130385,-7.862998047542568,0.28828061785750875,0.395056269807185,0.35664388401484015,-0.5657682231632322,-0.17371043016672308,0.029771462742580024,0.22134583964046195,0.9172068447842509,-11.584946497385154,14.992040400480466,224.7612753696385,0.9526856558526703,0.3439587889652116,26.92181789124076,-46.34892010944318,9.684428071242984,10.728634654539391,17.670725685939708,-30.57709185467511,-19.631519432214255,-17.074081629844937,-8.902884777674863,16.99292374157457,0.0966372631759048,1.1888410117951864,1.4133429513262026,5.550991087444225,47.4449701123283,11.871309147024046,-3.6208044686955394,0.32769836016524595,0.44271313770923304,0.4552468090716164,-0.6711232668835321,-0.2104760766600702,0.013925751134627573,0.23223706104916286,0.6592072156497844,0.11016029030724485,0.6414840067656229,0.41150173093607767,0.8817041458139573,10.243302776100748,3.2217781490837254,-3.326077009294669,0.3137829083223511,0.4221313932987969,0.37156645318454773,-0.5179900220812301,-0.1742566236277407,0.06281915783698994,0.2478747696710562,1.1500538566184857,-0.0526617698577112,0.8334473717792971,0.6946345215258178,-1.1766607015286104,34.21572177992245,6.577539927385881,-6.051449995836338,0.292860884930665,0.3861473907642373,0.35754655720141043,-0.5605059176499079,-0.21193592960257235,-0.0004056659935464113,0.174211461161665,0.5352739367463466,-149.55137334689726,14.587293473115054,212.78913087078504,-0.227253710331608,-0.6193435675815069,-111.1,-198.3,16.30862440356162,21.850000000000023,149.55137334689726,-173.89000000000001,-160.3,-148.1,-138.45,-128.01,-211.36045892377868,19.65013442429409,386.1277828928277,-0.12533350903400242,-0.8422278321542036,-159.02121678218498,-266.67486024134377,23.796486641625602,31.70911244066042,211.36045892377868,-242.19400207148612,-227.41234859420393,-209.59530088075388,-195.70323615354351,-182.94909543943857,-0.3743727091357011,6.269506041493991,39.306706004329655,-0.2240906772763491,0.20973198787226144,16.389904706209457,-20.814061072668103,6.094063920814215,7.995343958001173,4.908436621759602,-11.363888893511648,-4.291485408167398,-0.17281683152062044,3.7038585498337744,9.8735974082404,-298.53053957492443,26.081866157373142,680.2637422511265,-0.2950659318136943,-0.9300922495312767,-231.1373085878852,-358.7805781875529,33.34349762020607,47.16041203220317,298.53053957492443,-341.51056572022026,-322.33932488819175,-295.41425870432914,-275.1789128559886,-264.64955009425216,-0.053327148408348186,9.631930350635816,92.7740822794994,-0.021715539706997616,-0.33696926274790373,24.26722719293829,-21.85035531114709,8.693556520090885,12.260263851131096,7.601042845143245,-16.448425125081883,-5.89730407211105,0.6325709281561753,6.362959779020047,15.120891304059988,-0.5211132460749903,5.49502257785749,30.195273131163574,-1.5203082562992132,5.392371054565219,17.591735264642743,-27.52306858766555,3.963188030088717,5.341989035604636,3.701143697238266,-9.494868741110361,-2.7908293046851718,0.1645148571579687,2.551159730919464,6.501919792377473,0.0778010163269603,6.883814290935278,47.386899192084755,-0.040283275178005985,-0.014785030340747074,17.584780945361942,-20.036349123409863,6.361840720011027,8.636091040952834,5.405744025602336,-11.323241555967961,-4.204573574608633,0.6034402176202476,4.431517466344202,11.030829617341002,-1.3933875890132246,7.339072195521508,53.861980691076894,-0.9966460267721017,1.0280939803859752,13.1,-30.6,6.968230426976329,9.85,5.651983723296032,-15.27,-5.8,0.1,4.05,7.8,-1.9964316051069073,9.777870548036542,95.60675245416044,-0.7294159170227648,0.03832081743209903,14.11617801693533,-34.50697639849185,10.274647735238831,15.499316215330447,7.868894400485951,-19.27825535375435,-9.697681749968881,0.21182928118888888,5.801634465361566,10.782586549575766,-0.20753994036785012,3.3992393471296904,11.554828139074683,-0.055947949770885436,4.0407702086248545,15.415612955998247,-13.734022543253342,1.9461066057646015,2.6444020120688903,2.227932135611652,-6.313911733950349,-1.4339093476026212,0.0035228872268092126,1.2104926644662688,4.682789247290341,-2.894710803743495,12.695354953955555,161.17203740692383,-0.38591287044375966,-1.112659099859657,16.230207763994425,-31.230645391445357,16.08867316072814,23.237151202822094,10.614593840440792,-24.875674703040495,-15.274084247141259,0.4104995628849137,7.963066955680835,13.48028144409614,-0.22319454455523896,5.318378064979489,28.285145242054977,-1.6386318507095576,11.45597658874344,19.674674312627346,-31.123733943450983,3.4987404857397855,4.7385924533759525,3.343014335443025,-6.102739375171453,-2.380274682214614,0.034118074565558876,2.358317771161339,5.722325123694908,-0.2870783847837027,3.105275642805503,9.64273681780113,-1.0525267403963166,4.503749110549352,9.064412739442757,-14.078201491731571,1.5979897978624624,2.163689072102933,1.9313387944343632,-6.075990403782049,-1.1097730057000268,-0.08229918066108396,1.0539160664029064,3.7194186355537227,-0.31233135819469265,3.6149502887630054,13.067865590227735,-0.8823391823442429,5.345705694564975,14.97163024706275,-19.29762516140635,2.2271737289720717,3.014576116690648,2.3756795528334713,-6.926992441146466,-1.6767926117000131,-0.17794896059490573,1.337783504990635,4.676011796066765,-0.8392675483214651,4.447972582451112,19.784460094236817,0.02020527811877657,-1.4771477943549685,7.1,-7.1,6.2269293177235285,8.8,4.052695829094609,-6.9,-5.5,-0.6,3.3,5.789999999999997,-1.1928421457279057,6.3111549639574385,39.83067697908462,0.03177379455274165,-1.4771413373410835,10.05384876517682,-10.044569037659498,8.801044326690109,12.468597457129626,5.755801727716448,-9.712031568328275,-7.761753147539668,-0.8526383892019685,4.706844309589958,8.231258097901291,-0.0050872620473800595,0.16875495534723348,0.028478234954246767,-16.831300413899875,340.18096261395885,0.4385605163899653,-3.430022594511782,0.05416853581951281,0.07216374289493883,0.05390162932443444,-0.08961465147982486,-0.03442414743371512,-7.961359548158686e-05,0.03773959546122371,0.09245283745299034,-1.7034264962605863,8.982444024325384,80.68430065013878,0.04711852621485171,-1.4705326183780176,14.208813443562002,-14.19437797546769,12.583627772063748,18.15421890632459,8.189308594714188,-13.768614243123164,-11.457408842365457,-1.2616548764734765,6.696810063959135,11.909383503241793,0.018905220450828982,0.33831320151474276,0.11445582231915494,13.35439642664506,199.81820621527464,5.098051755382551,-1.0475881526576405,0.0696258599117835,0.09362078987213697,0.08439078298339789,-0.11220437931140018,-0.04488506502111156,0.0025788870209734194,0.04873572485102541,0.1369125704411559,-0.007083870368027873,0.14006584976072115,0.019618442269192904,-7.764981391440419,75.94154227293093,0.3089822718796409,-1.4743346272238038,0.05740808033413843,0.07603291996693849,0.058735663513557225,-0.10096544060611748,-0.03485683425461797,0.0017954104442041254,0.04117608571232052,0.11119510225565446,0.009027960402690785,0.19107838895255078,0.03651095072470228,12.637030053999148,184.98278382272304,2.824462256435414,-0.3801893209895689,0.05178916961627784,0.06909051137836356,0.058294361600284714,-0.10284879760899082,-0.03140545248197884,0.005343649865124514,0.037685058896384724,0.0924549468434279,0.045473041709053884,3.48650900190751,12.155745020382101,-2.0814775341665412,3.722391538914782,3.9,-15.5,1.0378215529539216,1.85,2.4906408952187182,-8.290000000000001,0.15000000000000002,1.4,2.0,2.7,0.07789792625393284,3.7590498557178282,14.130455817772226,-1.1933194815899133,0.22178166521940446,4.307887544723848,-12.03284662619669,1.7619476916204009,4.86753847459378,3.1448412202526907,-7.797530481189233,-2.1472303080247563,1.8189546091691395,2.7203081665690236,3.6011426794790227,0.18338876196963202,3.1632951679325814,10.00643631946562,0.7079151776637337,3.0091667958123614,12.812736438108814,-9.158298366060595,0.5486449024470527,0.7365338937787085,1.755208789063375,-5.6172634627495555,-0.36800717761737584,0.015153142955676685,0.3685267161613326,7.15381345028801,0.14785893480519946,5.026876428273741,25.269486625134157,-1.052122562253773,-0.37808983779071514,5.3496491160286315,-12.719468807664907,2.065973740116693,7.679311738516106,4.373954705935712,-10.240999789790667,-3.91316770571761,2.7561021915071744,3.766144032798496,4.613576025750956,-0.014995495592446331,1.6485047337046925,2.717567857046779,0.2597808454202899,2.94068507978968,6.429347543797542,-6.275162221517374,0.9633005423289286,1.302864426182438,1.0914679556649167,-2.8113015039358293,-0.7841508690560168,-0.02899412470708304,0.5187135571264212,2.9711650310081765,0.2558102486751787,3.1885383905727287,10.166777068156128,0.7216023333027292,6.097298222842483,14.627898188272846,-13.183337008080812,0.29684360649931274,0.39005365966382716,1.5556716339843657,-4.5165171964483655,-0.18552848197067767,0.008910657474216394,0.20452517769314948,6.743498080410355,-0.14601823257570737,3.0897664602287116,9.546656778754263,-0.40766845005927216,4.184756009776398,11.517124263318184,-12.586416980106055,0.6751328642007072,0.9791621476399479,1.6853326718619466,-5.990712457293547,-0.6141968326614275,0.008852966411312033,0.36496531497852036,5.537912921442372,3.5562563580874875,2.8914507271657643,8.360487307627428,-1.4796981101957265,1.6657241926775423,6.8,-7.4,1.334341996655041,3.7,4.159308240081384,-2.7899999999999996,1.8,4.9,5.5,6.2,5.029792662899717,4.043784622107214,16.352194069990784,-1.4733599820396606,1.7120698029396229,9.705910935738771,-11.06813268286238,1.8220101873178391,5.214538988200283,5.850224541224622,-3.67557327273681,2.562756619186156,6.900109693217591,7.7772956073864385,8.733814621745765,0.030986392163060657,0.524014714504091,0.274591421016804,8.050351331880933,84.85876233785926,5.989825783007756,-2.485140316706021,0.10536632438943833,0.1432786395643447,0.16735594772735768,-0.3495508889103445,-0.06270780061414616,0.01100880706925754,0.08057083895019854,0.29288033135721103,7.114525236332662,5.60779909869548,31.447410731329843,-1.3817133648175635,1.4154349395568326,14.792408848764381,-13.332233175335041,2.607414493073278,7.478007649250495,8.157212923975079,-3.825268369087662,3.574405195960344,9.796285471391588,11.052412845210839,12.355744591003699,0.07394795322616561,0.9453525591387775,0.8936914610702357,3.909681305471446,28.401529871591105,6.95824587189752,-3.465852509092901,0.19519067924582406,0.2621295875437997,0.35673739393766024,-0.6329533673244683,-0.11511596823993325,0.015608281847486971,0.14701361930386647,0.5926420058993593,0.04283132883584763,0.34471911991575604,0.11883127163549338,4.241382520563754,26.92113004501214,2.5013289338716564,-1.095927901146799,0.11074129278218856,0.14908683299350228,0.1534553188430089,-0.23254133874463662,-0.0683381797068757,0.007011136004745988,0.08074865328662659,0.28797434932274857,-0.07747994075394278,0.6456157371472478,0.41681968005218417,-6.362468922921158,46.97721321023454,1.9829078057700456,-5.48227717006764,0.13804879876692142,0.19273661673661793,0.21552428171552024,-0.37723883482298814,-0.10907131141193369,-0.0025500430150442177,0.08366530532468425,0.26089210749767877,0.002189670986363503,0.2843910706595003,0.08087828107085689,-0.37038653636431706,5.250080127554153,1.308633,-1.847511,0.08687900740220976,0.11742125,0.1609122943186169,-0.500685,-0.05600725,0.003825,0.061414,0.5164175,0.0030911936175181537,0.3837541477554841,0.14726724591953794,-0.2766686629151879,4.947675404766921,1.77867704742376,-2.4357393993330745,0.12243121088169903,0.165534040495596,0.22147264908322317,-0.6805715673054391,-0.07876829829627169,0.005594984961207733,0.0867657421993243,0.7079378719474272,-6.986169502569798e-05,0.12031408233399159,0.014475478407870508,0.02782968728982911,10.779340271862345,0.8884665116161728,-1.0345939209711807,0.007883286304537246,0.010629810953999673,0.05212853701571827,-0.18132543966596587,-0.005379246705166119,-7.224757493699992e-06,0.005250564248833554,0.18519745504867602,0.004356483563262113,0.5336856269885651,0.2848203484541779,-0.23448070086061865,4.85220156041922,2.4562664940967567,-3.36255857566602,0.17254360757672668,0.2326936485751641,0.3092666277970972,-0.9406226493040182,-0.11123123155909832,0.008248457619002475,0.1214624170160658,0.9854739565595134,0.002838031799977048,0.09826391318471858,0.00965579663437391,0.28991298888737826,8.35583528882586,0.6680918515269106,-0.6622599708830162,0.00958536627992088,0.012967682104325527,0.04587561465451012,-0.1508873368476137,-0.006234542074697506,8.312193200520328e-05,0.006733140029628021,0.17490765976009556,-9.842772694760145e-05,0.06833127937083494,0.004669163740455092,0.07536672362010027,10.127702093005622,0.517298108223978,-0.5249125929202036,0.007425806637083653,0.010028493304237687,0.03136105804429796,-0.10628374720054065,-0.0051238655150115985,-2.0225173067906134e-05,0.004904627789226088,0.10524643788812835,0.0002787105253372619,0.15580957098019133,0.024276622409031282,0.16854368477743709,9.833100249298287,1.211265992935409,-1.011866867596551,0.008279006812288686,0.01116544873664294,0.06752023652487196,-0.24066003832320554,-0.005597873216896811,-2.587007469913034e-05,0.00556757551974613,0.2463412790385958,0.007426133375548552,0.518337893367198,0.2686741717003448,0.6625006842308667,4.681768789664476,3.103406,-2.680419,0.12088545448807275,0.163192,0.2857640077607281,-0.928718,-0.077577,0.001735,0.085615,1.002158,0.010515730544869838,0.7058296906815844,0.4981955522476611,0.5724963443127818,4.210678819854966,4.08787124795921,-3.164047363562197,0.17096053425686117,0.2304086866082023,0.3938879842478752,-1.2813293344152803,-0.1089073946506509,0.002933821091017777,0.12150129195755138,1.354739875826604,0.00033685946436141847,0.19775574763318038,0.03910733572195813,-0.1480099957365559,16.383693858576024,1.9708494330005055,-1.9430316367055505,0.009291879711450133,0.01253453486585928,0.08214600341662943,-0.2771319304159888,-0.0062457538120099295,2.1876977718173396e-05,0.0062887810538493506,0.28625381034066394,0.014909571072051712,0.9609396345218876,0.9234049811950589,0.4741635357512726,3.8324456732797723,5.25312597499887,-4.092869358190899,0.23979342155615188,0.3240312568000332,0.5409157120525261,-1.7897234945196738,-0.15221187792183355,0.005721174137639348,0.17181937887819962,1.9195338341613524,0.0023374546060749603,0.269838791738594,0.07281297352694431,0.29119273891222647,8.408521637328128,1.813187913711769,-1.7274170846252686,0.029112633079471432,0.03926927394521821,0.12598290051187597,-0.44215522181090594,-0.019815479797424033,-0.00010717468620331967,0.019453794147794176,0.4381088216041635,0.00047604750255739815,0.19886189972216725,0.0395460551611093,-0.08088726934588561,16.180983530500885,2.313876269202694,-2.1200177868736336,0.008263009589356383,0.011143047960968284,0.08518333740342321,-0.3039311976293606,-0.005583531856397059,-1.4386476093859114e-05,0.0055595161045712245,0.3036862629868984,0.002050186839163735,0.1965976230925384,0.03865062540563579,0.0917639034840257,14.386678386674408,1.549699354972997,-1.842955446255005,0.010032720385317708,0.013601118707011802,0.08126878030063767,-0.26120550932813585,-0.006643787438834,-5.660424756547051e-05,0.006957331268177802,0.28174130722067864,0.007410554943598505,0.14935349135956955,0.02230646538129302,-0.002565927859873206,8.07813236128894,1.30415,-1.219339,0.023090046951006242,0.031147,0.07556911000500693,-0.24109675,-0.008035,0.007569,0.023112,0.25826,0.010482454064730189,0.18209377651752712,0.03315814344641511,-0.009070916374028954,6.9652917406053625,1.4541673009757314,-1.0830832089013178,0.031486120234161086,0.04248240999006216,0.09517719425192632,-0.2935736168161236,-0.010770771696981207,0.010555253070053791,0.031711638293080956,0.32541394084546177,-6.668860348265035e-05,0.10700898229568209,0.011450922291957604,-0.03163947106856083,11.985266928881627,0.9650818525603533,-1.0088586440686644,0.00789288559677921,0.010644689787118227,0.04731044596086947,-0.16329845949376826,-0.005295606138995541,4.277275208341508e-06,0.005349083648122686,0.16085250486172978,0.014830953509244446,0.2495283559128278,0.062264400404558856,-0.08374209901715154,6.960655313790843,1.6683891107504698,-1.5388558348047359,0.04404436661326279,0.059440062052309575,0.1306857715601699,-0.40178494919931523,-0.014988407910336104,0.015128355711665657,0.04445165414197347,0.44713635789862916,-0.0014420198766427357,0.06354838709755008,0.00403839750270007,-0.7083837126937327,8.776057565443525,0.3650875444793444,-0.4631657483928187,0.007577350579243219,0.01021868713264737,0.030041776395395434,-0.10811983259353099,-0.0050137093694833015,1.6597174431578696e-05,0.005204977763164069,0.09982327987376925,-9.46122485059043e-05,0.1303791929948866,0.016998733965997888,-0.04182273852317843,11.811346462101875,1.2464297465924528,-1.1750567544389876,0.00872293547852865,0.011770489635503256,0.05840875162540261,-0.20820322249037176,-0.005952805208621419,7.470451626693238e-06,0.005817684426881836,0.20639839767167592,0.0003075645873236067,0.07680484073353622,0.0058989835601038635,-0.15159943973230486,10.304458665194236,0.4816270155633163,-0.6239921722355484,0.006880254140356431,0.00927366757806914,0.03387605167272773,-0.11727004682157327,-0.0045597264977077084,9.864744531805842e-05,0.004713941080361432,0.11675051453139917,4.368220775778292e-05,1.0081435748342376,1.0163534674795558,-0.0005355632464897006,2.1123629017446026,3.528908,-3.532127,0.7108380814691664,0.9587515,0.6931374076517539,-1.9210592499999999,-0.47861075,-0.000513,0.48014075,1.91948775,0.00011010948954093218,1.425599218820675,2.032333132702119,-0.0006280304825345747,2.1158531875348254,4.968211536112677,-4.997636199295269,0.9956348832145653,1.3429407512280531,0.97967703077912,-2.7208514919952163,-0.6709455882826973,-0.0009782876158156957,0.6719951629453558,2.7082115011423813,-1.0536771899378244e-07,0.014959691498575973,0.00022379236973256623,0.004648953985758476,0.5903381647478327,0.15584809274194739,-0.17364670455660375,0.016595509984603178,0.02237512633644439,0.012327233059025949,-0.02230745375370734,-0.011073518792728996,-0.0002274274669500278,0.011301607543715394,0.02230017499279026,0.0002913658022026333,2.015453178275469,4.062051513820689,-0.0007912686271484759,2.127050936938203,6.9382081228040375,-7.013220537115546,1.3693471573629215,1.84812145371454,1.3830819928137623,-3.8573656474790696,-0.9232854399737714,-0.004954572110515386,0.9248360137407687,3.8282139193729665,-4.832305647191364e-06,0.04486175791294277,0.0020125773230394834,0.009252755880875443,0.017655184408492453,0.1548866711396146,-0.14632862160386734,0.04159294956226983,0.05609012247739721,0.035428223640919916,-0.0788589182564714,-0.027986445912412183,3.254073838510063e-05,0.028103676564985025,0.07950871993044073,-2.089242415985664e-08,0.00514330527521031,2.6453589154006203e-05,-0.6782201111017548,20.479633270269304,0.05960470701152063,-0.12264940821745265,0.005181081388031371,0.006993518095176287,0.004037658012457207,-0.008073091473962336,-0.003495801349297211,-7.815160889063782e-06,0.0034977167458790756,0.007960200401861918,-2.6166164113400058e-05,0.020522735576600528,0.00042118267554706505,-0.04028393068349764,-0.35071326727439445,0.05243661076500346,-0.14730988226277103,0.023556865986717166,0.03178554930801455,0.01704010108055045,-0.0336336573517233,-0.0160137870394835,0.00023394976464535404,0.015771762268531046,0.03339715542950554
-5.447967479674798,7.337435747489441,53.83796334853593,0.9821995622875149,0.11554263315215785,14.0,-20.3,5.485628208470727,6.700000000000001,8.460365853658537,-13.684999999999999,-10.3,-8.4,-3.6,8.884999999999991,-7.667260231543854,10.42510399351808,108.68279327566663,1.004724092690641,0.13047839721443122,19.718397864918046,-28.006684459443964,8.193545770298783,9.483146038871604,11.997625388396495,-19.519932916283093,-14.534569419102116,-12.028684716554743,-5.051423380230512,12.482761080988606,-0.013623997631466865,0.6970191534444644,0.48583570026843786,-3.7545237857177987,41.40284846877262,2.638069317354288,-7.9274194739403345,0.2773075193969067,0.37097643153474946,0.34348230200505536,-0.7246142977593076,-0.15573177912839464,0.006720686000708298,0.21524465240635485,0.6398962939297538,-10.763402228262978,14.896638327053363,221.90983344703523,1.0179987059474438,0.14414623936550575,27.788636099116854,-40.258960296520726,11.220278581796695,13.528311989663841,17.048623386938818,-27.161743739644052,-20.54286939088403,-16.9931048587927,-7.014557401220188,18.1607222678981,0.07648121275467258,1.0710952476703792,1.1472450295820709,6.894379250805954,61.73606396753661,11.362772531278063,-2.365975857197393,0.36500549931105775,0.46836873065043005,0.41923554419661024,-0.6658402235620128,-0.2467234664101398,0.016473527199227345,0.2216452642402902,0.6360436766865082,-0.019682394376043248,0.6343582376372604,0.40241037365825094,-0.2572110819255953,12.408601985319278,3.865572268191868,-3.402293421264476,0.26616604858154,0.3583755423943349,0.34521629221664835,-0.954387213109202,-0.16258284322197827,0.025558688758159673,0.19579269917235664,0.5382012094818915,0.01862790296185328,0.7454082953114717,0.5556335267191541,3.669328439442997,28.390624710061083,6.542264401430567,-2.8731579526201885,0.2763987565226703,0.36144916292367857,0.36572297624072536,-0.896391694500316,-0.19309068949621366,0.0036712052806072587,0.1683584734274649,0.5751639085876246,-150.147256097561,14.908178737995046,222.25379328400754,-0.30272846341266496,-0.5204754085943786,-111.1,-193.7,15.641453405234095,21.849999999999994,150.147256097561,-176.185,-160.725,-148.6,-138.875,-127.9,-212.23732540447958,19.9756107787843,399.0250259854835,-0.19606342756201062,-0.836739963862386,-158.67139006626036,-261.6325341690755,22.845822625040665,31.00964272869453,212.23732540447958,-245.130491427934,-228.33119233728536,-209.79234215836087,-197.32154960859083,-183.02498046938786,0.3634113734479046,6.68116130644836,44.63791640278276,0.009880923355333355,0.37279647494461443,22.03343613545635,-19.934995380381782,6.666796035126441,8.95520395708542,5.208965168028014,-9.87307200771247,-4.077810948593612,0.41561378839646856,4.877393008491809,10.986568754033232,-299.8135538077108,26.821774015992883,719.4075613649909,-0.3512504884372683,-0.8114397115912846,-225.98639262356306,-357.8102509343163,29.39109340691228,45.37914048589607,299.8135538077108,-347.12845744620495,-322.502072086258,-294.828533221956,-277.12293160036194,-263.9202649982119,0.22906722388504253,8.741344783762234,76.41110862860721,0.10206707766346729,-0.3296863303359485,26.067930142588494,-19.719141433793446,8.069249449411283,11.117754267951119,6.867556082709276,-14.479716634206376,-5.188337700034227,0.021231907384629878,5.929416567916892,14.85396742824797,0.49561670376148304,6.493076962624001,42.16004844255853,0.565903648709828,4.27507526620661,26.94228176685175,-26.074364596278688,4.20823983133687,5.684851155068164,4.303475723419517,-7.234318791307247,-2.6230219989556263,0.08755528913685522,3.0618291561125375,10.27957379736864,-0.48736230401968317,6.760097381165871,45.69891660284567,0.30279534819839693,-0.20949203249997206,19.11050388759481,-15.892766999497924,6.97673052908867,9.307824991562626,5.502219017408047,-10.9674869077798,-5.172222096520869,-1.0955391563713028,4.135602895041757,10.360139121316656,-1.6296747967479674,7.392428661830908,54.64800152025911,-0.8351400755461498,0.34852966318929246,11.1,-32.6,6.968230426976329,10.7,5.834552845528456,-14.785,-6.8,0.3,3.9,7.8,-2.3249817243407955,9.891455341191394,97.84088876678375,-0.56084088150938,-0.47135228931024997,15.367387132135786,-42.313426272721415,10.461303671372347,17.397601793681048,8.121217321194587,-18.403981523312165,-11.793382818716644,0.2448151492834293,5.604218974964404,10.440941112702049,0.17849200215416253,3.310298335049063,10.9580750670286,0.27650348951929227,4.763290033164339,15.337072629992159,-14.56903738412163,1.8308613372682583,2.505300822452911,2.1386795697451686,-4.413266357447233,-1.2122429463558961,0.0798694176853661,1.2930578760970153,5.961448164247645,-3.337499025492358,13.249164446423904,175.54035852838325,-0.35266978339980815,-1.2701732205108949,17.441699445288403,-27.98404150551941,14.309935646556134,25.649566689023043,11.159466201663209,-24.098114944267852,-17.439218947593197,0.7706383160212449,8.210347741429846,14.141298331160574,0.3717110475263605,4.257801458801252,18.128873262570067,2.181848091798625,12.478466153029771,31.085431984001417,-12.421603325910231,3.390147367535268,4.581295829284303,2.94377395190937,-5.042021827402385,-2.094363854872648,-0.03991006165738953,2.486931974411655,5.918442709241504,0.24783857436528756,3.307605274359395,10.940252650970088,0.29803579204908803,3.3158213227184046,12.396062568300353,-10.959017996885711,1.5475407912748445,2.271423376892815,2.097393539596472,-5.065465488085417,-1.0249611380583539,-0.007739224345527502,1.2464622388344613,6.797878723722272,-0.09764209049749693,3.266384795437593,10.669269631865888,-0.3974167264613772,5.168875426003497,13.211068946081307,-17.949308316181416,2.2563994310935644,2.974106732821139,2.218141191798424,-4.9686096462312594,-1.455604871760483,-0.1726239023118551,1.5185018610606558,4.7210135027414175,-0.6579268292682927,4.380991619700021,19.193087571881815,-0.07266464080438598,-1.4477698263047245,7.2,-7.2,5.782148652171848,8.4,3.9302845528455284,-6.8,-5.3,0.2,3.1,5.8,-0.9304462769829386,6.216962884673369,38.65062750940622,-0.06203630934087181,-1.448641517104934,10.15978447042714,-10.121908337915407,8.236595254808522,11.925803631798047,5.5817284352402785,-9.625728575171072,-7.586354372212212,0.3006017008439701,4.339449259585835,8.243791682278662,-0.010751899177842637,0.15878721687936856,0.025213380244295626,-15.490093206684787,303.098107618837,0.435317882495301,-3.1426509513997734,0.06261641044750012,0.08470372072027332,0.05930432136848619,-0.1215937890238682,-0.044038512737962714,-0.0022169375050782314,0.0406652079823106,0.0950673651246399,-1.3386895615016658,8.856655532668025,78.44034722433913,-0.043628115950537595,-1.4443152190923847,14.334784871941078,-14.239957479227229,11.8747597366015,16.890556025607285,7.950845373639671,-13.589965851505292,-10.740291483893046,0.4559507048280948,6.15026454171424,11.917464901753092,0.008666650253720248,0.32384907813165376,0.10487822540672197,13.280285737865334,197.0546606635482,4.854992190140514,-0.8600223382279886,0.07051535961711163,0.09549920752674276,0.08559082939370083,-0.1392812240195298,-0.05673889628204598,-0.008326963747889826,0.03876031124469679,0.12549036431401037,-0.015315449487466186,0.13114796879850113,0.017199789719972627,-6.981363758331509,64.75755123354234,0.19489113003104172,-1.3396257077862903,0.06339765893644768,0.08411318102652113,0.06251914777294643,-0.14068577830540174,-0.04497311165501545,-0.005522764038988302,0.03914006937150569,0.09949042652512802,0.011360755311335392,0.18008926565285419,0.032432143603384284,12.136779758890315,173.43123676775178,2.623407940953028,-0.24379963483603206,0.061887284728379115,0.08475723739931071,0.06418820625254265,-0.10736635622417004,-0.04293408806032068,0.0005208468776545225,0.041823149338990034,0.12293946459556424,0.1329268292682927,3.3895992836306084,11.489383303589133,-2.061482560328049,3.5743339564491725,3.9,-15.2,1.1860817748044814,1.9,2.456707317073171,-8.6,0.1,1.4,2.0,2.7,0.19674232966104088,3.707884874222236,13.748410240486047,-1.208860130324524,0.3048167695287045,4.924366059161227,-11.557268834187093,1.7589206241790694,4.672508919133071,3.133985851233242,-7.293835892757986,-1.9131273857896538,1.9211894464048804,2.759381533343417,3.6122085792246885,-0.12752296139873315,3.0155676943025482,9.093648518921187,0.10490468862446475,3.0467814884597644,10.312739131905719,-10.488127719024627,0.557383622212655,0.78385900139715,1.666675215012172,-5.785522153741666,-0.4735997834458934,-0.009463729534892162,0.3102592179512566,5.905827562423123,0.30980543050444204,4.9267132055009615,24.27250300925756,-1.0436246110754215,-0.3301648963573496,6.260599829581825,-12.6534847212631,2.111422013371245,7.604034331581454,4.337910053266469,-9.553372133546326,-3.7995176146105436,2.847458582637251,3.804516716970911,4.645948367957203,-0.042293460042795716,1.71409922539129,2.9381361544870197,0.04205493455758945,3.7843537382865087,7.3893899423703555,-6.177944756897838,0.8234393322463125,1.1858295016716935,1.0765521567269023,-3.0846482293327098,-0.6734583385000916,-0.03343068740701967,0.5123711631716019,2.8485577151933685,-0.17808941442430556,3.200252648527196,10.241617014405332,-0.5093146253334264,4.492692270434843,9.90140047238582,-11.923886777393516,0.3959671153911758,0.4920594271082767,1.5974842385071304,-6.324057842663592,-0.2020898971429766,0.0008373062147178124,0.2899695299653001,4.358584595761425,0.050996203302096185,2.773060583714485,7.6898650009509195,-0.46432246329438853,4.079005893900706,9.438489388283406,-11.531538993227445,0.6281741173939315,0.9213759331124904,1.5540565106891133,-4.294783101904857,-0.37183139441967894,0.013361899662054116,0.5495445386928115,5.023643024884329,3.3787601626016257,3.4893691755517975,12.175697243291031,-1.906335819697379,3.0622583726250934,6.9,-8.7,1.482602218505602,3.025,4.505182926829269,-5.784999999999999,2.475,4.8,5.5,6.3,4.781306437433598,4.89760275073728,23.986512704029376,-1.887429908450741,2.987659142273726,10.668502863121216,-12.295406953277089,1.955057003471203,4.167431095346584,6.353969701720701,-8.118465600541661,3.6331197948291445,6.9056357101209205,7.800550890175728,8.874104386187847,-0.02189252247725478,0.46808945888094106,0.2191077415154522,-2.903796853963043,74.06964307130966,5.035094541752604,-4.699335136212694,0.10823620959826478,0.1481911405167043,0.16407743790432583,-0.3217799801034673,-0.0732889576284857,0.0038404799453414934,0.0749021828882186,0.31769493955727174,6.774384846809628,6.826199380016667,46.596997975739924,-1.9417977605641554,3.292218900996282,14.692280826752745,-17.457054473777973,2.748255119953818,5.6831393997485335,8.921045417083327,-10.790305900620014,5.23178589079294,9.79561629759198,10.914925290541474,12.342785473827684,0.06658339771942309,0.8486890077530427,0.7202730318808441,5.867428560176265,42.622514640740974,6.861985359252689,-1.99091686197464,0.18023997968374847,0.24352549572623952,0.31046794655304083,-0.5535152058784129,-0.11529447309844904,0.006927385162009969,0.1282310226277905,0.48082235797395567,-0.03020229659013996,0.3874802050545809,0.15014090930914006,-0.061925800027904855,28.245039345367253,3.240709657999311,-1.917536486130967,0.11932144462017177,0.15868327510216315,0.16849929869377686,-0.28885983423771805,-0.07422281094333863,0.004587620826966433,0.08446046415882452,0.24369251026958372,0.08079866562502633,0.524930763099667,0.2755523060483987,5.187190337951641,30.651327665223555,3.9002535379786947,-0.6143797008356384,0.1558769080858533,0.22568583549794152,0.2166614832930124,-0.3598662289141338,-0.08796375522789963,0.007728689010020273,0.1377220802700419,0.3710184849147392,0.0022984899555259734,0.2823576405044479,0.07972583715123904,-0.39800485136804753,4.039443517667806,1.328245,-1.631182,0.08529262302840877,0.115236,0.16312793079296886,-0.540088,-0.05412,0.006321,0.061116,0.510118,0.003242726544179058,0.38189896203225754,0.1458468172013157,-0.3834758565682703,3.6845712856651067,1.7760102952602348,-2.0537436499109853,0.12021551884062918,0.1633288692002144,0.22449721516334237,-0.737089062476247,-0.07670402481255006,0.009532234818721813,0.08662484438766432,0.6964736609438069,0.0005834041704866971,0.11657944833362242,0.013590767773771741,0.0757752433981616,9.142088551289877,0.8769508832145364,-0.8537618335640296,0.007975996104932546,0.010761653820635736,0.05302484623384712,-0.18394706171514102,-0.005370142273946097,-2.2454042804200165e-07,0.005391511546689638,0.18735796509271813,0.004563700045442671,0.5293095261108617,0.28016857443170495,-0.38392684375604547,3.4963699488499858,2.5138059516760283,-2.7993525280008975,0.16923331679600895,0.2298294380729045,0.31374219731371805,-1.0301817712007266,-0.10760485932138916,0.014077593312596766,0.12222457875151536,0.9662603898635993,0.0009659472664339124,0.1071170020967716,0.01147405213819977,0.11651242519941207,8.407174215226147,0.9850689906666182,-0.759424437510638,0.00951067402303736,0.012832578242191533,0.05033478694661382,-0.17202185380603802,-0.006304023914786246,8.10579320323873e-05,0.0065285543274052876,0.18123736078018665,0.0008246178068451685,0.06807293667197208,0.004633924707146321,0.19689044678364495,10.22174238686517,0.5213488497276028,-0.5441963868239953,0.0074167974876270994,0.01000274357045692,0.031533887444874696,-0.1019729140051882,-0.005014125706532401,7.327403293207429e-06,0.004988617863924519,0.11016780540087398,-0.0010091518761303536,0.15013881255545478,0.022541663035561984,-0.0664938271020514,7.904880924093513,0.953036710125773,-0.9806956048777135,0.008282686080806925,0.011174624003396243,0.06859799734037425,-0.24464744713168557,-0.005656291703585132,-6.228014390940258e-05,0.005518332299811111,0.25051012741680634,0.0072044695942879615,0.5046667736185954,0.2546885523946026,0.6541687304650514,4.648361838375485,3.111758,-2.382996,0.11883649822209802,0.160188,0.2785686126372795,-0.902551,-0.075535,0.000353,0.084653,0.967954,0.010191661338008301,0.6862909416181388,0.4709952565471115,0.5279827772666501,4.0740053246941,3.629498995369061,-3.0783751776946335,0.16773683555238794,0.22643055823931585,0.3838128792112734,-1.2579448482093318,-0.10601674640227736,0.001993789640139153,0.1204138118370385,1.3336349089829524,-0.0014544704747960393,0.19579062603337233,0.03833396924253986,-0.14782950880842496,10.783125019298812,1.617092121827761,-1.4804277655745404,0.009721007452662467,0.013156219830883841,0.08675303840840475,-0.2956192673921992,-0.006721589421366334,-3.1584882328103674e-05,0.006434630409517507,0.29251840475637236,0.014422368713437134,0.9272859038724339,0.8598591475205168,0.45829141681985225,3.638513062955613,4.674582368248316,-4.16045529795094,0.23525131228784107,0.3180283965008477,0.5254372400747185,-1.7223927048438776,-0.14861519170532184,0.003113007888564884,0.16941320479552588,1.855018838509253,0.001374693378666496,0.28628697681915066,0.08196023309624892,0.15522846942776083,7.604082169841934,2.0811717909365632,-1.6870238195543468,0.030790818030225316,0.04153139194055386,0.13761195661998815,-0.4752012319051995,-0.02063688799794037,0.00018974578057209812,0.020894503942613486,0.47350000114897633,-0.00205598996159953,0.19728387628650626,0.0389209278426295,-0.12630476176063607,9.27401365980444,1.5615091116230093,-1.390127467339445,0.008225002144221618,0.011119639153371566,0.08868101056567913,-0.3275994918834041,-0.005542586373948161,-4.494523080679567e-05,0.005577052779423404,0.3124996935886465,0.0009987501884923798,0.19424756445273503,0.03773211629581945,-0.042659304529323226,12.569197614136515,1.4661566068866898,-1.7849755027185685,0.010838089522403567,0.014643235750703816,0.08448156715076804,-0.2852231510991342,-0.007276549082173351,-0.00016259206125637284,0.007366686668530466,0.2944469053295163,0.0065874896983632355,0.14065109252847552,0.019782729829453782,0.3549773440204962,7.7733738035358435,1.157363,-0.833776,0.021789804805376834,0.029514,0.07074111121532084,-0.227398,-0.00864,0.006782,0.020874,0.242172,0.009317505252891137,0.1640044685250848,0.02689746569619553,0.11158974897939765,6.699631358492663,1.0263328303180084,-1.0222922894450528,0.029599140983600537,0.03998675484823749,0.08528909916392087,-0.26771638747283405,-0.011488835640660054,0.009514858311002135,0.028497919207577434,0.2941192407914708,-0.0007681058087633914,0.11253377710972493,0.012663850990581248,-0.016212574504745437,9.691580485366284,0.8702577562105811,-0.8399193848622293,0.008138913001458243,0.010977738673861398,0.051455805789610454,-0.18254810097440932,-0.005528309737949069,-3.2750390822786145e-05,0.005449428935912328,0.17549946959360124,0.01318101032539219,0.2202594304806643,0.04851421671566659,-0.028079903928344908,6.8154387552748705,1.3836323782678197,-1.457437115562114,0.041211010294925694,0.05553876561145954,0.11496893744706657,-0.3501848306081572,-0.015632468709727065,0.013523115674110974,0.039906296901732474,0.39985921033510585,-0.0003313517421929472,0.07260139517017135,0.005270962580655379,-0.34030549608068866,7.735551992439136,0.3978498291332168,-0.5025725677987304,0.007931352339526873,0.010709577298131056,0.03496451889050021,-0.12009968647519514,-0.005296196800525692,2.0418768788032495e-05,0.005413380497605364,0.12283551894847924,-0.001085789809696317,0.13913266972023589,0.01935789978348024,-0.07552222454482363,8.916484483001904,0.981170108382487,-1.0702029869142302,0.008809890632252109,0.011872938902775255,0.06344000438759372,-0.22920930629917946,-0.006061925919062305,-0.00010955994940759184,0.0058110129837129505,0.21349653648989614,0.0009097851728809674,0.07722947488478647,0.0059643917909798635,0.16808386020564856,8.375053553092357,0.5285679152063989,-0.4794125125322554,0.00720277362353373,0.00971183817594126,0.035996960063048755,-0.12762391512758287,-0.004679164171186063,0.00015881702018421704,0.005032674004755197,0.12499043110945679,0.00024052567089220313,1.2309030151282256,1.515122232651757,-9.606011740650953e-05,2.200099825134976,4.192457,-4.196602,0.7331356775343814,0.988693,0.8162838901158743,-2.36232525,-0.49270400000000003,-0.0002195,0.495989,2.360677,0.0002790288164692196,1.7406356168123736,3.029812350515792,1.4826534450918988e-05,2.2036869660879255,5.917000605529414,-5.900482671748274,1.0284077485841194,1.386664142205354,1.1538772345145756,-3.3356962080207264,-0.6912186431665482,-0.0018269190084664755,0.6954454990388058,3.3390246687470517,-7.850496231108579e-07,0.014108424462887884,0.00019904764082501327,-1.1231720537352547,49.3582009467819,0.23038569604893158,-0.4973944820183148,0.013683364478519758,0.01844097456185309,0.011141352443011168,-0.02095968172515818,-0.009182408121458025,-7.240415626578447e-05,0.009258566440395063,0.021134053062629644,0.00022277868560871867,2.4610225367947214,6.056631926611526,0.00025669267669101067,2.2134076952462367,8.298426518064414,-8.312411771383468,1.4085567527753209,1.9004431528242303,1.6293267447054935,-4.716440051937158,-0.9475092959629516,-0.0031117090353728893,0.9529338568612786,4.735911959265426,4.3135181240238745e-05,0.04536673800348085,0.0020581409170764738,0.04069019607649751,0.8269612941529978,0.3415574415754616,-0.1685272286008051,0.03581599468264668,0.04830060263515096,0.03422159282930336,-0.07905912032047663,-0.02430973162465383,-5.7085942770995074e-05,0.023990871010497128,0.08075671075359067,-1.0624361203776593e-06,0.0057935957920521855,3.356575220168479e-05,-8.312284369585814,698.3666271767473,0.19380716932594663,-0.3275210034461577,0.004798572135751325,0.0064825718190706285,0.0038931453848306398,-0.007889546080429011,-0.0032412027946814802,5.905387647248258e-05,0.0032413690243891487,0.007853192061824641,-1.8020428806865782e-05,0.01909287376189955,0.0003645378284878322,-0.34050867306528393,5.365767739245623,0.11455282456169973,-0.3067728853341421,0.019413666822687813,0.026190034323302778,0.015347198441824928,-0.031351073566163165,-0.013146374713329922,6.752562173908505e-05,0.013043659609972856,0.03148307563975386
-6.213543788187374,8.379367412631018,70.21379823586264,0.49956455129329086,0.1611094067577059,15.0,-27.0,6.3751895395740865,6.4,9.321894093686355,-19.0,-10.3,-8.7,-3.9,9.094999999999994,-8.724275047117745,11.88391247047227,141.22737560584633,0.5250474357216809,0.17916939854415892,21.021800212911636,-39.093315174368875,9.009505123532438,9.034722298506143,13.196474952532734,-26.677334388676076,-14.597717802947411,-12.276890759896261,-5.562995504441268,12.75221769197551,-0.021770157166138237,0.7669107002601613,0.5881520221735309,-0.4945829322866937,54.34421379494607,8.088052039383571,-7.964076575252558,0.26333823527786077,0.3547954999694995,0.3475623324468129,-0.8118107444299156,-0.19389115656638894,-0.008182724623336551,0.16090434340311055,0.6880421905725744,-12.162972689089209,16.905561376448627,285.79800545287156,0.5558622753331447,0.18568813223323222,29.54880900901341,-53.64732722132027,12.556561858020597,12.300972338097456,18.67439425653073,-37.15108852087188,-20.290995115965874,-17.13610299184352,-7.990022777868417,18.413814674952402,0.09748494882308209,1.4418792481705665,2.0790157663049182,3.894355539131829,28.409392664265976,12.099273916292661,-4.657224451766812,0.35853795505490627,0.47963770561562213,0.631469626645065,-1.4978123998188129,-0.23174606861381475,0.009915011887760616,0.24789163700180739,1.508672153558525,-0.032436603519308146,0.5944189107859119,0.3533338414999099,-0.9379907894913958,11.296612390576625,3.3717368786622224,-3.357338307681047,0.2744527850773766,0.36792021366131916,0.3419778822877202,-0.8717354745537863,-0.20316587869854802,-0.007322591495007155,0.16475433496277114,0.7818688876559433,0.016851176679329484,0.8997774597495639,0.8095994770733781,-0.3358633965315538,32.48371066829335,6.608021768422033,-7.4797508990517105,0.2973687109669628,0.39966143266860754,0.4068529750469867,-0.7593404674404716,-0.20397559314120556,-0.0017392531112780613,0.19568583952740196,0.9942920709772494,-148.6887983706721,12.841163317167348,164.89547533816435,-0.4259682908339934,-0.17862053025507807,-111.8,-189.7,13.417550077475715,18.200000000000017,148.6887983706721,-172.395,-156.8,-147.55,-138.6,-130.605,-210.1880311854272,17.39700833682549,302.65589907157556,-0.24371843952517636,-0.6188347673947909,-159.5117940579068,-252.77562852462097,20.217914481201248,27.17591669807811,210.1880311854272,-240.3182467683111,-222.67623421295383,-209.5355753084903,-195.50031751487572,-185.5351751091144,0.19330903923598325,5.176441450211174,26.795546087464363,0.5815255980124718,2.5512145912809077,22.616238427917878,-15.811853020189295,3.84450407487788,5.179440975549353,3.667846777920421,-8.354582540212382,-2.460800643108999,-0.04540386032488275,2.7186403324403545,8.676266722033366,-297.00346774561456,23.394493632514525,547.3023323217627,-0.1493118997778981,-0.9320289323000202,-230.6571344626836,-346.36076245677975,31.450086663753446,42.06460248326215,297.00346774561456,-335.1440143320462,-316.26739506277266,-295.90226773085647,-274.2027925795105,-265.01335003056016,-0.475618489456923,7.554330568485019,57.06791033794719,-0.27220619954691644,1.10149803014495,25.17212610270853,-27.870191751119254,7.167815926801514,9.596471828067324,5.838458450766827,-13.025963719505626,-5.010309269376755,-0.1489240866888677,4.586162558690569,9.903056110209484,0.2700110166606878,4.610900649891367,21.260404803168633,0.4061471025667339,5.236928921550989,23.280017838424374,-18.862871682599874,3.0446838909349907,4.104020212030425,3.060870550095131,-5.9719943483120765,-1.9976004483377103,0.11889508759976727,2.1064197636927147,7.839726364218536,-0.08004753589461061,5.629410160076906,31.6902587503771,-0.12639563605817972,1.7521300267841236,18.87298589084879,-19.70173325241164,4.888735781636531,6.228957061869048,4.143598005254863,-8.759754241015148,-3.2304701928330797,0.2636516227026906,2.9984868690359683,8.971319941432188,-1.014154786150713,8.179185572400984,66.89907662777242,-1.8442983961833799,4.409772810478128,14.5,-39.0,6.078669095872969,8.6,5.622912423625254,-17.07,-4.0,0.8,4.6,7.4,-1.4649018423091744,10.819931252422053,117.07091230713948,-1.5790732632588425,3.1824236574384157,19.90598756892019,-50.68031432643721,8.846335898606759,12.05145312599486,7.64568417936993,-21.97935541575702,-5.964051887532805,0.8740700982166365,6.087401238462054,10.092613721199434,-0.014423983883145931,4.028852164683385,16.231649764873996,0.6021560758244814,7.036211192217193,19.479692243671668,-17.09614051664392,1.5306426753230917,2.0690933029035294,2.2505974049224786,-5.5982649586713364,-1.0781154287512913,-0.12373264261111586,0.9909778741522384,6.081487357574693,-2.15786285733931,12.189974225906791,148.5954716282719,-0.4868202872461249,-0.8316826953117817,16.05406633603968,-33.93556006031028,14.64430161114115,21.20337608844888,10.069407448321087,-24.071916766232608,-12.17144745110231,0.9539776101390773,9.03192863734657,13.214245668821707,-0.2715303924546015,9.163885229777817,83.97679250454004,-0.4797936662808621,9.253165054995076,40.03243386736954,-45.92420572894153,2.518762679888451,3.306506340030248,4.462338184820026,-15.260247460249149,-1.5572017024882325,-0.033900666890351316,1.7493046375420156,7.5873765911982405,-0.02053315681533112,2.7188338782686916,7.3920576576215735,0.942347094492964,7.180180638402518,13.83849857690737,-11.600969248647266,1.3359987123336319,1.8691089419479665,1.6081767054676728,-3.7922766497139753,-1.1524597152298557,-0.047405718564415604,0.7166492267181107,4.430601175633117,0.06769366823149466,4.967871993045732,24.67975213928817,0.2910441612351414,6.2909195109962965,25.59641719071394,-18.939639502606155,1.968353273856704,2.7259030887838813,2.808774503519682,-8.427164360057589,-1.2967171745592883,-0.0060661832552249845,1.4291859142245928,7.4792084990061936,-0.6921588594704685,4.322388740364389,18.683044422828843,0.029519187116853748,-1.43589941651407,7.3,-7.0,6.523449761424648,8.5,3.9135437881873725,-6.7,-5.0,-0.9,3.5,5.6,-0.9780544015921957,6.134632914219532,37.633720992225626,0.04016903012454121,-1.4347447584138868,10.305429776155252,-9.8758098065944,9.201537794861279,12.163906185223034,5.557103834364841,-9.51953193843524,-7.162104007323368,-1.2404498948697356,5.001802177899666,7.945906801160701,-0.0076672721277878655,0.1783833152125276,0.031820607146211974,-15.788426306828667,310.88365335522434,0.5381296986643727,-3.546149595105377,0.06526877806000096,0.08737752933219724,0.0636013563952558,-0.11482539534647804,-0.04299566658410339,-1.5187241394255119e-05,0.044381862748093845,0.11464156546472626,-1.3807350131925435,8.73512168231237,76.30235080480368,0.05205146555428775,-1.425330537622848,14.502882889276503,-13.898122566178895,13.000311226434304,17.276675199956177,7.903230835652249,-13.460035936837407,-10.140374560194067,-1.660118335884507,7.136300639762111,11.638397829842267,0.0163293697667199,0.3736085230809636,0.13958332851873892,12.636160509824977,184.34971290228904,5.509830435081376,-1.0587980381443323,0.08004219639287068,0.1067198646815699,0.10465475849373151,-0.15856114148379982,-0.06008962054011015,-0.005107072457515018,0.04663024414145975,0.1756190993857561,-0.010897014152943875,0.15125651935695603,0.022878534647981216,-7.35571808772828,69.60016225963061,0.28384891045205374,-1.4936171525611546,0.0716440700667102,0.09701850930889183,0.06873755918051318,-0.1275885864955626,-0.04658317443486902,-0.003596018489507939,0.05043533487402281,0.12171076306698686,0.004703213724999479,0.19997540613391118,0.03999016305842273,11.690700850207024,166.47672001928157,2.8723578811113017,-0.5140562483710837,0.06543871292398054,0.08828971110635703,0.06967524287279005,-0.11718533999601452,-0.05130832759857948,-0.0059212312008769166,0.03698138350777755,0.10491064245390092,-0.05386965376782074,3.159455516414065,9.982159160199268,-2.270355267806401,5.019592072621089,3.4,-14.6,0.8895613311033613,1.4000000000000001,2.1766802443991855,-7.494999999999999,0.2,1.1,1.6,2.294999999999993,-0.06481446072962817,3.6137753845180725,13.059372529748742,-1.568442094696631,1.5954198697565625,4.1931862847348285,-12.008239163784523,1.316139611959871,3.9655583006451933,2.8149707846238257,-8.571261288626225,-1.7194038430013339,1.5478582121388702,2.2461544576438595,3.0525648393207163,0.06046218939441372,2.6081953055831413,6.8026827520659365,0.5632930437599621,4.53896611312748,12.388819659920118,-8.04390712987464,0.5693038736672041,0.7618527130124026,1.435266588769942,-4.9221439150025965,-0.3880288380361483,-0.0029486733547747362,0.37382387497625436,4.503293070094658,-0.0603558462907569,4.409213683233067,19.441165304409708,-1.0635266010692657,-0.21666561927317218,5.113603682256626,-13.576343746696487,1.5212247396359766,7.036305482696283,3.793436611127364,-8.68282063742298,-3.9973456753918137,2.3298840662818203,3.0389598073044692,3.8274474695398917,0.053734572994104356,2.539178236997873,6.447426119243627,0.18852410179944787,2.797404166086758,9.379492450540448,-7.868648950369716,0.892815185519347,1.191609310738908,1.5040205016733312,-4.513767918501941,-0.5840749899950389,-0.01349331579366543,0.6075343207438693,5.357071173109562,0.08519101405723471,1.8952191053679561,3.591855457351716,-0.2080819861925729,6.863870717247021,8.837543430984582,-8.402397344316295,0.26485628461108207,0.358807223056523,0.9499099353253103,-2.800273228935863,-0.16201280073976468,0.014272546427136986,0.1967944223167583,3.5661258917474097,0.011771198020667882,3.138516277432316,9.850284423707603,-0.5732204651122211,2.952070574742147,9.059884298638286,-12.287535123907254,0.6684904131871017,0.9024409057139455,1.7881573370003714,-6.668281095779381,-0.4126798496050784,-0.000491997229564797,0.48976105610886705,5.894360240703503,3.015071283095723,3.275058020196271,10.726005035651918,-1.598369624400335,1.7995326932172038,6.4,-8.0,1.1860817748044825,3.5999999999999996,4.065376782077394,-5.2,1.5,4.6,5.1,5.8,4.269417393968726,4.593697941046984,21.1020607735793,-1.5811524419233516,1.7631123055300248,9.943587134084346,-11.48968027071161,1.733340886830866,5.144839422070958,5.72692343153804,-7.186534119759684,2.1282168775540447,6.498452579595986,7.2730562996250026,8.191842215694725,-0.010724053581619406,0.5020222959485724,0.252026385629476,3.790338246732902,96.35733493670425,5.982475320426627,-4.432183739130588,0.1105447784206687,0.1431926973014282,0.1553284264084645,-0.28661329665507296,-0.07838358362866149,-0.0028668853576662816,0.06480911367276672,0.22209615781430514,6.053156533772746,6.395037061464597,40.89649901750575,-1.5853183257670511,1.8934205820910899,14.437918132444059,-15.68994048450237,2.433320427541311,7.247533384270079,8.000049835018316,-9.045057913183593,3.014752776507245,9.242935201890571,10.262286160777323,11.53710407063945,0.06984157572232398,0.9618125193662672,0.925083322409686,4.786335349836029,34.43631963209211,6.945028494556649,-3.590708814950725,0.2099264307030172,0.2782253674687954,0.3368217105545796,-0.467446334621376,-0.15017789575045626,-0.006798166246658107,0.12804747171833913,0.4841320072916319,-0.015132602013361406,0.36051812427994695,0.12997331793433128,0.8564968601057973,25.74951018583649,2.4987581763147397,-1.9604543038037174,0.10133298397399214,0.1350282940374316,0.15009335878184277,-0.27572008251373653,-0.0702957028177576,-0.0038580252138455113,0.064732591219674,0.21353528919733586,-0.013089525929742492,0.6065744481919088,0.36793256119931866,-3.802193066583386,55.15117428968658,3.6037546168328896,-5.4494191501759,0.1310829162801376,0.17636071329299197,0.1977845631130869,-0.3016989966331995,-0.09000361287857164,-0.002136171208266268,0.08635710041442032,0.2609636793141401,0.0032710566251591467,0.3423832651963823,0.11722630028653624,-0.7754932217342336,7.108105049541043,1.378702,-2.251702,0.04740472333449812,0.06400700000000001,0.16774852046393193,-0.54607525,-0.026901,0.00543,0.037106,0.57333725,0.004623964193583605,0.4659400888152659,0.21710016636517784,-0.5759449196603557,6.603258766918543,1.878368531866441,-2.4885815270876566,0.06640417345273886,0.08948542706127366,0.22968049066832524,-0.7398698889214869,-0.038039182612353374,0.007004102000032002,0.05144624444892029,0.7785570906210232,-3.747629214823209e-05,0.13164622010990518,0.0173307272692256,0.05828970969191831,27.146285671752064,1.7601059390258893,-1.5947140618023954,0.0089983700479997,0.012146734244196555,0.0533279339096483,-0.17682149646702192,-0.006048548821366127,3.95140176788704e-05,0.006098185422830428,0.17530310148679004,0.006533641430542153,0.6528027610794075,0.42615144487289797,-0.5506529681787439,6.589865855051622,2.6553193912621365,-3.3060515571911604,0.09356217627034706,0.12611413717049896,0.3220606963701358,-1.0474480364871868,-0.05348530010111267,0.01015681120683323,0.07262883706938628,1.0882176627779494,0.0013363220902970914,0.08925673400713602,0.007966764565620631,-0.08927299833987914,14.93448549870859,0.6973344151883583,-0.8255717504322367,0.006910749049740335,0.009336183109435396,0.03818071290102783,-0.1160360449430907,-0.004541826164938911,-3.641984573284399e-05,0.004794356944496484,0.1282035232058918,-5.3031744230439226e-05,0.08795080825434301,0.007735344672592211,0.3106933523606238,19.575868992774744,1.1414402834677568,-1.0243924848432229,0.009338219899104367,0.012606665452351496,0.03945631964088247,-0.13423475508108462,-0.006321039467599452,-5.3777623332858105e-05,0.006285625984752045,0.1345451430934133,0.0012113670982341613,0.164067651496335,0.026918194267522844,0.6252511820459904,27.3792049667089,1.8318743658394514,-1.8324180931522929,0.00871981107471355,0.011766848403991547,0.06405252605402506,-0.20075903008444007,-0.005883928346446779,1.6523782746215372e-05,0.005882920057544767,0.21021283093366694,0.008187949383597801,0.5386923134696843,0.2901894085913206,0.8411881332546038,7.1019246806787795,3.742415,-2.996408,0.06618781084074558,0.089167,0.27025031074744593,-0.901154,-0.039243,0.00516,0.049924,0.999289,0.011588239241067258,0.7394685739477939,0.5468137718563838,0.9681362391704427,6.87014056076384,5.241648867579551,-3.234624518216408,0.09341692896928785,0.12589860462973415,0.3748546214637609,-1.2513765401659778,-0.055483741457236585,0.0070176304225682655,0.07041486317249757,1.365594404455448,-0.00030559620315271014,0.183062101410585,0.0335117329728593,0.15491996672082056,15.438939303902277,2.007936310698379,-2.029775280824014,0.009359151366652817,0.012629741015878646,0.07841389788896944,-0.26330370605695425,-0.006515068693603435,-7.20494786626408e-05,0.00611467232227521,0.2686837543724644,0.016412599445376444,0.9944568626735708,0.9889444517185612,0.9468695196226575,6.4466898605861775,6.537587174430207,-3.9443594851633406,0.12952856589291084,0.1747479814258855,0.5106476879522724,-1.7339921228512192,-0.07549056799774188,0.010507505005452559,0.09925741342814359,1.8487557071614167,0.0009091480102555225,0.32323644021679,0.10448179628402245,-0.005884895949235808,7.974009047011709,2.05782624473557,-2.4157915487941835,0.02571437459205383,0.034686214229522325,0.1510741134925636,-0.5427371018296416,-0.017206123301508322,0.0001382886691031276,0.017480090928014006,0.550035065658122,-0.00043204260019569473,0.16424456416375405,0.026976276857341518,0.009385449323057791,11.530237873958024,1.7260125042758752,-1.407331671883387,0.007948336356705565,0.010725115403833215,0.07241255956314199,-0.2560302640930713,-0.005352120377129891,-1.1369741913381393e-05,0.005372995026703325,0.25222213706058866,0.0006769270023208231,0.2000857478384226,0.040034306488060833,0.15079026084065963,15.393282809489232,1.9059279922827028,-1.6885823289260002,0.010450198764573844,0.014099021770086768,0.08482985070667108,-0.28778990464623055,-0.006978738749967701,-2.3214733444071317e-05,0.007120283020119068,0.290933904566604,0.005947933484457971,0.20975866794868464,0.04399869877960654,0.27888018781500373,7.3811012572831665,1.63153,-1.251877,0.023044086282232572,0.031026,0.10396892463435084,-0.337775,-0.009305,0.006178,0.021721,0.35509,0.0084126630733247,0.2728737044618688,0.07446005858674332,-0.022514939658479827,7.774041812128944,1.8508348795759404,-1.4703247922828262,0.029883026154935582,0.040326431271635876,0.1328909678149489,-0.42156807310224426,-0.010542370519394426,0.00903990290278551,0.02978406075224145,0.4476689972903339,-0.00015084348984586174,0.11631487465728463,0.013529150066539833,-0.05040354103386347,15.489958374862006,1.3626409717274237,-1.256238015605083,0.009401052984670656,0.012670330800519797,0.05210657598329436,-0.18290355938574515,-0.006317030773627684,-3.5077108197859014e-05,0.006353300026892112,0.18421727546588457,0.011900126158942368,0.37874036595027816,0.14344426480015063,-0.0986117245314188,7.968076780906369,2.3110780767346526,-2.0374891051524013,0.041270252951570656,0.05592610035365189,0.18328984441659107,-0.5801836818098558,-0.014275186337349408,0.012699974414802513,0.041650914016302484,0.6279070119398924,-0.0007163259239255733,0.07380853783067502,0.005447700256702186,0.0046338902851482166,9.153153124001273,0.5964402719709637,-0.4996010685576042,0.007418329699841183,0.009984111368531577,0.03440743583479439,-0.12209041961290655,-0.005218618983510486,-5.815598377544007e-05,0.004765492385021092,0.11958419403440876,-0.00021301522600122443,0.1335439013704979,0.017833973593253272,0.052059540844967306,8.904729314981644,1.068892147376161,-1.244793207632284,0.010447648123954807,0.014081287493270436,0.0623406361212914,-0.22431880627999404,-0.007123147921353714,-0.00012483315027440704,0.006958139571916722,0.22567963537757507,-0.0006911650826876932,0.09601474745630849,0.009218831729098697,-0.6456445164681065,30.15234897606237,1.119941873223351,-1.1833158818447,0.008048030043946228,0.010863865117000163,0.037739650984400915,-0.11568360216190124,-0.005395283266224619,-2.48214638565793e-07,0.005468581850775545,0.11309408646097935,0.0003010811880880658,0.8523592668137067,0.7265163197231996,-0.002086383024915172,1.2924310587860965,2.784008,-2.796742,0.7011477933690138,0.94580375,0.6193065201844549,-1.59296025,-0.47225525,0.0009699999999999999,0.4735485,1.5895825000000001,0.00043765849235315104,1.2052683892900895,1.4526718902219269,-0.002102148116197571,1.2959612241595755,3.922597224950881,-3.95528360128308,0.9856404022834782,1.3295876707403358,0.875284082322166,-2.2527578451735257,-0.6636804784651085,0.0016454815547312669,0.6659071922752274,2.250236499719552,-3.319046797259877e-05,0.015462376169212004,0.00023908507679821527,-0.6898490652425227,15.373931640676709,0.11555185153973177,-0.3845628910416386,0.015629066419691775,0.02102527562658609,0.012348503987198192,-0.022811059408422117,-0.010439458799694781,-0.00017907690470148584,0.01058581682689131,0.022810856359158718,0.00065611087150937,1.7036761045831608,2.902512269327653,-0.0021462680179390736,1.308849126143305,5.500471347185384,-5.541660755582452,1.3587566581158512,1.8330202827550188,1.2356000996666545,-3.17540909649383,-0.9140472473738022,0.003965065735257548,0.9189730353812168,3.176238786887576,-8.383968023027769e-06,0.048441881423912016,0.002346615875888352,0.0026815877443796114,1.9678730581552424,0.5281132479571223,-0.5466246144269445,0.03762511352166579,0.05079788979752602,0.036756893932028946,-0.08857326109439327,-0.02539543491399866,-6.446691317095639e-05,0.025402454883527364,0.08959151580213706,-4.7909848560245994e-05,0.006996718311981142,4.895406713721224e-05,-6.661529504467423,273.65388128324685,0.056285941128360474,-0.3154849766806571,0.006131565788422856,0.008278275543526493,0.00510057843883159,-0.010316786002694934,-0.004173176952625585,-1.2684929242456748e-05,0.004105098590900907,0.010191428804030497,4.8695348331363886e-06,0.02072490964470758,0.00042952187978129326,0.02240678483925373,0.8636210208986426,0.2057881458576437,-0.16522844594443395,0.02265723766847803,0.03056292606151536,0.016816191090283233,-0.03439086052966621,-0.015333392197862457,-6.03490638773486e-05,0.015229533863652903,0.03474338536001669
-5.625813008130081,8.027005001765438,64.43280929836737,0.8868524241571595,0.18314807546749368,15.1,-23.0,5.040847542919046,6.7,9.003861788617886,-16.1,-10.5,-8.2,-3.8,10.0,-7.8972610023909615,11.390455246185365,129.74247071535171,0.9074112097202902,0.18970252549955102,20.8905385266365,-31.940829450261695,7.052643636413055,9.218250467246092,12.747365791772204,-22.790332811016487,-14.679402162416222,-11.560438799143688,-5.46115169517013,14.18054312477504,-0.09398995868389724,0.6788768226096311,0.46087374027654854,-5.369868463446023,51.77846590357986,1.676001827040079,-8.29746839391687,0.3262923601938321,0.44096659810280203,0.3445896366702053,-0.7230331330592775,-0.2403854682816733,-0.02775772590374248,0.20058112982112875,0.4960107107924341,-11.015786934862335,16.21561480205012,262.9461634084669,0.9197538844949769,0.19757705629833255,29.523005775917998,-45.755881888308394,10.201905200988723,12.972294186621314,18.042033375937734,-31.70871555302199,-20.633393417749524,-16.431150450267022,-7.66109923112821,20.21301924727964,0.11641739012009301,1.137790175186229,1.2945664827503096,7.185074631109898,64.1425910245258,12.413613286484164,-2.37740915713293,0.2892732736427971,0.4002127404436253,0.4021309948312365,-0.6007912292680093,-0.19402549930409166,0.024064567807961512,0.20618724113953363,0.5431037671376803,-0.13100026998078257,0.6533128920213385,0.42681773488128505,-2.0608500182477565,7.650029319153132,1.8653694148627866,-3.3822515237942676,0.33187458357765715,0.43785193405040546,0.380671179077636,-1.583324546507749,-0.2820347296487957,-0.025807798225624907,0.15581720440160973,0.5609307622149894,0.05331693388470187,0.6947440721258776,0.4826693257540467,5.113659624409975,43.14738786212258,6.900463749979826,-2.391665702783904,0.32423187377216,0.4258091887255415,0.33819061734972483,-0.500446698335134,-0.23719936015113036,0.0008870843722825275,0.18860982857441114,0.6195862033639028,-148.98353658536584,13.546921367952,183.5190785494745,-0.4826975732772719,-0.27972581485780834,-111.3,-191.7,14.529501741354917,19.875,148.98353658536584,-173.685,-157.975,-147.4,-138.1,-130.51500000000001,-210.6182121725482,18.22620431993256,332.19452391192834,-0.286333520990464,-0.7434174431422313,-159.11298709226725,-254.75249017002315,22.002206747621713,30.36439361356497,210.6182121725482,-243.18134459299253,-224.70643273746367,-208.2090092288434,-194.3420391238987,-185.29661387403473,-0.0919022482462858,5.821379759861978,33.888462308530706,0.15622623933874394,1.38939179392269,22.556385771735673,-17.069787250498834,4.38115326001867,5.856471571963247,4.238050687648117,-10.689917354457389,-2.890036117093315,-0.2928501964508392,2.9664354548699325,8.939518245898666,-297.58759087626464,25.17569756610039,633.815747939753,-0.3211355111739595,-0.8458011144857287,-228.51380993508806,-352.3819248276564,32.496477918445805,45.05815460654719,297.58759087626464,-341.00386662523124,-318.738872793674,-294.4119841323647,-273.6807181871268,-264.5177527536621,-0.10096288631688367,5.290917859215011,27.99381179296035,0.1439846001420687,-0.06497923650434956,18.17000838690828,-12.357127831054177,5.181689202600027,7.048445116368285,4.233081764985882,-8.869770021955093,-3.7001592559005427,-0.25379903950911853,3.348285860467742,8.7318450722665,-0.12820379623184075,6.475209869460372,41.928342853557,-0.03537279924390952,4.434165914315031,26.229435900819336,-22.27152502493391,3.0964549770535092,4.260662439285941,3.924776248995003,-12.736081438217186,-2.026733306615854,0.15018098682926845,2.233929132670087,9.090254230799655,-0.47216245993128647,4.971463007774818,24.71544443767344,-0.026527697753213814,0.17880580600265672,13.536114175211623,-15.0947408420762,4.808641167882923,6.488301666809899,3.9885261744585163,-7.6671440921515845,-3.755772709486238,-0.6393744071642504,2.7325289573236606,7.749411890612887,-1.255589430894309,6.885705209921281,47.41293623793707,-0.7875322311005883,0.08768791874396165,10.2,-28.9,7.116490648826889,10.425,5.456605691056911,-14.485,-6.025,0.3,4.4,7.4,-1.8005802011734793,9.34080099526748,87.25056323318996,-0.5623889609117856,-0.6424311388159065,14.27048582462242,-34.12025664020818,10.57432824493146,16.281508401388415,7.6588300230336115,-17.31842946768562,-10.365052192119997,0.7219505967165801,5.91645620926842,9.854523547631736,0.09957900931022556,2.695447678048868,7.265438185099034,0.41073677989603713,3.1224057289919207,13.183934490139757,-10.896741949909856,1.4933752873470052,2.0261978325559094,1.7691899582979036,-4.436002897685293,-0.9912115967095363,0.03600195773754111,1.0349862358463728,5.513898137538107,-2.6104079723227764,12.73928708390693,162.28943540619795,-0.3889813491958623,-1.1845340726594193,15.941984753855515,-27.56415083845939,15.32849662601434,23.850684520729036,10.69429445642916,-23.66355802130852,-15.432712296784437,0.9591141250930921,8.417972223944599,13.722789515796673,0.044201824103915766,3.300336994771048,10.892224279054393,-0.9559310512246363,11.208722211903572,15.010305189776782,-19.3794985356285,2.1352957329310316,2.842561958246337,2.0778968537964535,-3.7469635773133616,-1.4296772689266741,0.127486158947839,1.4128846893196627,4.111633208595311,0.13616527333457723,2.957075673083316,8.744296536341146,0.41430473587101174,4.642427457667299,11.771592572747592,-9.684067627445847,1.1471544061557604,1.584367536146916,1.70147761785975,-4.404155899436747,-0.7249211769138538,-0.022160730927757874,0.8594463592330623,5.431909847533451,0.2106533001101203,2.3547749183244306,5.544964915969828,0.6700867756270483,3.272104117400752,10.980537878920408,-7.577245797666467,1.7084359237183917,2.273390232559761,1.6389816205074954,-3.574502374699674,-1.026526877151521,0.06175662931042295,1.2468633554082396,3.8068752970289736,-0.6563008130081301,4.358033994791165,18.992460299755436,-0.0687191739647869,-1.485014909138815,7.0,-7.1,5.930408874022408,8.6,3.932520325203252,-6.8,-5.3,0.0,3.3,5.5,-0.9289715129494499,6.183150873013873,38.23135471845222,-0.058384910676097204,-1.486080140243646,9.881165707443323,-10.006647065146192,8.369840444755232,12.34113246485496,5.584653100852925,-9.55730836006427,-7.560228136938351,0.00458896175980862,4.780904327916609,7.8017445658048015,-0.011024323738061873,0.17137486339933386,0.02936934380514034,-16.950665652260664,340.73818242829805,0.4824921997989813,-3.4904203824896998,0.056469241525044525,0.07676529573311311,0.05552494054433553,-0.09500420080767832,-0.04160542456817605,-0.0013418768901308081,0.03515987116493706,0.09075285182510097,-1.3384903892050182,8.804656232136875,77.52197136610671,-0.04228929804286894,-1.4818012502205824,13.904714884535178,-14.052932776716677,11.983491572417513,17.62817424778632,7.953425364890076,-13.566388158312488,-10.858414802135087,0.10906636221297342,6.769759445651231,11.250501872128588,0.030481539781693122,0.3498006637047972,0.12236050432831662,12.857549807818126,189.39867069274104,5.2123640777842,-1.0993014236259302,0.07297216362220482,0.09307646238190664,0.09177411861897893,-0.11871251231443136,-0.04274527754779406,0.00968122142467076,0.050331184834112586,0.15801422862158462,-0.015385728783776125,0.14006152799801383,0.019617231625138416,-8.284508524014733,82.58997818425594,0.24985122148618136,-1.5243258536666364,0.0608265261089313,0.08135973869797372,0.05799975541037678,-0.10710428588540141,-0.04555624813273048,-0.0037061153943259663,0.03580349056524325,0.08426412353358842,0.014564558349994282,0.1952523140550447,0.03812346614384981,12.601850426113087,182.58071847758114,2.882198072946479,-0.43707887039353654,0.05920641308763511,0.08074916318780581,0.0633022652844864,-0.09073821698895072,-0.04031255300828678,0.0010394929244688564,0.040436610179519036,0.10941831530840215,-0.14603658536585368,3.5375690608736003,12.514394860450127,-2.0255892848821255,3.279920119374256,3.3,-16.3,0.8895613311033613,1.7,2.44400406504065,-9.0,0.1,1.3,1.8,2.5,-0.19669229629762658,3.7816894710292286,14.301175255293327,-1.074468847363368,-0.27465367929869133,4.081847911451228,-10.680361313597581,1.5618552383865705,5.348632866672647,3.1403630991865183,-7.895233191165826,-2.9460968052515235,1.6957196137891917,2.4025360614211233,3.435997414319963,0.4786550864430471,3.2193458231728926,10.364187529180748,0.6620836150536893,2.3889315250266323,12.760578968913949,-10.024492748397046,0.508341894679558,0.745969854080113,1.8131731401546982,-4.557893101234475,-0.3048256329064654,0.02007188417179069,0.4411442211736476,7.572110167754931,-0.24406362515383867,5.0968414317011215,25.977792579905135,-0.9895678120067356,-0.5609437447732573,5.757518725879837,-12.555559797593432,1.682697086301598,7.74423044361773,4.383979436400989,-10.086628742513906,-4.513771242943616,2.5320659508307193,3.2304592006741144,4.359598298873012,-0.0428387192676841,1.5212704708182163,2.3142638453834774,0.35580248812233795,4.221804499245872,6.50151742235356,-6.485468490961665,0.7699347896184067,1.0825405763333702,0.9569027079212054,-2.6312996075371053,-0.6064394071019746,-0.030204322148076244,0.47610116923139556,2.736164075318384,0.6680666659413601,3.8308545619138497,14.675446674536154,0.7576947482594008,3.2675522337173035,13.431375026817733,-12.955809430466248,0.24682054414611282,0.36889149696016316,1.9402407291862203,-5.309590707272317,-0.1419909118905051,0.010484530757859609,0.22690058506965805,10.071647632237024,-0.04005115278158709,2.4016514509696347,5.767929691944551,-0.2762302711689797,5.691690171362156,9.51620251161628,-10.077237813983464,0.6230218506155325,0.8009555266254185,1.256603100109705,-3.945611259755062,-0.4283511612553535,0.008865558194409814,0.372604365370065,4.406402071063569,3.2569105691056914,3.125217554724765,9.766984764359838,-1.8235460364412774,2.6594244736949744,6.3,-7.4,1.1860817748044825,2.9000000000000004,4.192682926829269,-4.7,2.3,4.6,5.2,5.8,4.620495634790501,4.390837628194636,19.2794550771699,-1.7747480152816821,2.4378836824931085,10.252002025659882,-10.131830292273092,1.7429696735584896,4.065007364976818,5.926473820821231,-6.533427681600989,3.278466960444479,6.586199762764779,7.3434743254212975,8.322147881563506,-0.02768148096522215,0.42305807177245086,0.1789781320918242,-8.674121641952556,85.29902970531373,0.5557797610502735,-4.561883446646381,0.09593743610203594,0.1306241625095882,0.13920745231779943,-0.2340127297641939,-0.05836356028030687,0.004229549165131685,0.07226060222928132,0.25535461891263833,6.585641682068655,6.119554170298013,37.4489432432118,-1.854254941924124,2.8653273106363164,13.208747252829824,-15.142561769504908,2.477753553069651,5.179204266510699,8.353486539006271,-8.814737676329358,5.201097370875382,9.21194141745842,10.380301637386081,11.684589005429011,0.08510708216912595,0.8913601490802494,0.7945229153683645,6.206971964491227,42.685424093953,6.833518805020493,-1.2653331064530313,0.14103395605615934,0.20524025449963987,0.2930667606437687,-0.439552206156556,-0.11617874342864923,0.010864429563592015,0.08906151107099064,0.43983135619471314,-0.03853479836342353,0.3451122703291275,0.11910247913172478,-4.088153709110934,18.089317784753426,0.4328390712651129,-1.933039898756091,0.10896205189555813,0.14577981192944012,0.15231944519870336,-0.24936927946085255,-0.05416202231339334,0.009787779400170428,0.09161778961604676,0.2441185382738291,0.04067349755817648,0.4820375563160036,0.23236020569910434,6.258077450590031,42.92442831343182,3.724011380514264,-0.499779606035432,0.11612607731297965,0.156161538534887,0.17500431085604673,-0.28205335700959744,-0.09295966141725438,-0.008354636032288346,0.06320187711763264,0.2385138352436287,0.0016158746413040264,0.2636233443578221,0.06949726769040283,-0.26371623240212044,4.33089841738312,1.281533,-1.441359,0.04493767324290479,0.06056,0.13889023792266958,-0.512868,-0.02803,0.002755,0.03253,0.500906,0.0022866507376831293,0.3562883943200845,0.12694141992718402,-0.2043666318664619,4.235719779909279,1.7241769005648995,-1.8254175561104629,0.06284792634384352,0.08476603550815799,0.18953602312575765,-0.684897296260677,-0.03950731341895493,0.003323810486345365,0.04525872208920306,0.6742659967674611,0.00027643683602260956,0.10973038153837555,0.01204075663255747,0.048440257689227946,9.19190207831662,0.7977730708723383,-0.7379558942389699,0.0078069470974309755,0.010531744721803913,0.049359002143829,-0.1774395199696911,-0.005232381278962839,7.455557038291431e-05,0.005299363442841073,0.1762708872617182,0.003238002723142876,0.4967861277443167,0.24679645671919254,-0.1921297713952466,4.216480724674324,2.4243011587137686,-2.604442376724285,0.08878269851117053,0.12014972645094643,0.26561946595036257,-0.9455351195584544,-0.056243868810792734,0.005226516516164053,0.06390585764015369,0.9461140029711672,0.0005774032579544274,0.08391191724358053,0.007041209855493507,-0.002336993886770421,8.567423425433054,0.5536748024329712,-0.5544233119770694,0.006763661192263393,0.009106207280587694,0.038286854428776815,-0.13225855733740347,-0.0045258938614298975,-9.307860456535515e-06,0.004580313419157796,0.13906195644955172,0.00039093473127195896,0.07961906054112816,0.0063391948014518305,0.08573312279578234,8.704999067109172,0.5517700779976066,-0.5538623302108756,0.00783518179719546,0.010560412634784192,0.03691980001946102,-0.12445667777654361,-0.005269360126894265,-2.0384453593554444e-06,0.005291052507889926,0.1327027829323389,-0.0003007430170697071,0.13318391730422824,0.017737955828499505,-0.008211465176739811,8.03780235792992,0.8271630853639704,-0.8067413815151133,0.007718693858060849,0.010395184023055278,0.05980335313047876,-0.2207470209791564,-0.005106492012967647,4.9472145302189e-05,0.005288692010087632,0.21664576455961326,0.007275372614856671,0.48948592836621974,0.23959647406853998,0.8485173618079,5.565121161113696,3.068497,-2.310954,0.06013138077815021,0.0811,0.2469298069254208,-0.85469275,-0.036344,0.004019,0.044756,0.949433,0.010291934685128663,0.6685649189164317,0.4469790508057348,0.8129408745000516,5.403704110244753,4.377213772560065,-2.882760952253911,0.08429125693180606,0.11376934522053503,0.339714163906883,-1.1610833768562412,-0.05080947330849088,0.005552414044177823,0.06295987191204415,1.328053586281301,-0.000548414883785261,0.17936333702070198,0.03217120666720192,-0.043710006812725674,11.27183973909087,1.4564819692984672,-1.5470105424880707,0.0091578810824621,0.012349481784608155,0.07798300706324471,-0.2768161930168489,-0.006129242945777717,-4.346676009363195e-06,0.006220238838830438,0.27017885783652507,0.014562873152058732,0.897173373736459,0.8049200625416599,0.7720942070773962,4.799368631193115,5.273816751012964,-3.927835157749456,0.11676313371664081,0.15716329883456887,0.46546781274828325,-1.640290660234632,-0.07038929240192152,0.0071691103151274044,0.08677400643264735,1.8337696282428702,0.0007235182992856785,0.2981264134089983,0.08887935837211298,-0.13031908140253323,7.896229268547188,2.1187305460239694,-2.2424774731317605,0.025585965598240005,0.03450053819002338,0.14113408389680832,-0.520498182275126,-0.016536208348275343,0.00020409902604451844,0.017964329841748044,0.5137070580771519,-0.000775473596524695,0.1793790368901262,0.032176838875629256,-0.22358721834085102,10.44432746447334,1.3187293156278588,-1.4091076574008958,0.007758093896396167,0.010488980203304389,0.07826710702156535,-0.2818628843201248,-0.005197946639590691,1.6411084859890046e-05,0.005291033563713698,0.27483936857654434,-0.0006206408914982303,0.17931482121092518,0.03215380510590606,0.056492225660911395,9.403390637468664,1.3255798428743961,-1.3319920421244833,0.010175866562907709,0.013793746316726682,0.07968255493729112,-0.29353685468818513,-0.0071634263126864545,-8.126086798453179e-05,0.0066303200040402285,0.2858825186998101,0.0071263700411206094,0.14162070975528826,0.0200564254315916,0.20135257921868227,6.912976668499926,0.940964,-0.881616,0.01587125674910247,0.02147,0.0704566391592462,-0.232539,-0.003499,0.007387,0.017971,0.251003,0.0100787395133968,0.1698960090819738,0.02886465390198213,0.0781595638662311,7.439744567926617,1.1195540447885068,-1.0579076737056965,0.02095407255286932,0.028229957448645017,0.08490064626017081,-0.2714620304329062,-0.003886037301486341,0.010365882030272338,0.024343920147158676,0.29926287763186954,-0.0007101110205418342,0.10603842142061105,0.011244146817375105,-0.1209309644112949,9.226738752894192,0.8342366667093292,-0.8669978061839085,0.007900813843430221,0.010651030464673195,0.048252117712263336,-0.17493627301247733,-0.005278445747817936,3.837065303087471e-05,0.005372584716855259,0.16743883612849347,0.014254912280873862,0.23022824077148818,0.05300504284873433,-0.037239766917022334,7.587596330100483,1.4951404527087246,-1.533752781856466,0.0285247986441896,0.038515221378464394,0.1153420474876696,-0.3662971481372742,-0.004560922127487563,0.0149513310128627,0.03395429925097683,0.39794749695811515,-0.00026612650073702324,0.06865860724740308,0.004714004349153151,-0.27961926137521365,8.163231631961294,0.4110336364973339,-0.4548851255366344,0.007254029011261996,0.009771653575189845,0.03243718675190466,-0.11025446021772417,-0.004854737098148935,-4.146165755613781e-05,0.00491691647704091,0.11605035563626492,-0.0010041446563106512,0.12959647671056307,0.016795246775791514,-0.16183803083230877,9.239933618990772,0.9652107818546438,-1.0007375400091538,0.00876556125941995,0.011821201294111287,0.05887675081011256,-0.2172708190459194,-0.00584298295749278,7.366472527178323e-05,0.005978218336618507,0.2058585734716326,8.853056878918552e-05,0.07542578410778365,0.005689048908273989,-0.003221481483051382,9.00633932849546,0.510400330140861,-0.4988895029455668,0.006876221035043157,0.009280732911613417,0.0343653744681833,-0.11998922737161327,-0.004646004243097274,-6.734859310057742e-05,0.004634728668516143,0.1197142340135338,0.00011118677336331073,1.0726976330994522,1.1506802120571669,-0.001019772782646305,2.1866872478666943,3.621277,-3.620913,0.7109944960032187,0.9591705,0.7245100224388368,-2.05152175,-0.47904825,0.0006180000000000001,0.48012225000000003,2.049504,0.00021887910166850803,1.51688387964575,2.300936704329142,-0.0011290585701765308,2.1913378510866934,5.115104056878774,-5.043832574467994,0.9979487882349858,1.3462669332493564,1.023989940872984,-2.9000035458855407,-0.6715236022720203,0.001349706759806976,0.6747433309773361,2.8984296793084967,-2.1774092883270012e-06,0.016229800703243456,0.0002634064308670018,-0.2525365309550333,24.335859791034235,0.32540161787724625,-0.399373284807653,0.016862193229718794,0.02276614579947417,0.013050574799750065,-0.023652160847632726,-0.01117112534846015,-0.00022192155305872374,0.01159502045101402,0.02378514768669627,0.00048541063142889043,2.1444230185017665,4.598550082280227,-0.0013416127303784806,2.2064351730582015,7.144881348522808,-7.1317789749445675,1.377736855364201,1.8586222508578847,1.4455600391343804,-4.103574616866923,-0.927678466774965,0.002176205204204031,0.9309437840829196,4.0882449996167285,1.8504429022586623e-05,0.0518222073154976,0.0026855411710504135,0.06798272638525317,0.9542715420023415,0.47569305564630565,-0.38557675605174885,0.03912893772182291,0.05272278622064007,0.03959052315907899,-0.09353615322664499,-0.026196442092139317,-0.00018339451845633334,0.026526344128500752,0.09406185569948027,-2.5783173783617734e-06,0.007414977559693834,5.498189221076314e-05,2.4972789078978668,157.7476640961549,0.25679892600645815,-0.15364301377632622,0.006273984309856955,0.008461589815383704,0.005394659712714292,-0.010784493725036422,-0.004245479119095505,1.4215625838120082e-05,0.0042161106962881984,0.010822454324890322,6.697778157271633e-05,0.02172312894727285,0.00047189433125984377,0.46186415957091365,5.986912703819581,0.346312615954517,-0.053925762153794354,0.02386239816319095,0.03218601923813022,0.017670193019174503,-0.03587246907141478,-0.01618417335100601,1.7823264700025877e-05,0.01600184588712421,0.035801353997582
-6.00060975609756,7.371515963197609,54.33924759567718,1.0612477417138433,0.30748279851663085,14.3,-20.6,4.003025989965126,5.9,8.924390243902437,-14.8,-10.3,-8.9,-4.4,8.5,-8.435891485536983,10.473924146561629,109.70308702792676,1.0856788360778,0.3256329341727109,20.014694297431816,-27.977265277051572,5.979752493592713,8.222682571989619,12.644040799321617,-20.692428516443723,-14.40577076605431,-12.95697645635936,-6.183088194064691,11.904969158825843,-0.04672323248906726,0.6768151825146888,0.4580787912823914,-4.374281129408088,46.45655502938425,2.7257058965263568,-8.043289583796902,0.27904709379232306,0.379996213717737,0.33591243694792194,-0.6654134371703222,-0.20161688858801075,0.006583265340185607,0.17837932512972626,0.559092980346615,-11.807474883823248,14.955498938765343,223.66694850741132,1.1021781544325755,0.3499767420451647,28.199685702697025,-40.324111581378205,8.493351444897016,11.609347129315774,17.923320828021527,-29.53773010275968,-20.364427938468616,-18.489520023653256,-8.755080809152842,17.451191527518493,0.09611507353354001,1.1174147891898467,1.2486158111001897,7.108144756826569,62.02048489633367,12.004763722969734,-2.2562752068529344,0.2851926580077173,0.3682006782917303,0.38235408333693055,-0.5341899598205933,-0.20569825759309657,-0.009743001197262458,0.16250242069863374,0.4850374285190417,-0.06688718249054952,0.6608445893032228,0.43671557121134513,-0.6978440676335134,8.411411595726815,2.9012364849131553,-3.5325538056584413,0.2885519926683671,0.38281075193533953,0.3751122635981886,-1.3295854807471401,-0.2102781227909047,-0.008626357484318739,0.17253262914443482,0.5822351669743153,0.07436671055266576,0.680210102686937,0.4626857837973734,4.880908173485878,38.71947594376465,6.602234173503832,-1.5495152596235764,0.2643101645854002,0.3613642021108744,0.33253966868590534,-0.5810645210084266,-0.1781599418132528,0.01863728392653676,0.18320426029762157,0.7673817328911265,-148.84369918699187,12.994276450128229,168.85122046235708,-0.39437292782321964,-0.3971680569420384,-112.7,-188.5,14.900152295981316,19.825000000000017,148.84369918699187,-171.88500000000002,-158.425,-147.55,-138.6,-130.81500000000003,-210.41209323955798,17.653315374129086,311.6395436984624,-0.2538863323409991,-0.7693564489706732,-161.74481591410682,-256.27520465886005,21.04741889296251,29.231800019455136,210.41209323955798,-239.01707587702214,-224.87873509906325,-208.74381088739005,-195.6469350796081,-185.57429912177412,0.252976846118447,5.042091083692265,25.422682496249035,0.13622110246027758,1.1165937511185344,19.35298360663338,-17.03547687368014,4.49515372665789,6.040124919698129,3.7593714132082043,-7.745411746717307,-2.922134851073425,0.11893059572237519,3.117990068624704,9.188186800098682,-297.2931179508975,24.19281853729352,585.2924687784129,-0.28174922285047277,-0.9654629241717805,-235.15238517228528,-351.30812702906064,33.19814558818539,45.619460698406726,297.2931179508975,-337.1086304350014,-319.9437674440575,-294.7045863918333,-274.3243067456508,-265.2828728574426,-0.22659177834409022,5.973676754111963,35.68481396261764,0.016748980191884175,0.02906042483208582,18.425303417001672,-17.17324727263014,6.279640578873251,8.164019566301073,4.8094939138921795,-10.027870163712798,-4.376034569774335,0.10641381334455069,3.7879849965267383,8.795370237145121,0.35875195554203404,4.556582605791159,20.762445043398554,0.272272737221041,3.326689499776183,19.171067710604138,-16.48313669637724,3.047904349661315,4.049266172967225,3.07581451931657,-6.998321976232996,-1.7173668327211113,0.10208839610643607,2.3318993402461135,8.273145274853167,-0.41341193462062914,5.4064333187311,29.229521229885776,-0.004760746953685072,0.3724743228541425,15.372892426097629,-17.846678798167353,5.292757269788212,6.912354656175829,4.211709212995599,-9.158097983268917,-4.08990455058911,-0.3758211849083464,2.8224501055867184,8.408758009027615,-1.3382113821138208,7.282482828708871,53.034556150439556,-1.137335596800362,1.3519821163982542,11.1,-30.7,6.968230426976329,9.9,5.508130081300813,-14.485,-5.7,0.2,4.2,7.4,-1.9206037048639508,9.747346169776465,95.01075735345593,-0.8752825318615003,0.35530031299471476,12.358088399805176,-35.93502947651642,9.803742106396989,15.150732300594125,7.650305350948274,-20.271929906435258,-9.34742206821867,0.5184408602625361,5.803310232375455,9.795580031556357,-0.10061568607181691,3.2682390852908916,10.681386718623044,-0.11622689355686883,6.150912137005134,17.543393381329363,-15.139185158852118,1.5244301158012867,2.0740936657001074,2.0074276073588444,-5.344237430451396,-1.036400197266909,0.0288568590508399,1.0376934684331984,4.9477098524834275,-2.790868662310682,12.548536364374598,157.46576488803166,-0.3696025844910643,-1.1065040551722314,15.828448503682566,-33.92771553589641,14.851077330019935,23.6618108165751,10.562867622543742,-22.777216142323212,-15.476601222040944,0.3661901058603616,8.185209594534157,13.91942961952953,0.1150102348138093,5.56888567211793,31.012487629120365,0.5955767266193972,6.968296072361417,25.697030748889173,-22.806998187508547,2.1401033342903766,2.922670380166072,3.1144879004964885,-6.725379524966375,-1.47501978545824,-0.04585867395622667,1.4476505947078322,7.744880791391038,-0.14117017283320102,2.589530004386975,6.705665643620407,0.022516126737726707,4.316740210862604,10.68645237460801,-10.20686764600757,1.3429134419706696,1.7921746067588609,1.6064485728341489,-4.987257036781276,-1.0088257175897994,-0.0033462790617231133,0.7833488891690614,3.860076948183165,0.12110760361055851,3.788035375099643,14.349212003006294,0.17136070797576755,6.271956394882107,18.662813326941848,-16.21296490301349,1.7121364306082265,2.458143668946846,2.2964647743607673,-5.944060322736333,-1.0383493325557145,0.0353592038642329,1.4197943363911318,5.216119585359596,-0.6610772357723578,4.356956317403034,18.98306835175821,-0.04632087679493844,-1.4379054727840617,7.2,-7.3,5.782148652171848,8.6,3.926727642276423,-6.9,-5.2,-0.2,3.4,5.7,-0.9353515344958114,6.183420890734713,38.23469391197447,-0.03554364405355345,-1.4383199792282624,10.15978447042714,-10.275025826708882,8.394955900616573,12.189668953155943,5.577272654266604,-9.736687696374254,-7.3712519049542795,-0.47216558011362264,4.818417048201663,8.113391144777342,-0.010019110094492202,0.17592803203917337,0.03095067245717641,-16.623384485748698,333.43970524719333,0.5337830291588357,-3.5622611454070583,0.05887077441490949,0.07904496004320533,0.05621958555893329,-0.10118027669105098,-0.03990320180258178,-0.001388842097796411,0.03914175824062355,0.08396257966155317,-1.3465630221731755,8.810353299161273,77.62232525604193,-0.019150839640282386,-1.4330339302026076,14.3332109583517,-14.334937269856391,12.191733565366775,17.399674348269293,7.942896830826405,-13.80780940265946,-10.51878706284846,-0.7117065440889621,6.880887285420835,11.890609459669747,0.029388483319034816,0.35347364147061267,0.12494361521449522,13.006045240033997,191.62282942433666,5.281363273156842,-1.0325341836269342,0.0684863410673392,0.09180154668172702,0.08995672291834654,-0.1194784464381122,-0.040959942273397054,0.001711119951397777,0.050841604408329966,0.1436699091649956,-0.014086714137890843,0.14719669764422827,0.021666867797366353,-7.677423575180379,75.43585653322152,0.4378162632860133,-1.5352133848438712,0.05911924401991598,0.0765336932324915,0.05986316389476157,-0.10820945023595069,-0.040399143623289654,-0.008447241569256036,0.036134549609201844,0.08504419655057441,0.00984491123214489,0.19842620439276343,0.03937295858971873,12.528380560119727,181.49729161974554,2.919819928137544,-0.45064883788531435,0.05506965952421092,0.07878285448317221,0.06347176245591729,-0.10401237314140874,-0.044434522115378794,1.186302699318631e-05,0.03434833236779341,0.1134555764384856,-0.018699186991869902,3.4119552984017862,11.641438958292023,-2.1684753178409912,4.190298072323128,4.0,-15.1,1.0378215529539212,1.5,2.3833333333333337,-7.9,0.3,1.3,1.8,2.4,-0.01641595170721872,3.6873808130257957,13.596777260270777,-1.3098262700997731,0.7512444408133119,4.593692839193173,-13.214370847317502,1.432968870912294,4.726328269301094,3.0418340106926016,-7.456753693860032,-2.269528829157158,1.7780868731504695,2.4567994401439366,3.3329522145106325,-0.048420477976462976,3.092106084982036,9.561120040782933,0.11274304062896758,2.557155859392572,11.974073131606671,-9.602268421818751,0.4887270862549121,0.6654522157652931,1.7368323101907681,-5.845383905469594,-0.36760544004703616,0.00256962521513196,0.2978467757182569,5.6213078782685315,0.010777732654216879,4.793795510913425,22.9804754004537,-0.9831220914120031,-0.5418339041492883,5.380969040555629,-11.475038802417346,1.5726605536813385,7.349561971190602,4.204647451255832,-9.087773877721377,-3.955068001912986,2.6639553885504594,3.394493969277616,4.361477900654255,0.004398657239358176,1.9809609138785296,3.9242061423144587,0.9500126541727147,4.025003957791075,8.16703665155509,-5.773240246052866,0.8716602540742437,1.1784379537647238,1.2011581640857276,-3.258655566029374,-0.7279062099442808,-0.023191552810421845,0.45053174382044303,3.703376342889154,-0.0673490902334164,2.943858705363263,8.666304077143067,-0.521354457643201,6.150326603629779,11.842199673097243,-12.84504627986491,0.24762681892735294,0.33392926702080034,1.39535234169322,-5.180854368890803,-0.17136945071119253,0.0009045545191377546,0.1625598163096078,4.788111240446588,-0.022395412352042433,3.1920273196849642,10.189038409615177,-0.2754726354568597,2.450248439024839,9.646971302791782,-11.171924824631445,0.5142988573123569,0.6897177290759848,1.8164384315129432,-6.313139275053077,-0.3555805711825485,-0.005547970051920095,0.33413715789343634,5.868316011942185,3.173780487804878,3.21381095117046,10.328580829863176,-1.793269854041978,2.5036259516673915,6.3,-8.2,1.334341996655041,3.1,4.199186991869919,-5.1,2.1,4.6,5.2,5.8,4.501600090663986,4.515769643333351,20.39217547165102,-1.7516844361141126,2.3172345505726977,9.930455826612846,-11.424102854067161,1.850356481422418,4.482642630123103,5.935977578194842,-6.986333841224268,2.874001202043396,6.430596121162279,7.356643832166499,8.256656121859859,-0.036780034985057344,0.4174256029237054,0.17424413397621896,-8.719189806221314,87.291944565563,0.6464107867802154,-4.683668211783066,0.10572554743661823,0.14563048916413218,0.13968564733187522,-0.2317688041691922,-0.07392060077709531,-0.004482706785038065,0.07170988838703687,0.22804637336813446,6.413745700761327,6.2977506894613615,39.661663746611055,-1.8250134468706745,2.708727239251979,13.183746425547357,-16.86467234561449,2.525386656731802,5.288376155612089,8.364568837063532,-9.870281755420596,5.093932034909755,9.10115861550291,10.382308190521844,11.678936675336654,0.09594605612896431,0.8618798037826337,0.7428367961683913,6.253605386321119,43.574110616110545,6.876125755777005,-1.3086289643974838,0.1613757017995652,0.22526589492399487,0.2896108788913783,-0.4313738780825841,-0.11820711080191049,0.009224387262008693,0.10705878412208439,0.43863275916719585,-0.05155164240126586,0.33181732134494685,0.1101027347445357,-4.311838917658455,19.848290183425593,0.37662630155344023,-1.9985547633631984,0.09261795544105984,0.12368193852227653,0.14032181701796972,-0.22793220742229464,-0.059160250024167874,-0.0024738584699345568,0.06452168849810866,0.18886344414072614,0.05079091119171592,0.48060464326907176,0.23098082313179172,6.222816154283302,43.24428901797955,3.8604536201119153,-0.6177944205245637,0.13916792687247814,0.18925079710914097,0.18061427074438408,-0.2791318057901234,-0.10301026759282503,0.01346934797440311,0.08624052951631594,0.3067469836643727,0.001147806261876753,0.28125685761317915,0.07910541995444012,-0.12935352975471978,4.94889401513063,1.316181,-2.111385,0.044497340384008634,0.060144,0.1458724887642144,-0.50905,-0.028803,0.001626,0.031341,0.52973,0.001626961164473683,0.3796727345386586,0.1441513853520627,0.03704117225103272,5.0360688658104475,1.8397744878719178,-2.083440454599689,0.06217482715251339,0.08383277586166586,0.1969945319803093,-0.6664617515268239,-0.040435494837039496,0.0017557705825714525,0.043397281024626366,0.7114859993812044,0.0001221340366503361,0.11851281274848428,0.0140452867855573,0.18580921551151544,20.472914193696525,1.7994604835869707,-1.3668070934688235,0.00784429475814775,0.010578712896115802,0.0501572529510895,-0.1700922291778278,-0.00527779144842059,-1.9550781847845215e-05,0.005300921447695212,0.17197226802727064,0.002311576801498349,0.5305058196848972,0.2814364247195446,0.09335004008072884,5.115554264834769,2.4860553915820085,-2.961008649731106,0.08800901671813954,0.11873677791235943,0.2753057092912941,-0.922066116322743,-0.05783819322709151,0.0021231068689043426,0.06089858468526791,0.9995152444588651,0.0009145475649969136,0.08254695913045178,0.006814000461684477,-0.0779563217725757,12.797494807210667,0.6507711962789604,-0.692663278686814,0.006752072468850248,0.009105657459089391,0.03617446594175339,-0.11513953583544351,-0.004370751780678365,0.0001628110472210513,0.004734905678411026,0.12111692363587559,0.00017315059299276303,0.08759522845262653,0.007672924047667832,0.071555184842976,22.396536899183157,1.4879391018375236,-1.024316847820574,0.007950598622456057,0.010695354187138236,0.03865493283651944,-0.12801355688313745,-0.005350755543615587,2.391630594370921e-05,0.005344598643522649,0.1302439316338689,2.9796275799615097e-05,0.14287258531258526,0.020412575633901954,0.011719019431050864,15.6869542214671,1.3419882471504136,-1.5991774631457447,0.007714641718178005,0.010403203791447222,0.060091329385374107,-0.2065859570949323,-0.005307740370625065,-5.145398653555932e-06,0.005095463420822156,0.21181370056052323,0.006772967529333695,0.5193742930054991,0.26974965623496205,0.6024406354413535,5.956500672126529,3.284864,-2.709801,0.06048720531059155,0.081716,0.26233860345971705,-0.911263,-0.035217,0.006001,0.046499,0.945813,0.009573984425664477,0.710697038399718,0.5050902803901303,0.5922218132969618,5.761991690923798,4.415908787453722,-3.325064316322756,0.08512675478403262,0.11498574521376421,0.3640724457599159,-1.2535753730442416,-0.04923581055897237,0.008949372979574266,0.06574993465479184,1.2931306947270396,4.622442587712082e-06,0.18536571862755788,0.034360449642310956,0.18802779392196972,13.556431051924704,1.9609439398495943,-1.6657066487301628,0.009218156214402827,0.012435079360656463,0.08031956567116301,-0.276863885684008,-0.006234491284392947,2.350604906260984e-05,0.006200588076263516,0.27225116590363657,0.013526864611983892,0.9630019572451047,0.9273727696579025,0.5257099222366034,5.317896589695351,5.905454570907409,-4.339108495663242,0.11758887789593223,0.15873193295241408,0.5004422230410778,-1.7284123158669709,-0.06710816286062489,0.012948923740183992,0.0916237700917892,1.8278080390907672,0.0007107841506954496,0.28744645554867154,0.0826254648074944,0.1991748847385794,6.971441525032814,1.9864422958503758,-1.921270243621426,0.026317220062006697,0.03548113372209497,0.13830546310260186,-0.5003868320817728,-0.017973539702450424,-0.00016323872075143977,0.017507594019644548,0.4963525537963405,6.0916144873574995e-06,0.1791332899227084,0.0320887355585331,-0.0015904038225242818,7.897925998824812,1.1160159720798142,-1.2652302477081578,0.007870682317829994,0.010602432252966903,0.08157554934875699,-0.298631347708415,-0.005236983759589917,-2.3920584717787536e-05,0.005365448493376986,0.3002566205899715,0.0007757767625511136,0.1913612779813839,0.03661913871066848,-0.10296819492432972,15.309266504934676,1.8879423752837863,-2.149124624396915,0.010259088230939548,0.013830363499741143,0.08097930224623547,-0.2746651797747924,-0.006828588021659285,3.556963906214992e-05,0.007001775478081858,0.2716939550900351,0.006297326094169456,0.16308710676426658,0.026597404392739287,0.22515013381724608,7.055900222806736,1.250443,-0.985461,0.019368715382557182,0.026188000000000003,0.08237558972038729,-0.27303075,-0.005979,0.006903,0.020209,0.27716075,0.00890480694626239,0.20220384376591768,0.04088639443371165,0.027664483958507277,7.598838442566075,1.3687091962075468,-1.2624122941799953,0.025512039835698015,0.0345665363337053,0.10096149037453896,-0.31770095799795106,-0.007047097263853972,0.009781155269490104,0.02751943906985133,0.32910422212867363,0.00013199712719014166,0.1109216700469768,0.01230361688601039,-0.002218917838688033,13.283537162729196,1.1202089641225237,-1.6390713826238894,0.007969443186048876,0.010749988804339632,0.050471832958802844,-0.1784148341986806,-0.005400834799831649,-2.04403291195961e-05,0.0053491540045079835,0.18007510683129246,0.012590360692975866,0.27824663700495955,0.07742119100456972,-0.0543557934557632,7.786139074245147,1.770903096035144,-1.782599101107546,0.03529972169193844,0.04774136587807734,0.13839740313697496,-0.4306787742671175,-0.009028449749104805,0.014037610314684123,0.038712916128972534,0.4466853172527473,-0.0004979063439180507,0.0658534708503548,0.004336679623038529,-0.42825597180860386,8.147412641778585,0.4995013465347678,-0.49184623129625504,0.007333297626207784,0.009890415299018056,0.03157508804930817,-0.10822670600984409,-0.004963560097684706,3.1152479857812776e-05,0.004926855201333349,0.109175430543143,0.00018621555192400597,0.1352809850111619,0.018300944905590213,0.07220906585762385,9.34097964362421,1.1872884802392363,-1.6127230746858063,0.00876309792705865,0.011828533949457931,0.06304764325672789,-0.23094694362797188,-0.005852940481061838,6.890361901578096e-05,0.005975593468396094,0.23133702026457337,0.00010816323969166928,0.07938410462491996,0.006301836067100239,-0.09581257918097659,19.537859909043284,1.0296365894809927,-0.842027141656027,0.006848407684853238,0.009252463070364024,0.03389639312627347,-0.1139497063437373,-0.004615619564363052,4.844693126792877e-05,0.004636843506000973,0.11404712759182115,6.819728229722814e-05,0.938178328742179,0.880178576521468,-0.001024707752470056,1.4976519650217073,2.959451,-2.964409,0.7067675970782592,0.9532732500000001,0.6637518101680089,-1.8086815,-0.4759945,-3.1e-05,0.47727875000000003,1.81159525,8.393997647165837e-05,1.326634674673818,1.7599595600469071,-0.000998031695370795,1.5014776319671688,4.139487761714771,-4.1895056536241135,0.9920159042995237,1.3381683463623286,0.9380350880054584,-2.5641530951590767,-0.6690842257388726,-1.4256751399824123e-05,0.669084120623456,2.558959734537727,-2.605085432146873e-05,0.016283637015654717,0.00026515683445760046,-0.7175306031484624,14.556823996027607,0.07022829849710041,-0.36869533053113956,0.016348900756578116,0.02197407283883521,0.01320786557638979,-0.02451556392754979,-0.010765248751606043,-0.00016023925852437938,0.011208824087229168,0.024720183194735512,8.60571843586356e-05,1.8753038750696123,3.516764623851104,-0.0009272993840000503,1.5152033233406028,5.825869834232609,-5.8660079976586434,1.3696871117633154,1.8480671924046428,1.3242191549492541,-3.6222808542338485,-0.9243523010307879,-0.0027919378826044457,0.9237148913738548,3.61000178616565,3.0981676654749485e-05,0.05124565434572394,0.0026261170893214147,0.0210317014703186,0.15784723094428976,0.33750589204811,-0.30156162088639604,0.038614433961725855,0.05203678827629153,0.039293974490934,-0.0931396579115689,-0.025825001314841688,-0.0002156656326690598,0.026211786961449844,0.09379435068896999,-3.631358261765339e-05,0.007177668746585963,5.1518928635716905e-05,-4.27372839752654,131.3174967762965,0.04193242454134522,-0.24215587279600917,0.006378133251132836,0.008605005797481934,0.005320334754302944,-0.010774515823443551,-0.004315895271819807,-9.341728482857124e-06,0.004289110525662127,0.010753036785010987,-1.047655173180405e-05,0.021883856980793957,0.0004789031963558444,-0.10038885975728465,1.8271060795814336,0.20557754914965898,-0.2386690775946527,0.024205500660656205,0.03266241746304313,0.017838466181783346,-0.036667394616541116,-0.016357268467704026,1.9390375813510725e-06,0.0163051489953391,0.03651070710945479
-5.5255578093306275,7.660529214953034,58.68370785314896,0.9192592802325293,0.1656841938053235,14.2,-20.8,5.485628208470727,6.3,8.721703853955374,-15.7,-10.1,-8.5,-3.8,9.475,-7.770384353770768,10.870767546278024,118.17358704521153,0.9326637518064809,0.1716223003827717,19.93436291298176,-30.17234396724899,8.018161406493087,8.785711032658693,12.344429850842333,-22.273527631253394,-14.201371233192573,-12.068978953661256,-5.415660200533881,13.234644412557083,0.02215880761912199,0.7484996890468022,0.5602517845031596,6.405743057327255,96.73441831186643,10.82442060888116,-5.1754380828005635,0.2796481504968442,0.3842224591132179,0.32693107406679767,-0.6632080530961167,-0.18369777620373212,-0.00040360145423251614,0.20052468290948577,0.529252228506903,-10.86710208634034,15.529781069584184,241.17410006921529,0.9586052072142666,0.1544776236328138,27.95735727685549,-39.50461611490213,11.423592745394616,12.607269846972688,17.549286870762792,-31.309780505225604,-20.153477234362562,-17.120831302089467,-7.546207387389873,18.658711421291773,-0.09786357554453873,0.7125714733673534,0.5077581046569208,-5.980915234468219,51.40944888443676,1.213188603646867,-7.519863419721311,0.3051391303952049,0.42299891995645306,0.3340264801441212,-0.6087753399357088,-0.22282247237007397,0.014529161981117922,0.2001764475863791,0.4412492857178617,0.02935390135358434,0.7644695850082179,0.5844137464026369,2.8232313054371763,39.198257156938745,7.324696915827123,-4.644902955847084,0.2995754773560949,0.4004340966593404,0.3641148268922064,-0.6424726130765313,-0.19429426374813108,-0.001901722474724983,0.20613983291120933,0.5862254589157034,0.06990377821047038,0.7200463068081447,0.5184666839480488,4.716988059645857,36.5421880471179,6.884209784423912,-1.7518922912083552,0.2596303196930435,0.34301239440628967,0.3413392173058683,-0.6220714229122497,-0.1616691043998924,-0.0046666705303541195,0.18134329000639726,0.7367678340912398,-149.28833671399593,13.293286897672242,176.71147654382452,-0.3392527730674295,-0.5673870361014157,-111.5,-182.9,15.04841251783191,20.400000000000006,149.28833671399593,-172.9,-158.9,-148.14999999999998,-138.5,-130.8,-211.0465531416326,18.037892717567757,325.3655736904839,-0.18719667864310358,-0.8813317694549783,-155.83412438607078,-254.24822750079622,22.443565598167584,31.440702744473384,211.0465531416326,-240.1217118308323,-227.32364653615048,-209.2063107219746,-195.8829437916771,-185.8230527227917,-0.11964698210573513,5.213060950428697,27.17600447288455,0.09554696679193672,1.6980975373462748,19.38456206407038,-24.2878466535427,4.407028027938032,5.928058858396669,3.8774279545124966,-8.766820960475135,-3.105260265170654,-0.20474554253751975,2.822798593226015,8.585496777277973,-298.2443905559425,24.75384648056295,612.7529155832787,-0.203625402374456,-0.958590793017283,-224.5202291582094,-346.50030366996117,33.37349007688573,46.04102581871848,298.2443905559425,-338.098455766595,-320.7806346168243,-295.16468448897444,-274.7396087981058,-266.1128709604821,0.4724015506229109,5.916474590664747,35.00467158198159,-0.0723303147550051,-0.311593699102771,14.720059047017367,-14.760333310064293,5.996486904178885,8.061633719756705,4.777805876620855,-9.260127732464511,-3.54416869912453,0.44967092078138293,4.517465020632175,10.010975257225997,-0.16713592054831092,5.220438288785938,27.25297592702225,0.050872521523810686,3.1512074017956984,21.420856363406447,-21.505454442723302,3.1407712143972883,4.358295716470389,3.4949355453647244,-8.857364031874011,-2.3052938826915703,-0.3032453013142647,2.053001833778818,8.816040256445898,-0.30240900701990214,5.136222638422111,26.38078299143979,-0.32657338457116664,0.49102384645768415,12.816765785740701,-17.545015520446512,4.843389442227661,6.429898599699851,4.083790930061685,-9.052498868444983,-3.459139137363061,-0.40834553009149116,2.9707594623367903,7.27858878504458,-1.4558823529411764,7.132834888884088,50.877333552082085,-0.9204739674477846,0.6554564829998015,9.4,-31.0,7.26475087067745,10.4,5.554868154158215,-14.375,-6.2,0.1,4.2,7.5,-2.0811507741426563,9.655976002239075,93.23787255581692,-0.6850326876544898,-0.13105397870929147,12.918720258029271,-36.14243073066328,10.680126860039598,15.593083320830528,7.748832172635136,-18.47127363822313,-9.787491362946302,0.09814430275170502,5.805591957884227,10.342410382014581,0.023794692029958448,2.84672524651172,8.103844629127213,0.17525018616395632,5.534297822327806,16.733259292635022,-14.005619911836165,1.501208919615003,1.9724124009730495,1.8212209682036005,-4.53835749414326,-1.0102279662764504,0.058152243019475996,0.9621844346965991,5.225834536897629,-3.0055755851934243,12.802996227701012,163.91671240652633,-0.31964368918371616,-1.1988535448820892,17.4569753450263,-30.091188198207277,16.05659861394965,24.399187825878087,10.740217910435481,-23.181395488860723,-16.012096873055064,0.22014300628453679,8.387090952823023,13.876546341331242,0.16135866868389898,4.5987528966160784,21.14852820413477,1.3735793902285083,13.00515152341275,27.571971323200195,-19.770829272373838,1.9465542478321964,2.5954290772784887,2.470134791581496,-4.686588864206613,-1.3219811529387204,-0.0013751704126910846,1.2734479243397685,4.777604848437303,0.033314264374525775,2.7715895510326094,7.6817086393931415,-0.49756479848393054,4.434589053088307,9.650097666123973,-11.265584353639463,1.3316897877404796,1.8123001550397817,1.7186623222447865,-3.9787322042095496,-0.8237111122821079,0.02610532610776596,0.9885890427576738,4.048676568552639,-0.16483385529065667,2.8823178869933748,8.307756401681953,-0.1881418380561924,6.069841042158359,14.124261957428738,-14.864521775817199,1.6611989829095442,2.1734820707192464,1.8671439315942895,-4.9596281203964505,-1.1499372834852133,-0.2164584425234787,1.0235447872340333,4.2728457757435665,-0.6719066937119674,4.2397749346356735,17.97569149636493,-0.0736689080244152,-1.4495348967480026,7.0,-7.2,5.633888430321287,8.3,3.820588235294118,-6.9,-5.1,-0.1,3.2,5.3,-0.9505109465589575,6.015742102891317,36.18915304849924,-0.06519524589747407,-1.4446402108876988,9.872587496533995,-10.194393194232486,7.920840407467109,11.882752255360652,5.417094029821631,-9.760642235015744,-7.291151805807102,-0.18627694378322343,4.59160044955355,7.561543157032969,0.010737342458542807,0.21335016045691332,0.04551829096699066,17.488528223595516,358.2440273534413,4.3986350843001025,-0.7415474641430061,0.06070877706996864,0.08328541907564577,0.06286767983210312,-0.10664146549965443,-0.04119832437520821,0.0014947381452529718,0.04208709470043755,0.10758526715924874,-1.344851651131064,8.571043557762092,73.46278766905506,-0.04615220589280831,-1.4469184295594033,13.918649458457208,-14.341914089905076,11.41927509926555,17.06220363099218,7.734834981389279,-13.770049641121243,-10.56782872750227,-0.3603462515396559,6.494374903489909,10.960099177592685,-0.011895300064606484,0.1654393444345236,0.027370176686924933,-5.364997151032829,46.631758060261845,0.5244588617093136,-1.5275379051300924,0.08592436864370516,0.1138795932094101,0.08435742269085825,-0.16019643903954822,-0.05917401290185448,0.002081223603771276,0.054705580307555624,0.1491700543392464,0.015000492602784916,0.20686014867599078,0.04279112111025301,12.052338091036233,173.89197267236133,3.0154828395742896,-0.6512869228536449,0.06379665488824061,0.08592328671414226,0.06694390406089548,-0.11007938044126592,-0.04032759422159577,0.003179134779565154,0.04559569249254649,0.10565848912455628,0.023483565295061164,0.21600371062633386,0.04665760300434498,9.847315182745945,112.25511808651544,2.7433200225853187,-0.3737350180965849,0.05890606986814882,0.08308448948964463,0.07124014386616984,-0.10181100950704919,-0.03387181081942574,0.004221386082273998,0.04921267867021889,0.12664204056669542,-0.10649087221095332,3.6209384406660594,13.111195191093152,-2.149480994216736,3.985702807915163,3.5,-15.5,1.0378215529539212,1.9,2.4888438133874238,-9.174999999999999,0.0,1.3,1.9,2.5,-0.13986749909532478,3.979498398966881,15.836407507379969,-1.2912460309601939,0.6446315429962173,4.270500600853595,-16.279945580672678,1.6315082612584912,5.205680237776825,3.236406886618883,-8.241030802941918,-2.6170573731687776,1.7670417775092344,2.5886228646080474,3.355953569270959,-0.06265583508332101,3.2006806420811382,10.244356572592928,0.4913052314823175,3.40502434766369,12.580636965688152,-10.267994279487109,0.47627375903159763,0.6614068216015135,1.703174567883045,-6.40030060548773,-0.429620120587471,-0.028516357872324226,0.23178670101404256,6.456901597803445,-0.16811013170481787,5.291224584511329,27.997057603737087,-1.1071824376714465,-0.16606999927692634,5.938007254686425,-17.205680811450325,1.8826047956295735,7.878393690255973,4.462349730342634,-10.962975858981515,-4.384742885136766,2.672640107473229,3.4936508051192074,4.482364607374587,0.13361113349348872,1.8329761934126971,3.3598017256177015,0.6219489364379421,5.274054835831091,9.294612615281766,-6.7234824909237565,0.8769973476384768,1.2053084703140553,1.1353548320265963,-2.8750975555161853,-0.5341951208224281,0.01695765583175088,0.6711133494916273,3.0885181107435757,-0.08760102281000635,3.3062140735981496,10.93105150045847,0.15503362415540126,4.6822805281928765,13.937154319133978,-14.03514398080123,0.2570016585947702,0.3432806108326238,1.6612856943300012,-6.253439876790921,-0.20120778476178236,-0.017269914766940564,0.14207282607084143,6.367958880898748,0.07660007513775192,3.0507575384927237,9.307121558670183,-1.1541417825172913,4.787044143424199,9.072263797100689,-12.78451748963749,0.6289678397814806,0.9220159136173668,1.6874184546369086,-5.786165648832175,-0.2465956544880109,0.050300352832683276,0.6754202591293559,5.339430279789898,3.152028397565923,3.1689193170762193,10.042049638138812,-1.719899615539285,2.3514442725792026,6.4,-8.3,1.334341996655041,3.2,4.11105476673428,-4.574999999999999,2.0,4.6,5.2,5.8,4.465349448580286,4.439972928999844,19.713359610251455,-1.727834003186242,2.455493062695245,9.511199680176176,-12.683556265353495,1.918574459341808,4.384777597879385,5.789233208832829,-6.080422139286643,2.9273865021148104,6.360030823631685,7.312164099994195,8.236874175177807,0.016831598860775905,0.5135762710945575,0.26376058623139037,7.857871151987557,96.7685754213944,6.008020967129403,-3.513176020442898,0.10519192316157847,0.13988424655964085,0.1563437061610347,-0.28841570384936005,-0.07310673866927338,0.0007605102845207601,0.06677750789036747,0.22068854741418556,6.3360061605273765,6.224730937747169,38.74727524734675,-1.6839330316065328,2.172675126688434,12.49898395554412,-15.695072633651755,2.611838279152331,5.937529400392398,8.188699720888176,-8.554039051541334,4.483580579847681,9.183173176230584,10.421109980240079,11.638861360868676,-0.062370033004286486,0.5095623190958254,0.2596537570423158,-4.95187227350288,37.048411414514106,0.8426288434226804,-4.954607043330817,0.16451236891517915,0.21215806587227154,0.23495765720870204,-0.5433237430635263,-0.11340254814602375,0.006801441323176893,0.0987555177262478,0.4580438626602146,0.023611820994216038,0.49919086945208724,0.24919152414433082,4.835423143318433,46.242959635157874,4.091993588794693,-2.9224695493847346,0.11795433148012582,0.15421553627429035,0.16821967713935082,-0.26169771048321666,-0.08865093866967441,-0.0013550300681033412,0.06556459760461596,0.21242773410815768,0.05806873729520982,0.5183773471696815,0.26871507405867656,4.6875123392504925,27.83732284908727,3.7184318751632532,-1.3992569757025182,0.13637747778933104,0.18167236190994135,0.20444122065007464,-0.2788476884269544,-0.0949622551409042,-0.00344271173064514,0.08671010676903713,0.3474237476879485,0.000155573761701881,0.27272253838134203,0.07437758294116259,-0.0480162049506503,4.896806718307013,1.394273,-1.556656,0.04467228744579229,0.060204,0.14133508542735412,-0.50013525,-0.030051,0.000497,0.030153,0.520979,0.00021757219860348562,0.36716963970718974,0.13481354432270753,0.07326080713209868,4.970204658101077,1.830647149000207,-2.0495415495756744,0.062248162621362894,0.0840574335385501,0.19100833103659068,-0.6643714419793534,-0.04233775425625755,0.0003091987867667957,0.041719679282292546,0.6876650174508863,-0.0002755129792161126,0.11802024961136572,0.01392877931832907,0.05245837975255078,12.213925584362055,1.1795568893633148,-1.2752899974311191,0.007698487876098342,0.010388024110543907,0.051440859830332426,-0.1851899933875371,-0.005165650771902782,-1.1605889767860771e-05,0.005222373338641125,0.17955734664512735,0.0003007497773222358,0.5122334077671655,0.26238306403276324,0.10261953957017014,5.040681728433135,2.578066897929898,-2.7071726749639313,0.08856777372915654,0.11948572095898824,0.2666318144974067,-0.9278067223372584,-0.06042896399673689,-0.000715084273578636,0.05905675696225135,0.9530114840450042,0.00011371941111118893,0.08483968768483811,0.007197772606460873,-0.30806323188969276,11.104779393126902,0.5464265646967503,-0.7230076274652651,0.006670126997363322,0.008995982058849637,0.037715851758365185,-0.126481892854882,-0.004478838226979214,1.61057793339049e-05,0.004517143831870423,0.13229393980446716,-0.0003898239927410274,0.08749710198154066,0.007655742855168127,-0.10173588646214977,10.48955263618568,0.7436168912282956,-0.8346883399449025,0.007884731970268994,0.010616195299211914,0.040130930926362475,-0.14128497370376253,-0.005198797876074791,-2.779087057065879e-05,0.005417397423137123,0.14089819450213956,-0.0002518568628887255,0.14211590882069863,0.020196931539933127,-0.057223008140050435,11.421269520900886,1.076314287752756,-1.1446228912076282,0.0076206259843105435,0.010279346085628898,0.06113715438740464,-0.21661725047685765,-0.005113308002287009,3.0053606763496955e-05,0.0051660380833418885,0.2132885009841778,0.006161980900211575,0.5093996510905888,0.2594880045312136,0.674313164916232,5.878112932313499,3.712793,-2.607175,0.06013138077815021,0.080995,0.2559887331536388,-0.901409,-0.036239,0.003658,0.044756,0.939444,0.008716703414884475,0.6972582255556823,0.48616903310505866,0.6753707617713874,5.697037836871388,4.498057188594227,-3.115974997987787,0.08451527089174045,0.1138111205641821,0.3538444431412533,-1.230475448187724,-0.05048969615904081,0.005582762719454324,0.0633214244051413,1.2953753545028028,0.00025836037380855536,0.1810023639130927,0.03276185574212765,0.2580715242374906,10.880383030624026,1.4983113436723485,-1.2006191328220452,0.00891183583150323,0.012016504401910672,0.07937149004610101,-0.28393062504490013,-0.006064121084947408,-3.3539135150227346e-06,0.005952383316963265,0.27752078687661846,0.012333955758586769,0.9344057273402496,0.8731140632862608,0.5833689061692148,5.112922474260467,5.7909567404446305,-4.213088418909364,0.1170236773678686,0.15771943158018176,0.4841363150027389,-1.699691405486167,-0.06904995354750833,0.007914891824575731,0.08866947803267342,1.7779130447015907,0.0003397217577652591,0.31473022714530097,0.09905511587893275,0.03990655506029653,7.445833643790326,1.9783310806605157,-1.8076601152224794,0.024052629130242836,0.03242481429891698,0.14641503653590784,-0.5350326460307888,-0.016186388373329447,0.00014778005754741206,0.01623842592558753,0.5239495148992217,0.0003655096303893577,0.17877217783902463,0.03195949156930785,0.15689331496595818,8.47882697767301,1.4143601022422214,-1.1486978164882915,0.007699328287681282,0.01038029046797893,0.08102279982024412,-0.2983369657245647,-0.005195412269541211,-7.222757328819667e-05,0.00518487819843772,0.30089923103172356,-0.00022230896220604357,0.18317419526206147,0.033552785809903826,-0.1633223737698217,10.924703454995678,1.4102818835461788,-1.5060883650076466,0.00981981862871862,0.013276296484456565,0.07890731843511893,-0.27198376641422983,-0.006521849617130157,-0.00010430269471706872,0.006754446867326408,0.2745690201281503,0.006158237776425238,0.16498696936820256,0.02722070006130421,0.2365618237318272,7.089482628747916,1.173633,-1.043038,0.016499880089748845,0.022317,0.08067072993652727,-0.273968,-0.004951,0.00642,0.017366,0.286807,0.008709373134202069,0.20563766208308684,0.04228684806699781,0.08183899394879954,6.9949738696975565,1.3410960659144093,-1.1793728061890398,0.021927672050098896,0.029541410041296772,0.10017019601772655,-0.34567565974984554,-0.005855422944682809,0.009303794343497249,0.023685987096613962,0.35545981342955635,-2.128900166569608e-05,0.11022625407930366,0.012149827088355205,0.006945500695839797,9.086375263639594,1.0511853296268745,-0.9512757755933742,0.007877827321011421,0.010628325699488343,0.05059283536472293,-0.18501390064147258,-0.005300310481694588,-4.3872827882622404e-05,0.0053280152177937554,0.183768443675083,0.012317774804697429,0.28239913781358145,0.07974927303785416,0.026966520946306624,7.114628980247973,1.7680215988681742,-1.6480911558388447,0.030173478002483912,0.040761333428453284,0.1376058281396626,-0.4682412659666605,-0.007770755971939547,0.013259274954747876,0.03299057745651374,0.48478536817934986,-9.460674265312634e-05,0.06935227670958807,0.004809738284803273,-0.28673493334753203,7.66394257052918,0.4446816485921254,-0.4533072270917488,0.0071220512283369,0.00958819087984034,0.03294139678164983,-0.11588000270532998,-0.004727926556476071,-3.0774610239194206e-05,0.004860264323364269,0.11697983497599435,-3.0005059801394432e-05,0.13496995164794423,0.018216887847848404,0.11224303321697579,7.736553577365807,0.9898138513017561,-0.9747539283085276,0.008684417028274964,0.011722854015443436,0.06285479036998584,-0.23268407277811293,-0.005733095395258784,5.824867732447953e-05,0.0059897586201846514,0.22698834815085697,0.0001865010501705677,0.07796484871697282,0.006078517635460457,0.06052370602926203,12.833236684540273,0.7088894360255863,-0.6776814647231293,0.0067871551127321895,0.00915597168300977,0.03417791806800866,-0.11487792578909826,-0.004595344660591395,-1.4974607125572685e-05,0.004560627022418376,0.1190209191835479,0.00010005325623858775,0.9581989474922634,0.9181452229752813,-0.0007630223112037226,1.4890407753431667,2.968309,-2.96591,0.7063910161147589,0.95292825,0.6738522608323915,-1.8835822500000001,-0.476035,0.0003465,0.47689325,1.883459,0.00015828218263955548,1.3549494290451856,1.8358879552698746,-0.0007883685222689447,1.4928074249521934,4.184958946828091,-4.16990956629552,0.9911278379099963,1.3371831507881697,0.95234726134081,-2.662752708049504,-0.6685762126762986,0.0002340971647701454,0.6686069381118711,2.6633343650427115,-2.2620620150070816e-05,0.01605606698581782,0.00025779728705306896,-1.3314330664345853,44.10820260793206,0.26981360811774846,-0.47675051568765675,0.016735614568588367,0.022627330013726993,0.012828229343266514,-0.022853080962649014,-0.011076447598883456,-0.00018714496243811551,0.011550882414843536,0.02280916162094193,0.0002748408520851581,1.9153617320521659,3.668610564609873,-0.0008335175687341485,1.506042304397627,5.906230340311522,-5.846507172020642,1.3671484244243606,1.843612347647718,1.3441142766771579,-3.7659276783197617,-0.91888649615887,-0.0008539278851257773,0.9247258514888481,3.7479490153735333,-2.0392426805029945e-05,0.050872683198693064,0.0025880298958345874,-0.0459304729041995,0.749749960412716,0.25611739703400765,-0.5278812711950768,0.03812671669049179,0.051434637726888,0.038822905304173504,-0.09129150613297621,-0.02577189695514353,-9.254701865960696e-05,0.02566274077174447,0.09346191069056113,-3.109318786744229e-05,0.007202497103909103,5.187596453181901e-05,-4.990874650515876,236.7667045303165,0.1817559283575293,-0.29577648902884907,0.0061458470558442444,0.008289033755509548,0.0051287312003831815,-0.010260226999494691,-0.0041515372607587855,-2.7017758515684293e-05,0.004137496494750762,0.010113735926765057,9.977157936704567e-06,0.021540358634954498,0.00046398705012245877,0.31254355994767113,11.862091081461667,0.43344378914927545,-0.29839644562401435,0.023222474392714125,0.03132230169074181,0.017449639540683414,-0.03455761518005046,-0.015762413931946093,-7.549540316855417e-06,0.015559887758795713,0.034582452652165765
-5.854526958290945,7.7429387222157064,59.9531000559874,0.9875411758305669,0.15972668872485052,14.8,-21.4,5.189107764769607,6.699999999999999,9.027466937945066,-15.1,-10.7,-8.6,-4.0,9.4,-8.242569945433567,10.996774475433519,120.92904886354614,1.0114156357276158,0.1757035764482504,20.91787315438026,-29.754296691050182,7.491310558617422,9.567563069967571,12.798806673569889,-21.27140687290003,-15.191579707496,-12.228529473687786,-5.624016637528429,13.26504144910376,-0.061207994297908803,0.6864279401484524,0.4711833170164474,-5.130915083114425,51.423234925690885,1.8019622165902998,-8.340181380133423,0.2601229453245571,0.3496735478626568,0.3387247477272022,-0.7903693782726948,-0.17877661170596337,-0.018699225435042988,0.1708969361566934,0.6485042096421169,-11.554401441829894,15.699272132057146,246.46714547638612,1.0252335309245235,0.18859992969398043,29.13120002196439,-42.36812100085892,10.50981637062085,13.707240222610501,18.16346746833711,-29.588119247309844,-21.518967117420658,-17.181419682869898,-7.811726894810156,18.782843320889267,0.11149174412560817,1.109915332248968,1.2319120447613372,7.476454420478948,69.26352508073732,12.30872677845975,-2.3433504732999504,0.2699184642633758,0.36662241784932,0.37976283437322234,-0.5878116503345429,-0.17983286635643891,0.012037033007342268,0.18678955149288107,0.5026259854352599,-0.08403841000152742,0.7054606845045751,0.4976747773816636,-1.5047906541317435,8.288919324461936,2.3834824810712774,-3.848617896826677,0.32139357598947,0.43382055348689313,0.4016710471484399,-1.356975488415145,-0.21958856093505333,-0.003083696587205598,0.2142319925518398,0.63493375787256,0.05584485456327661,0.6561567337722934,0.4305416592747243,6.271515099083729,53.6152355850179,6.7904097610574,-1.1537034718234898,0.2678927966218083,0.36190657605433413,0.29369562523722514,-0.4960505260330137,-0.18515040495936275,-0.026059154424575293,0.17675617109497138,0.5494137481179708,-149.55483214649033,13.923071397456145,193.8519171386614,-0.46015077430513135,-0.2812329187967819,-107.8,-192.4,14.529501741354874,20.30000000000001,149.55483214649033,-175.38,-159.0,-147.7,-138.7,-130.81,-211.40269932824916,18.72998852829895,350.8124702702102,-0.23767288308485554,-0.770714480746947,-154.75617098273676,-252.317493868935,22.274133995626126,30.607180446118093,211.40269932824916,-243.34889199741897,-226.26655088638972,-208.8197705777863,-195.65937044027163,-186.19596284205997,0.2299076905962703,5.998556718407799,35.98268270395534,0.3776539517380645,2.6290380729840743,27.797565726626857,-19.981061735364506,3.6319134456140434,4.87327219319046,4.042449429977334,-9.787607952575772,-2.290899164962293,-0.006664021485214278,2.582373028228167,12.02174479844034,-298.68811181292074,25.938082412924736,672.7841192596754,-0.3012035760094086,-0.7621594327578727,-217.69599377616842,-352.1226419520079,31.939758059164387,45.22700532105932,298.68811181292074,-342.82080874844297,-319.5283349986988,-294.9265847661863,-274.3013296776395,-266.24600104898525,-0.22728078170985605,5.152096578718139,26.54409915643916,0.011585574976410688,-0.26595285748308894,14.152903902209376,-13.595468402608072,5.1132140172331555,7.032776997642378,4.128703421818445,-8.408463098901112,-3.6407390694156287,-0.3745123827300567,3.392037928226749,7.91651417513601,0.32178627486454164,7.041946282333413,49.589007443269374,0.7868275685884925,6.109701460178377,34.16224887019475,-27.711244451808657,2.1062202765510274,2.8753381730255736,3.8239500457531577,-9.66918811546482,-1.452287815601473,0.08359544278582826,1.423050357424101,13.948370707328369,-0.42018103924956135,4.605530791964583,21.21091387573392,-0.15724579235780026,1.5928765861374181,17.793272936181005,-19.35164089252654,4.305831172231912,5.639297103998395,3.525848268748471,-7.759900662819167,-3.1692353974488747,-0.2004431575825792,2.4700617065495196,5.929311861106736,-1.6121057985757885,6.873533206406267,47.24545873956963,-0.5926614706517724,-0.545909820225086,10.5,-24.2,7.41301109252801,10.899999999999999,5.589725330620549,-13.8,-7.1,0.3,3.8,7.4,-2.3058775340058775,9.359543441406283,87.60105343157136,-0.3891447239531543,-1.0935953557366085,12.714034218273346,-26.061946823308208,11.129738831630252,17.282927717853013,7.7998419396398235,-17.532457624518308,-11.682096860334584,0.24954521224977308,5.60083085751843,10.28599715090719,0.09615515380191983,2.547483874587886,6.489674091285307,-0.08358430553585708,3.2433728505779325,10.61966864100245,-10.76043248967191,1.4092582651379728,1.9500459319812051,1.6780816190532433,-4.190994132661672,-0.8775889034984274,0.014660300998102449,1.0724570284827777,4.671964922196484,-3.3350562538254844,12.943662565886214,167.5384006195241,-0.34500407001394884,-1.2403735266471634,15.866929665187472,-28.61347232266947,15.891147246131093,24.964719584630622,10.894829496314138,-24.05171766428174,-16.920961295547833,0.43282159603391257,8.043758289082788,13.720375408054938,0.14254169896788793,2.5233036909896396,6.367061516961939,0.5097336961901494,2.0217237878716867,12.450426832294688,-8.216502582198862,2.4070856859797995,3.1867265662247943,1.936289067180349,-3.228932051121731,-1.4801344057427486,0.06625681537202238,1.7065921604820455,4.280125788491265,0.1330016332974283,2.987521980928806,8.925287586532775,-0.21566229630674857,5.892567629906273,10.49526469665433,-14.184773605515112,1.128856728645137,1.5076835213295205,1.748820695960731,-3.8276840557626226,-0.7741516948486279,0.02500430338727474,0.7335318264808925,5.265321709914294,0.088486911111172,1.9665563539547455,3.8673438932797826,-0.5943884100001973,3.3776203016680366,5.630993347659869,-9.648771714953334,1.4734892763043124,1.948021619198275,1.3905705899872562,-3.2311369900826956,-0.8936583571257906,0.004845085775514582,1.0543632620724845,3.548093780119401,-0.5250254323499491,4.302154038817926,18.508529373717387,-0.1288017948628628,-1.5021840435882718,6.9,-7.1,5.633888430321287,8.55,3.8816887080366222,-6.6,-5.2,0.3,3.3499999999999996,5.3,-0.7512507467127776,6.1045228146722925,37.265198794854534,-0.11612736038361109,-1.5058095214917437,9.739614039278294,-9.957142089119044,8.162689973934112,12.201748328083593,5.514226316604692,-9.320410135149999,-7.442887396990434,0.2561487697241258,4.758860931093158,7.57293049125383,-0.014875230471385267,0.1610169447429506,0.02592645649435441,-16.296810658885466,324.10325982243063,0.4563425743337135,-3.2438433260083186,0.05814747511937164,0.07989467150669138,0.05635016083214248,-0.1098013722994078,-0.04466964437372884,-0.007705016850795721,0.03522502713296255,0.09139514022856021,-1.0865761312980469,8.688630571161946,75.49230120212995,-0.09826535875071749,-1.502865372014662,13.662517981175776,-13.9715508886047,11.614323229558213,17.42524166316101,7.847758622818547,-13.268970004980545,-10.715189445467054,0.3582282135773956,6.710052217693956,10.957345217507601,0.021967293336805187,0.3317305859532214,0.11004518165686764,13.117152519473331,194.0763108528952,4.9666611462831565,-0.9742334979572915,0.06542376103115548,0.09235444594952263,0.0844635406412037,-0.12171639795663808,-0.041466750182857254,-4.9543296477327914e-05,0.05088769576666538,0.11187940745332506,-0.02047257945704915,0.13189483426749646,0.017396247306450358,-7.576772966948083,72.58423515906173,0.141078007148698,-1.3808586067904822,0.05358875321890171,0.07297728921649903,0.05866564353945205,-0.11916486920290566,-0.04763436286707397,-0.009939748845588531,0.02534292634942506,0.09838063550681139,0.009637798153868865,0.18375448895360924,0.0337657122106021,12.547540750474221,181.23258374153534,2.7037689245864787,-0.3259871553023502,0.05433000208237467,0.0773928694081969,0.06107327367731687,-0.10749310487560224,-0.043942994027317175,0.0017102989974650223,0.03344987538087973,0.09944952557200146,-0.1826042726347915,3.594906045242648,12.923349474122134,-2.0061588581490137,3.1786358562033223,4.0,-15.5,1.0378215529539212,1.7,2.48413021363174,-8.8,0.1,1.3,1.8,2.4,-0.24341912612834818,3.8815130476816866,15.066143539323175,-1.1290781635851768,-0.025813818774817143,4.012804827899288,-12.185312908585578,1.5859303242379663,5.437844251157982,3.2109246063590438,-8.178645862447988,-2.9525240828290538,1.6790485442019558,2.4853201683289274,3.3244694195653945,-0.13215001598829912,3.258179010403046,10.615730463830973,0.14801390962158376,2.3461222942963786,11.8320734420726,-10.063598300718871,0.6025529586849666,0.7973867239780674,1.8576863661739653,-6.555606287204354,-0.5007719647145561,-0.01981499344024587,0.2966147592635114,6.384130195023298,-0.30321219525101983,5.215967837124902,27.206320477921423,-1.0296149733436721,-0.4294386074614813,5.358189845002798,-14.01467880838538,1.5664177357248557,7.8406798655987355,4.458178208180087,-10.617379344712237,-4.456539643669843,2.5742347474241676,3.3841402219288925,4.30414042542243,-0.007955837243528847,1.625599123570771,2.6425725105540585,0.18204277798676102,4.957813558256966,6.926270330887839,-6.593986072343972,0.7876886411925597,1.0883774797042438,0.971112480724845,-2.7808126216104423,-0.5305457345621585,-0.02289127807297739,0.5578317451420853,2.1908502755839687,-0.18416531036781356,3.9043886027891004,15.244250361589424,-0.053983372384940075,4.334761290894796,14.808586362485446,-14.290047236620605,0.25181123187571214,0.3483740432785202,1.882039750745891,-8.21483360770623,-0.2021088638661099,-0.02066885414227557,0.1462651794124103,7.963777954376197,0.02697877556462683,2.385586081386051,5.691020951702856,-0.3597738510375322,3.3906741558638718,7.471086293864943,-8.449457169034197,0.5184952114143347,0.7346808215487389,1.3069129314217212,-4.731934982476178,-0.3749681188066212,0.03591608999905019,0.35971270274211775,4.596927587193329,3.0306205493387592,3.2495352702344005,10.559479472497358,-1.6756468906248412,2.1626149354606126,6.5,-8.0,1.3343419966550416,3.3999999999999995,4.066225839267548,-5.0,1.7,4.5,5.1,5.8,4.291445659037037,4.562507076481124,20.81647082294033,-1.6389641510325494,2.0242967654152073,10.03591834822101,-11.317361243795286,1.7657255066139093,4.863529259966884,5.735681126319119,-6.83225964623287,2.360078036535959,6.427644151604103,7.223607296502843,8.226050595828909,-0.03902518959217975,0.4105515481110456,0.1685525736563762,-8.592044688673584,85.32794917461266,0.5524418632175203,-4.670652392733804,0.11128867851085016,0.15200309099995887,0.1424323652206215,-0.24881484572050064,-0.0820998883802081,-0.007576571479203133,0.06990320261975078,0.236596984991286,6.083764709798156,6.354109387086223,40.37470610305726,-1.7090212765936312,2.3710791990621303,13.778755050028078,-16.123785688421776,2.3672163454757524,6.318852766202454,8.045966714076881,-9.645172225669162,3.8544896248114378,9.057037030099636,10.173342391013891,11.535864525748337,0.09499552241387982,0.8551549362395616,0.7312899649748886,6.081081593262868,42.25912196663128,6.93179331515417,-1.3697708505864907,0.1759548584541426,0.23903340153259203,0.29716036193832573,-0.49885478712044745,-0.10599585337110815,0.018795112022698013,0.1330375481614839,0.5264202156342869,-0.054220468848029314,0.3332152946748529,0.11103243260524903,-3.97841794323035,17.796558692184078,0.41031184376646745,-2.0083505186412305,0.10482480921156835,0.13784566716050833,0.1525514337393668,-0.3119973142932755,-0.07477598154331591,-0.0019556291112100884,0.06306968561719242,0.22910327415435605,0.05904844843438376,0.4669010617997912,0.21799660150977243,6.171558762987492,42.725089073753715,3.826309652146628,-0.5129068066595573,0.12392317042799976,0.16250583268578844,0.17602141363539991,-0.3129936087266565,-0.07341154296029866,0.0036564870775442487,0.08909428972548977,0.29998885690023613,0.0016815065297094206,0.2641505597368423,0.06977551820928711,-0.3389636227157781,4.100516905322132,1.215683,-1.435595,0.04379310433021847,0.05911925,0.14036737281459263,-0.5158545,-0.02718325,0.002933,0.031936,0.5072055,0.0023810131473146435,0.3525005089550927,0.1242566088135994,-0.2717581527563856,3.764355695090119,1.6199223472471251,-1.7781899458084995,0.06120794970359943,0.08264015323083197,0.18979596094582796,-0.7026169797099773,-0.03805803099810508,0.003960777102015995,0.044582122232726895,0.6869732303909437,0.00036442414256930653,0.12361924175981323,0.01528171693327115,-0.036212373159915885,8.923469662923138,0.8618029489415129,-0.8680461243622175,0.008069071302942592,0.010876195291715837,0.05586956421345332,-0.19574060616425837,-0.005391319858954634,2.1646636739251985e-05,0.005484875432761203,0.19793720487978236,0.0033757709316035995,0.4895091462281572,0.23961920424101943,-0.281255342979288,3.687433391287536,2.155105865181971,-2.4213101088568125,0.08635912541654439,0.116566693564866,0.2651201026902563,-0.9535769994727001,-0.054060488753789576,0.005634552042149925,0.06250620481107642,0.9740278760938358,6.0648462453360124e-05,0.09407049412841735,0.008849257865564604,-0.11245901584450223,8.257759070789362,0.6356726294542365,-0.6359752278242127,0.00689530317972158,0.009305895863658428,0.043235416618844946,-0.1532549607163765,-0.004573694472867417,2.1356447571311546e-05,0.004732201390791011,0.14823880758849414,0.0005150784205525482,0.09593644281822573,0.009203801060614697,0.018842572080740083,8.000205401915405,0.61993291102176,-0.6240398892853709,0.00818514621490632,0.011047269066713748,0.04456194135029764,-0.1567806326358496,-0.005572979862571773,1.7916871801428299e-06,0.005474289204141975,0.16085715005228457,-0.0007155533855056162,0.1461286240035466,0.021353574753169895,-0.13686166130192146,8.437845030693353,0.9600075536467972,-0.9848318356368959,0.007983224515412531,0.010773622295987372,0.06597021637374637,-0.24444382378433444,-0.005368684529634566,-4.845095769512164e-05,0.005404937766352806,0.23826869795952432,0.0068426506226706655,0.49121183045597727,0.24128906237991174,0.8625277614488739,5.411700952910044,2.933184,-2.085934,0.06244720544345595,0.08442,0.25001834110535404,-0.861542,-0.038822,0.003838,0.045598,0.945497,0.009676169044332538,0.6617078084237297,0.4378572237289354,0.8763127429777043,5.371003369253163,3.841865466586685,-2.7496672184405955,0.08816228113174532,0.11901574363725606,0.33896932723789835,-1.1312869623579678,-0.05514451326918272,0.004675049120901571,0.06387123036807334,1.310411910399358,0.0002486137124852238,0.2113695975279005,0.04467710675910664,0.15780729879892222,9.539730193740375,1.592640092151849,-1.5947153096774138,0.009722466848064094,0.01312092286909556,0.09398658867394173,-0.3307492610319499,-0.006611159650843114,-1.373326563903403e-05,0.006509763218252446,0.3345060310092104,0.01368179240491189,0.8820886504081441,0.778080387178861,0.8551201500568418,4.607320676477364,5.006571042155456,-3.3810197150729655,0.12326496634104549,0.16589135677772804,0.4632915920959397,-1.5767443021674414,-0.0762046242928814,0.005096825723208705,0.08968673248484665,1.8359039038617584,0.0007532552700211788,0.3122096893134569,0.09747489010120527,0.1268134649592728,7.006376259212434,1.8493055979037125,-1.8430275833681118,0.025460490438288724,0.03426336132036065,0.1484325335983866,-0.5341913619801888,-0.017892659392445477,-0.000203353322934279,0.016370701927915173,0.544984990769064,0.000350703586205687,0.2248190599035036,0.050543609695895136,0.03596751412062741,9.55028908449055,1.6354878928548877,-1.8422169620657267,0.008776021216005781,0.011847334169057207,0.10106709582050923,-0.36791602154679226,-0.005927549294231003,1.712532142434285e-05,0.005919784874826204,0.3767118023375242,-0.0008791403659161182,0.19696092294406053,0.03879360516697615,-0.1620295362404169,8.964209143799131,1.2951101265255927,-1.3650743005891188,0.010591767046309816,0.01431950288253726,0.08789143836008656,-0.3282423090202015,-0.00694694429741713,8.19591426790408e-05,0.007372558585120131,0.3094358927835644,0.004298775368905858,0.1443882662903297,0.020847971442327154,0.23795722068193545,6.669231604856833,0.906611,-0.976207,0.018381302305032453,0.024736,0.072569322197982,-0.24012875,-0.007914,0.004061,0.016822,0.25715675,0.006080226825392261,0.15793678411262987,0.02494402777583946,0.21249582404502604,6.29900749512773,1.0225621485598158,-0.9176878085983606,0.024444280429743517,0.032962535084096405,0.0806650424497375,-0.25835664745847253,-0.010201367645189698,0.005649181823210312,0.02276116743890671,0.28947615465855364,0.000145110211266183,0.12941459551030773,0.016748137531096562,-0.07548035420692624,8.817439932696631,1.087816793719415,-1.0191996818236608,0.008171280104158164,0.01102238470813968,0.059121405343184615,-0.21013916306013325,-0.005501950651255137,7.700733553692098e-06,0.005520434056884543,0.21202609405337974,0.008601172858658886,0.2118224694504062,0.044868758564068266,0.10855094453147394,6.452631958458955,1.2868739642109854,-1.190664362339941,0.03386079652330796,0.045802878711897504,0.10848873615533934,-0.34100003026951986,-0.013646316007226784,0.008264607670638718,0.032156562704670724,0.3782617647228721,7.80554940161836e-05,0.0707838220219165,0.005010349460030353,-0.45412995444869353,8.684328246405453,0.39558734489868885,-0.5456987866122701,0.00722012356191774,0.009743617251351137,0.03347989369666972,-0.11143676383792565,-0.004727401986761991,0.00010957070174208037,0.005016215264589147,0.11834302029170012,0.00020534699427272418,0.162989926624422,0.02656571618103447,-0.035818289716706454,9.001446905376957,1.1706971187362714,-1.2812538592499358,0.009223648616350742,0.012457986695812854,0.07473673100036257,-0.27526522711675977,-0.006248019935462012,-5.165717089470893e-05,0.006209966760350842,0.27426950517381504,0.0003273471774354498,0.08321279686797037,0.006924369562590098,0.14452089658727782,8.833807218821743,0.5757795290254286,-0.5262815663875983,0.00690895859979184,0.009312586998371439,0.03801213107254977,-0.1336466744318426,-0.004595766608284465,3.08185043873919e-05,0.004716820390086974,0.13585208541354812,2.0980865375874318e-05,1.1236385797431012,1.2625636578870936,-0.0017659328672100431,2.099076630395315,3.801368,-3.804671,0.715056826081924,0.96440025,0.7562833981304732,-2.17154475,-0.481183,-7.400000000000001e-05,0.48321725,2.17047975,4.2668431188220083e-05,1.5889359138934582,2.524717338460439,-0.0017823164406461872,2.10306372907566,5.367762909079961,-5.3626915542509375,1.004074415926064,1.354075137939359,1.068960225889812,-3.0656869391184487,-0.6764857534577864,-0.0033315794805533544,0.6775893844815726,3.074413715709679,-1.0186013141979672e-05,0.013766244007296547,0.00018950947406842813,-0.32422764900123957,13.504483091357969,0.25562398727647634,-0.27651518023565863,0.013179997416821012,0.017767638258381714,0.010797287753740566,-0.020296140037742598,-0.008873771910787814,-0.00021554603840204245,0.0088938663475939,0.020403518174933563,9.63620083947074e-05,2.246398812390887,5.046307624311188,-0.0017786243815138846,2.114809767171298,7.521898725406436,-7.520684967448478,1.384766885982663,1.8688218765511704,1.509221869397185,-4.328513439588486,-0.9336693000705473,-0.004637328992427884,0.9351525764806231,4.333832428408431,1.6037295054068325e-05,0.04735243352020115,0.0022422529602850695,0.061837727688146375,0.8452295877614988,0.43307175524966296,-0.15747989009083269,0.03212989646949112,0.04317289668614516,0.0348822241590687,-0.08634070221028706,-0.02120106913561751,-0.00040306565672106054,0.02197182755052765,0.08732510914832596,-1.4907989815483222e-05,0.006234162171046122,3.88647779749025e-05,-0.6090424116258278,168.88761486767322,0.21284478007169058,-0.1932360219580305,0.005330047749222888,0.007183986255548763,0.004428260502190691,-0.009150359933854168,-0.003590344399882414,1.4535286254517007e-05,0.0035936418556663493,0.00905039406297553,-1.3926439490473943e-05,0.018449435655873342,0.0003403816760202106,-0.059730501673664116,1.4466789387737755,0.1773357028556988,-0.1867070327627095,0.01840088361938434,0.02470127577124862,0.014762584061447256,-0.030530098900065368,-0.01245066753098949,0.0002567328018264188,0.012250608240259128,0.030429319049074692
-5.836585365853658,7.706985462918657,59.397624925639505,1.0227092815244694,0.1652289999629346,14.4,-20.7,5.189107764769607,6.699999999999999,9.011991869918699,-14.7,-10.7,-8.9,-4.0,9.5,-8.209921253431082,10.941861702957803,119.72433752665464,1.0457133663560287,0.1824121382598327,20.371168518237955,-28.703789672670247,7.777818081905955,9.302760702539855,12.77263291097397,-20.764322136592998,-15.035542564786189,-12.874046249753109,-5.732781862246334,13.329698174605024,-0.048226870382267625,0.7601320091928044,0.5778006713994898,-3.507276936711255,33.63434817988991,3.1558689823161035,-8.268524308723832,0.33546845702667916,0.4517372015510742,0.39419803216749333,-0.7863189536387516,-0.22401916032793767,-0.0037692231196738146,0.22771804122313655,0.6886101114612658,-11.509496853738066,15.615244769923256,243.8358692246156,1.0571069436244793,0.19114801373222212,28.68931377903311,-41.25574965132687,11.114872988942258,13.123953043026862,18.123450449133898,-29.346008035392167,-21.2701621253646,-18.340290792273123,-8.146209082337737,18.852309282888946,0.10852077366750634,1.1245625498252911,1.2646409284695606,7.121961163758887,65.41910379910763,12.463709844173712,-1.999195780242823,0.2955529248495138,0.4035477863444245,0.40744633306717404,-0.5456355564336562,-0.21285210622436648,0.004587336714481527,0.19069568012005803,0.6343184316490356,-0.0665452834780157,0.7953257821867324,0.6325430998109378,-0.916081197291296,7.928078221272324,3.091879701902993,-3.872286479522171,0.32298574384995266,0.43773379267569756,0.4398106294280509,-1.3563360302279868,-0.22776695081334752,-0.012139174607022046,0.20996684186235004,0.6248937128679806,0.0593547151085977,0.7107489034464314,0.5051640037503046,4.450234954137402,36.539397786613996,6.898609961160494,-1.9877173268032577,0.3115988353112958,0.40777857443019094,0.3691438533718581,-0.726056371357261,-0.20192039038934564,0.010647370999540134,0.20585818404084527,0.7670782450507113,-149.21747967479675,14.277119371581925,203.83613755039988,-0.4256772204427442,-0.30383857289570537,-110.4,-195.3,14.603631852280213,20.125,149.21747967479675,-175.485,-158.425,-147.64999999999998,-138.3,-129.31500000000003,-210.92228211464106,19.0224999846391,361.85550566559454,-0.23116597575362563,-0.7547965171860684,-158.77439083030012,-260.0686165648527,21.47901929799587,29.53912634365983,210.92228211464106,-243.14358215870453,-225.14320669927827,-209.03758735847677,-195.60408035561844,-184.38032900007312,-0.22613581153370554,6.741118917267928,45.44268425674752,0.051203064099299665,1.3876312465129903,26.710269039933145,-23.583012659392494,5.6443004086537085,7.553604425005555,4.996815366823781,-11.514768794721167,-4.064507798547658,-0.04257409483210317,3.489096626457897,9.94914204737541,-297.952459719513,25.97877965185398,674.8969921995824,-0.3274437786977199,-0.7573086920391114,-225.27964258064247,-357.792692336928,33.041224836194274,44.62989664377545,297.952459719513,-343.0655243461224,-317.85928078587915,-295.25210241250613,-273.2293841421037,-264.8966974829335,-0.11237280550523747,6.947663601992958,48.27002952645776,0.07625268930588415,-0.3160774360577312,17.078597224485986,-18.751132206248364,6.666676866881218,9.247502340207642,5.556451418242218,-10.52743022683768,-4.770064454367842,-0.30647091858486064,4.477437885839802,11.834051305846685,-0.3144154561319802,6.50986280781023,42.37831377651089,0.7504734313417798,5.655975681422454,29.781739434138096,-22.122755264398123,3.6978107509715645,4.897919249912111,4.071373640597395,-11.06955353489885,-2.9901940212140596,-0.21685536584663612,1.9077252286980515,7.84007536735956,-0.4212013158772937,6.860852100953289,47.07129155115516,0.004555632386949138,0.5960323128106584,23.88924719077279,-19.901482026991495,6.906031502052506,9.2883546357737,5.409399278443027,-10.94171703129976,-5.11410478625859,-0.4454998150573931,4.17424984951511,9.91090565849358,-1.6027439024390242,7.2677105373521345,52.81961645473925,-0.8419608696539284,0.38731374752128245,10.1,-33.6,7.41301109252801,10.825,5.7440040650406505,-14.985,-6.725,0.1,4.1,7.5,-2.2873691038981447,9.745822797726856,94.98106200469253,-0.5504057517342608,-0.6169880045563505,13.394724014525865,-31.948415089963365,11.221571450954674,16.608923155978545,8.033873199788696,-18.032399310193817,-10.870901412905237,0.1385673514570961,5.738021743073309,10.198200677591528,0.03590299480441525,3.192728461258933,10.193515027332834,0.12813070524343076,4.6943116016537125,14.807179091747658,-17.240483826216533,1.7309414825329328,2.2581473386205957,2.073525379117359,-5.129258211661445,-1.1435680962580221,0.048611867974290734,1.1145792423625738,5.233499039375861,-3.2868757974150915,13.184152361359734,173.82187348754744,-0.3676458147805289,-1.2121893247473412,15.382799219658365,-30.227555120557025,15.689087393652864,24.999293162721276,11.116781821943086,-24.55700720467783,-16.433492103304523,0.5165593164485295,8.565801059416753,13.753559011789685,0.2021639665010949,3.76687788521458,14.189369002118667,0.7212841991531835,6.570540305116635,18.989545114440563,-17.820823839099482,2.8492595264662834,3.9466787841076973,2.578625926983221,-4.597835173730611,-1.8289351715299365,-0.23912238414021217,2.117743612577761,5.245676537033279,0.048073735732618326,3.1724299107300484,10.064311538494662,-0.46381184886213506,5.6669460251300485,12.032839015525122,-13.691361562644378,1.5374990458922824,2.0719283138664686,1.9185568537611237,-4.190435970363435,-1.0053101828532376,0.032108573151782616,1.0666181310132312,5.15098622363057,0.3613634764620079,3.1511310688598018,9.929627013133516,0.6392207525038095,3.1617187271887666,14.27739350425312,-10.090897578544196,2.158297667759805,2.909959136733983,2.170601390160497,-4.4260675930720295,-1.2349458973180658,0.15253326985614715,1.6750132394159172,5.593754607662175,-0.7141260162601627,4.195377543450337,17.60119273208738,-0.03982561038457072,-1.442798888257722,7.0,-7.0,5.559758319396007,8.2,3.7659552845528452,-6.6,-5.2,-0.05,3.0,5.4,-1.0093175949842002,5.954213202841853,35.45265486489623,-0.028981289099694475,-1.442450959120664,9.881035395515603,-9.90510959475639,8.002427726775316,11.694217871404613,5.348024929064112,-9.33902579820496,-7.350957214154411,-0.11634724630211858,4.343260657250202,7.63783851622997,-0.013645700500497166,0.1598362852335952,0.025547638077275205,-15.818691182962556,308.4667213660592,0.32193591769355157,-3.1795273110409163,0.05887077441466699,0.07913602777942902,0.05653784764987419,-0.11048571055697161,-0.041758285817422094,-0.0022657692794433304,0.03737774196200692,0.08699284516105689,-1.4470754968159965,8.483614831448755,71.97172060837728,-0.010793361897268762,-1.4358373188416735,13.865448944264706,-14.001816270605628,11.555681102943263,16.620720800635223,7.620323332758708,-13.192233431713065,-10.483410555735194,-0.3483712348621362,6.1373102449000285,11.09303089646563,0.016106619967331544,0.324771233701006,0.10547635423967348,12.660183535866683,184.99910909072062,4.799672833688531,-0.9798441332187665,0.0800709959130603,0.10645182899288877,0.0905698800808307,-0.1315803917215833,-0.05636630496508599,-0.005488618111969545,0.05008552402780278,0.12537601053821235,-0.01875842295254345,0.13744994576023897,0.018892487589492638,-7.081893218957615,64.96867113896099,0.1778388563271075,-1.358935194506158,0.06185869735517601,0.08439598685600813,0.06412434655750528,-0.13148346812185852,-0.044257890434655334,-0.008518903565115542,0.0401380964213528,0.09821394822675464,0.008684493708408762,0.17761315284160237,0.0315464320623344,12.020201646838307,171.51604960687783,2.577563898052625,-0.3483501769771987,0.059699240614276526,0.08457854302865755,0.06254658523074298,-0.10380024347106585,-0.0434673160058546,-0.0039704054717756235,0.041111227022802954,0.10693925658480422,-0.21097560975609755,3.6321371376087916,13.192420186396985,-2.0505561146612687,3.4743494355772446,3.4,-16.5,1.0378215529539212,1.7,2.477235772357724,-9.084999999999999,0.1,1.2,1.8,2.4,-0.28854371648012017,3.8279473228367698,14.653180706413194,-1.0902056381722691,-0.14842291138962116,3.983534570683345,-12.198826742719534,1.6053901660457757,5.434938947500866,3.158991207289342,-7.77516311044858,-2.9915051619273005,1.6620572597763126,2.443433785573565,3.233539981577377,0.08454310621952923,3.403237447122243,11.582025121495121,0.48286286923591837,2.381919306352965,12.39267648499821,-10.825005554227147,0.5678094133420296,0.751657387754701,1.9173300504617832,-5.962616439076404,-0.41678989214877116,-0.01091188489635772,0.3348674956059299,7.24167705391299,-0.3745547358660823,5.156163370329697,26.5860207015297,-0.9761403253818968,-0.6023455665760418,5.555714814759646,-13.576966817452272,1.7115282607976499,8.38398163747292,4.395001713463641,-10.072118909128498,-5.033462858563914,2.5268784294452793,3.3505187789090054,4.319286366385274,-0.19136762006555838,1.5368004837959077,2.361755726995336,-0.803748989229662,3.797186087106903,4.949607651692252,-7.846069715864246,0.8520853084480927,1.107103605675308,0.9946738893030026,-3.0215186216246757,-0.633618574480203,-0.056203734552440515,0.4734850311951052,2.135779256701704,0.11790441687673221,3.9233603144872053,15.392756157293142,0.4533661847818871,3.4323759288598454,13.484016298153877,-11.853724874312176,0.2178529971538207,0.2955975145680717,1.9591780342297735,-7.3675742369682595,-0.14760858741621924,-0.013316972003381417,0.14798892715185247,7.443057140206164,-0.011747793758181151,2.729200225622696,7.448533871538975,0.05114889952870703,4.450823424171653,11.034408786388127,-12.507862321656589,0.6795371094424939,0.8870881845929237,1.5164346171157443,-5.197240928858719,-0.4664773336416531,-0.005600032477870734,0.4206108509512706,4.653553116695469,3.0563008130081295,3.4208591571308764,11.702277372926169,-1.6375287359127273,1.906570954545324,6.5,-8.5,1.334341996655041,3.625,4.20650406504065,-5.5,1.675,4.7,5.3,5.9,4.33361482702895,4.808184961501972,23.118642624013717,-1.5926769244496917,1.7368626893572587,10.220929902359511,-11.291931863767557,1.900362865489393,4.966241072931862,5.939810824624593,-7.572604982566219,2.4685025771034557,6.558506926322332,7.434743650035317,8.425523338818941,-0.04625201296010856,0.4502003285274759,0.2026803358062472,-8.344678223183655,78.09480558396552,0.6495312674638826,-4.804896089049338,0.10393648148944369,0.1390307077051712,0.14535087449416265,-0.255325061807941,-0.07283711050594252,-0.006057417459521652,0.06619359719922868,0.21648960896270894,6.170583231196513,6.707151691736678,44.98588381596618,-1.6606326920333916,2.061225517229712,13.836376219631722,-16.638925711514446,2.722789545164847,6.833492187180884,8.35891387569023,-10.217413994352066,3.6744809626573747,9.232149246255034,10.507973149838259,11.792164369918515,0.0887879392787002,0.9439165795844691,0.8909785092144432,5.83344956825768,37.86267855003392,7.303167975534454,-1.3373296194769244,0.18434330924627004,0.2441524974920917,0.3292922850017168,-0.4808158069863805,-0.13148771487941416,0.003296820946532719,0.11266478261267754,0.47811724041518566,-0.06517813356184113,0.3657089020732493,0.13374300105562145,-3.754301880902991,15.53326571974577,0.40532738828476716,-2.0237452052128115,0.1217132297601198,0.16366545774417152,0.17007076369514923,-0.33389480734943255,-0.08885365186594336,-0.013341062729408706,0.07481180587822817,0.24302039280543322,0.048369114289671146,0.5136404891515006,0.26382655209579287,6.1540766573435,40.21649025430218,3.9733460437408246,-0.6057719106225176,0.12103538445065395,0.16148895887690343,0.17570029591218395,-0.2532723490991781,-0.09248730973609054,-0.019162704541688894,0.06900164914081289,0.2659237090113955,-0.0017767845719390252,0.2819402733915267,0.07949031776008883,-0.5572970636088228,5.274153268183456,1.283969,-1.795925,0.06520336296765786,0.08795800000000001,0.15181191539636343,-0.52288225,-0.044433,0.000735,0.043525,0.50580925,-0.002509279227040407,0.3768475344473643,0.1420140642190574,-0.4493677159790891,4.615120232334904,1.782922405076516,-2.244447726157179,0.09211236277665794,0.12426342678862162,0.20709379506340483,-0.7209887338634974,-0.0631628184175755,0.00021972296956381497,0.06110060837104613,0.6964305604414551,0.00014666025653782804,0.1302039280437991,0.016953062878034813,0.06791015490781316,12.12611618340635,1.1016689713775385,-0.9365491592706948,0.007690360345141304,0.010371934432472153,0.05580994768930154,-0.1968924999510546,-0.005095884897085667,2.48549066449478e-05,0.005276049535386486,0.19875750624647226,-0.0035386789099325507,0.5207181908519471,0.2711474342841249,-0.4270837290934138,4.355293048493679,2.47521442945415,-2.9305174306716486,0.1300998535285625,0.1751168017577891,0.2891400708257905,-1.018568769905599,-0.08875523994458709,0.0014391069646289391,0.08636156181320202,0.9931992974481707,-0.0034159508412971895,0.11322975276326845,0.012820976910830898,-0.36161140783358087,10.828160364189412,0.7194116958477401,-0.8473926438751739,0.007725727545273768,0.010454636651104583,0.0492764819895158,-0.18307458377631347,-0.005481352191849816,-0.00017178820728626083,0.004973284459254768,0.15650947672351437,0.0002074990660393329,0.08588331345450363,0.007375943529924525,0.0968401155121629,13.509492157621494,0.7589726013611988,-0.7190763995443669,0.007404132463574631,0.009988515321064175,0.03729880251249468,-0.12528171058216378,-0.004983634196602094,1.434850537872323e-05,0.005004881124462082,0.12325322352277887,-0.002875609096367217,0.16283750971103023,0.026516054568889863,-0.26679250521965964,10.518605483072546,1.1268739530953478,-1.156607194869306,0.007848225056828287,0.010600835168442,0.06949767754587081,-0.2643222420224754,-0.005432783586502537,-9.637586799445578e-05,0.005168051581939462,0.23947562453874344,0.0038144898567847164,0.5085758601940483,0.2586494055721162,0.7734153131155479,5.299272558641356,3.045183,-2.49139,0.09077528603244249,0.122154,0.26420236926202345,-0.886928,-0.061114,-0.002651,0.06104,0.975525,0.005383584041689344,0.6817855920132201,0.464831593476817,0.7354195748946818,4.7677091130664975,3.628574675380803,-2.935159076098732,0.1282460567821906,0.17220623411957303,0.3599210457073363,-1.2105009146033483,-0.08580489409677311,-0.0041218009822873965,0.08640134002279992,1.33867854348179,0.0005132662509320854,0.22896273764088101,0.05242393522800691,0.10043666120991536,15.047261001370728,2.0051027082854254,-2.28855735481834,0.008877238284953423,0.011980250730826418,0.09406561364051111,-0.3062698438102415,-0.006020777442975651,-2.1988834859797742e-05,0.005959473287850767,0.3109883029773597,0.007582704628424017,0.9214404075118235,0.8490524245955555,0.6703983320838415,4.162682955012873,4.576353469827556,-4.007561016687207,0.1787183448406968,0.24151519852916573,0.49424439150277216,-1.680617332290573,-0.1201610361315591,-0.006073210866336295,0.12135416239760663,1.8371532068795606,-0.001803051754832116,0.2836434718947964,0.08045361914853413,0.19238569856774215,7.88549152865537,1.9753652594572226,-1.5679826625855238,0.02469841008309395,0.03334977291533178,0.1326339375998177,-0.4765869505972422,-0.017355466478587208,-0.00010675272530528968,0.01599430643674457,0.4655294896732083,0.0007255597378255098,0.24067008093659928,0.05792208785802924,0.09228007081181712,12.985033441926857,2.034604632022288,-1.9118563911196418,0.00776761615784704,0.010471913170820966,0.09953433958196561,-0.3371843469143485,-0.005241148136743475,1.2257268652870947e-05,0.005230765034077491,0.3395757833781949,-0.004828480840738535,0.21652796040314937,0.04688435763634782,-0.2656518086411264,12.355244811180466,1.6323731808253574,-1.679769698355748,0.009851783842277872,0.013274117738655476,0.0893858736653924,-0.3337378286948613,-0.006830444808428989,-9.86971431830079e-05,0.006443672930226487,0.29089874957089157,0.004638114067948017,0.15228395681123968,0.023190403502087512,0.3642155965045014,8.121760652485982,1.255705,-1.053259,0.020534040726302587,0.0277,0.07432478836123678,-0.244937,-0.009668,0.004363,0.018032,0.261753,0.006557637273747047,0.17330127898261619,0.03003333329701057,0.2361184226710335,7.104220657180377,1.198260314187571,-1.1477807854036646,0.02781197820809701,0.03752231865284171,0.08713654004276496,-0.2799801929547303,-0.012870278098457904,0.006190260001793763,0.02465204055438381,0.30869363875984235,0.00035352657917004363,0.1278413142392819,0.016343401626426824,0.013402126727820155,11.63579244697908,0.9707365058785058,-1.1578419288306598,0.00780712878077623,0.010530076014430418,0.05623740010676049,-0.19511524632276506,-0.005335887816434694,-7.609166934806393e-05,0.005194188197995724,0.19703389157719425,0.009269165087159335,0.23480669187593028,0.05513418254971806,0.097202674573321,6.792116151413181,1.555522309013488,-1.6425323576726538,0.03886665835366816,0.0523418160969359,0.11932878635260188,-0.38621783259066267,-0.01756484131852887,0.008869666691105341,0.034776974778407035,0.42885304526616186,0.001822656783845705,0.07013575528080018,0.00491902416880829,-0.41828015063647916,9.778412643277472,0.40339288298607495,-0.6090744215457516,0.007105125631018858,0.009588365278717322,0.03234909208215666,-0.10530125113567262,-0.004539823665533005,0.0001552477032633131,0.005048541613184316,0.12041623872647951,0.0004998909692553959,0.15815522604140247,0.025013075524207107,0.041013916069658624,9.725079151637235,1.1452571498311972,-1.1973751333652882,0.00874336057563858,0.011773746567373962,0.07003293700892842,-0.2482354009298512,-0.005891497975069912,-8.249015995469598e-05,0.005882248592304051,0.2556629764491305,0.0011079926580669062,0.08756057226370305,0.0076668538151471646,0.5395553396364831,13.933720112613319,0.7748211801186946,-0.6702736596021777,0.006752905517089502,0.009116563802805311,0.03742368248373171,-0.12349704026088636,-0.0045729765509271,-3.457897724188726e-05,0.004543587251878211,0.13259236167728305,2.1521496700574188e-05,1.1317785013579562,1.2809225761360614,-0.0016370466974683644,2.4662018689449345,3.918443,-3.913672,0.7018216360773245,0.9464407499999999,0.7495509505374176,-2.1666662499999996,-0.4719985,0.00035749999999999996,0.47444224999999995,2.1632465,-3.3753957438137385e-05,1.6004662109339973,2.5614920923414264,-0.0015189090045580947,2.469828578702436,5.510660816007699,-5.533961755287888,0.9908923236788244,1.3367720555584155,1.0595425764682487,-3.0600885830699434,-0.6675494546356161,0.0018432444618914816,0.6692226009227994,3.0561674655186404,-3.1406964808394374e-06,0.013389808777019119,0.00017928697908513823,0.006436562395734871,0.8094181323011727,0.12486057958793739,-0.13333785097353962,0.011645691068676288,0.015723846816987574,0.010275862758767436,-0.021570508542618896,-0.007676291256178976,-0.00019212657918936046,0.008047555560808599,0.021682731297356463,-0.00022961142061267529,2.262714067631258,5.119874951856393,-0.0012840818069091205,2.480179761147359,7.756949676368842,-7.749758968964133,1.3620447719724764,1.8383055114158773,1.4960388495886188,-4.3098016529416645,-0.9177585381138303,-0.0006491196116969692,0.920546973302047,4.30752819114327,6.079633868332088e-06,0.04914484332833303,0.0024152156257663993,-0.00011547683593684785,0.5634109885308574,0.18565596254875885,-0.18062598525605103,0.037576575873892314,0.05068601823106672,0.03666920396403123,-0.08893236919960179,-0.025147267936991832,0.0004097164500465669,0.02553875029407489,0.09040238094229705,-4.075581116737439e-06,0.005136237073883154,2.638093127913178e-05,-0.0481501221152397,2.6789080644655883,0.055781705543218846,-0.054664327476681165,0.004131766841359496,0.005573235294337925,0.0038551326324318697,-0.008666033875040401,-0.002787192551199212,-1.0365337461331746e-05,0.002786042743138713,0.008607030201736945,-2.693149813399716e-05,0.018225895534566067,0.00033218326803691536,0.0016244966980418169,0.14878828802004884,0.12798981505469137,-0.11143860591580604,0.01605645687141668,0.021591246613935654,0.014147518534534631,-0.031875797893705406,-0.011032785022495164,0.00039457260463326895,0.010558461591440488,0.0318599579625117
-5.990142276422764,7.659502731481892,58.66798209357856,0.8932508276779908,0.16154495413105607,14.1,-23.1,5.337367986620168,6.6,8.996849593495936,-15.5,-10.6,-8.8,-4.0,9.1,-8.421554954681188,10.871224391836082,118.18351977765177,0.9168583978742505,0.1824898132988868,19.955482660435354,-32.96290006918041,7.588734719734013,9.138306297209263,12.745512919178616,-21.91082054480996,-14.904391402312545,-12.626183664227765,-5.766085105103281,12.606136817534695,0.08022662867684655,0.7396610997107215,0.5470985424252739,-0.502817968279028,47.04817572615046,6.235367426470499,-8.130558430335835,0.28726325580664847,0.3862662406414792,0.3640603080326029,-0.5572065939205851,-0.1520680799471941,0.04174066942460364,0.23419816069428506,1.0135982671009287,-11.787850129866046,15.51031681686179,240.56992775942567,0.9311973361579647,0.17807945287417626,28.013729648550868,-43.44135728168252,10.58728505813132,12.802412983101423,18.059607754568006,-31.034032323360158,-20.915217450001965,-17.80009459819952,-8.112804466900542,17.953350784726172,-0.007705153371959549,0.947550363624016,0.8978516916040049,9.11972261858737,115.76067427601336,12.368513421958642,-2.355596340825718,0.3178278853204385,0.42361680902978804,0.36752284169704164,-0.7701482407388788,-0.2529783854651386,-0.03933067922524258,0.17063842356464942,0.5077661235469726,0.11138559247681872,0.7779020379264225,0.6051315806100813,0.8081131649644748,10.253208146002368,4.5135722492452075,-3.6844302402377003,0.2572129792114362,0.34802194670512465,0.41924221047019095,-0.73552521724473,-0.11873883873799898,0.04727398777382386,0.2292831079671257,1.421366353605034,0.10811449214861794,0.6805518921016837,0.4631508778431817,4.9818282201455695,38.30673309358433,6.662273331034893,-1.4348793697127498,0.3021082063584593,0.40784658591528633,0.3384384573348205,-0.4696707678844183,-0.19115100301006616,0.015257789576985745,0.21669558290522017,0.7702415191313627,-148.03231707317073,13.973624702062766,195.26218731409875,-0.4001807986641106,-0.4711457794705103,-111.0,-187.5,14.084721075803218,19.700000000000017,148.03231707317073,-174.54,-157.3,-145.9,-137.6,-128.2,-209.25790741960566,18.719608192025767,350.4237308629582,-0.22676461674426707,-0.885408851853164,-160.40728998511105,-253.10124277042192,21.883900121342407,30.573425935060158,209.25790741960566,-241.0324130296999,-224.87760053943344,-207.6569139409039,-194.3041746043733,-182.7833293549621,-0.3295233656798374,6.265826181339149,39.26057773475514,-0.35761978220854024,1.4633910009420754,18.14373012291212,-28.48651207448435,5.413785309312552,7.286652733223119,4.7014503209721195,-11.033062538164128,-3.734920661865212,-0.01494663939879004,3.5517320713579066,9.595147879700901,-295.6337693904739,25.29296701927543,639.7341806381547,-0.30007461709009675,-0.9630319923292623,-230.04359195587767,-345.83758185051187,32.4702882606373,47.441098401355816,295.6337693904739,-338.0020180307284,-319.22657042953495,-292.04122341439904,-271.78547202817913,-262.99063055600345,0.2510868221535939,7.671030759947962,58.844712920067806,0.09748079012770439,-0.742766592569319,18.87913901492432,-16.309728387972967,8.469060956694985,11.288501910112108,6.351757359054428,-11.862203845288349,-5.715931332103803,-0.15508444343291927,5.572570578008305,12.480309037738726,-0.45863721876967006,6.625488620329125,43.89709945811073,-1.0206919849272524,4.2953790952840585,18.866874216240774,-33.43367509222166,3.712152192520872,5.0668637992417,4.282848693783177,-13.076003176826575,-2.432262708483921,-0.05329849187831395,2.634601090757779,9.270076578107597,-0.10498885378076948,5.795251052620339,33.58493476289714,0.13366018864192517,-0.24665391869702713,17.238615434135475,-13.937230801893941,5.8637574071369425,8.144242644292898,4.672710137895608,-9.751387042217077,-4.469877533736982,0.02518035085864112,3.674365110555917,9.21789217832304,-1.7114837398373983,7.59956943004624,57.75345552209333,-0.9395200946908241,0.791269635264384,10.2,-33.6,7.33888098160273,11.0,5.936483739837398,-15.385,-7.0,0.15000000000000002,4.0,7.9,-2.441873198122651,10.240981383485746,104.87769969690163,-0.7106676722024877,0.008019204932197432,13.956176332710132,-41.04496040452977,11.302325765384962,16.766207035505495,8.26657115415315,-19.59213390122905,-11.25581405933542,-0.0013050428004462425,5.510392976170077,10.487592493090922,-0.3874842138253364,3.169718091773965,10.047112781319186,-0.04120045222073642,4.74336987908576,15.76412642216099,-16.382919498470176,1.8522953101593171,2.4820151556394423,2.1007103454990177,-5.446516826870396,-1.5460056386035157,-0.3748575214081207,0.9360095170359268,4.22179049772221,-3.507833327260295,13.537458041271966,183.262770219199,-0.37480409822573574,-1.176911574469679,17.221066101941933,-37.66060442602618,15.906074622101908,25.97665476383468,11.392654057294935,-25.049152298308876,-17.565982781095165,0.2912635037571236,8.410671982739515,13.725719757671609,0.2911166438158402,4.962870078522608,24.630079416294993,0.4851183095756706,15.076217060548505,31.332955842875474,-30.051061554101764,2.6266319214165184,3.4441373374950603,2.8675289076903376,-4.564703088502448,-1.7018442864931866,0.15267764613773616,1.7422930510018737,5.589944468582804,-0.5390041719568185,3.3171545531358633,11.00351432938999,-0.9030448683965632,4.0182988939645075,12.171199874090915,-15.480821078452676,1.8088204322197567,2.436033774412677,2.119280171392028,-7.179631505514822,-1.4306312831878782,-0.21995682095799257,1.005402491224799,3.792207470083419,-0.11432988146822019,2.968019957292089,8.809142466884134,-0.48797602326676526,5.271891989030282,13.223259186818396,-14.252986887325306,2.0167941853105726,2.789532072976492,1.974321010912134,-4.6735744396160985,-1.3201924731327255,0.03311135844972972,1.4693395998437662,3.5486859924369614,-0.896849593495935,4.083132594253575,16.671971782255934,0.02250806331991946,-1.3475611911346048,6.9,-7.0,5.856278763097127,8.024999999999999,3.622256097560976,-6.6,-5.1,-0.6499999999999999,2.925,5.3,-1.2663684770169026,5.797392140156373,33.609755626746896,0.0320653951733822,-1.3469028401917211,9.739614039278294,-9.847459834333613,8.327869490508187,11.513030760190237,5.146265123507455,-9.349656615367135,-7.37280793117618,-1.026684365515653,4.140222829014057,7.740995440471524,0.0037238395471128646,0.10960627101501161,0.012013534645816174,-7.162578608291765,118.47843539373065,0.5284646350429076,-1.7028643136996162,0.06357578037283251,0.08799305329922533,0.059087146260876286,-0.10427549840113134,-0.03953232334173366,0.002267635834035678,0.04846072995749167,0.11466867214233091,-1.8060296863840575,8.26754308473286,68.35226865791415,0.052432812115759106,-1.344086246438277,13.663750102423029,-13.78087407565677,11.815807806288142,16.320829330656892,7.351238992780473,-13.233907340208779,-10.499669077236861,-1.2392393248426434,5.82116025342003,10.979576304387093,0.002129405929789793,0.19843442094174457,0.03937621941448548,8.519081945730601,112.73562392848689,2.58484699986014,-0.6461530648055678,0.07725721757407816,0.10400338063708657,0.08221421500620954,-0.15785144082900457,-0.05270703315918002,5.2410617156023465e-05,0.051296347477906554,0.13129855801086637,0.005110957493682192,0.09987627142961454,0.009975269594682038,-2.846593181454181,23.940244262361038,0.36841786831281487,-0.7812133531608777,0.06967612953801214,0.09289682376022973,0.061934011018002846,-0.0992949104583616,-0.04162971063871008,0.00398834576098806,0.05126711312151966,0.13197332476180262,0.006303009503010945,0.11762758809411775,0.013836249480839433,6.279120516994491,68.32477234784075,1.3579924108755466,-0.363992271708675,0.06480157558696951,0.08883897469637385,0.06355279298812753,-0.1081321224750422,-0.049217434451814646,-0.002381569943497429,0.0396215402445592,0.1262204057766892,-0.211890243902439,3.5152846980406585,12.357226508278805,-2.0426127065258375,3.43849710751324,3.1,-14.9,1.0378215529539212,2.025,2.409857723577236,-9.139999999999997,-0.225,1.2,1.8,2.4,-0.29014810641806743,3.8556774111500234,14.866248298852547,-1.2253761760346338,0.3527210433066177,4.047647385003111,-13.46283726411261,1.6769555267358567,5.1018156671428345,3.1066450774634555,-8.279481836096773,-2.7154161868557702,1.5827835780986157,2.3863994802870643,3.1911288952937897,-0.006968935595019135,3.117182744121981,9.716828260251843,0.27167443463297375,3.3152620082766644,12.378033462518923,-10.485602628027957,0.5438151207147974,0.7404567982129827,1.7154203808432469,-5.530639975725549,-0.4392865691298691,-0.0006163033278415303,0.30117022908311364,6.189530259329232,-0.37696834686947644,5.162585468417186,26.6522887187123,-1.1129788445272906,-0.09205307077770541,5.687778703958094,-15.064459144715627,1.9661848625003786,7.570427524879383,4.2664571992856155,-10.967785747312831,-4.319232171514402,2.450046694676032,3.2511953533649813,4.179066230563828,0.015115147042465747,1.6616135634126297,2.7609596341168174,0.25575559176160856,4.817048740406674,8.31171093177849,-6.871986477814617,0.9210101285954311,1.2531040663192092,1.0427028141965988,-2.3877020076807645,-0.672950368923097,-0.05633869079544271,0.5801536973961121,2.9202394785132446,-0.009581140496492944,3.7885887434142194,14.353404666724934,-0.14436508680208301,4.1371250668200386,12.385276083820832,-13.48873733148995,0.2698382517770967,0.3578731361629539,1.8692479726149136,-7.107627709464952,-0.14943479134964222,0.01445637512320347,0.2084383448133117,8.07927227254766,0.20845339339796193,2.1830902611213494,4.765883088202881,0.14092548894788867,3.7579716812001083,8.455535605017603,-7.6107729062804585,0.5481332180778807,0.8346471100575524,1.2428763692846487,-3.287699195985865,-0.259591070397175,0.03489602083129064,0.5750560396603774,4.357150187996601,2.880081300813008,3.6272833562096727,13.157184546235706,-1.649198556067146,1.7784035780251868,6.5,-8.3,1.3343419966550423,3.7,4.253252032520324,-6.584999999999999,1.5,4.6,5.2,5.8,4.084172656196924,5.090768617857875,25.91592512056658,-1.649814888421277,1.8069978920031078,9.719834847655564,-11.745696999771596,1.8833375678950472,5.102693946407598,5.992133069718165,-8.931630644432659,2.265223644647888,6.475390007597084,7.367917591055486,8.20442188355023,0.014143020268930818,0.5392210437336828,0.29075933400524234,6.4554401301489275,92.19393161853995,6.194229150909363,-4.3031964135733505,0.11243404621540477,0.1540123768880844,0.16394535873800745,-0.2717257742270858,-0.07194866635783265,-4.730493774474098e-12,0.08206371053025173,0.24279356970113553,5.8161694256564065,7.139096185662332,50.96669434813846,-1.6383341330018149,1.7589987014491921,12.479813395409398,-16.923498839075034,2.634602399413324,6.9363285288519,8.458833062025127,-12.424526193479359,3.524330086555941,9.195068560730542,10.46065861540784,11.564188025264407,-0.004196443860419526,0.6244769544996144,0.3899714667011134,4.546732203590457,51.39294886925692,6.404983905980993,-2.2989663195080254,0.17849107122405375,0.23698445821610017,0.2594476413417348,-0.6279467933097711,-0.10707803330721558,0.01349149494320831,0.1299064249088846,0.38660468317448327,0.01953359079504133,0.4942555105799277,0.24428850973862504,5.700169354802898,48.73020621285434,4.181898033533503,-1.6901895601935235,0.12182883452955998,0.1630510464964462,0.17046696587260976,-0.2296848828906676,-0.0814275939742346,0.002020249871018248,0.08162345252221159,0.21631136819263638,0.07710820090739122,0.5685248782726384,0.32322053721491834,4.9435896127827785,26.121169023189537,3.874797847192534,-0.5211239051153931,0.13807433106798792,0.17742931275011598,0.217612926959023,-0.30254204749922486,-0.1049194516796969,-0.0037219720353057362,0.07250986107041907,0.3410979309828119,-0.001257910454427571,0.2971039654110062,0.08827076626294436,-0.6081948250484133,5.033129238041532,1.387379,-1.831584,0.06797879432070036,0.091761,0.16043339358268738,-0.55770925,-0.045562,0.001626,0.046199,0.5409775,-0.0017787584398679865,0.3993752503143336,0.15950059056363658,-0.45465527222326374,4.691759338806364,1.9542811135752982,-2.3042806121436468,0.09579762836690704,0.12905423630454224,0.2185930921117362,-0.7520073226856523,-0.06473425020888227,0.001533840733883208,0.06431998609565998,0.7402467110348421,-0.0003193366834332565,0.13048288670861027,0.017025783723812027,-0.15700600328106126,13.318639290418979,1.192377106627747,-1.2594622094813344,0.0077869430621201885,0.010499585174804607,0.0554110058139565,-0.1911658448123761,-0.005309067943843693,-5.460238650139719e-05,0.005190517230960914,0.19549019811090307,-0.002514721359354702,0.5537433470349488,0.3066316943854677,-0.40575935662681556,4.624978777338319,2.7621871833064033,-3.223861647774779,0.13514274209717658,0.1822155950377633,0.3048139043053467,-1.057002747808371,-0.09199618690011856,0.0014459388790180742,0.09021940813764476,1.0273108751121738,0.001163627341484236,0.11096760052915206,0.012313808367197468,0.06784607789922481,12.606906381283615,0.7978281054695436,-0.8251387587230761,0.008279018938096284,0.011164224711937726,0.04768755791192756,-0.15017638769561023,-0.005645207647854289,-1.6187470935883307e-05,0.0055190170640834375,0.16857505388317118,-0.00045170393515775155,0.08314375229552896,0.006912883545780278,-0.15278414078870758,11.844998266253805,0.9001023840000852,-0.8187914058134667,0.007780245773752202,0.010469537530807217,0.037436232515678104,-0.1282615008591057,-0.005280325739832805,5.7059468654256635e-05,0.005189211790974412,0.12615651842415515,-0.00036900202476617994,0.16471998215552905,0.02713267252131781,-0.19013128084613412,11.663102121410326,1.0909060045902694,-1.2665749993625193,0.007825148552532196,0.01055187992764824,0.06954253734381943,-0.2457140382808443,-0.005209450864203042,6.544532761626397e-06,0.005342429063445199,0.24430840252437486,0.004288723943174941,0.5123756556794893,0.2625288125329866,0.8856127195813948,5.589984297912743,3.316289,-2.655844,0.09456111079739656,0.127201,0.26724000011526383,-0.868948,-0.063578,-0.003732,0.063623,1.01890675,0.006061841060125701,0.6866757208692986,0.4715235456313709,0.792208078444325,5.19450112522436,3.762416936447833,-3.3805740701339198,0.13301420458531418,0.1792880230347945,0.3624618462376639,-1.1652056088269946,-0.08937613059657698,-0.004782896231563584,0.08991189243821751,1.381880459920207,-0.00031858393863255606,0.2312763622529851,0.05348875573697398,0.05550853851819554,17.871961305075022,2.6470521544834664,-2.390019109606617,0.009003350586292905,0.012152638250015248,0.09455420694964141,-0.31601257244154074,-0.006123553763354807,1.5849866611417898e-06,0.006029084486660442,0.3161722169631607,0.008562754807375367,0.9241736234413896,0.8540968862647874,0.7370258520541122,4.641947966812331,4.818238991700172,-4.406226155851894,0.1884995881941719,0.2536826834418617,0.4979353228939375,-1.579429431003489,-0.12561961048829412,-0.0065112623530147185,0.12806307295356756,1.9221432241972636,0.0009091842815093649,0.2979715272093042,0.08878703102744512,0.29857787094048877,8.65722759515707,1.9960920780781684,-1.803568912241939,0.025274567241419507,0.03404741795297585,0.1375597461215478,-0.4869113063140295,-0.017696760109675427,-0.000424054584453268,0.01635065784330042,0.4953686244986154,-0.00045035457814553587,0.24017455534309504,0.05768381703425342,0.07151979345438216,15.66791405829689,2.446848272469862,-2.199711198185725,0.007857999216780417,0.010591626442626498,0.10003663212594427,-0.3497608966409931,-0.0053423604602495295,5.791305708157333e-05,0.0052492659823769675,0.34178854009126103,0.00014947256669565584,0.22198013981582415,0.049275182472652834,0.021152448663512544,11.254192935339258,1.6084578477051341,-1.6935612587238162,0.009888719722142912,0.013338753878333194,0.09285976997504132,-0.3281409304854991,-0.006818642689904765,2.917394419691493e-05,0.006520111188428429,0.32197239752635864,0.005596756692504971,0.15952702221065393,0.02544887081539847,0.4229067361366308,8.221193201649367,1.304754,-1.046062,0.022955130149122236,0.030966,0.079009869535775,-0.26270375,-0.00991,0.005633,0.021056,0.267196,0.007913807398690655,0.18837600023779696,0.035485517465590484,0.08281261417571448,7.013868974927769,1.1078232091543967,-1.1718194021090724,0.031015862483314876,0.041859632782874454,0.09473533979701446,-0.3041876280496224,-0.012979695955856258,0.007994483019403892,0.028879936827018192,0.32642141363828625,0.00025988560958443426,0.12412814938976835,0.015407797470928648,0.018193865781890837,12.306355732511266,1.1706817436521058,-1.1576720407898808,0.007901796561237177,0.010662704042438166,0.05463080254379653,-0.18867935347965945,-0.0052995294362138045,-1.3967862100555044e-05,0.005363174606224362,0.19059263712721458,0.011188360850067879,0.2568098484195139,0.0659512982452537,-0.02669978999197855,7.123144465673789,1.523804119591128,-1.6237240963485728,0.04276152900316119,0.057729628447668706,0.12847749350033702,-0.4061813808375947,-0.016769387499782483,0.011844870465805554,0.04096024094788622,0.42953627628910224,-0.0006879858556153442,0.070761272286436,0.0050071576555951345,-0.6679982607776197,11.2576116756485,0.49410767094616975,-0.5815964751026095,0.007115731700974409,0.0095953376754422,0.03215630094208918,-0.10857683784037316,-0.004764951202170369,-5.87247452076326e-07,0.0048303864732718305,0.10988314673484653,0.0003679434704726163,0.15371910766731978,0.02362956406203705,0.024421432869130254,10.65178771258665,1.2518302442307725,-1.2263046588465376,0.008686757243252448,0.011722186710210669,0.06833337245159343,-0.2431125942261911,-0.005854440712759834,-1.529644809199356e-05,0.005867745997450835,0.2535862384327484,8.95915433317917e-05,0.08473905499100386,0.007180707440768375,0.33675212424875695,14.635141522674076,0.8609116682022276,-0.6679548196325251,0.006749167741129741,0.009114009935057185,0.03611669418686689,-0.12026298104670373,-0.004655164561481582,-6.91373534584246e-05,0.004458845373575603,0.12031510666038228,0.00010286430567962392,1.1059195706076328,1.2230580966529707,0.00021691991568477279,2.1131142645784156,3.666822,-3.655171,0.7108395640713848,0.95872725,0.7451703474627553,-2.1526224999999997,-0.47804675,-0.00040950000000000003,0.4806805,2.152971,0.00011882820806972812,1.5638850004913143,2.4457362947617183,0.0002612815620005885,2.1163144462087686,5.177083152353702,-5.176504708569394,1.0015955099271727,1.3514035078216613,1.0532960211744797,-3.039149272159137,-0.6734447244111086,0.0007123685730868129,0.6779587834105527,3.048016530071954,1.0244417645775555e-05,0.014068179970163259,0.00019791368767290273,0.2190102935454002,4.913148443124295,0.26905989520822127,-0.15938698573690646,0.013457329138910774,0.01817259127646267,0.011110070709556316,-0.02200554623185181,-0.008956680248347107,4.777242940109082e-05,0.009215911028115564,0.022265532466004847,9.132662332104276e-05,2.2109240623351845,4.888185209412714,0.00029004089500173937,2.125760407293826,7.205849976217467,-7.270276777064614,1.3814258880317551,1.8629230706679585,1.4869532757532964,-4.289705798412218,-0.9288791787667096,-0.0012337811493367268,0.9340438919012488,4.303839215900729,-5.1007370354626874e-06,0.050611222767015594,0.0025614958699724773,-0.014883609428249811,0.5566499469459631,0.39595292871756105,-0.35049228760148426,0.03930860954657738,0.052432661384922204,0.03807332261889136,-0.09011179229970859,-0.02465803019376952,-0.00027819109759084915,0.027774631191152685,0.09057237962661059,1.5226688671605253e-05,0.0054800100688142785,3.003051035430587e-05,0.9512199236990536,28.01109885478319,0.13267341302476787,-0.08590505061475778,0.004448977811919369,0.006000343689808089,0.004061413769554957,-0.008759777518916038,-0.0029673810458889743,-4.0238976199463404e-05,0.0030329626439191144,0.008705428777517343,-5.1196758911477913e-05,0.019125752137041614,0.0003657943948075518,-0.1318736517498686,1.0725133305183538,0.0505732762068313,-0.2271890559407405,0.018528317386636472,0.02498115293081126,0.015259413292339949,-0.03274384084142788,-0.01274190692875986,0.00016881740715744505,0.012239246002051401,0.03271711803572623
-6.177880658436214,7.553946889897175,57.06211361538721,0.9663356795367549,0.4066185533597233,14.5,-22.3,5.114977653844326,6.2,9.046604938271605,-16.09,-10.5,-8.95,-4.3,9.1,-8.683929628533921,10.730686172152957,115.14762572523468,0.9931352318948051,0.4228317458307749,20.46495362272695,-30.844366913957188,7.585459282641423,8.832639360887738,12.817650099119174,-22.889911621966515,-14.736470120747226,-12.925306205347797,-5.903830759859488,12.956112917122828,-0.011426753861975197,0.7320594117086305,0.5359109822711862,-4.364082702045014,41.80241144143534,2.468177178796434,-8.313302981020332,0.31742723128113265,0.42919134507671497,0.38361512124959285,-0.9779627991432925,-0.18176011763230587,0.04061170982483919,0.2474312274444091,0.8016217540237283,-12.15127640355361,15.317333435429482,234.62070357212596,1.011930944667352,0.446565336765572,28.761356396350713,-44.30118493817301,10.499535723591395,12.361285457939683,18.168072833553722,-31.645787573898282,-20.740132667689313,-18.153539340046358,-8.37884720974963,18.36250044207445,0.12142616393493194,1.1963335566625939,1.4312139787969718,7.228119788292871,65.64668028240831,13.099084626949931,-2.4900518578054385,0.270335624168232,0.3708766928325299,0.41345111877080654,-0.6967601444561752,-0.179006362909388,-0.010830974126045556,0.1918703299231419,0.7225180977024656,-0.015893832459053823,0.6668734415757452,0.44472018707907884,-1.5280885239559667,6.514190328808159,1.9913275250417277,-3.2299902994676692,0.3860026547967371,0.5200526936188086,0.4176390016258277,-1.2305456898410094,-0.22231965868214104,0.04519243020742897,0.2977330349366675,0.9223957483685903,0.10245268314141363,0.7766634583842458,0.6032061275893771,4.061447696864899,30.244016166381904,7.045313693063016,-2.1266166241026694,0.3061920785489399,0.409540807596242,0.3890558933071982,-0.57466825005405,-0.16940673320559105,0.031600653853366134,0.240134074390651,0.8613401006102159,-148.22870370370373,14.077253387243884,198.1690629286694,-0.44609892022017944,-0.338320941829354,-111.2,-193.3,14.455371630429577,19.82499999999999,148.22870370370373,-173.89000000000001,-157.225,-146.64999999999998,-137.4,-128.255,-209.53360718316029,18.93943741577996,358.70228962624583,-0.2745239273241649,-0.8358560265670052,-156.85944624486402,-254.58092773964415,20.706069842255676,29.291670582213555,209.53360718316029,-242.0746627649546,-223.72027346780052,-206.92863025548206,-194.42860288558697,-182.86383683128042,0.03679470498372025,6.074917616233017,36.904624044018234,0.10048311719168329,1.0911995860367858,20.62801179274022,-22.486500826924342,5.351792542202149,7.298723455834981,4.5713773828938296,-9.734250013663216,-3.65662495496146,-0.19149885387990118,3.642098500873521,9.725892377527382,-296.01839251664956,25.710257441475115,661.0173377069265,-0.396439316615656,-0.8089801537366732,-226.76580774532258,-353.2862335291424,30.53389006901531,45.70192922909098,296.01839251664956,-340.72897851772984,-318.0103637568551,-291.65434691777926,-272.3084345277641,-263.8214815847526,-0.06581100317635166,7.3531086077500385,54.068206197367715,-0.16595815798861693,-0.40173966841563313,15.502335055960213,-21.031922394405036,7.217275062846958,9.620557390251495,5.89335432674451,-12.75594116540481,-4.803868822494014,0.39966103418485677,4.816688567757481,12.296657360672938,0.04510996348885141,6.050669507570083,36.61060148983839,0.011427568681170494,6.003880414629913,26.95002403999561,-26.387463871034626,2.5218070649969087,3.35806478469975,3.490416769586402,-10.21618862600802,-1.6347495084567316,0.06390199662718138,1.7233152762430182,9.175190311537598,-0.5686032594775379,5.996338026204464,35.95606972450565,0.12783430125692832,0.22110310544613743,19.26449993276507,-15.951196907692403,6.332060169579718,8.282169710548178,4.782700802465012,-10.275920605460696,-4.414851036889452,-0.565274462597462,3.867318673658726,8.989277428437168,-1.9008230452674897,7.416126304463049,54.99892936374875,-0.6908477517738699,-0.3031316916521143,10.3,-28.2,7.7836616471544104,11.525,5.922839506172839,-15.9,-7.525,-0.05,4.0,7.3,-2.7100187825571194,9.95273336858944,99.0569015062337,-0.4526868559417696,-0.9302604805299888,13.735481853208954,-29.055481758207037,12.134226296579262,17.304024715476082,8.26969516198505,-19.99749927796363,-11.937306175512568,-0.0716564962855687,5.366718539963516,10.129737397631736,-0.04058541019654276,3.2417923060950806,10.50921735585726,-0.5642382142444934,2.7522235458952453,11.072090041850444,-12.87637602874899,1.815678129775718,2.4358016114958696,2.144746431981418,-6.019587008065823,-1.1214921803129632,0.1031641078759498,1.3143094311829064,5.503827223868356,-3.8892346257642583,13.620699490365261,185.52345460683648,-0.3503378310170855,-1.2344283434874466,17.413018738181776,-32.33931594119673,16.090830569051665,25.639865490412447,11.469962081566928,-26.172574298793585,-17.86825291994064,0.1757170157361767,7.771612570471804,13.944487543285208,0.150757324788469,3.28654376344299,10.801369909026013,0.761080480482236,2.9158364623348474,13.447073282626798,-10.667972182759378,2.7991144215572548,3.7205695220349755,2.3992504982391174,-4.623989670907224,-1.9262637213049314,0.13047804362342919,1.7943058007300439,5.069944370036531,-0.05821228587416935,3.2233704294414114,10.39011692539731,-0.48327015128534073,5.177264683240976,11.457099377518128,-15.524778707704497,1.3095768625463295,1.737030906518651,1.878330363131602,-6.152785477189769,-0.8289120266762324,0.01196431690865614,0.9081188798424186,5.479160764590648,0.022147098412334126,3.215911739100955,10.342088313687327,0.4674818239282775,5.169259623109475,15.900667029854498,-13.404519552759275,2.0171847295241805,2.901869269889325,2.1436747958313034,-4.079817821033732,-1.4935993818794682,-0.3138610596616663,1.408269888009857,5.22397477146903,-0.9544238683127573,4.0315156318029395,16.253118289471455,0.05023041476218696,-1.318502474242584,7.1,-7.0,5.708018541246568,7.8999999999999995,3.5990740740740743,-6.7,-5.1,-0.8500000000000001,2.8,5.244999999999993,-1.3467574578133643,5.72707059490188,32.79933759898977,0.060830541174736213,-1.315161807244645,9.982747151275115,-9.862515313761119,8.22060004012117,11.196459945900813,5.11404056274187,-9.404938679338603,-7.2512644181909325,-1.336844048950239,3.94519552770988,7.45047487704422,-0.004736257120748754,0.10027393051053467,0.010054861140031535,-9.398431834078998,149.62345650294586,0.21024632621989453,-1.6578908762245057,0.05887354176746809,0.08011325133092376,0.052491474940019905,-0.09797418564294477,-0.040664274700934394,0.002216937514958217,0.03944897662998936,0.10439154197006904,-1.9170929259004048,8.174825191267383,66.82776690777979,0.08318458380577666,-1.3080242153277246,14.011562717566266,-13.845720875639048,11.776074045740664,15.977459026551962,7.307736786614546,-13.291337764401124,-10.471725949872816,-2.1495272883423384,5.505733076679147,10.730433439311417,0.008757805853012052,0.20401252126596703,0.041621108833296644,8.880086843440496,112.79614437746976,2.6567982803046597,-0.5966640065289632,0.07864808937507366,0.10899065421682395,0.08634843244111182,-0.13043864891312598,-0.06278514490968126,-0.003907755913803879,0.04620550930714269,0.13983779801087295,-0.007030409559784661,0.08662747497596686,0.007504319420711764,-4.030832862677002,31.060746752971227,0.18077593922470495,-0.7599277794365372,0.06195035562842973,0.08237871376610406,0.05420039971881164,-0.10554057342179907,-0.04487789096209883,-0.0004154662600080323,0.03750082280400523,0.09130586484151568,0.00843786698079966,0.11108037334418833,0.012338849342284264,7.345241079627883,84.71969531403538,1.3520540601928148,-0.19219286134365052,0.05773442594087246,0.07704534669089358,0.05678792892066736,-0.10233576979370532,-0.03755688836577805,0.0005877773280621208,0.039488458325115536,0.11110322841451119,-0.17304526748971197,3.383908572701622,11.450837228403529,-1.8662790759573227,2.6202784489853066,3.6,-13.9,1.0378215529539212,2.2,2.4092592592592594,-8.445,-0.4,1.2,1.8,2.5,-0.23512499317465899,3.8396001028339426,14.742528949682423,-1.1492667396759417,0.1041397168086422,4.1185223213360205,-12.151799293218104,1.7069766730732159,5.31380545971056,3.14936274202643,-8.01392561244768,-2.838913549943045,1.6201516021565197,2.4748919097675146,3.249706512236448,-0.08874212168722506,2.83312441736482,8.02659396426875,-0.06662707313405201,2.5122332946044663,10.144871589985897,-9.512665392637693,0.5147160767015047,0.706803131057221,1.602234738063947,-5.736742776321604,-0.38910500388465485,-0.0052045472302225185,0.3176981271725662,5.669248806161295,-0.2994743879337931,5.122284531083931,26.23779881738173,-1.0600127294414308,-0.2510625767456913,5.723744325012364,-14.626543994635284,1.6170104694639584,7.67689886497123,4.342602333912539,-10.985201111414792,-4.307728647039851,2.5706801738129266,3.369170217931379,4.303930425252543,0.16864644010695468,1.6981916232204906,2.8838547891762447,0.749438475096444,3.7383762817202237,7.336833614461207,-5.160900998721829,0.8102712684795449,1.049390488960372,1.0633463135262053,-2.362209792186337,-0.4604748381037066,0.018900201004286864,0.5889156508566653,3.375319886756224,-0.12306177290214838,3.1552095332376964,9.955347198634042,-0.45738662790426765,5.806495085019314,12.718563230876061,-12.975534948475628,0.22854266281221736,0.3049868505896627,1.4906484284202628,-5.077997977907281,-0.15924146197339045,-0.0059378038921355444,0.14574538861627223,4.701016070586447,-0.14881116944577696,2.4186283341037744,5.849763018529599,-0.43034706530197336,3.569464389031782,7.887026554106135,-9.925153838765528,0.6023198686179781,0.8057498834171282,1.3437821672037027,-5.192444844824089,-0.42266183286123266,0.0054031823296717355,0.3830880505558955,4.575988603525218,3.03559670781893,3.4003825060057076,11.562601187149655,-1.5669194891688858,1.5380851597501017,6.6,-8.0,1.3343419966550423,3.7,4.196502057613169,-5.345,1.5,4.6,5.2,5.9,4.302941575529474,4.780951618380217,22.857498377292416,-1.5334104819095995,1.4078284287225973,9.52010293506741,-11.069806581339236,1.7839905335595332,5.2684258382200415,5.927005032530526,-7.2686332598763075,2.1664544674521835,6.5898678474001215,7.434880305672225,8.40811182990281,-0.046463126920935655,0.4135737396545868,0.17104323813187997,-8.120857690593505,76.13445112781267,0.5703906146064321,-4.452759946291124,0.1040201353742619,0.1374966625324915,0.1433675563615927,-0.2717511418713156,-0.08165932838532369,-0.00376500681602826,0.055837334147167794,0.22930527328331055,6.125192071370575,6.677900869223353,44.59436001917401,-1.58626260845324,1.6749445082270205,13.97440306910181,-16.392021116955544,2.4179082052631458,7.070682263015506,8.330648433099446,-10.293344271603212,3.3839325336811936,9.302084644588817,10.4546147966967,11.815699351596594,0.08104717892264793,0.8535657876438892,0.728574553836133,5.794037721386337,38.053635094166715,6.512016980260162,-1.2803515167103978,0.1698334897765036,0.21993794957649743,0.3018904669367153,-0.47246846082550503,-0.09956674939912727,-0.0020777754240774993,0.12037120017737017,0.3977265051171634,-0.06439738184642328,0.3260068149980404,0.10628044342516656,-3.8071063488241346,15.965539712645043,0.42447482630541816,-1.7945359352439065,0.10236804827633926,0.13972045822001278,0.1503456186337421,-0.28930630961004355,-0.08178955884765726,-0.005572372262402585,0.0579308993723555,0.22869429813956874,0.055902029785369144,0.4774759999883209,0.22798333056484704,5.8385886627977275,37.86367444707706,3.7020248641297355,-0.5609964217266327,0.1447678514208774,0.19294911872393575,0.18454680158357623,-0.27793844833340103,-0.10128536163844508,0.0017024807390327516,0.09166375708549067,0.2995343774314226,-0.0018047704083100741,0.2723331143275801,0.07416532515935881,-0.54420773041005,4.995680509866359,1.273212,-1.72859,0.06590759902144804,0.088909,0.1483060463269358,-0.505618,-0.044968,0.000616,0.043941,0.502035,-0.0025541439191498825,0.36967440304996246,0.13665916427034608,-0.4860703512213485,4.7122346784726945,1.7634456543222674,-2.2289658618615467,0.0930001089139976,0.12550238040952924,0.20393711449117402,-0.6908170648137708,-0.06358165934611221,0.0013126031390978347,0.06192072106341703,0.6916545154180478,-7.571171251109511e-05,0.10797564105848567,0.011658739061990936,0.02957496682833797,9.205822334729474,0.7802285854056694,-0.8526531632151791,0.007738768443435127,0.010446421711522068,0.048742089178527744,-0.17602811508732444,-0.005163597235252412,3.222997385058648e-05,0.005282824476269657,0.1746592102159652,-0.0036175083878863686,0.514934341247731,0.26515737579623466,-0.47510278789977706,4.600963566309342,2.54173754587984,-2.9197405081132985,0.13162041631917049,0.17769482689658267,0.2855518721323671,-0.9792868612631072,-0.0904310140100253,0.0006348752951191271,0.08726381288655737,0.9683630215967052,0.0007673423211196729,0.09007456863076833,0.008113427914018995,-0.08369077773024108,8.484723657255644,0.5573573349101933,-0.6425488962943878,0.007863807428918002,0.010608768246737905,0.04127403023713407,-0.14036287672627948,-0.005317544873410334,-9.237667956349849e-05,0.005291223373327571,0.15527733568137037,-0.0001067571237816976,0.08080013197548327,0.006528661327255515,-0.0062821117856629236,9.8129092053106,0.6424414814497665,-0.556541377988194,0.007618747811138244,0.010283121432546035,0.03693613515979103,-0.13032489442265519,-0.005063646652686168,7.409304472085447e-05,0.005219474779859867,0.1278091998463208,0.0011569863763027154,0.1295510337000601,0.01678347033275411,-0.1105945146263368,8.338829406718942,0.8702400938032719,-0.8769952057632386,0.007789865186437458,0.010513579730199153,0.0581222443169476,-0.2119500581563174,-0.00508789498896969,0.00013674817225415583,0.005425684741229464,0.21643093482093795,0.004348759013610337,0.4570463384231716,0.20889135546602833,0.7192864068586338,4.899397365562322,2.668327,-2.273821,0.09211111063131604,0.12407699999999999,0.24317761281040484,-0.820639,-0.060273,-0.00187,0.063804,0.90892,0.006151331476703458,0.6166088756335548,0.3802065055100766,0.6725824480993912,4.458033060329902,3.461134423286928,-2.902086585815107,0.13007574011947481,0.17520763419205915,0.33251718852677103,-1.1118814280643836,-0.08545112917296807,-0.0031530927352402005,0.08975650501909108,1.2744167236788921,-0.0010271480473046377,0.19375154370837983,0.037539660689380215,0.1576525894245187,11.892799789779643,1.747216381831017,-1.8764177261111847,0.009006269795651492,0.012162859634140214,0.08381000282413135,-0.2922091702076805,-0.006234605129871177,-8.291127640670283e-05,0.005928254504269037,0.2872507915377806,0.008703220406990708,0.831085991527385,0.6907039253130567,0.6596182570087783,4.083041577269997,4.291015090316844,-3.9601182950190257,0.18256906282576346,0.24518626358747142,0.4536788596609061,-1.4958694212415828,-0.11930476431809066,-0.006131153837124845,0.12588149926938078,1.7533851136094207,0.0002179699029566327,0.2637800336687796,0.0695799061623025,-0.20005756413058018,10.246147320115819,1.807464589528054,-2.5837992874798865,0.02513564511058884,0.033897552147208465,0.12151138933949238,-0.4139926084252765,-0.01724187551603409,-0.0001222222424266204,0.016655676631174378,0.4522595819385883,-0.0014518312404206723,0.21434433532356223,0.045943494085299685,0.4399731703177194,14.275515847436228,2.460733634742336,-2.1820502250568987,0.007819215067903663,0.010569820126881738,0.09194271114750216,-0.3355892588827229,-0.0054926328172505146,-0.0001196022291047101,0.005077187309631225,0.32479940689771175,0.002275240082224935,0.17063914588448068,0.02911771810818508,-0.04411957828620367,9.04834632404961,1.2066106323499044,-1.234583805895313,0.009889211908536718,0.013329864612839283,0.0753246170127213,-0.26954689164517787,-0.006478712991404297,-1.319997771239643e-05,0.006851151621434985,0.27612413820409265,0.004995570411187524,0.1447019456579764,0.020938653077203953,0.2360402629464181,7.60226505952887,1.030052,-0.906957,0.02116266406694896,0.028666999999999998,0.07170652612724081,-0.239978,-0.009184,0.004787,0.019483,0.247858,0.007066019505828637,0.16661818138513435,0.027761618368089533,0.05948026948898742,7.685528368365144,1.050858760388278,-1.0615478146203612,0.028589643688897937,0.038636703197643646,0.08381348736003158,-0.26876606801130976,-0.011853210185195265,0.006827712916132612,0.026783493012448378,0.28583681290077645,-0.0004405766264104295,0.11879356691115166,0.014111911539474265,-0.0401537772070712,7.904211552544382,0.7876503187360251,-0.82534821881872,0.007931963507528231,0.010690258637868568,0.05462017582257248,-0.2024464715242239,-0.005407840264798092,-2.47692607393584e-05,0.005282418373070476,0.19966348937049058,0.009996553445099128,0.2272620973314255,0.05164806088347832,-0.002290109459008952,7.985193807018819,1.4657718844349636,-1.4629545216094053,0.03988075991841294,0.053806035543201486,0.11346613989142158,-0.3476585180686124,-0.01616804335267188,0.00989855748390492,0.03763799219052961,0.38219305969018763,-0.0003530595865213723,0.062173828102298434,0.003865584900894155,-0.07259310864764161,8.579528419984932,0.48899584918353023,-0.4737126355812378,0.006995173755351918,0.009460661480555695,0.029439066490588875,-0.10708179736770748,-0.004536082182267293,0.0001221397230381625,0.004924579298288403,0.1002021865639923,-0.0006230573797885125,0.15116124346521098,0.02284972152594879,0.059917750646422206,7.745977902678478,1.1106484103188778,-1.1051634186891708,0.00872966315454522,0.011787171162316326,0.0693095764717069,-0.2599863245202073,-0.006009807900374199,-8.420221805032486e-05,0.0057773632619421275,0.2553213707649055,-0.0003380620208917447,0.0732743168062157,0.005369125503417664,0.2976090607547823,11.102864228743416,0.6028583517507146,-0.5296971577932285,0.006886216913370724,0.009292174578663286,0.03243956894902429,-0.1131086183173955,-0.004755508354346873,-0.00014641044876669685,0.004536666224316413,0.10602101709972159,0.00016466920841366249,1.2351410187337768,1.525573336158712,-0.0003844282104845924,2.518053347358383,4.394326,-4.392926,0.7217982183694691,0.974091,0.8089393467902052,-2.346186,-0.485576,0.000348,0.488515,2.3524962499999997,0.0002441549146966028,1.7466350647167108,3.0507340492979487,-0.0003984423511326476,2.521586211046924,6.180335220052301,-6.200846551126218,1.0189402440811564,1.3744892307557373,1.1434535858347141,-3.302942213702048,-0.6859074971242071,0.0007964474265810713,0.6885817336315301,3.3391546857362675,5.371424191377232e-06,0.01407418375673218,0.00019808264841826394,0.07869834319045999,0.9626158724658027,0.19311315368560109,-0.06312913047336169,0.013345805403809361,0.018024233672755546,0.011158074935457743,-0.022058621172609094,-0.008880514794178382,-0.00021618574442287472,0.009143718878577166,0.02221734082193017,0.00037924134077812224,2.469350897651071,6.097693855730151,-0.0004353766273309099,2.530977637807589,8.687081687019186,-8.705701190845987,1.4071816653407547,1.8973612397159116,1.614223220406759,-4.670818699674355,-0.9474248997194943,-0.0016736054440579969,0.9499363399964174,4.705606988334158,1.5271250517059215e-05,0.05402957497517228,0.002919194971997763,-0.015599671106925221,0.30083980316444636,0.18987537741821608,-0.19141422772388433,0.04312206615746959,0.05838256594429624,0.04066678679613157,-0.09562949973645798,-0.027698810144308514,0.00012613143548084738,0.03068375579998773,0.09672954494982194,7.71813603459385e-06,0.005695932513525044,3.2443647198631724e-05,0.1196849690069424,2.799425463939219,0.0615893796343229,-0.05781347296144342,0.005033044326443673,0.006793860324112793,0.004399666664042767,-0.009387117464514304,-0.003358746605147971,3.389224304517469e-06,0.0034351137189648218,0.009417549828752403,-2.794760073152485e-06,0.019070076404378394,0.0003636678140688295,-0.04378187659149672,0.0581529134168397,0.048078709553926784,-0.17732811836684748,0.018203614856352832,0.02469831244748352,0.01525416720518002,-0.03251109265752986,-0.01251622407167737,0.0003758294469865969,0.012182088375806149,0.03246469221463995
-6.085656154628688,7.803233004483377,60.890445322258664,0.9901946805391547,0.15444960214727965,14.2,-21.9,5.485628208470729,6.6000000000000005,9.221566632756867,-15.790000000000001,-10.9,-9.3,-4.3,9.5,-8.572227656155114,11.067371066588679,122.48670232556422,1.0050473376114646,0.17163940038537762,19.969848563968757,-31.195260955208227,8.24317020530077,9.22443621755474,13.056297076890168,-22.080823434352503,-15.298958815365298,-13.392137046642006,-6.074522597810558,13.358055543918697,0.07425445081029323,0.8658642012760456,0.7497208150514044,6.073056725278009,67.6895182674423,11.446968706856275,-2.319969425631524,0.3377864136292759,0.4537143683673435,0.4116271160670711,-0.8528733686164306,-0.22067249693516527,0.000959532561052967,0.23304187143217825,0.9699168240863626,-12.027934190941375,15.783495450903848,249.11872864870247,1.0373055456398568,0.18897652423011335,28.07976718987031,-42.689802968542516,11.674762006689036,13.143457982086488,18.526905302399026,-31.15779516596691,-21.6416749381686,-18.879311634771284,-8.49821695608211,18.89404351530604,0.07815912069749956,1.262285071508273,1.5933636017526458,4.784286404529802,49.58697999069851,12.929511894540445,-6.40629513663161,0.3171215748447881,0.4440803686386249,0.4713497288154649,-0.594206603092718,-0.21930093724745817,0.03987884954394472,0.22477943139116668,0.6831255166581494,0.10344682763840433,0.658268541831788,0.4333174731653484,2.404010397269064,13.580214253728666,4.8036386687180865,-2.3606013679451436,0.28328847201665597,0.3880987781139334,0.3724651327202929,-0.5208185399254822,-0.1759172656406927,0.02713295153444907,0.21218151247324069,1.313467136509957,-0.12455988051167514,1.0154087087225327,1.0310548457495614,-5.3303248061952475,46.71113646372642,3.251403768019201,-10.477899472679937,0.3072198313357938,0.41379868039975853,0.4533591007688224,-1.070473665263782,-0.22516166992926753,-0.014299341935217365,0.18863701047049103,0.7565084692716173,-148.10793489318414,13.969913104028711,195.1584721341131,-0.42164903989561303,-0.3709509552055881,-110.8,-190.0,14.677761963205468,19.80000000000001,148.10793489318414,-173.99,-157.35000000000002,-146.9,-137.55,-128.51,-209.3370068172026,18.826508531901162,354.4374235017472,-0.2781204053059153,-0.7826699986250487,-155.27937922180575,-251.43664536659998,19.984745103979414,28.31162208414193,209.3370068172026,-242.9384112826962,-223.09365431129382,-207.39972244777292,-194.7820322271519,-183.02562842383446,-0.497833147127362,5.923359242525626,35.086184716013754,-0.5546022347009512,1.3411684501017485,17.30435579936969,-22.742033161397206,5.37735851653857,7.174967772970237,4.465732918970607,-11.090862116958512,-3.908436281981462,-0.14785324713179904,3.2665314909887746,7.769905371605956,-295.7110036577452,25.608775229525367,655.809368756352,-0.3946736589726821,-0.8163426884709097,-239.44901726972267,-349.885936646799,32.29207939716039,43.71351031534351,295.7110036577452,-341.4987854134332,-315.23183150814555,-292.82782253662094,-271.51832119280203,-263.46743543532375,-0.9493476557463034,7.153410812224292,51.17128624844741,0.06196223925436704,-0.5346630452564018,17.298563148293773,-18.276398656210652,8.042936854805621,10.812158186299424,5.959366223754656,-12.163841894948094,-6.358479382416684,-0.9264843298890924,4.453678803882739,10.236151309189733,-0.6894059992283386,5.450498661890121,29.707935663266,-1.206100823149511,6.091999490207671,19.766974932775703,-27.87419406103269,3.318331884136829,4.573408065031318,3.49293782317538,-9.294750829633351,-2.6336943802608377,-0.07643071563464839,1.93971368477048,5.279529343268282,0.08385839644343202,6.286475370388313,39.519772582498874,-0.08471286558952439,0.5775977096371188,18.79392946134953,-24.864555878470068,6.396354715256575,8.597155278155853,4.9821839841386195,-9.596656704018141,-4.104952413799198,0.14120181244301216,4.4922028643566545,10.364097281469075,-1.5627670396744657,7.2158042095311155,52.06783039028697,-0.7269968835438014,-0.07444095082423186,10.7,-31.0,7.116490648826891,10.65,5.737741607324516,-15.19,-6.75,0.1,3.9,7.889999999999998,-2.2349808732607968,9.649732702627787,93.11734123216416,-0.4675402462201271,-0.7578833826414617,14.122423706842884,-35.57782331587898,10.63001353307798,16.09175192456062,8.010704679467581,-18.808656078506303,-10.64699051257545,0.23824064438549974,5.4447614119851675,10.618197115495374,-0.23543653153330293,3.240661686077613,10.5018881636114,-0.2716576630962034,3.030327706133246,12.568211551204039,-12.28602594054986,1.7820449943399892,2.4058747835808667,2.1204691095874497,-5.989760213168619,-1.3562886184216534,-0.1442274750195367,1.0495861651592135,5.399656070429246,-3.2307891881938735,13.091701841912169,171.39265711752648,-0.32697794779699196,-1.217559152973277,16.581976517460358,-30.97745619115208,16.23171423515922,24.100375645953573,11.126647739354825,-23.862303677268166,-16.30521842295761,0.49372544121071094,7.7951572229959645,14.30322663024769,-0.5185920563649938,3.6164286846006917,13.07855643080269,-0.9156578380445353,3.428316476510968,8.329223969608863,-19.392899297498765,3.189480665049932,4.242036577221444,2.7041998732938164,-6.206457766744645,-2.4398368797090875,-0.2903678425593056,1.8021996975123562,4.985281496365746,-0.3340205463366405,3.1668878701953163,10.029178782390225,-0.6661966603797103,3.7177128657389362,12.162281898354237,-12.428975625535719,1.6279420859052003,2.172062299617841,2.00364645583784,-6.172214525978433,-1.327125856388636,-0.1410335026685617,0.8449364432292051,4.332147153725658,0.13965462854839583,3.266070483937562,10.66721640604814,0.31712854606059865,5.866586231768467,15.324293219439642,-13.503912090349726,1.9179426959113548,2.542611953640555,2.038670634994514,-4.169421928854977,-1.0955839292883405,-0.053388907604015975,1.4470280243522144,5.119210440183641,-0.9153611393692777,4.154417429413953,17.259184177818437,0.05166291916644466,-1.3436585081910581,7.1,-7.1,5.930408874022408,8.2,3.695625635808749,-6.6,-5.3,-0.7,2.9,5.5,-1.2992874303573088,5.900449970399717,34.81530985319002,0.06277339214640139,-1.3416577418696365,10.022587063680632,-9.91654697001675,8.43701116552128,11.703192941455448,5.253590971670153,-9.370348740195002,-7.55917158412301,-1.0240315548985914,4.144021357332439,7.903459763660162,0.005127803768632193,0.12074595521488593,0.014579585700755238,12.106580743858713,213.25972119116634,2.1856974365055537,-0.3315424019820751,0.05998047520245575,0.07925924414179439,0.053869886578841154,-0.09637283272098754,-0.03926927032083333,-0.0032223100560056506,0.03998997382096106,0.0961253608387801,-1.8506783933387607,8.415071845051772,70.81343415738304,0.08388696746954205,-1.3395512233400735,14.104585843700526,-13.959450699863922,12.003263109584134,16.528531141406205,7.505358158238512,-13.208757913849393,-10.747803343800452,-1.582558739845988,5.7807277976057545,11.265080081821498,0.0026539544532104935,0.19351513604281642,0.037448107877669744,7.252762034543948,99.5430519563086,2.4268307884672455,-1.0701107524458242,0.07600792140695538,0.10533104835340573,0.07940747143895827,-0.12392618572295688,-0.05818838864792084,-0.0022176770702487802,0.047142659705484896,0.11961082628088274,0.007339999080854316,0.092271953558823,0.00851411341356159,4.212056551576582,35.50453839982138,0.9013838141998883,-0.16004271056536612,0.06098556844817582,0.08213047789617142,0.056296420378153786,-0.10056352822516557,-0.041910085807934705,-0.0011767988250483124,0.04022039208823671,0.11622568776651757,-0.01136503595278731,0.14192665972418617,0.020143176740464924,-11.056895600252961,149.53250765103627,0.13356375343822505,-1.9944037431955899,0.049690618000220274,0.06635944432626514,0.052881749531331984,-0.1028192869634397,-0.031216705523275313,-0.002471509123144767,0.035142738802989834,0.08793445761258661,-0.16083418107833167,3.4421127966045573,11.848140504548846,-2.0320284668888977,3.6121020860771074,3.9,-16.8,1.0378215529539212,2.2,2.396236012207528,-8.48,-0.4,1.2,1.8,2.5,-0.21549713566529766,3.7713365023792487,14.222979014178144,-1.083554886187062,-0.2016118466228498,4.034608681201009,-10.981916558811081,1.7917208299996397,5.427215416146478,3.116685991983717,-8.119254964018637,-2.9647836503567557,1.6468200468909426,2.462431765789722,3.287922521380981,0.270432685984208,3.0424222335246194,9.256333047044935,0.6084478882682068,3.0357786572911563,12.526965344005857,-9.350325584748234,0.5403887915603701,0.7518201358126912,1.6929067004293137,-5.2802297782775796,-0.3256514347237955,-0.008446773779231809,0.42616870108889576,6.599428974549957,-0.2714311405118088,5.079686339386501,25.803213306549825,-1.0093681309594604,-0.4183244784058182,5.51616734113801,-13.312136741078389,1.821360198655932,7.987701047465898,4.328265536489662,-10.822248954737217,-4.654491888514688,2.5720571772350667,3.3332091589512105,4.268376481050143,0.04098669018496795,1.528785429313589,2.3371848888815343,0.6993253951951589,3.593255457861,6.1565904041611015,-4.845502827688312,0.848281430789818,1.1921215581702662,0.9839430443379775,-2.3671282921925405,-0.6568574985039446,0.03836366869968602,0.5352640596663216,2.365604684541406,0.37774368387316576,3.204302742224039,10.267556063824497,0.9022058893952145,5.758475286369977,12.358863029827742,-10.882677704741436,0.2878264287172039,0.42213911820718747,1.5388686289662166,-4.033580079087345,-0.16394534922440362,0.024907337179830857,0.25819376898278384,6.090160780233871,-0.09375526211433903,2.8248637020520433,7.979854935171176,-0.7299445980057812,4.199611524220657,7.721358481373387,-11.683521960103059,0.7278801808941999,0.9200089280608206,1.5729779400808659,-5.322220838360172,-0.49863688723272814,0.0002953834756265813,0.4213720408280924,4.920245223335576,3.1975584944048827,3.136934851872078,9.840360264889696,-1.6016189782800778,1.8720577960128573,6.6,-7.3,1.334341996655041,3.3000000000000003,4.10824008138352,-4.1,1.9,4.6,5.2,5.9,4.522494529804843,4.390115557840141,19.273114611190053,-1.6153710874648857,1.996230039748358,10.174933658072112,-11.144675642715367,1.810411179982147,4.669944264059268,5.77543750435965,-5.466831479409049,2.693283939789455,6.5634501318401,7.363228203848722,8.321437599352416,0.041076358164766916,0.5174039939625384,0.26770689296838657,8.758450984506919,87.43690085627743,5.66346983132041,-1.0169051857948341,0.10922237520814046,0.13970594187979488,0.15847493667910642,-0.2504697812030417,-0.06135633615784358,0.0013955669712187313,0.0783496057219513,0.2586013713469659,6.396636305302638,6.095712005930468,37.15770485924485,-1.5789126534140738,1.9679578828572684,14.847162297089193,-15.272374596972014,2.60892918799438,6.58392032926217,8.059822628173313,-6.940674037045479,3.799368893948388,9.217008134654419,10.383289223210559,11.641743871907874,0.055804346339961536,0.9223644823026979,0.8507562382135239,3.8961038237109697,29.602089641149547,6.4283881794660305,-3.2789680894455766,0.18521262865238675,0.24591772278754837,0.3411375943499155,-0.5392185313193799,-0.11825483510844217,0.010225461865449224,0.1276628876791062,0.5344553538252348,0.0574589657980231,0.3283823792082834,0.10783498697449284,5.172481577600407,30.948241338142324,2.427212409244856,-0.28839513249061466,0.11124523296113,0.14994795378338183,0.13864705775715633,-0.16817565668754914,-0.06534900773391367,0.008628339491011572,0.08459894604946815,0.25699360377801256,-0.0991758537245413,0.6405985912440513,0.4103665551038631,-6.711092869958354,47.175739308409014,0.6842401493072948,-5.1197484913456455,0.11775500192463584,0.1625672434884973,0.19749288071504642,-0.2997354980267393,-0.10708233184097857,-0.0037277265671047666,0.055484911647518724,0.2221937605678987,-0.001723739044755204,0.2790878965744654,0.0778900540143595,-0.6129454904769647,5.135801268483444,1.430645,-1.857733,0.06731755373124686,0.090692,0.15111770065395733,-0.5284095,-0.045503,0.001507,0.045189,0.50303075,-0.0024341016625480847,0.38011525869081114,0.14448760988958229,-0.5776055519290522,4.948957393773181,1.9495721201842304,-2.385454811724292,0.09520660110678764,0.1282817256220925,0.20794467707845243,-0.7192498439237484,-0.06447487093618764,0.001797307529420299,0.06380685468590484,0.6856524672236313,0.00018148796606668596,0.10620280698350669,0.011279036211175977,-0.025073088534330313,8.514624109714717,0.7771362239303952,-0.7800737877781482,0.007889494076700289,0.010640426471660414,0.04857146790644947,-0.17549511334754664,-0.005239886398001218,8.48737139283592e-05,0.0054005400736591965,0.1743582356834382,-0.0034320565592785715,0.5289772599618103,0.2798169415567046,-0.5887435453080376,4.8612744189107016,2.683057124802445,-3.2544462805543586,0.1344320295464487,0.18093207955818041,0.29085308553963846,-1.0317204723619087,-0.09149062075317167,0.00210368845865275,0.08944145880500876,0.9710346213355594,2.2599915924054725e-05,0.09543862306508147,0.0091085307725587,-0.06499644131110123,7.623273219729917,0.6565436064713044,-0.5816511193415572,0.007991072166070451,0.010757016950780206,0.04417520422319309,-0.15681537344416918,-0.005386143792723929,-9.707581011184682e-05,0.005370873158056277,0.16371153761131732,0.0002570395592238648,0.07775058849152558,0.00604515401077855,-0.055707188733516384,10.614453080560017,0.6326616924385792,-0.5989294786290396,0.007801216862721116,0.010507868964763037,0.03555606697011586,-0.11933698432111726,-0.005207247425776929,2.3726984215130845e-06,0.005300621538986107,0.12224471778670964,0.0012993277045581484,0.12848067891433965,0.01650728485428964,0.03486449672310489,7.95589886788723,0.8221452341868949,-0.8322139171109836,0.007886249008418063,0.010630528484074888,0.058347118031406846,-0.20932300667855724,-0.005279266411793489,2.948933906708386e-05,0.005351262072281399,0.2153377217459483,0.004384778588736753,0.47847579013331726,0.22893908174370228,0.8679902135878376,5.408964614902995,2.898274,-2.312215,0.09425050563261962,0.127141,0.2520589774326336,-0.846656,-0.062136,-0.001089,0.065005,0.938678,0.006199094021771426,0.6458787172098975,0.41715931734470274,0.8570118654963162,5.115181392614835,4.000022725178437,-3.2119460982945145,0.13278492511266377,0.17860612069302678,0.3436795555186088,-1.1322186783322798,-0.08809704017406092,-0.0032820068756063804,0.09050908051896586,1.2954621385527374,6.69032988028792e-05,0.20169081172643072,0.04067918353486653,-0.1395850570039139,12.206152095343596,1.6062737775092126,-2.3692268807163877,0.009049899810324533,0.012211571981855898,0.08672822725579059,-0.299655921343237,-0.006146602414178757,-5.276937561087447e-05,0.0060649695676771405,0.3013462963523532,0.008760918682308967,0.8659382085812758,0.7498489810809491,0.8425391513959967,4.554681780167944,4.686407874679022,-3.915404907573814,0.18719089099399366,0.2513534103616413,0.46834480870537826,-1.5203473372436018,-0.1237335646049465,-0.005180366965289569,0.12761984575669483,1.8542117417454906,-0.0010423059604349832,0.2903863637743034,0.08432424026606206,-0.14474415890423567,9.036761540149403,2.0104738594543523,-2.0001760273251956,0.025261340300492582,0.03401781096813748,0.13349353386662677,-0.46625313072045144,-0.017362929186607166,-8.812707730261517e-05,0.016654881781530316,0.4910952612893415,9.421482948750957e-05,0.21908817654541457,0.04799962910199475,-0.13196519930318107,11.601881042156716,1.7684200767252274,-2.1121615493664248,0.008066756583509997,0.01087942226314114,0.09516027552929038,-0.34280844966914165,-0.005461812603280949,8.943568154156994e-06,0.005417609659860191,0.345569389805102,0.001051296408200321,0.1826017627611661,0.033343403763485185,0.06434006817563483,9.873397117164021,1.5724695420091068,-1.3561567734024507,0.009807263337687533,0.013232753247993709,0.07944852694399378,-0.28520107909358566,-0.006543008146360123,6.527173926506845e-05,0.006689745101633586,0.28648544513464536,0.004972078212127404,0.1480994668878954,0.02193345209247883,0.19859460030557993,7.735740263037144,1.180044,-1.09487,0.02062447946163143,0.027880999999999996,0.07303739622806761,-0.23572900000000002,-0.008882,0.004726,0.018999,0.25782174999999996,0.007030971455918148,0.1757018028630771,0.030871123529335603,0.1484807617837686,8.30694680902228,1.2543795767407553,-1.1392841192898022,0.027573416952160458,0.03728383086668812,0.08699374338973401,-0.2709435534930069,-0.011393537883313334,0.006674456283569787,0.025890292983374787,0.308821541121142,-0.00012425823183774844,0.1139823843820783,0.012991983949423847,-0.06768653311458776,8.763461278538884,0.7873021953518702,-1.016809527466584,0.007976465955087353,0.010742514224677525,0.0521768727094132,-0.18792925169743968,-0.005352981554484929,-4.6008690704588465e-05,0.005389532670192595,0.18422780205215328,0.009941434041818574,0.23877255085663082,0.05701233104258235,0.0720375768114656,8.609518012035943,1.5610315682725242,-1.646837740417825,0.03826707708266313,0.05159836832719819,0.11754860215766468,-0.35230161100332896,-0.015803376957942008,0.009223464225075547,0.035794991369256186,0.4141187883858558,-0.00022619220231363178,0.06869730586341975,0.004719319832892245,-0.21138586182257058,8.3990306637609,0.45163290125827854,-0.45885858227701143,0.007147993514655888,0.009638713013590313,0.032116236766676284,-0.11147726125707148,-0.0047512982460614145,4.357920503968626e-05,0.004887414767528899,0.11303913413329289,-0.0001761755897448701,0.1453054185122374,0.02111366464901647,-0.03245100803527956,8.408569770214585,0.9753183359566511,-1.2867830495727768,0.008899883122105514,0.011970144731976294,0.0664644027678509,-0.24273347502909864,-0.005910463425472964,-1.5204599098596387e-05,0.006059681306503331,0.23718627061326744,-0.0006561384875300884,0.06975191760164508,0.004865330009106684,-0.009687691577752688,9.837884951925586,0.5121409401571722,-0.5003840548875321,0.006959133981870167,0.009395072168284006,0.031951848143849645,-0.11178077746718183,-0.0047223535491726235,5.862083551877255e-06,0.004672718619111382,0.11028405870189961,0.0001501595626660449,1.250518356943219,1.563796161051968,0.0009478550290883328,2.355553874404566,4.206901,-4.216713,0.7152836642213554,0.9648125000000001,0.8179480718039297,-2.42245625,-0.48127775,0.00096,0.48353475,2.42209325,0.00015808722680865143,1.768377461227393,3.12715884537704,0.0010311283436561858,2.359036092568539,5.945140749840546,-5.9537163772051755,1.0099119030908787,1.362408997292049,1.1562241071543262,-3.42706105174171,-0.6802250781998542,0.0011310940424593815,0.6821839190921948,3.4163151217681804,-9.39897272606321e-06,0.013990830951581818,0.0001957433507157398,-1.0035449301942334,51.6650522183119,0.2649974596615766,-0.483715983116108,0.011783444286008605,0.015885834357781715,0.010465711843937617,-0.02167918963700805,-0.007925411229226091,-0.00029487744919831204,0.007960423128555626,0.021683690259353954,6.752935643757466e-05,2.50010906241917,6.250545323990461,0.0011463825265821208,2.3681903996685314,8.336006474566338,-8.326749975229115,1.3867740864376952,1.8714811293447995,1.6323131353133067,-4.820824956079938,-0.934498202423063,-0.0024905608533731423,0.9369829269217363,4.8488073867972545,-1.3662030086241469e-05,0.05312721986327625,0.0028225014904008946,-0.04891164259822352,0.8724771498405968,0.2763960020389717,-0.42338202872523356,0.043043609090677656,0.05810858037500817,0.040313752227983314,-0.09389609741345598,-0.02930594153368616,0.0006464710788835759,0.02880263884132201,0.09456193043698324,-1.3588209635294366e-05,0.006335391322687976,4.013718321159011e-05,-8.928059176026613,467.24604625035687,0.10797205494310907,-0.31809255390975705,0.004598142138474774,0.006208695827045859,0.00418817890971581,-0.009088336039559513,-0.0031222729419554296,-4.9060978578802736e-06,0.00308642288509043,0.009153439178783893,-9.684413157684736e-05,0.018746966421964002,0.0003514487500262458,-0.5576784865643912,7.292298273648967,0.04909496836227471,-0.3019782678292323,0.016202301333031646,0.021858722516643177,0.014401665438024942,-0.03156134004645597,-0.010958340561428727,0.0002532637705178893,0.01090038195521445,0.031812808644779776
-5.978411405295316,8.046990450939244,64.7540553175074,0.6992686616900543,0.2580569575731797,14.6,-25.0,4.818457210143207,5.8,9.130753564154785,-17.9,-10.0,-8.1,-4.2,9.6,-8.393520768216009,11.413306561195244,130.2635666598224,0.7168834176645412,0.2559101319906798,20.703471849449386,-34.97299777198564,7.158915886575875,8.029763313019895,12.90979294658076,-25.14478485158579,-14.01763143856633,-11.482625949382586,-5.987868125546434,13.501419968293167,-0.0725536066659458,0.7779567573551018,0.6052167163144647,3.646715967202393,79.53557675499171,10.503122685629059,-5.942426312412906,0.2518757937765193,0.3391498219237089,0.35051400817038747,-0.9678684469066059,-0.21741799303746215,-0.03799068283395965,0.12173182888624678,0.5608686907287944,-11.700204574131247,16.259059871607477,264.35702790851656,0.7531057019178514,0.25998465411734006,29.224146147779187,-49.225607055736944,10.075258520363713,11.558039923769362,18.274206198260064,-35.166086602258005,-19.8149476432494,-16.176180320576123,-8.256907719480038,19.39567453729832,-0.031821486039592825,1.2259360221104583,1.5029191303080143,1.5590891617576237,51.60249542714342,12.174550984119088,-7.745096384977859,0.29630964109154284,0.4063508479868353,0.42428956344954555,-0.5779137406993214,-0.20057526615363297,0.01068145033424045,0.20577558183320235,0.6174497141400356,-0.10134452978512001,0.7533074111305853,0.5674720556642646,-1.0739600176481527,14.66381820648332,4.420208054478108,-4.885217378830019,0.26422764866715953,0.35505717829375183,0.40200889910159,-1.3467628172305768,-0.21791199148648596,-0.026502265460636994,0.13714518680726587,0.6558763569540031,-0.13154082926746047,0.7819634024305059,0.6114667627406932,-8.1574094695497,91.28500609199094,1.2615331458164865,-9.745060107450776,0.25608123407927647,0.3360865551495774,0.31075452660287056,-0.6475758886090313,-0.2123033178284007,-0.03186773221639759,0.12378323732117673,0.3868110410114412,-148.2665987780041,13.924057352537005,193.87937315673986,-0.40543339267591855,-0.3393944569305418,-110.7,-186.9,13.639940410251521,18.67500000000001,148.2665987780041,-173.195,-156.775,-146.8,-138.1,-128.105,-209.57093948325658,18.676503596519506,348.811786590806,-0.21559619208271766,-0.8302893488405356,-155.77325998479841,-252.31945479911286,21.703266135774854,28.755311176884533,209.57093948325658,-240.2638232461207,-224.0467197540245,-207.5130729220046,-195.29140857713998,-182.79656652159235,0.6236245141079574,6.211936042706425,38.58814939867516,0.3625777013440198,1.1330237126267528,21.803209304905266,-17.76429083124055,5.263340924484524,7.143292869864206,4.664914455835908,-8.388983019596697,-3.3275633570324223,0.590940127244421,3.8157295128317843,12.873826542123767,-296.07525352401257,25.29386362902819,639.7795372838751,-0.3514415654797706,-0.9074225355866226,-241.92054946880967,-352.01688459757827,32.3822473695467,43.991679590566775,296.07525352401257,-339.7317821017543,-315.5547227760555,-292.3613906060407,-271.5630431854887,-264.2781977087217,-0.020706276993614964,7.65706473944402,58.63064042403692,-0.08989117899858123,-0.15986958105962712,19.25463674674308,-20.210553299606886,7.1573072469667505,9.494535586303193,5.931333642048265,-14.060696209905306,-4.5131329924714905,0.005187889795109868,4.981402593831704,12.281896955926227,0.8765291989686227,6.954695987558065,48.36779627935624,0.8130682771943493,4.794514180292408,29.100586594978473,-23.963266956194335,2.2521638089945695,3.081742484301831,3.9355470566501594,-7.745201142393534,-1.3347612929924915,0.16931731119057744,1.7469811913093392,15.593854693111682,-0.035091556596006254,5.2821860945794175,27.901489937768154,0.04969147560152466,-0.47502235464549125,14.057159265584334,-11.673607555452467,5.640569137832252,7.452766196770647,4.360893959621705,-8.949880921975511,-3.822148369465768,0.22764446984520248,3.6306178273048793,8.548762527225163,-1.8941955193482687,7.680100779160744,58.983947978065466,-0.9020385531085694,0.7743813014672147,11.6,-38.2,7.709531536229129,11.4,6.030651731160895,-16.2,-7.4,-0.1,4.0,7.9,-2.7014184486710677,10.21605821307553,104.367845412948,-0.5750757451679294,-0.38579322899836344,14.207074409415654,-37.8670017790136,11.201977277319267,17.2743893332311,8.379440745014882,-19.28156410371925,-11.752485412155163,0.06692213635785195,5.5219039210759355,10.867942992849352,0.28846830435228354,3.604202993453796,12.990279218021305,-0.036084161933396315,5.112191482888607,15.827463741365523,-21.297653603699988,1.9734244349975771,2.603595809717798,2.2797857249550058,-4.5835758276972,-1.2155457205811608,0.11887847464165147,1.388050089136637,7.468516776290965,-3.884425580924494,13.624323192485152,185.6221824532888,-0.31557292845025675,-1.2459841007831967,16.40968140178,-32.79566809247407,17.035073035338662,25.38431641989372,11.563146813032322,-25.464883609687828,-17.140779052797747,0.370243639981057,8.243537367095973,14.197308166830343,0.02630149729791151,4.627666476087763,21.41529701390653,-1.0456998586601716,24.347488379388942,26.68381332443692,-37.498183710090736,2.990823690992325,4.086511915304105,2.718476234727622,-4.796032282374546,-1.8754994501021869,0.10711162291050613,2.211012465201918,4.804523657318506,0.4047516303662241,3.8972823940964747,15.188810059334351,0.5762163889897755,3.285340545927605,14.791517900628302,-13.702452476490988,1.4758201344868427,1.908838185777101,2.3428366532859317,-5.616666148248386,-0.8116523510964077,0.01650189647431989,1.0971858346806933,8.937686394873294,-0.037150714792985595,3.238158448333236,10.485670136511912,0.21490072785542508,7.409352563952398,15.735981740352587,-16.145154545919176,2.1006973014243044,2.8001916866044025,2.044855558546599,-4.231086378019091,-1.4151853374551884,-0.0326001904287381,1.3850063491492144,3.963975261532585,-0.919450101832994,4.200450769023342,17.643786662988788,0.04810699269675596,-1.3261412396348575,7.1,-7.1,5.930408874022408,8.2,3.706415478615071,-6.8,-5.3,-0.7,2.9,5.694999999999993,-1.2974852161467234,5.961994559199347,35.545379123922615,0.057431757466003645,-1.3230553465185464,10.022587063680632,-10.1060542568391,8.378775667683682,11.691114849006606,5.266191498782206,-9.554764406201521,-7.568497871712272,-0.940713732932131,4.122616977294335,8.036999385621447,0.006351274192877205,0.16812404785319432,0.028265695466543173,14.604980530436887,280.38451624347834,3.2540189831900155,-0.6402935493597202,0.05929559274013879,0.07792138167844306,0.05823394350831873,-0.10411627257946852,-0.037705234425914044,-0.0014151245332414616,0.040216147252529026,0.10098188786745108,-1.827008044507428,8.493166807403774,72.13388241838521,0.076313046896748,-1.3208326778881956,14.104585843700526,-14.12489755703438,12.09156280811909,16.5242038393164,7.51708959967718,-13.415795231145779,-10.650354831610667,-1.3272399459900153,5.873849007705734,11.74055161773269,0.012620880367097196,0.282932079421814,0.08005056156595164,7.897777553096411,122.37829191743263,3.7212119587299304,-1.8086547329264984,0.07492560887000463,0.10097195763314389,0.09043398098170284,-0.11663317668317735,-0.0429403262119076,0.007210564001539008,0.05803163142123628,0.11964238548756824,0.008707767725907655,0.11893046168950516,0.014144454717678856,6.448455437831528,71.8749319556032,1.3882271833200825,-0.37936201113174167,0.059550814439547996,0.08073595157832739,0.06070285741803951,-0.11568635656666297,-0.03748834795324428,0.005884070982734862,0.04324760362508311,0.1031066856126624,-0.02191986679991433,0.20313626782237348,0.041264343304803046,-12.502420612926732,177.88275966453378,0.15095922340578882,-2.9825879608187558,0.06233736076023744,0.0843197406314217,0.06521390996982802,-0.10810594390164179,-0.051080492454754184,-0.008489098598603695,0.03323924817666751,0.09750909425438405,-0.3338085539714868,3.5001218419304494,12.250852908358603,-1.8889533922004584,2.8307525205585327,3.2,-16.4,1.1860817748044812,2.6,2.433808553971487,-9.094999999999999,-0.9,1.1,1.7,2.4,-0.4611576751844308,4.01475276699749,16.118239780114006,-1.124267399207564,0.008369084143879935,3.9912228119926803,-13.178489450989707,1.7774578254193247,5.6183335351245045,3.25330691933846,-8.347180183250861,-3.216892597205052,1.4997555671486236,2.401440937919453,3.2358733717743586,-0.1384712577074674,2.869987352035196,8.236827400841998,-0.06523214779225942,2.8906038514141494,12.788324835656733,-9.360226716801646,0.4971416448586387,0.6750657077852351,1.603605915538883,-6.401009066171136,-0.370873819329663,-0.0036247628140284073,0.30419188845557216,5.164829245464782,-0.6219343557321286,5.383086642550004,28.97762180120027,-0.9955939978187138,-0.5255299370630517,5.010284980507528,-13.488378162529981,2.0080264966165657,7.924882343830779,4.498677052234117,-11.370042163084557,-4.6957037457519,2.368446382346564,3.2291785980788794,4.234220876370886,-0.016586845994793792,1.718619065081439,2.9536514908613993,-1.0476625215650555,10.441993277422664,7.884638558615063,-10.38045839600439,0.7871479640225396,1.0251480997611262,0.9696597675609206,-1.7274820148750385,-0.5382926760401744,0.010454891521847337,0.48685542372095175,2.005708860070869,-0.19322376049720202,3.2257095673925362,10.405202213167742,-0.6412587905770079,5.0169133615627075,11.13240881680138,-12.236368881552814,0.23451180939024563,0.31487194401313234,1.5229170600488546,-6.646506100155648,-0.17355360731738778,0.0019291322838639094,0.1413183366957446,5.251555682210514,-0.1375281061705093,2.4191941347661903,5.852500261687136,-0.45241469290920056,6.662592205322484,10.710743680190234,-12.600480238212853,0.5568778292328654,0.7500048240483517,1.2559879652641843,-4.9565520291665255,-0.38311281845422307,-0.009205462367101461,0.3668920055941286,3.3828140336754036,3.3356415478615076,2.9352816485368343,8.615878356237117,-1.4942632154478845,1.5316208740899748,6.5,-6.8,1.334341996655041,3.4749999999999996,4.0610997963340125,-3.7,1.825,4.7,5.3,6.0,4.719337614278261,4.116051549844176,16.941880360974643,-1.456643382977539,1.4156864890243694,10.21542878060494,-9.646113680168492,1.815303700461449,4.804814626340985,5.720059607729938,-5.061472277213056,2.6599708104682116,6.616133315405024,7.464785436809196,8.447108881143707,-0.011034065721096721,0.45222430226819316,0.20450681956195413,-0.3588246840900007,90.07422995996588,5.629199478412396,-4.527531613577884,0.12000298613314121,0.16186680378646573,0.15464656088097448,-0.2809493597619396,-0.07617680215582787,0.0010145383382869633,0.08569000163063788,0.2566050483854613,6.67973266083826,5.727453324229787,32.80372158123084,-1.3837038321948418,1.2249780843365716,14.61098087068088,-12.947272516017398,2.491856682061405,6.875000810914457,8.014996631414263,-6.172642119642716,3.6107822738113353,9.297670762842621,10.485783084725792,11.840334646943678,-0.0453684411870629,0.8645691544656099,0.7474798228533795,-2.48361820923624,39.70191106283854,6.414506922198705,-6.822524741152139,0.1852827156295494,0.24772760546375636,0.3018149736417822,-0.4917074905804065,-0.09719467036957563,-0.0016753423430652392,0.15053293509418073,0.38185278035375647,-0.015184611634302002,0.4358067672047063,0.18992753834141707,-5.020114730820029,47.3609962442913,2.386654731747379,-3.7569386753476723,0.12105273689342143,0.16190503813922455,0.15852601005945913,-0.21859253812391147,-0.07199134577229434,-0.0007809906567999517,0.08991369236693021,0.25832435184374003,-0.053230052864846375,0.45987154294976196,0.21148183601499476,-6.642335882745536,60.94557141349276,0.490886915420498,-5.11010401595549,0.1561511401623454,0.21033434625113012,0.19167920792842005,-0.30798609532976834,-0.10509574010250722,-0.007308425913548166,0.10523860614862289,0.31315856945712345,-0.0015829439961686938,0.2944996180851399,0.08673002505229326,-0.6610551666944455,5.141328918006964,1.273628,-1.840498,0.06784684272325335,0.091583,0.15967690550895425,-0.5535640000000001,-0.045978,0.001567,0.045605,0.5330282500000001,-0.002237928115988587,0.40002678441675027,0.1600214282508052,-0.5761375005947343,4.891355455558201,1.615334804301158,-2.3043844307801136,0.0955880485547899,0.12902313241412589,0.21870717210422624,-0.7544427326892507,-0.06489766438973268,0.0021929867673305126,0.06412546802439319,0.7307711664662533,-8.221114121797082e-05,0.11586190954679886,0.0134239820838306,-0.016723930329027883,12.365690940797297,1.0675293329667597,-1.2592783284955085,0.007947901714908051,0.010724529135891267,0.05056500967453809,-0.17182543965422756,-0.005392637554820847,-7.0782669883058015e-06,0.005331891581070421,0.17843894726919435,-0.0031628767945029905,0.5569885551592763,0.3102362505784181,-0.5568511807102,4.87251567824745,2.2524838545800785,-3.196080342827911,0.13539345888312107,0.18265305631089035,0.3056084161059872,-1.051667406579213,-0.09192193556791597,0.0032869653894081275,0.09073112074297437,1.0104737414426719,-0.0004876352441338916,0.09875444846658825,0.009752441091940034,-0.17864623723634251,9.66076186491117,0.6550628619339234,-0.6706588510738959,0.008001067834335992,0.010787437485960883,0.0442395150329588,-0.1494721754775159,-0.005503790415347523,-0.00017074942688669438,0.00528364707061336,0.15313525059717498,-0.00011631189777169899,0.0802676207360061,0.0064428909386193165,0.15351804369041447,12.36079073447575,0.7743812177145009,-0.6437753522768435,0.007877343154653412,0.01061975958199498,0.03590549389936996,-0.12254762140062445,-0.005307141006339564,-2.743058802193304e-05,0.0053126185756554156,0.11817688795347628,0.00046134709695669454,0.14282928623065588,0.020400205005158625,0.11212846118405166,10.702077200341796,1.326377253479697,-1.0797755475714874,0.007958675791785507,0.010723974243801258,0.06252173111633436,-0.22196906066692612,-0.005276799244210503,3.3551881105619094e-05,0.005447174999590756,0.2132641256013821,0.004492942370765971,0.4938805446762855,0.24391799240974443,0.8216229771564331,5.107890085332443,2.995192,-2.515725,0.09433797916351144,0.127021,0.26081437908164745,-0.840903,-0.063938,-0.002351,0.063083,1.007491,0.006357232003669575,0.6675611470483037,0.4456378850484469,0.7917675374351083,5.077731065351513,3.8463606359249423,-3.403012397964621,0.1331506576398414,0.17912759711866427,0.3542190534510469,-1.1250642723256412,-0.09081101353843869,-0.004341856841865082,0.0883165835802256,1.374423125874685,-0.0011750856621872052,0.20531620357258307,0.04215474344945837,0.03664592027677742,11.251293358260277,1.8202205541747654,-1.6799558574898532,0.008998470293116345,0.012139433198538009,0.08922136810672895,-0.3189263747289245,-0.0061893289105587525,-0.00010759035679132854,0.005950104287979256,0.31883838561368205,0.009000131272693597,0.8978380923867232,0.80611324014063,0.7724475162420511,4.5877921885118775,4.542789799876098,-4.390231697505837,0.18702677873703585,0.25185470651687303,0.4840127608146034,-1.5196412119610812,-0.1270009020246989,-0.007691670209701506,0.12485380449217415,1.953799331765357,-0.0006703246832554713,0.29156293654100224,0.0850089459644125,0.29309511660827314,7.876867424858908,1.847966724650292,-1.7873998015210903,0.026102569197382925,0.03521942075278605,0.13770949681700242,-0.4812787223416649,-0.018357034905414682,-0.0003626898587196009,0.016862385847371368,0.5069142416065473,-0.001661780406634062,0.20719137095706083,0.042928264199066396,-0.21567085149219775,9.678976366885706,1.7328494495301858,-1.5281523880336385,0.008145764375691762,0.010973921205847913,0.09080286641340848,-0.3209933831184951,-0.005498736032486613,5.071356006639097e-05,0.0054751851733613,0.320975869972862,-0.00027254693142821556,0.20338752870001808,0.041366486830700676,-0.303674501383804,11.61232684774469,1.4191074014941363,-1.6579544059650027,0.009799168736147548,0.01320843923030924,0.08605300803797913,-0.30436498811228396,-0.006394246562937226,0.00013654246970540095,0.006814192667372013,0.2954783581982229,0.005088987664354338,0.14869463864002536,0.022110095560287722,0.3461438399417414,7.645416340287236,1.183793,-1.106422,0.021878760938487167,0.029636000000000003,0.07441451760369198,-0.237846,-0.009487,0.004605,0.020149,0.256128,0.007199585238272737,0.17534679725245644,0.03074649930669407,0.1590174474395395,6.817786482560823,1.0533041108986523,-1.0434390821203274,0.029357227897836236,0.03979502351525798,0.08862175326077534,-0.27376000118675553,-0.012150693816643588,0.006455530497532034,0.02764432969861439,0.306609814645067,-0.0007408832751699151,0.11605770216402697,0.01346939023159399,-0.1917416894367626,10.341380507500173,0.9737973218668835,-1.0557257964382574,0.008049343522496739,0.010860823881937876,0.05228586014498373,-0.18365904704006042,-0.005448560371756558,1.3524409297304709e-05,0.005412263510181318,0.1829697639675738,0.010189274858457343,0.23905556236027548,0.057147561895387555,0.0527486271304327,7.1359762679007765,1.460057372610892,-1.3562617763998792,0.04069688738908089,0.055171317717553875,0.11991582244763194,-0.37214298330278317,-0.016250189311541586,0.009158944901211363,0.03892112840601229,0.41128775101192694,0.0002379434089660954,0.06584104987031023,0.0043350438480246785,-0.8484237771129309,9.97029702796817,0.40514769351342356,-0.5235645647181376,0.007238588386245196,0.009758448043837641,0.031140866492163875,-0.10211589292431165,-0.004502622212033357,0.0002468857508459105,0.005255825831804283,0.10915102972282073,-0.0010477828927984328,0.14439046238699635,0.02084860562833061,-0.21249110670580484,8.854080423005659,1.0360323468053922,-1.0789757698356777,0.008944422838492694,0.012070240027343762,0.06543621828309865,-0.23523801919353124,-0.006054616502674479,-2.683879342773931e-05,0.006015623524669283,0.23244571650356852,-0.00037531904627956583,0.07800869425272683,0.006085356379015416,-0.038760451173787534,14.88897901714886,0.8095300979872234,-0.78882084819049,0.006948642235485732,0.00937747184401305,0.033786312338725734,-0.11162656791147732,-0.004762452959636328,1.2441120337754706e-05,0.004615018884376722,0.11049110097540901,1.1908077671030357e-05,1.1720234522067745,1.3736389725226856,-0.00016380735302583252,2.0114268335505594,3.955543,-3.954013,0.7157121362625035,0.9652000000000001,0.7840270839114155,-2.2948385,-0.48094000000000003,0.0004705,0.48426,2.2962415,-1.0652607800184244e-05,1.657363821810121,2.7468548378450506,-0.00010914604737090616,2.014584250781563,5.567955270104645,-5.591432580810131,1.009591772049606,1.3626005807393935,1.108230695589874,-3.257174681365701,-0.6787827642965317,-0.00023807902225822953,0.6838178164428619,3.232477832860172,1.1092589674030088e-07,0.013910996838273695,0.00019351583303446075,0.5178645571977961,20.820288328773447,0.37060836087108295,-0.2186575107247083,0.012436699437847866,0.016830285143468085,0.010664292234646907,-0.02188622555836824,-0.008143955045513565,-0.00029476167217669554,0.008686330097954522,0.02206888606889492,-9.506246430506181e-05,2.3430520054244974,5.489892700123759,-1.692298857139278e-05,2.023754281439656,7.815740305244717,-7.853577788175238,1.3897203773358362,1.8758096255203505,1.5643291981150869,-4.597785443833283,-0.9340179031950447,-0.002176444014238957,0.9417917223253058,4.587403547756954,1.0944614392396465e-05,0.05385459264008403,0.0029003171484293924,0.00586130883375591,0.5305193197402778,0.47694209293170653,-0.22945121323737247,0.04272162049993624,0.057628055719001876,0.04124376544763105,-0.09570908048438603,-0.028208916618703887,0.0006256551757576126,0.02941913910029799,0.09675522415520445,5.551922073029943e-07,0.006244577552668694,3.899474881129374e-05,6.483813748152259,353.4644553819864,0.29666156337435234,-0.15181837897997683,0.004854974223345007,0.006545432200385301,0.004317291211064721,-0.009397713837162003,-0.0032622846563074436,3.410388052387525e-05,0.0032831475440778576,0.009327957666080465,-6.89484604565722e-06,0.018661501939620254,0.0003482516546424505,0.15316509882964602,1.3706576343593406,0.17679904165526392,-0.12976129329762415,0.016942520039059855,0.022934357472878523,0.014581152930836883,-0.03179592771930101,-0.011821427203501541,0.00047018957014882326,0.011112930269376983,0.03166366750489394
-6.096138211382114,7.502562253733155,56.28844037114152,0.8964245964490578,0.048596412741114925,14.1,-21.3,6.078669095872967,7.1000000000000005,8.93170731707317,-15.485,-10.9,-9.2,-3.8,8.3,-8.576089151925283,10.66320713093996,113.70398631732881,0.9221531279756028,0.06396740429601389,19.898746950066624,-29.260742643514774,8.927012650338586,9.941781553952714,12.660272936783352,-21.759155342581742,-15.304332870302435,-13.276299479049113,-5.362551316349721,11.740850885812304,-0.04009542922103215,0.6283334315559207,0.39480290121083894,-7.018368965777912,80.33266357345684,1.3670000708264145,-8.479032059287341,0.270877443185326,0.3593633628090692,0.29208403696874036,-0.5657722759261884,-0.17508775529556667,-0.0063815972222014405,0.18427560751350253,0.534301016990174,-12.024807464093993,15.225499543584192,231.81583635168244,0.9425540736510476,0.097380465270263,28.044947628009556,-42.09093329153768,11.895169159936119,14.118402995009399,17.96036989912205,-31.021614937275267,-21.727480243376398,-18.49502520832333,-7.609077248366999,16.921970082910175,0.10821990346187015,1.1415264661062845,1.3030826728211022,7.383008956808637,66.87527408946727,12.570893814211125,-2.2867172622291445,0.298495017190942,0.40140753058758,0.3896659520762566,-0.6208473434197864,-0.2128515152329299,-0.013223496189141315,0.1885560153546501,0.5276619171411687,-0.05664321025819284,0.5779445157126084,0.33401986324228145,-2.1233348726845276,11.044781072421438,2.0914439625457693,-3.5674219360745147,0.2550481097531947,0.3386291286050669,0.32136201348279353,-1.1310355001131547,-0.16107946355112493,0.0025223747448216228,0.17754966505394193,0.5472655908286888,0.09110704357430904,0.6611531114442171,0.4371234367723693,6.365637058767615,57.05784061997099,7.08122541120748,-1.1650897295221159,0.2845231351165468,0.3796145119874711,0.30764602173941935,-0.48884813877291544,-0.1543292955676373,0.018443581415390216,0.2252852164198338,0.5818059624670343,-149.9630081300813,13.244761715575443,175.42371290237293,-0.44748994438040635,-0.43350600614230483,-111.5,-189.5,14.751892074130723,20.450000000000017,149.9630081300813,-174.1,-159.425,-148.14999999999998,-138.975,-132.6,-212.00641285070563,17.99426408545436,323.7935399770727,-0.28072176381941916,-0.8179161416597576,-158.38592039020435,-254.61899064021495,22.125846250001743,31.514717814646417,212.00641285070563,-241.65344723717507,-227.22882739536556,-209.92329876637586,-195.71410958071914,-188.44611426276802,-0.13022135499328144,5.119022626947826,26.204392655203822,0.09303078090628898,1.5159647989990344,17.89458306162612,-18.612242690319324,3.7760309922779736,5.065569045981441,3.6574675004239925,-8.477772868293268,-2.7243088449382533,-0.14288717441775312,2.3412602010431875,8.557376907505212,-299.5758072090137,24.98685702935217,624.3430242052859,-0.2928258620965588,-0.8296514468654426,-222.90148914486753,-349.74296806044015,31.25502519819916,45.86723073162608,299.5758072090137,-341.1112875407158,-321.9941384743881,-295.66772953833237,-276.126907742762,-267.0423816427551,-0.08818940262099727,4.490473339707908,20.164350814627493,-0.06962921572460458,-0.3138220678988888,12.604362449742382,-11.903940648060217,4.790905545420176,6.312099004294789,3.668965637243294,-7.872118155408506,-3.2545561493808,0.13520244971916107,3.057542854913989,6.791451424667606,-0.18612522182995445,5.04554512118758,25.45752556993979,0.5558066520692769,4.593148910727808,20.69661556966128,-18.400914805775244,2.034467344701415,2.7133088880955247,3.0602291507956747,-7.961381165185864,-1.7616353089248422,-0.3905328806340994,0.9516735791706823,9.53431590916006,-0.6232497182959337,5.0837024232551205,25.844030328209982,0.08184902815905518,1.6066128815513885,16.70878016075831,-16.943010573301304,4.22727564744557,5.6372670058362315,3.772445494033473,-9.228640614648475,-3.420534389011012,-0.6218682422328059,2.2167326168252197,6.603674126766477,-1.473069105691057,6.635928348930161,44.03554505213498,-0.5403979281890922,-0.8686084780766317,9.6,-21.2,7.116490648826889,11.6,5.463109756097561,-13.084999999999999,-7.7,0.5,3.9,7.0,-2.1049741458346296,9.15486637856187,83.81157840932252,-0.42220284234941813,-1.1924757141757043,12.642242513560044,-22.260681902023606,10.156635318575022,17.423697432535057,7.671147955721944,-16.853097163952835,-11.78291650236645,0.7757212979522855,5.640780930168608,9.692136535273079,-0.0012711649967651394,1.988368236493515,3.9536082438963303,-0.17768716831524692,2.717097496194496,7.6372195352670795,-8.599285236538842,1.2071948141530906,1.6444869226713246,1.3457094979507185,-3.514462364095111,-0.8048222330248584,0.04840285398099908,0.8396646896464661,3.5688834565308363,-3.0329915316108935,12.752541257128584,162.62730851476667,-0.4008592932556039,-1.2486181404523327,15.396998483377,-29.827059596989802,14.494107807492663,25.705820045106133,10.697501754410466,-23.6623834423205,-17.331681764613208,0.8340356533362412,8.374138280492925,13.094111377735167,0.13469871174205436,1.895713356311241,3.59372912929683,-0.0707013432208894,1.3722628849370109,5.971862385483146,-7.55512095213358,1.6671374947728315,2.2067372722379046,1.4393822242687688,-2.867591447501898,-0.9608571453007169,0.06639479128041792,1.2458801269371877,2.8793677049927537,-0.00193073817568707,2.1206094459065405,4.496984422068045,-0.08192176429308627,4.591921566903368,8.059277880379803,-9.710324136992542,1.153288633795539,1.5613733496108075,1.3518386462881624,-3.381132471102343,-0.834201283787191,0.028471258757348433,0.7271720658236164,3.2281058600155994,-0.04187676890386064,1.8164681698919718,3.2995566122306896,-0.018879437323833907,2.5584084530487416,7.193211530248066,-7.944961977285759,1.3937934929829674,1.8549877483832382,1.2961747568070217,-2.513215512315237,-1.0094033833041762,-0.1314894466166297,0.845584365079062,3.1547802471632513,-0.6746951219512198,4.392190953324321,19.29134137046401,-0.05504565632859671,-1.529249833084181,6.8,-7.2,5.930408874022408,8.8,4.007215447154471,-6.8,-5.3,-0.2,3.5,5.5,-0.9551345928118422,6.229943428882762,38.8121951270795,-0.04532389020573501,-1.529813436843337,9.622650351826328,-10.13460610990197,8.519890827106446,12.533777355826182,5.687464507244431,-9.617881642829758,-7.558915187077045,-0.24317005004698583,4.974862168749137,7.895733156792917,-0.008915888531140994,0.17474948807879606,0.030537383583801286,-16.455919908022466,328.3130857598774,0.4397375663935624,-3.524766615880525,0.0599080770953305,0.0801539914059593,0.06002530271433071,-0.10480002076843319,-0.0418604487378022,-0.000128445372321484,0.0382935426681571,0.10485995365299873,-1.3760717202542123,8.866392868179869,78.61292249291084,-0.03119406780845784,-1.5258351687007317,13.620017917289207,-14.199037343222976,12.338612749212906,18.127509694320196,8.099148997807392,-13.599918041197132,-10.8647132625652,-0.730649734474868,7.262796431754994,11.379191320521757,0.018237016334825364,0.36338352727962314,0.1320475878981806,12.977770449621469,191.2145580837231,5.414775680821562,-1.0775202842486262,0.07160151405430983,0.09704927879908443,0.09287329507623676,-0.1335606694883836,-0.05081006217691503,-0.00908141394322104,0.0462392166221694,0.11954528318831659,-0.012141230410403095,0.14245888945299162,0.02029453518417969,-7.1746483669646,67.53571586455081,0.26765184911368944,-1.4097895666516949,0.06768371104319884,0.09098485423865799,0.06631424338651731,-0.11492292343864167,-0.050682262174735634,-0.0007162060163924643,0.04030259206392235,0.10321134142744057,0.018930362232198284,0.19917592632850645,0.03967104962881863,12.473442033619278,180.09389215009168,2.9344922672927947,-0.38375408033911035,0.057096263624460054,0.07707177932734369,0.06386227301170443,-0.0923606703531911,-0.028151182091342878,0.003953350737430586,0.04892059723600081,0.1158783071457789,0.008638211382113828,3.1332819645076624,9.817455869108995,-2.114742134386273,3.7133419356797086,3.6,-12.2,0.8895613311033613,1.4,2.203353658536585,-7.7,0.3,1.2,1.7,2.3,0.02118783133210753,3.3233704502136456,11.04479114935325,-1.191304874111682,0.2396098298565077,4.143096793484629,-10.98576503382519,1.5871780083638605,4.536735086673284,2.78054324676633,-7.0952405035669,-2.1364867839240347,1.572258999493325,2.400248302749249,3.0304077626294865,0.08742093743648198,2.9123029566204583,8.481508511140262,0.259901140376722,3.0409765522925314,10.778644013010139,-9.449056953652887,0.48312995649933754,0.6312691641912986,1.5967719437159305,-5.415657107593195,-0.3094338595332113,-0.0145109161190774,0.32183530465808735,5.995475670920805,0.06178709555319591,4.409962333739502,19.44776778500115,-1.0465792890455141,-0.35644513172269,4.9558585202408745,-10.735160924689247,1.8507137708598531,6.5617716189596615,3.8182193349581506,-9.050821365178061,-3.386990194855192,2.344600189920458,3.1747814241044696,4.021061300125476,0.102960187880793,1.55461974792261,2.4168425606309594,0.900931422851855,3.1737674001480745,6.568641915513884,-4.105880112716608,0.8285696916660222,1.1089425779043345,1.003869032913875,-2.4006780597084325,-0.516509170475633,-0.0030356137978027886,0.5924334074287014,3.0478820419025725,0.12153750891922176,3.1668467869862287,10.028918572244999,0.0844159214768841,6.5886617548163375,13.12093003596939,-13.804438957917101,0.20810663313630265,0.279719555479563,1.4949298488291654,-4.00350032937034,-0.14777621235473204,-0.007332512377436403,0.13194334312483097,5.259788066465026,-0.04457213949305787,2.587662523541799,6.695997335742711,-0.46864794096038853,3.5151319971304744,8.0060037223188,-10.129746474498726,0.5171289234875569,0.6957433396112451,1.4233955163414347,-4.8668240317272105,-0.30736581238629207,0.019349172036571455,0.388377527224953,5.32515826264023,3.117073170731707,3.362450043563332,11.306070295459053,-1.7395780819656141,2.348587388056961,6.4,-8.4,1.3343419966550423,3.4,4.203048780487804,-5.6,1.9,4.6,5.3,5.9,4.408637783352563,4.71937032508257,22.272456265269966,-1.6926122013763392,2.1652868273753096,10.117127070041553,-11.80873021102085,1.8255673670785413,4.779922657488486,5.923758822990486,-7.480530160675709,2.6635458493593167,6.538053972198487,7.443468506847802,8.246683988650508,-0.04319869973499764,0.4517938195500928,0.2041176553836618,-8.57056306963283,84.17004037416733,0.7586953151795215,-4.944859854939395,0.10522387797075186,0.14255563259697465,0.14928787573717475,-0.2613931473152478,-0.07228372590919113,-0.0032174517318719897,0.07027190668778352,0.2482888285585436,6.240718065894775,6.562552896639991,43.067100521197936,-1.7696134923891191,2.5586830304617827,13.076735237309649,-17.30546533369426,2.6272985142477223,6.148406040210784,8.30736771207469,-10.405147098231147,4.341376322838844,9.220500211572693,10.489782363049628,11.66860145409688,0.0899942494052917,0.9342516602044479,0.8728261645947673,6.187252522723751,42.44275325603265,7.189284579361689,-1.4277309601735808,0.1715813260701685,0.23094324380716996,0.3033246233898435,-0.43491541795719996,-0.1194203441611551,0.004251540512705265,0.11152289964601485,0.4446325818543271,-0.06015004110707646,0.3630873170147485,0.13183239977696848,-4.067181887427129,17.96908314973379,0.5331983487224284,-2.0277016086576727,0.11708247281149742,0.16276982600261822,0.16135911635376116,-0.3185219852085075,-0.08358832251125503,0.0028932636561721224,0.07918150349136319,0.20995265440936528,0.061128736088660394,0.516967623141253,0.2672555233763166,6.1395866337687846,41.80243273507251,4.084373891906373,-0.5306307464080402,0.15734203206431216,0.209191298973125,0.19397453963604502,-0.3000864350199053,-0.10344094280256619,-0.007913773768738084,0.10575035617055879,0.3217436909302902,-0.0001591763109765238,0.23301662699255282,0.05429674845498649,-0.5647058234246081,4.754061325330623,1.037747,-1.248209,0.030222846224236696,0.040651,0.11895808090726472,-0.45461124999999997,-0.019234,0.001507,0.021417,0.41898025,-0.00022625867292052975,0.2980411262204703,0.08882851291876631,-0.7585410610727665,4.517842559269818,1.1562657524821063,-1.538690133387395,0.042083482651774945,0.05638358428136937,0.15494415138220896,-0.6069298826313971,-0.025862333725310285,0.002984413466365632,0.03052125055605909,0.5269449050294597,-0.0005069362191220881,0.1405524252573396,0.019754984245720038,-0.08324040581857045,9.043769481348372,1.042820206193021,-1.1431115409322292,0.008388640934058231,0.01131613545118039,0.0636235925865247,-0.22903816690944256,-0.005676597847844144,-4.107169789037125e-05,0.005639537603336246,0.2319777043027619,-0.0003233290840816769,0.409420025992122,0.16762475768338986,-0.8554966639854342,4.521905444551279,1.6077719210952406,-2.0747067503526107,0.0593130687121144,0.07973222759267928,0.21381539016099463,-0.8446975542378669,-0.03598598945771128,0.004621040435536325,0.043746238134967995,0.7078404690207297,-0.0009140370217724817,0.09999783990899239,0.00999956798646447,-0.29801795918089796,8.55540534623459,0.6388288471858936,-0.6385989290938759,0.0063138957655337205,0.008531283022805154,0.04511959835234868,-0.16604676395538115,-0.004356919689775515,-1.8612971104820138e-05,0.00417436333302964,0.16478436618108794,-0.0007168862439434153,0.0988913796021198,0.009779504959610557,-0.05157048062178421,10.058168226579026,0.8742077969119502,-0.7902561620098872,0.008885911481862751,0.012002270086425484,0.045365005716039505,-0.16149439302141658,-0.006023200618032116,-5.754341070690514e-05,0.005979069468393368,0.15698909700713815,0.00015895463743134105,0.17240459463473254,0.029723344251166444,0.019355829950497144,8.087959726075571,1.1907580488270921,-1.1590909111370216,0.007670567652147065,0.010307924233536627,0.07809534412807229,-0.29128679268656354,-0.0050416648523291625,3.112431272215912e-05,0.005266259381207464,0.29147165260128627,0.004580542439960422,0.4381017460961867,0.19193313993252764,0.7682766665253775,6.337763011903158,2.994892,-2.397056,0.04391764291657294,0.059305,0.21566362336221628,-0.7763709999999999,-0.026445,0.003718,0.03286,0.777123,0.006479346142184625,0.5786817707054249,0.33487259174676604,0.8348564381296874,6.090525108648158,3.6537310744164837,-2.2161797054405996,0.06148000368052574,0.08300047571774924,0.29001785773229305,-1.0705569223547817,-0.03606954480866658,0.005961740541153276,0.046930930909082666,1.0038594541426806,-0.0001736923520541891,0.2212673124422399,0.04895922355541182,-0.02663318832622256,10.694978333434218,1.606445334883224,-1.683021804788113,0.009147895405293094,0.012328604098911603,0.09670460855923889,-0.33515102978504807,-0.006260392109287807,-0.00012139480919622959,0.006068211989623796,0.3502024434483283,0.00916742199499319,0.7645655591766528,0.5845604942791078,0.7182814336307266,5.396532552349337,4.5983161718978245,-2.7046089225522403,0.0844824197400811,0.1139848017826739,0.38965761136079147,-1.4401201639599928,-0.04883286819892984,0.008267066689877818,0.06515193358374406,1.3424904476467334,-0.0011401781866823017,0.2916560970187837,0.08506327892823017,0.1778779543117723,7.5986069230635565,1.7484247266429016,-1.8751433425704223,0.020946057881210754,0.028221457277201968,0.13739191535793568,-0.4834274575938684,-0.014729643909096694,-0.00033404365675700784,0.013491813368105275,0.5050570619420262,-0.0002455971282142355,0.2165123904789359,0.046877615230903204,-0.17818149706105071,12.512775511181836,2.0843998616656116,-2.0992310206432325,0.008612167266964867,0.011627820100335026,0.09502810533097457,-0.33989445160429604,-0.005762465878453453,-7.74088739913603e-06,0.005865354221881573,0.3313113018428184,-0.0005508054780713686,0.22588253371687825,0.051022919038356644,-0.0641908988619579,8.716871979658583,1.4797372399764972,-1.4606208572807067,0.009469257086781733,0.01277803883426866,0.09886212039358486,-0.36468436945080224,-0.006475449610560955,-4.539169273110212e-05,0.006302589223707704,0.36251032553396695,0.004368590141816328,0.14546498297268745,0.021160061271244247,0.04697686335430497,7.16451119337902,0.970358,-1.212746,0.014885326273796243,0.02008,0.07080251368692472,-0.245603,-0.005193,0.004605,0.014887,0.26022575,0.006178810374909561,0.15799140146715293,0.024961282937555094,-0.004976741619461548,6.174917370331412,1.0336458653039091,-0.8648561131994432,0.019219952898960526,0.025981229558271465,0.078756216395423,-0.27282126374889043,-0.005738263710118858,0.006602994506740513,0.020242965848152605,0.27767149425651966,-3.0714151370752946e-05,0.1317385504766491,0.01735504568168862,0.01141564135629463,8.581017909564604,1.0220100408864319,-0.973455702373566,0.008426339314602203,0.011363517095472018,0.0604927227746805,-0.21856804923121273,-0.005702307527002013,6.521001724608169e-06,0.005661209568470004,0.21979423711707713,0.008740203289106433,0.21255961087307723,0.04518158817451401,-0.08895568436506128,6.039475226146472,1.2131093950522303,-1.10398248069041,0.026131243048097164,0.035460304402945904,0.10618637241604204,-0.3687205052086284,-0.007456881762555309,0.009342121241144995,0.028003422640390595,0.3739430134216303,0.00036272459725247093,0.06878881975236112,0.004731901722922828,-0.34631219337953634,7.816670227885048,0.43397525185715474,-0.4960297822894105,0.00657444860027458,0.008885190453939396,0.032795047895428364,-0.11435021550389841,-0.004264529475709566,0.00014657662751418242,0.00462066097822983,0.11742801672743927,-4.333949429287409e-05,0.16111471795489382,0.025957952341684982,0.05881935551355854,8.704327533710073,1.2953626441771724,-1.1596520712841503,0.009723453984159832,0.013112688708278513,0.07422248482900384,-0.2626534602204256,-0.00651877752187566,6.776721354130645e-05,0.006593911186402852,0.27090236383808286,-0.00010401918644140747,0.09351954342161273,0.00874590500178691,0.02417770256505057,10.516490628623494,0.7634726660056127,-0.7260902431876796,0.006830710685690335,0.009207811212254956,0.04219666541440878,-0.15101356468909682,-0.004665816520267878,-9.60169864560568e-05,0.004541994691987078,0.15296244977411164,0.00012864907204749145,0.9658915280973043,0.9329464440501456,-0.0017238269900435106,1.7070873005218763,3.256487,-3.249131,0.7062205168596307,0.952715,0.674360695784487,-1.88048825,-0.4758215,0.000371,0.4768935,1.87971175,0.0001529158014861814,1.3658271450414143,1.865483790131981,-0.001665268707869366,1.7109477710709413,4.58921210337254,-4.56528806165963,0.9933137323468765,1.3401198961192864,0.953117545534954,-2.668990379418422,-0.6691015972647445,0.0013129117533575577,0.671018298854542,2.6466287449499806,-1.295455905833945e-05,0.016356278920319565,0.0002675278601192902,-0.4869867980033454,15.625075297216117,0.25494857696265055,-0.4075231889522057,0.016650704307439375,0.02242508134534482,0.012988131414401284,-0.024450126086830393,-0.010968597552363471,-6.194763280197371e-05,0.01145648379298135,0.0245192686052036,0.00013211099475461723,1.9307053664723544,3.727623212125148,-0.0015378881321615396,1.7240747457077372,6.407900259468682,-6.4328017488195846,1.3689475132156557,1.8449131827799032,1.3457059614883624,-3.7616324940320984,-0.9205718591895126,-0.0013256488199724498,0.9243413235903907,3.735273041210121,2.071878980716945e-05,0.05271962877726068,0.002779359258412172,-0.010807862403612074,0.4651756359388779,0.2755999039935438,-0.4272386076997242,0.03849703867721002,0.051838511050047,0.03969929924443042,-0.09762481783186197,-0.025776974566762867,-1.718688494406484e-05,0.02606153648328413,0.0980028339547244,-1.8260419540472432e-05,0.006821713479501868,4.653577479641748e-05,-4.706114841013996,192.54628142868333,0.10521685331227737,-0.27375814129363113,0.005823931868905903,0.007860297995081061,0.004865695106938622,-0.009962694098407804,-0.003933653361587135,2.217452402429284e-05,0.003926644633493926,0.009913462109154794,-4.751488706670163e-05,0.022106217829858794,0.0004886848667411668,-0.21087269000672926,1.909384092066956,0.07663184555989615,-0.26788833613053625,0.023170598313609937,0.03127658843704442,0.017758387303284773,-0.03688811315294146,-0.015737383464682897,3.696857750045337e-05,0.015539204972361524,0.03657659147510242
-5.945020325203251,7.938778422724453,63.02420284511535,0.6364944299788144,0.14601607294492247,14.1,-25.5,6.226929317723527,6.700000000000001,8.965142276422766,-17.685,-10.3,-8.7,-3.6,8.9,-8.351868815617708,11.263332880411426,126.86266757495713,0.6623945035380617,0.1456366007768266,19.663338669217232,-34.82003079326797,8.765017913481723,9.173865491929847,12.694409510709855,-24.738314775985003,-14.362829185869408,-12.405277684554116,-5.188963693939561,12.557033573706999,-0.03122793501025163,0.6738710718643073,0.45410222149555035,-6.551439548035421,69.23088245595186,1.5745599189601136,-8.63709278244698,0.2663905341919016,0.3587902666324698,0.310504500816735,-0.5140946632490347,-0.17312607180198186,0.022870891726530007,0.18566419483048796,0.5543711862228378,-11.668490341941435,16.02180820844164,256.6983382680879,0.6845774599782186,0.1686264242557436,27.82238356731291,-50.181317549852814,12.546231118639769,12.971314408371608,17.964116094605963,-34.18840502024292,-20.25349295179866,-17.581272776442354,-7.28217854342705,18.058066924772024,0.1233992567349674,1.2290391216675474,1.5105371625893362,7.1637640437340275,59.875420210737396,12.824964587439409,-2.092958639018981,0.2575877532932004,0.3365556196671625,0.38819110693850695,-0.5532166770599531,-0.17063793828337723,0.01145244473796081,0.16591768138378526,0.49354190735346287,-0.04404015628935668,0.6508484622413837,0.42360372080197384,-1.9541809890146642,9.215559915675428,2.044946333504198,-3.505398888613859,0.26867090225130064,0.4005412906898237,0.3642140377552408,-1.3930174526327295,-0.19341330492822842,0.05577206392354412,0.20712798576159527,0.5434256147115344,0.08624924423198048,0.6827793660092607,0.46618766264800793,6.341305960436014,52.85989147928105,7.053045865185044,-1.2870299565032035,0.2512866956961208,0.34246334226458375,0.29005616241082827,-0.46879996651104205,-0.15302121462557142,0.008650415850238267,0.1894421276390123,0.4810654200559607,-150.15406504065038,13.43472414096163,180.49181274373717,-0.4547136415281248,-0.4425187560455739,-112.5,-187.4,14.677761963205468,20.625,150.15406504065038,-174.985,-159.525,-148.3,-138.9,-132.51500000000001,-212.27403405609599,18.183887103232117,330.6537501830913,-0.2852836312204453,-0.8048075592269335,-159.57688995470477,-256.5137194801266,22.85935262462515,32.34593960248549,212.27403405609599,-243.96935654254847,-227.88960648695206,-209.59902607816784,-195.54366688446657,-188.75870038993983,-0.3274060140413653,5.414265883924402,29.31427506182768,-0.3080268745984063,1.7441537134281706,19.28313566399162,-19.2762559496326,3.873496684089955,5.2282093444162525,3.894095100106097,-10.11492580135653,-2.7213512737588603,-0.1334172847267201,2.506858070657392,8.70008752916684,-299.9413752338658,25.294583449854496,639.815951901653,-0.3101337226091477,-0.8147106423663266,-226.23672197981836,-352.34211717809166,31.821903246036733,46.607177848273295,299.9413752338658,-344.9550194164215,-322.28449181128804,-295.78849234644036,-275.67731396301474,-266.7849695083375,-0.2598873993117825,4.294806321215438,18.44536133675208,0.04497304326566601,-0.2932784435218152,12.934256032403969,-11.460948342059853,4.879590744053964,6.838655670584697,3.54931961876506,-6.694461149308959,-3.6225469037532605,-0.5203479878169723,3.2161087668314368,6.048938829218414,-0.4621633967879294,5.289749668766213,27.981451558212257,-1.2736240700426686,7.140876645928438,19.070195715005493,-25.781213113803567,2.2171070760037512,2.836490893880614,3.012368552534481,-8.351331956649512,-1.4392540301177055,-0.13887159785909675,1.3972368637629085,6.851455446381578,-0.49110472113001713,5.444133311114529,29.638587509186838,-0.15346175756573485,0.7162616777046802,14.854185030897566,-20.038808728593317,4.634473503991573,6.181685313182987,4.176509048457547,-9.832316147294847,-3.412328399878636,-0.3462030294730239,2.7693569133043505,8.697340301906866,-1.655081300813008,6.629911478511788,43.95572621290237,-0.4734385521244076,-0.9287913117844413,9.7,-19.0,7.487141203453289,11.425,5.515040650406505,-13.3,-7.625,0.15000000000000002,3.8,6.9849999999999905,-2.370188238014991,9.106803264672491,82.93386570144953,-0.34458748032978503,-1.2533632088650335,11.949812228092634,-23.87172125628524,10.819135859062902,17.110950425288095,7.761134989222436,-16.5839958773381,-11.775655342445834,0.3479053070594064,5.335295082842263,9.411058369621468,-0.12462383544827495,2.19051497457104,4.798355853819964,-0.14975609921915298,1.5078475751059033,7.242547942655829,-7.064019467182897,1.4675014481841078,1.970424799959691,1.5449174651965158,-4.394974000710064,-1.0876627151812415,0.014834354536950825,0.8827620847784496,3.624836933088659,-3.4296021404080017,12.688618896222245,161.00104949356822,-0.3117163757525075,-1.3385762474221976,15.897187239296578,-28.989545055351243,15.191888237566662,24.57405211641965,10.843343522089988,-23.019569675783906,-16.59579950587095,0.27151202172171296,7.978252610548699,13.124164376371851,0.060918714251831006,2.0185004609942583,4.074344111034033,0.5408544266622899,0.8692038093805792,6.811752400265443,-5.274731253025436,1.7254613628060362,2.3039862292492552,1.526709515191849,-2.728153050741634,-1.102866013510454,-0.05818543595837232,1.2011202157388012,3.8024919571819282,-0.1727467560934479,2.2575531422441557,5.09654619005646,-0.26606247322878335,4.769367527069912,9.20112474438798,-9.588754855510457,1.1299157249969927,1.5500986134696073,1.381291105911552,-3.6122297535896766,-0.9265590785595056,-0.09396208100337304,0.6235395349101018,3.2362338031333824,-0.10692562765756077,2.0877685716881005,4.358777608928571,0.18545588639571056,1.2473535921116339,6.756428279286657,-6.983024509402472,1.6058218192879175,2.1403584527780186,1.531803297865145,-3.708676090307512,-1.1871294620161548,-0.22407590075598016,0.953228990761864,3.569764654862421,-0.5431910569105691,4.3074965825901375,18.554526809025713,-0.13440043995634576,-1.5028413153781985,6.9,-7.0,5.485628208470727,8.6,3.89339430894309,-6.7,-5.2,0.3,3.4,5.3,-0.7692482040955742,6.110921639986109,37.34336329005051,-0.12319148704723412,-1.5038698339354974,9.771006052702203,-9.871710569352349,7.885520070434024,12.214541556931032,5.526836475695739,-9.46777738299876,-7.375819587100209,0.33375127825133233,4.8387219698308215,7.624948315221316,-0.004483842828087787,0.17383804108243495,0.03021966452737834,-16.85727206118549,339.1779802065548,0.47643478234172276,-3.5301281164082514,0.06105344478909772,0.08169942785991346,0.05768501564720392,-0.09728975101324401,-0.03957928854484857,0.0020866255887373453,0.04212013931506489,0.09980824394960179,-1.1130452814160603,8.700304490750208,75.69529823176822,-0.10566250895386732,-1.500570856970522,13.810645438820677,-13.878039510799189,11.187951777100581,17.510219013383114,7.870928403468928,-13.367590560976392,-10.633798066119503,0.4631362448853617,6.876420947263611,11.038033416641156,0.028713469854637116,0.3532145101365016,0.1247604901709688,13.20234050573902,195.66785635756236,5.303971368001601,-1.0512513726727164,0.062127818052068455,0.08296967123902807,0.0828579441381398,-0.1043210448484609,-0.03379396896373718,0.003326731667034344,0.049175702275290896,0.13671425294531642,-0.006411465576229544,0.1432870856184988,0.020531188905043,-7.716322347989211,75.39998768829803,0.27101465562987087,-1.5252571659535887,0.06299234805714281,0.08540580520018133,0.06299220926790423,-0.11303721182407872,-0.03973293446739955,0.0023559669990654225,0.045672870732781784,0.11882407402406898,0.010940741189753099,0.1973775969263827,0.038957915768433604,12.77219288510181,186.40309740235736,2.9247994004050883,-0.376164059500148,0.056065911143231534,0.07585509591797213,0.06070562127120325,-0.10006575158058015,-0.03726464266195086,0.00040888436877911574,0.03859045325602126,0.10292311944105842,-0.014227642276422729,3.1658365642324346,10.022521151431025,-1.9467433892681987,2.829590664869686,3.4,-12.0,1.0378215529539212,1.6,2.2577235772357724,-8.184999999999999,0.2,1.2,1.8,2.4,-0.009619027654788092,3.378076172537501,11.411398627465612,-1.0616734171766846,-0.17417806231800936,3.8693505361676936,-9.623911627594936,1.6907519456209699,4.845980040837501,2.8659476107021504,-7.107211475493388,-2.3890518482107614,1.5687146842158055,2.45692819262674,3.2579971362950046,0.09121239319285916,2.919618765512176,8.524173735930844,0.3628780217268911,2.1444430113696606,9.214327349690128,-7.866479541922492,0.4714251911919893,0.6259186180307249,1.6324691912746325,-5.615123848957283,-0.32784525715382906,-0.013106757698495078,0.29807336087689584,6.504734415769008,0.0223073952618651,4.566827100364941,20.855909764627654,-0.9877144493895444,-0.4629005017434302,5.2475468546463935,-12.582984693020332,1.770533276665074,6.896590002230212,3.984958025127162,-9.140851965772194,-3.6021314458790785,2.4587018418914974,3.2944585563511337,4.302876967260447,0.05641588128665286,1.3218563438959634,1.7473041938980032,0.2444333783774644,1.7796987034277683,4.65146921577184,-4.078586125721011,0.7487317989565985,0.9839943597673795,0.8947131754987226,-2.27045406173625,-0.46862815417831893,0.03895899710677242,0.5153662055890605,2.618286917110985,0.12664959870459408,3.061681543289,9.373893872516513,0.29719707897644354,5.1070425097630405,12.498602520900224,-10.291959937708306,0.22042887416360205,0.28272966493138707,1.4231087086528886,-4.852855379161319,-0.15087643310077925,0.00912235325605851,0.13185323183060785,6.486126276303546,-0.13603887258489308,2.723726166910539,7.418684232313177,-0.5796906026517606,4.288423921158105,8.790365777378847,-11.344111065235248,0.48710512066754846,0.6493887080472467,1.4316379868755575,-5.766314209144848,-0.3695741242524327,0.00498418279748386,0.27981458379481394,4.789504455090842,2.948069105691057,3.505796061915856,12.290606027744726,-1.566122367056673,1.6046248872985718,6.5,-7.8,1.3343419966550423,4.0,4.178353658536586,-5.584999999999999,1.3,4.6,5.3,5.9,4.167164439181558,4.9237933186922875,24.243740645198812,-1.526143455917976,1.4677974005825778,10.183159283465335,-11.044013042691802,1.8486517820415318,5.552177472680892,5.88705964498579,-7.454401232766301,1.8908685986896683,6.527859685092138,7.44304607137056,8.298742731626769,-0.04003065517958315,0.4416433938328851,0.19504888731622883,-8.406323550875541,80.2474081184962,0.6745631326925741,-4.802662968170686,0.10579684638182603,0.14880189722950227,0.14789202731286855,-0.2853906138672502,-0.07405993767021252,0.006061150570163321,0.07474195955928975,0.24131067904826875,5.891587057617592,6.857710851138392,47.02819811782124,-1.5850488761307857,1.7647029969337424,14.114435526860165,-16.017615210551117,2.7033569935388573,7.520855655801823,8.229449340560258,-10.449691293335317,2.904184556105795,9.18993927284188,10.425040211907618,11.769556547874839,0.10600458728094732,0.901510785150681,0.8127216957429971,6.0916125027626755,41.16295640218969,7.131372206736959,-1.4653397392801273,0.19206625857086562,0.2569479269354865,0.30359891093614233,-0.4071201316617535,-0.11081198332204215,0.015685847950216103,0.14613594361344434,0.4572527595980497,-0.05609095755994947,0.3489902942310383,0.12179422546746667,-4.082985580607458,17.5835500395307,0.41156752523012735,-1.9496314846896028,0.10157187047633194,0.13062710953903842,0.1484652331262316,-0.28456076954477094,-0.06897800288352782,0.006686431178663542,0.0616491066555106,0.1873264324544709,0.048133266828965564,0.5105304761549287,0.2606413670829783,5.978820385797496,39.49273897081223,4.025830140860982,-0.5678973890358122,0.13331177775886838,0.17581047290004442,0.19244621807602988,-0.27173612790193047,-0.1090118313347898,-0.01679091709603126,0.06679864156525464,0.30707039717074913,0.000900989718598639,0.2317813122513342,0.053722576708950476,-0.6270373454999134,4.805291812377972,1.085707,-1.425135,0.031632800934035525,0.042671,0.11958206882001604,-0.442309,-0.019056,0.00228,0.023615,0.4225315,0.0012745598550278322,0.2943183164232175,0.08662327138219718,-0.6745811724013422,4.624990698401203,1.1851144918543808,-1.5290185561560061,0.043591998307092636,0.05876750414143703,0.15322098006130003,-0.5738531379505352,-0.0257364648575412,0.003918936750108293,0.03303103928389583,0.5251037310814879,-0.0002865126062642764,0.1442644334313473,0.020812226753267635,-0.10643090191754857,9.114027567068412,1.1077694523418238,-1.1154602549007306,0.008108585379428872,0.01094132538161233,0.06532838337676292,-0.2333903962782329,-0.0054486226578234,5.506875594529716e-05,0.005492702723788931,0.24088992270465398,0.0018035538239321402,0.4061652683356836,0.1649702252021979,-0.7405627758768364,4.648968223748648,1.5699417940797749,-2.0640213429180823,0.06130223373873607,0.08239593332982713,0.21167501860598167,-0.7955993644811359,-0.03567277192336257,0.006558301668758749,0.046723161406464556,0.712771279399308,0.0018894161497902122,0.09078480898485343,0.008241881542416323,0.01200498192668067,9.109176063372653,0.6723432555390328,-0.6709646943259506,0.006471615149813458,0.008726738838662158,0.041796791512747865,-0.1423515196519678,-0.0042207709401194515,0.00015321672681098799,0.004505967898542708,0.15835808826696124,-0.00040488482387913386,0.10990697758561646,0.0120795437220052,-0.12138377351423374,10.45833347551843,0.8540891208728132,-0.9245949363677738,0.008300015991960525,0.011186945712216276,0.049443674500415154,-0.1668838531885789,-0.005559055640170986,-1.3049067173104085e-05,0.005627890072045291,0.17011240221750706,-0.0015711365578159457,0.17185757440843868,0.029535025881552036,-0.10177529105220685,7.234472010880994,1.1725343112585334,-1.1054736526703726,0.007783429777098965,0.010517794676856101,0.07912699765506774,-0.3025054856278788,-0.005314366418649871,-0.0001036439768395189,0.00520342825820623,0.2863240711111251,0.006392346477282858,0.4404059684743524,0.19395741706783232,0.6545000404738416,6.3875352027685,2.779005,-2.705895,0.04596808178476619,0.062009,0.21754512744777582,-0.76738875,-0.025664,0.00534,0.036345,0.769913,0.009036817209460937,0.578191444444018,0.33430534642826,0.7818473666287498,6.255409305674181,3.659095438869129,-2.597427708341914,0.06409654884496677,0.08647175297956018,0.2912440212734131,-1.0629470811307424,-0.03504242909068482,0.008009543000925871,0.05142932388887536,0.967443205247301,0.00018306634602407396,0.23146313082541828,0.05357518093150469,0.1849494399882005,10.602432894726384,1.7460466960982919,-1.8236103702799622,0.00891484787655032,0.01200388548871482,0.10127864288593323,-0.3523892431006106,-0.006292300469118802,-0.00015464438027870783,0.0057115850195960174,0.36126578859320774,0.012770710042449484,0.7653910622572229,0.58582347818324,0.6338296812541828,5.391700765694306,4.585285004892163,-2.8706201736952384,0.08818700507351984,0.11895937190388566,0.39318474370725787,-1.4383059219866636,-0.04710336041385409,0.012458106974560696,0.07185601149003157,1.2635715279109054,0.002604680655684774,0.28751085371415447,0.08266249100344195,0.06586376699169133,8.224169517516534,1.9203584019382347,-1.779755956331019,0.020558305090045782,0.0277157831665644,0.13450263434495846,-0.473892153933293,-0.01383239984676537,-1.0145972668421967e-05,0.013883383319799028,0.4897904671896479,0.00025842549727939394,0.23715448211747367,0.056242248388407134,0.03728541520231929,10.729859244655561,1.8622626894596253,-1.8672051856529117,0.0075664168927976885,0.010196202598326041,0.1046229463176292,-0.3754625108506032,-0.005193967156880265,-2.6150517667381873e-05,0.0050022354414457765,0.3747762235431079,0.00011574260900908468,0.22558595914831517,0.05088902496486532,-0.11021049833729456,9.964236627669184,1.6071750437871721,-1.620253594717349,0.009840308719132298,0.013251235639698575,0.09813737522870901,-0.3598377666223717,-0.006511408450111967,8.034261799862445e-05,0.006739827189586609,0.3416236233894425,0.005508732475559385,0.15841999478212435,0.0250968947467683,0.45036768173887193,7.150421841414941,1.157061,-0.915182,0.015602905747552956,0.021047,0.07701447246902209,-0.272879,-0.004769,0.0057540000000000004,0.016278,0.2773875,0.007791533838037964,0.17213411758365618,0.029630154436303974,0.05750551311893457,6.05933878696594,1.1339661564118697,-0.835604836083735,0.020305443134793554,0.02742198856126863,0.08530683724307586,-0.29561895599311666,-0.005550306447918768,0.00819422617640288,0.02187168211334986,0.30948191234959266,-4.3975178938035475e-05,0.1433847038498476,0.020559173298108507,0.04123185911094055,8.008885101443827,0.9771749043734307,-1.0040153278824266,0.007879827356608736,0.010620948110008691,0.06568488068118199,-0.23988055935288122,-0.005342167095318454,-1.1037054629927734e-05,0.0052787810146902375,0.24013785776729446,0.011021748488684034,0.2344854685421847,0.05498343495744788,-0.0006264812687845354,5.698208677242054,1.3122376093730348,-1.065299940774695,0.02796456314904339,0.0377308323388717,0.11641135009966723,-0.4071438870769313,-0.007464602589738661,0.011577768142485387,0.030266229749133042,0.4255001103841961,-0.0009328387749874443,0.06531074440917242,0.004265493335280247,-0.24966493719718447,9.02438349180013,0.42868795790215974,-0.5406214749873002,0.006723624774848651,0.00909096131353611,0.03091825580717414,-0.1078138485770877,-0.004725865361336167,-6.50012004859694e-05,0.004365095952199943,0.10567120470974309,-6.261684630452833e-05,0.17784582133553478,0.03162913616651096,0.053397996561210595,7.786511928269505,1.1967813288205922,-1.1601177001892657,0.008696743763498853,0.011714614819454142,0.08157263466274023,-0.305598031957949,-0.00599108240564411,-6.2928718457589785e-06,0.0057235324138100304,0.3005833208054796,0.000983245291738704,0.09737004431837419,0.009480925530562154,0.05209562313996592,10.440762074735163,0.8025626444552052,-0.7573828365622189,0.00678973068656159,0.009155809517563757,0.043817952307518025,-0.15079494708457258,-0.004542848205221463,3.1819946231855824e-05,0.004612961312342293,0.1575983255953535,8.444184768074142e-05,0.9717750397876321,0.944346727954254,-0.0014161492161005845,1.6200959107113793,3.30014,-3.29918,0.7072664927247864,0.9540845,0.6804491627343774,-1.8991325,-0.47586975,0.0006385,0.47821475,1.89774275,0.0001314498188060304,1.3741672109707297,1.8883355237070738,-0.0014393397134414446,1.6235920088332856,4.660723462259971,-4.647561982977437,0.9942283077186844,1.3405442334652706,0.9617947525999976,-2.684285999338835,-0.6689229976912178,0.0008154654500509536,0.6716212357740527,2.6815054707317376,-5.833722169848162e-06,0.013871132299179578,0.00019240831126134293,-0.007364322914136576,0.6088046384680839,0.10459723665631519,-0.12381556333715027,0.013191138994359782,0.017757488915675607,0.010939468171312429,-0.02195373038627565,-0.008835367057695723,-7.858781272093718e-05,0.008922121857979885,0.02202813791993799,0.00021703244629774613,1.9426231840627837,3.773784835258228,-0.0014641441039718005,1.6350586374089433,6.527835491199864,-6.542767225511231,1.3673502228396115,1.8450442337848436,1.3579706541220602,-3.7739948791737388,-0.9213563864758134,-0.0006407595751144989,0.9236878473090301,3.7798456396355906,4.702688236038942e-06,0.04712720710060255,0.0022209736491030836,0.007668713318922614,0.4156443409670749,0.1889407351984279,-0.1926905440458102,0.03394571978376795,0.04570389857466414,0.034832599514385165,-0.08743843963400161,-0.023236123943573914,-0.0002286185779980729,0.022467774631090225,0.088689815043403,-8.818619247029887e-06,0.0053829812858611405,2.8976487523931258e-05,-0.07793588693345213,2.369300749118156,0.04150790906984579,-0.05758981597256451,0.004832783444317287,0.006524990393181603,0.004081021762243065,-0.008731632969677263,-0.003271477823010083,-1.7756442870222764e-05,0.00325351257017152,0.00869321278617099,7.03833984735481e-06,0.018866589688548135,0.0003559482064760308,0.004659198045625554,0.011957368413061609,0.10893586039329367,-0.09186810075916377,0.018587220558655228,0.02507282502285863,0.014956423092150398,-0.03251896856995461,-0.012734110786861642,0.00016512455954176682,0.01233871423599699,0.03269596528072586
-5.864024390243903,7.801695306658784,60.86644965794171,0.8321115214251942,0.11057410120939926,14.9,-23.0,6.078669095872969,6.999999999999999,8.94308943089431,-15.885,-10.7,-8.8,-3.7,9.0,-8.240485333153954,11.081120799482207,122.79123817271719,0.8579678120210545,0.12458676548146652,20.959928369557645,-31.998302549219915,8.858992258041829,9.838634768199803,12.671436747157463,-22.58615762081175,-15.037208061524286,-12.553322930291731,-5.1985732933244835,12.680236064293085,-0.05132268143414722,0.6639076774379852,0.44077340416109984,-6.262857639293933,68.42344996963453,2.070251141217537,-8.690856504582907,0.26231452174192255,0.36261446030222766,0.3045470597831471,-0.5911153956452061,-0.1691768710615379,-0.013359048282198804,0.19343758924068977,0.514827092160308,-11.524674698440863,15.803955379083611,249.7650056240658,0.8793489528320245,0.15663609783734023,29.484354327589806,-46.158235210663904,12.208819881205919,13.786290240828956,17.961398995642913,-31.36457848262962,-21.15668258003678,-17.540376855703943,-7.370392339207823,18.253263328633388,0.09847625308071963,1.15281069210293,1.3289724918268366,7.212565882878937,63.62147828833744,12.41633828557672,-2.556710740423614,0.2944104841311322,0.39960034382824,0.3878727236615031,-0.5629385576201512,-0.2226579707137935,-0.009616983348740948,0.1769423731144465,0.5068806463914082,-0.07324546434010018,0.6339160040107142,0.4018495001409118,-2.055523917650827,12.947925018924286,2.3942293868962166,-3.8883466822727675,0.26246964372301784,0.35757525752024377,0.3448160495153204,-1.1084247596745218,-0.19220297637234654,-0.008711685756033198,0.1653722811478972,0.5193960750776125,0.0786089390772534,0.68027028567914,0.4627676615779788,6.12068705283544,52.45145620329462,7.1291596134306365,-1.030436381249338,0.28488549163766735,0.3793135891786231,0.3079161437902836,-0.4341259019581303,-0.18428928242488513,0.011297496167201597,0.195024306753738,0.5951789664469225,-149.29563008130083,13.122507165875152,172.20019431844472,-0.40181934724881085,-0.5402281798817201,-111.9,-182.8,14.751892074130723,20.225000000000023,149.29563008130083,-172.785,-158.32500000000002,-147.75,-138.1,-131.8,-211.05268622891276,17.7767005740425,316.0110832991629,-0.20945601074091122,-0.9337986557420241,-158.60681404420924,-248.16058228633534,23.261523715340946,32.5240632950771,211.05268622891276,-239.6066423061562,-227.4806047021819,-208.86878464358975,-194.9565414071048,-186.72951658683036,0.14586959176587752,5.270957554491237,27.78299354124824,0.0671102074236283,1.6909240924842734,17.794587140219036,-19.041227967134446,3.5653397696009668,4.8665333067133485,3.698706563149214,-9.208765124030444,-2.349762715470794,0.005700773187610864,2.5167705912425546,9.611277357380514,-298.19809368832057,24.72850411239914,611.4989156369412,-0.2504925653701071,-0.9783665070431344,-227.54650436139207,-349.75700481748487,32.32495584494945,47.75177114335901,298.19809368832057,-339.44559599846286,-321.7678878103344,-294.8025483557476,-274.0161166669754,-266.6776261072988,0.09984551315055754,4.301253530048901,18.500781929758134,-0.15225613813331768,-0.3992363425030723,10.341630367856848,-11.380731563111604,4.528152680054988,5.727826150668411,3.4583831987249765,-6.729386517468651,-2.952560984345939,0.5034108223226816,2.7752651663224723,7.029767521619059,0.19587990321002036,5.798617871197622,33.62396921617243,0.3025064098915014,4.318820735865347,23.919587822776766,-21.150753468308057,2.520752077269437,3.3297020280861886,3.5071786725651686,-10.130131143800067,-1.412259608046785,-0.05506049658310394,1.9174424200394036,9.46309701185885,-0.5334539359284161,4.572000124729784,20.90318514052916,0.34726519577869924,1.5426173824642255,15.883371662016614,-13.741949182799559,3.7920512634634025,5.136887234544655,3.4832434088017656,-7.286819677273693,-3.149104026018886,-0.6051681470572249,1.9877832085257687,6.444521035290973,-1.6404471544715447,6.720880444286622,45.17023394639434,-0.46307574413353675,-0.914183533551328,9.5,-20.6,7.561271314378571,11.425,5.57479674796748,-13.285,-7.525,0.1,3.9,7.2,-2.343403727348323,9.232484804412248,85.23877566370307,-0.32640583915632393,-1.2616994838989308,12.486597782743202,-21.99892196191564,11.485925234463341,17.121317490516866,7.829067693454338,-17.26809136965375,-11.750754349439696,0.24890328444539278,5.37056314107717,9.94589767811168,0.07712844960360407,2.1950108389558634,4.818072583133723,0.06775591252227278,2.401310116711935,9.164632677784432,-8.946959132766953,1.3493045238588401,1.7980489449698218,1.5068574885357406,-3.5482801619216118,-0.867106376628834,0.0872738608392816,0.9309425683409878,3.9238497402178223,-3.373672958976402,12.865117590088419,165.51125060680243,-0.30450743638420474,-1.3259959686474416,14.934356571273701,-28.8790618841123,15.58741747237991,24.701795360505308,10.966734864125877,-23.31970722499605,-16.94926675538624,0.3597316736721356,7.752528605119068,13.683658128140483,0.17359936251225633,1.9145659205994077,3.665562664320657,0.3337048348595773,0.5758788754011119,6.5764004050666145,-5.226542356734392,1.7651280039573285,2.328354168036196,1.488359984640535,-2.8031768867372833,-0.9672694790552381,0.13950625621530832,1.361084688980958,3.5556472508808685,0.10423561274818725,2.4627395646868355,6.065086163473905,0.15091018063126355,3.3692239556375716,10.428269315452686,-9.709008729421813,1.2805915648762949,1.7294641514809328,1.609398475911188,-3.8988532496386408,-0.8226522757711965,0.08840633401490769,0.9068118757097362,4.500246259369158,0.1671310594406637,1.8471674400486051,3.412027551575717,0.09171844209288134,0.9879228556701318,6.455910761980694,-5.943120526725636,1.5949857604332986,2.1724336091516214,1.3805425144379961,-2.712684260195456,-0.8837816513330752,0.03864589590962098,1.288651957818546,3.3789394484514803,-0.6324186991869918,4.3028464585468535,18.514487645829202,-0.06438076261432753,-1.5099654938733271,6.9,-7.0,5.7821486521718475,8.7,3.901727642276423,-6.7,-5.3,0.0,3.4,5.3,-0.8951833592108004,6.104695322262721,37.267304977656345,-0.054345244574287875,-1.5099148813289962,9.731166140296686,-9.866714081093464,8.103994492622435,12.250478655765063,5.5398960002292466,-9.403894349447771,-7.421336165596143,-0.12500781655325102,4.82914249016892,7.5218605856213605,-0.0065602035905221855,0.16939278012081574,0.028693913957059027,-17.32424495022146,351.31683177793525,0.35875411277009217,-3.4725117457381303,0.060482144657786084,0.07949881456270932,0.05557424119357707,-0.09062966764377414,-0.03981362996638032,0.0023472494453579684,0.039685184596329,0.09791149459498802,-1.2901273558975364,8.692410188857046,75.5579948913458,-0.03855503872144462,-1.5053824230190593,13.71408736300371,-13.858223413149133,11.519909366019757,17.673860534199545,7.8891036063580415,-13.278359521168792,-10.77607318736192,-0.18917944338278178,6.897787346837625,10.934724619142816,0.025325899659328313,0.3410478799702543,0.116313656432205,13.296818212653205,196.81363754986458,5.1271716466175725,-0.8950473647380355,0.06999973645100437,0.09480153481303846,0.08457050040918393,-0.11625236377276156,-0.041886216923610775,0.002937069092254607,0.05291531788942769,0.12033256180843763,-0.009088419520473607,0.1422368629562152,0.020231325183625144,-8.013148068342952,78.3442177212362,0.2463950133848669,-1.441351248532493,0.06002666990993904,0.08199759800268197,0.05936842343619463,-0.11078797454383077,-0.04141912922900431,0.0043113683417451715,0.04057846877367767,0.10295453798751274,0.011408014200529752,0.19072246226162867,0.03637505761113837,12.862069350559912,187.97812756890866,2.8330204696524244,-0.37277967801302647,0.05926118995135084,0.08272314415038068,0.061023931396958525,-0.0981184980121105,-0.03755683205510385,-0.005229021491673307,0.04516631209527682,0.1052992915565691,-0.055182926829268245,3.2278125643038216,10.418773950277613,-1.9756958807908118,3.0447633882765386,3.1,-12.0,1.0378215529539212,1.7,2.2856707317073175,-8.154999999999998,0.1,1.2,1.8,2.4,-0.06835523446120395,3.508167808018609,12.307241369218092,-1.1174707585824448,-0.05724541327550625,3.956124287822722,-9.741118798147513,1.4729036334268952,4.66000796938732,2.937286231719843,-7.4506542930229855,-2.2495164140377844,1.687043199527751,2.4104915553495356,3.2508249387810504,0.05902337948947177,2.90194172218766,8.421265758973483,0.35235467834876516,2.5827119689551203,10.073725164339654,-9.328036815409865,0.5519707871742048,0.7301498136128104,1.630337586290295,-5.168410947619263,-0.3929503152618691,-0.010976158675303577,0.3371994983509414,5.920977677682153,-0.062338633074276714,4.651747874983631,21.63875829241472,-0.9668134661399741,-0.4802884137590575,5.338207133841086,-13.52734999583411,1.6722955290044241,7.602559319141002,4.071090524165802,-9.274934493948184,-4.32023059417748,2.514500149287387,3.282328724963522,4.218028296654876,-0.013027812385515295,1.6554900082024973,2.740647167258304,0.386061681300279,1.873916957945342,6.021282095415944,-4.742568118930454,0.8470370583189597,1.1396954906309311,1.0909642629408207,-2.91935530580351,-0.6171646551160811,-0.00451144753994745,0.5225308355148501,3.1631806433502363,0.08231473872196417,2.9160320075553225,8.503242669087125,0.5027962606345481,5.070160083067842,10.916432719514193,-11.264574592961607,0.19642701926860467,0.26414575937424445,1.4168849567825903,-4.48596392438561,-0.13539172145657655,0.0006686682202942072,0.12875403791766793,5.918755684484591,0.1264166230572352,2.844042214831988,8.08857611974644,-0.6566943386137716,4.352701912124678,8.676638109899166,-12.639464206169263,0.6785733148725923,0.9000152222038175,1.5943252138573463,-4.582596539126694,-0.27555183025392804,0.025777482580434843,0.6244633919498894,4.97977577373643,3.084857723577236,3.3196361436306363,11.019984126098882,-1.5900336740759011,1.8050724148202297,6.5,-7.7,1.3343419966550423,3.9,4.126524390243902,-5.284999999999999,1.4,4.6,5.3,5.9,4.360836698921614,4.660220531761436,21.71765540465084,-1.538725939800579,1.6261133057531278,10.547115043634982,-10.817648766001565,1.8319914645622628,5.42578657804221,5.813960111136303,-6.979764599398791,2.031566636419819,6.564018344756804,7.457353214462029,8.356883827035103,-0.0362143705971488,0.4440609572610688,0.19719013376361677,-8.910069309753698,88.27017985660787,0.6170222351594177,-4.826089340892548,0.09785174028353982,0.12826489634082244,0.13629952881749982,-0.2695284693711085,-0.05808412022173717,0.0009565407787481828,0.07018077611908528,0.22260467458884084,6.165711365163698,6.479634418343552,41.985662195382375,-1.614293189866,1.988605491501258,13.833470326316696,-15.92315258805141,2.6289317237716365,7.445240680525456,8.132320060936108,-9.852417663643013,3.0028285688981624,9.216890255900461,10.448069249423618,11.620592001229731,0.11546864107165349,0.936077397445825,0.876240894008949,6.065802397419462,40.599740518746934,7.064048284886091,-1.382735460848487,0.186699014131452,0.24773275782558216,0.3129916872821139,-0.4146475232667579,-0.10499106640919406,0.011664418008787897,0.1427416914163881,0.4629758051275784,-0.05041063375378338,0.35785136091726866,0.12805759651034127,-4.266684610086491,19.300819824441078,0.41602913526493873,-2.082611553344252,0.09505184555818168,0.12775204673357324,0.1485218557821941,-0.24790840131156114,-0.05928242461687966,0.0037514283168134125,0.06846962211669358,0.23298152954142146,0.06038495240110562,0.507297967753493,0.25735122808682404,6.357491333981829,43.76965213704832,3.926776182888796,-0.54055368446803,0.12291491249094474,0.17568482843671002,0.176576252163916,-0.3039366925512136,-0.07785088913139598,7.090030145831853e-05,0.09783393930531402,0.27083359761141046,0.0002223550932568147,0.23944586071817528,0.05733432021506779,-0.6954642354612011,5.0532030475840894,1.130756,-1.34936,0.03198566026203986,0.043147,0.12209000912072146,-0.46208475,-0.019888,0.002101,0.023259,0.43058425,0.0003151756549429272,0.3064529251755196,0.09391339534863259,-0.8546691393173278,5.1600590350586035,1.2095783119718342,-1.6450007134109805,0.04438751869265833,0.059750373135951364,0.15698853104643795,-0.5835091556232389,-0.02706691474599772,0.0036508423376159873,0.032683458389953644,0.5287579875896249,-0.000363706173127616,0.14403158129613755,0.02074509641066588,0.01002781292385259,9.215388461624016,1.1177587507263578,-1.1348245254482732,0.007875423102895872,0.010622634712426056,0.06437042667504297,-0.23192324661655583,-0.0053295666969769544,-2.071706270932532e-05,0.005293068015449102,0.23150480468199233,0.00044785183599592405,0.42384782595116594,0.17964697956352987,-0.936392795184889,5.162051589224951,1.6581542929722937,-2.1379976887515304,0.06268411813914959,0.08409447705991448,0.2179779154619244,-0.815793403970819,-0.037353784966760804,0.005964752728646116,0.04674069209315367,0.7205085830942553,9.039837410269018e-05,0.09026099159602816,0.008147046603898265,-0.49966370366977175,9.285491115855516,0.6164398533845317,-0.7273600272535604,0.00644357050207979,0.008690482599986449,0.0410521767957224,-0.1409535833662284,-0.0041843788053725055,0.00011247758877800372,0.004506103794613943,0.15039091160432844,-0.0005141460880940269,0.10284265951578765,0.010576612616280227,0.01348113883629327,10.847086475833812,0.873228662269708,-0.8458539717904274,0.007946332398174771,0.010741891298836676,0.04616688349192644,-0.16101846711356466,-0.005482246836955094,-1.4300667747608098e-05,0.0052596444618815815,0.1598627243544984,0.00019346268629987745,0.17580175613691507,0.030906257460823355,-0.04687838171008878,8.146087321849002,1.1657739227690613,-1.1652951112737522,0.007694451390895414,0.010388328443796599,0.079208594802592,-0.290634880159445,-0.005228973680753428,2.8901081993595304e-05,0.005159354763043171,0.29177276205672653,0.0055861296665007465,0.4429858734298379,0.1962364840583964,0.6429228615537573,6.719466059601324,2.912995,-2.541622,0.045432862383885664,0.061348,0.21684163688402192,-0.776176,-0.025604,0.00498,0.035744,0.745758,0.007897409597717817,0.5919475446621979,0.3504018956316048,0.8151178267337804,6.432496192033803,3.7394092387113567,-2.472444012591391,0.06363560918765519,0.08585777567180453,0.29545483298611597,-1.085241946247051,-0.035192873661417504,0.007142294882339074,0.050664902010387015,0.9970161076208367,0.0008569677207235679,0.2050267462892922,0.042035966693973796,-0.07013625206783296,10.091083365687236,1.7510580562287386,-1.9753629810792839,0.008535958697051227,0.011520219938430963,0.0918674244355916,-0.3267603123260847,-0.005715259164247673,-3.444743174878641e-06,0.00580496077418329,0.33875743845463924,0.011161172856724777,0.7841983660756348,0.6149670773556952,0.660475201764086,5.573578690521247,4.701860074208837,-2.8950806970499268,0.08836057123288021,0.11927017281073234,0.3983954995888882,-1.5060154916455635,-0.04854222586546479,0.010816640162225917,0.07072794694526754,1.3063333990685055,-0.0002321982666615913,0.2927695188749056,0.08571399118224371,0.13017926235650412,8.815709667230193,1.9995288388065222,-2.060628757312098,0.019937038330691156,0.026840799967086743,0.1346990289799669,-0.47455806843234105,-0.013922767855014544,-0.00026605580923722266,0.012918032112072198,0.49390521113352953,0.001211530678078017,0.18886358786674975,0.0356694548219015,-0.11691875319373889,7.371582859467772,1.1768980140513952,-1.273753370308163,0.007227070818068192,0.009819942459522044,0.08711649734805914,-0.32696229401763593,-0.004708465757419427,3.9161041239368786e-05,0.005111476702102616,0.3298530302463265,0.0003631615528686722,0.2199717792324036,0.04838758365866931,-0.18970341671136592,11.185782189306131,1.7038239191150504,-1.8666454697171646,0.009565416221072058,0.012885879866304826,0.09475599833541618,-0.34513604219844607,-0.0062802642094839135,6.402582529941836e-05,0.0066056156568209115,0.3432671041029247,0.005220548194887711,0.15921956304071422,0.02535086925487597,0.29515645676248553,6.897940824931206,1.196131,-1.030095,0.015064721142235421,0.020321,0.07745884269317482,-0.27802,-0.004648,0.00527,0.015673,0.28243775,0.007383337220078693,0.18743702390053446,0.03513263792868952,-0.0535331401545726,5.834839068281301,1.0586134544096721,-0.9145562229881479,0.019610238234156908,0.026414060946776542,0.09194279178760009,-0.3273563024217819,-0.005297980849329302,0.007441556952890747,0.02111608009744724,0.34764784759310613,0.000696895154671619,0.12475643878631663,0.015564169018643971,-0.08174386004155221,8.26996747851582,0.8948359811902045,-0.9619063732642487,0.0077370472893082895,0.010436902378310206,0.0576556527751321,-0.20431027919262393,-0.005108205541198748,5.8112188791385616e-05,0.005328696837111457,0.21492421445681253,0.010442628184260906,0.2564573081004476,0.0657703508781279,-0.07486608241078702,5.534097638181279,1.27764310935436,-1.157691373722704,0.02693252690739051,0.036277789922214906,0.1256638387699463,-0.44615488654015883,-0.006915739296624501,0.010405888548655281,0.029362050625590407,0.47708518568584324,-7.202290414353097e-05,0.06695227553228536,0.004482607198951057,-0.09726443400036809,9.773254841201386,0.4477863887645118,-0.5904388482520863,0.0065192234995130865,0.008799632191418567,0.03133619787671878,-0.1050516110697482,-0.004426752588917079,-4.382107594625697e-05,0.004372879602501488,0.10932473253441709,0.0009853349801988707,0.1461732612170785,0.021366622294836265,-0.011787413684997262,7.171157896644388,0.9178479226924533,-1.0760546357383056,0.008519113748785237,0.011487321473010147,0.06806777831882675,-0.24791827897760182,-0.0056338354185025636,0.00012543416118824445,0.005853486054507582,0.253594206676371,-6.112778322292433e-05,0.09877372267499061,0.009756248291075954,0.0449146821610994,10.728226614747996,0.7604379648271765,-0.6997742872080115,0.006737577961323704,0.009088255409425715,0.04317960084461033,-0.1512153452392102,-0.004557785957053834,-1.5361168014384934e-05,0.004530469452371881,0.14619917415117992,9.622245483559223e-05,0.9751158985204813,0.9508510155474056,-0.0011040749557904546,1.5671352103446088,3.197662,-3.194202,0.7059714396869218,0.95220975,0.6836174650982345,-1.910873,-0.47505175,0.000127,0.47715799999999997,1.9095555,0.00014057296834439203,1.3788893367783517,1.9013358030810426,-0.0011052526570068937,1.5704818019167108,4.506215001408467,-4.531597348230115,0.9933943977467984,1.3391735400421347,0.966266686680655,-2.6965142173826777,-0.667781848663641,-0.0012728069309405222,0.6713916913784937,2.7008797744177393,-7.476412976270567e-06,0.014239438445908614,0.0002027616072548203,-0.4529528062139151,12.787521365170553,0.12191655393013248,-0.3649233707988683,0.014672031811432739,0.019830227209416452,0.01142051481890719,-0.022669518306993278,-0.00971992729687703,-2.7880567210312665e-05,0.010110299912539422,0.02272285542523119,0.00021404222200901383,1.9492944823916905,3.799748979082689,-0.0010976878444873494,1.5814914682934242,6.31555734864665,-6.370902806438767,1.3731807896436061,1.8510649996973856,1.3641981532757035,-3.8109626771512186,-0.9227604989318184,-0.0007122310389066668,0.9283045007655671,3.8040810213189657,-7.533689430085663e-07,0.04763584203929793,0.002269173446792944,0.018010577515940315,0.2034343920810633,0.17257104703252493,-0.1469478978366005,0.034491062459917676,0.04669509291998809,0.0357363065825343,-0.08728634613234303,-0.022783839631897118,-0.00036690586368834724,0.02391125328809098,0.0889394544769103,-1.1005428424297932e-05,0.005415596577468525,2.9328686289888808e-05,-4.898655432346513,239.86174743739667,0.09317005411285874,-0.24223760566527514,0.0040461715786351046,0.0054631551938911305,0.0037932668165595596,-0.008204279092965814,-0.0027065080477755134,-1.2506023311748858e-05,0.002756647146115617,0.008185776539226869,-2.068947188051093e-05,0.019398636620308447,0.00037630710272677195,-0.127123606281628,1.1425594670065449,0.06169949038890536,-0.23036133921598534,0.019915195081437995,0.02692088388923653,0.015661392988856042,-0.03330164157891087,-0.013620227409496982,0.00013223246870587514,0.01330065647973955,0.0334545468845723
-5.909857723577236,7.612498707068742,57.950136565123266,0.9098692104546211,0.17120933871592792,14.2,-22.3,5.708018541246569,6.4,8.917174796747968,-15.4,-10.5,-8.850000000000001,-4.1,8.9,-8.313380908854205,10.814515204806534,116.95373911499172,0.9326293586940458,0.17609323413879974,19.89874695006705,-30.788871150792243,8.123414927266252,9.132034557564774,12.63775289017192,-21.929666354072825,-14.856388832914815,-12.550169752332762,-5.724354275350041,12.501882357880135,-0.057857866488136254,0.6297312474669651,0.39656144403630006,-6.70746906646522,73.04176120645272,1.3393112256652269,-8.387902868662147,0.29457254813214095,0.39155079831318695,0.3069193798573514,-0.5859137726556882,-0.20455752135555572,-0.014205193603678334,0.18699327695763124,0.4870798066528902,-11.652719821096435,15.428871071183762,238.05006253121115,0.9493854966343368,0.19076743627119974,27.832561208891292,-44.314040848265854,11.152912933799868,13.03532060696951,17.925550722131657,-30.678711941763886,-21.07461340119115,-17.661700801490273,-8.039292794221641,18.1248857713582,0.12525609266293602,1.1101413279361234,1.2324137679917797,7.474510606776574,67.11576911634411,12.203212157697903,-2.072611260186646,0.2572454858814156,0.3340574464885049,0.3574474315039835,-0.4129499417171727,-0.15749418388138847,-0.005675593183271488,0.1765632626071164,0.5159125685269764,-0.08192913849859834,0.5891575209089394,0.3471065844435673,-2.4663029003088424,10.877002745162866,1.5570126908696786,-3.5313744334091517,0.3134123975118579,0.39945457800503464,0.3377749566495256,-1.2519870711484598,-0.21924125270548211,-0.002830472613693628,0.18021332529955253,0.523298270653137,0.05345873613593216,0.6578422779162891,0.43275646261409223,5.992351076854078,49.9652653998723,6.756398633656446,-1.2226817324754724,0.2874355677518947,0.3809718294306469,0.30333778896282404,-0.48844259225592945,-0.20299243962192157,-0.007548122868885904,0.17797938980872535,0.524946563869183,-149.14329268292684,13.356511449526353,178.39639810132857,-0.48116518768698097,-0.5412497298618222,-112.7,-184.2,14.974282406906571,20.82499999999999,149.14329268292684,-173.67,-158.725,-146.9,-137.9,-131.715,-210.84278766351676,18.114382519640827,328.1308540678691,-0.3058657301989964,-0.9267520100436886,-161.35653621116697,-250.95737410586028,23.004393548417266,32.3257789031837,210.84278766351676,-241.56653807379263,-226.7969674159993,-207.95441697218655,-194.4711885128156,-186.99743837059063,0.2834748647114656,5.2655647215585475,27.726171836921942,0.04277589430388606,2.1140109473011144,20.088924400234966,-19.743699562230606,3.4497566046645787,4.83386074846704,3.686474648043435,-8.543864932407216,-2.194511789689341,0.11397914372475171,2.639348958777699,9.62685497655489,-297.9079021334429,25.194755308179584,634.7756950390434,-0.34798788402636066,-0.9491085703990927,-231.44030572361015,-352.5011100947856,32.74439058333772,47.30441024521815,297.9079021334429,-341.6334626130416,-320.9273921498253,-293.66094763643656,-273.6229819046072,-265.62462782702755,-0.10049237437851291,4.333676214628712,18.780749533238637,-0.2192693600042266,-0.15953157540450835,9.199319782327754,-12.314103497344924,4.251678745269005,5.654620910929013,3.4577620491289207,-7.480855560049674,-2.9164862320201674,0.0033083137140792473,2.738134678908845,7.081027358353336,0.38925260387060817,5.785428937269617,33.47118798819665,0.31581477988598655,4.89362979809854,21.84488909092091,-22.083000130543113,2.182522525176493,2.970281127925775,3.396616292816311,-8.943856299214072,-1.2048720993101614,0.028757406728600693,1.7654090286156134,10.072074411925485,-0.29413921656932907,4.598420903519926,21.145474805929016,0.30914948820911303,2.5032537885183803,18.90196166873805,-13.907434205514244,3.775960311503703,5.1073356210200345,3.416278434953946,-8.554738015194406,-2.7141490603530416,-0.3389846904403255,2.393186560666993,6.428279631353062,-1.7860772357723578,6.8667559039506525,47.15233664444114,-0.4909793718196731,-0.8924195275854205,9.0,-19.4,7.93192186900497,11.625,5.695630081300813,-13.885,-7.625,0.0,4.0,7.0,-2.5484842584794456,9.42479458997957,88.82675306330816,-0.34068675592277425,-1.2510713365464947,11.917620759658774,-22.451507225432028,11.343535162359148,17.664528092916797,7.965949364152764,-17.772310064045712,-12.173545954649914,0.20596683221734252,5.490982138266881,9.8424954893579,0.07094484478414262,2.274417621869299,5.172975518669597,0.13821786339142667,1.9355114281920693,7.914052786785021,-7.349119881896764,1.2202970755378237,1.6506077343952512,1.5239639213955016,-4.179434694159538,-0.7629822994853364,0.015795750796293806,0.887625434909915,4.440525308784112,-3.6621464309023932,13.124083470835204,172.24156694944983,-0.3135478762954208,-1.329844559596359,15.320442259797844,-30.07577587541832,16.410996161381565,24.80104271711039,11.172969425977143,-24.0577173908456,-16.94541088104144,0.26953130054663443,7.85563183606895,13.353186982662935,0.09048497919214143,2.0031224889902974,4.012499705898684,0.27584938036266243,0.8710017653394697,6.5486924980369245,-5.638638901072257,1.5985431271743578,2.156538899944573,1.5060887729087777,-2.8253181727381733,-1.0475446061284517,-0.11695382849607594,1.1089942938161212,3.85289347746421,0.09850385564774303,2.5846641459924724,6.680488747578996,0.28187811095633286,2.9540437574299645,10.255861506843416,-7.925645036332359,1.2239198503426156,1.6819875711428536,1.639344700634126,-4.783554638576693,-0.8029875705509193,-0.004893402959374274,0.8790000005919343,5.0082071181806125,0.09981848348032046,1.8744532887879934,3.5135751318481248,0.136940057836723,1.7410958850089084,8.309188495486877,-5.738841300004265,1.3234651044613708,1.7709446130159598,1.347453523962921,-3.1228076812398218,-0.817506525042346,0.06188295106564139,0.9534380879736138,3.11169812501774,-0.6232723577235771,4.242259457875614,17.996765307935092,-0.058826375850779836,-1.4934183140502595,7.0,-7.0,5.633888430321287,8.5,3.8372967479674798,-6.6,-5.1,0.0,3.4,5.3,-0.8810696143601021,6.018522915008352,36.22261807848063,-0.04805646572409406,-1.4929822998200037,9.84554974452861,-9.87487732276434,8.067207027407507,12.037903769685911,5.447627030073442,-9.291629334814218,-7.2575213149257065,-0.035920967559807754,4.780382454760206,7.565343681087811,-0.01136342753682558,0.16984928832744864,0.028848780745340783,-16.915947628752104,339.85755690025036,0.3930225991171149,-3.4579749061066476,0.058680341011197824,0.07985486470612171,0.056202725560515226,-0.10500963897013718,-0.04352136881847038,-0.00013031192076784492,0.036333495887651335,0.09207936830043918,-1.2666314540485824,8.568973288246484,73.42730321468177,-0.03159038623149247,-1.4872932996212982,13.782023496783221,-13.914181205345123,11.545883695247763,17.088617603974622,7.758797934532113,-13.077940311140313,-10.351043363341898,-0.14757591509142473,6.737574240632724,11.009718684007346,0.027768088422428474,0.3480787387685304,0.12115880838269084,13.27354804686325,196.6473531035139,5.233448143296497,-0.9554298372833493,0.07768059177338836,0.10173440200508635,0.08820944041852895,-0.10880200569669984,-0.04408749642883941,0.0041932098703140325,0.05764690557624693,0.12302589112052761,-0.016244159657891215,0.14309554890587353,0.020476336116673242,-7.451091733317316,70.84959186538643,0.2574683542704164,-1.4322466870780994,0.06285869977614242,0.08522781931628348,0.06395765359002095,-0.11856954722264199,-0.048010000234747816,-0.0033269204178527603,0.03721781908153566,0.10346933513919632,0.011571078824123494,0.19081526482938882,0.03641046529190979,12.889790923164814,188.43536732875742,2.83617181799566,-0.39295078909610315,0.05348621208996677,0.07915190569075933,0.0603256515393067,-0.1006230147465956,-0.035735941368792566,-0.0031161461889886374,0.04341596432196676,0.09719112550158435,-0.13140243902439025,3.328605335620199,11.079613480319255,-1.9302062140109,2.8082669872354957,3.6,-12.1,1.0378215529539212,1.9000000000000001,2.3452235772357723,-8.7,-0.1,1.2,1.8,2.4,-0.17511072300749983,3.6005632038094113,12.964055384626294,-1.0531350928509509,-0.2841438755206225,3.9397768621351177,-10.368792238833633,1.528327939530157,5.1146388523720185,3.0229265946671617,-7.359753584883687,-2.7366053691330725,1.638179410613271,2.378033483238946,3.1543267291703967,-0.07020404288870394,3.013182800857256,9.079270591381977,0.13507702510194242,2.301482324699391,9.667989776489675,-8.363419449171014,0.4909084711807107,0.6548363912124433,1.6844936944015696,-6.355924257904434,-0.35536938101158294,-0.020435029884753902,0.2994670102008604,5.952103388138825,-0.20987720367226892,4.83995677430224,23.42518157711414,-0.9768436089214461,-0.5278821940809566,5.454290193844371,-13.424279003374622,1.7154390074990336,7.489161899435521,4.172474264000448,-9.604894921140284,-4.199900884971065,2.486754849824161,3.289261014464456,4.233777021657468,0.023916499491893686,1.5042464332071261,2.2627573318163607,-0.16677402518642237,3.256861308717962,5.7617559497785775,-5.347961138437438,0.8656189104133509,1.1686355143833416,0.9658049390895944,-2.850964403639301,-0.48581303337007925,0.011381082840785955,0.6828224810132624,2.440529448926648,-0.09778142203039411,3.597236238180083,12.940108553275994,-0.19237000868478346,3.8320357755515335,12.977456694185395,-11.937545333956466,0.21630016061223414,0.2858130275287549,1.750808692694485,-8.697354330008015,-0.15501540879244474,0.0016549146505389755,0.13079761873631018,6.886540673638139,0.026851219550519202,2.2281569201429634,4.964683260780976,-0.3620541970725342,4.087257330401228,6.704807415298055,-9.579950300355929,0.4954033302705296,0.6596804290053018,1.222317501693556,-4.049939405781678,-0.3056995021346821,0.01686232943227507,0.35398092687061966,4.4704862684986875,3.1046747967479673,3.2250163067488034,10.40073017879569,-1.5311043134979514,1.5571466627217418,6.4,-7.1,1.3343419966550423,3.9,4.083739837398374,-5.0,1.4,4.6,5.3,5.9,4.389764716451499,4.5281921446345565,20.504524098730105,-1.483460343622772,1.379604963800479,10.074121145579383,-9.906812750794785,1.8592598931030715,5.3686090298914095,5.755948522344105,-6.6461682909066,2.1001402688974675,6.5026423351351506,7.468749298788877,8.263134183285425,-0.03425730866155702,0.4268840035008454,0.18222995244490978,-8.461751635680944,82.71730843714228,0.5802786124200512,-4.66967966858147,0.10135023629197312,0.1371493295096563,0.14616894881490172,-0.28233709632169485,-0.06549880548692663,0.0033526219881873515,0.07165052402272969,0.2397342943856493,6.209546299243438,6.301073297829303,39.70352470461745,-1.5474850888608578,1.7069383322049898,13.319824495237881,-14.5632616624962,2.611584337971041,7.619623396531257,8.060673985535171,-9.844097546503196,2.9038455289305025,9.115720922816664,10.52346892546176,11.630478448817543,0.11657526447650116,0.8818310820263879,0.7776260572278301,6.014152650382027,40.16053527592715,6.765561546233842,-1.3037245301198914,0.16886574677210608,0.22072817081023424,0.297496473603989,-0.41436639494392025,-0.08496803672781905,0.007536773597065616,0.1357601340824152,0.5069438272041391,-0.047915514684354864,0.34654505034181715,0.12009347191641258,-3.954267507562729,17.134948476010013,0.4222177296699143,-1.9003454765880479,0.10581059098311009,0.14312953791938055,0.15600239522154316,-0.31977455066416605,-0.05923330487589545,0.004963576440649859,0.08389623304348509,0.2425080667476739,0.04309792987188309,0.48737015421394514,0.23752966721852464,6.114571934956537,41.969098519213965,3.8691970958961073,-0.5723704398808991,0.12364210420830435,0.17195349755033193,0.18143375677530119,-0.3301401995368608,-0.09810105824035029,-7.831602460568396e-05,0.07385243930998164,0.2525580894575088,0.0006991026895218307,0.2379156132871837,0.056603839045816735,-0.7731637657983803,5.13616919186496,1.166593,-1.372003,0.03172027446492735,0.04279,0.1212275000865726,-0.46287225,-0.018759,0.002577,0.024031,0.42529500000000003,0.000988164963408322,0.3103191484456751,0.09629797389204894,-0.9162164212925881,5.144325182112164,1.2696968817251517,-1.6636202063718322,0.0438274312421133,0.059125965365142835,0.1593556446811784,-0.5900672882273388,-0.025115966252522073,0.004381890447596162,0.034009999112620766,0.5397803148998779,0.00039400063680166954,0.129999159018498,0.016899781345516732,0.0010397138747377246,9.406566744226124,0.9960479010880824,-1.0691559524347127,0.007804733319582198,0.01053205774689096,0.05857212628031015,-0.2073414219346801,-0.005238917791122041,5.094764191383662e-05,0.0052931399557689185,0.21430016143659433,0.001396191990153101,0.4306320884877273,0.18544399563530184,-0.9722998799668647,5.138745206232379,1.708679997437287,-2.267240691302923,0.06194644972774553,0.0833478845535628,0.22236701730222472,-0.8163974028794316,-0.035303866981863025,0.006940424667429065,0.04804401757169978,0.7448621795983688,-0.000893999150004007,0.08436784732277419,0.007117933661878935,-0.3071550379462661,8.406645266386679,0.6431875824668744,-0.7058810996762215,0.006518406821188584,0.008775388627459706,0.039083705263163175,-0.13867335346122447,-0.0044326422446992145,7.147591168240209e-05,0.0043427463827604915,0.14043847289677253,0.0005576650417258882,0.09024965917000453,0.008145000980301983,0.023314563499674677,11.22326116823524,0.8167825326562437,-0.8125223249661828,0.00786948217607379,0.010616957571342794,0.040983971240262644,-0.13719688030664706,-0.0053138518132588835,4.8986285523977435e-05,0.0053031057580839105,0.14479881659656468,-0.00019809457902473553,0.1601520428620883,0.025648676832900175,-0.03030575925676027,8.014239073055949,1.1052884125884777,-1.0300919916348992,0.007674504347004324,0.010351928671564667,0.07302909862548143,-0.2647351158877551,-0.005234169823661941,-6.661113766202802e-05,0.0051177588479027255,0.2617620244090956,0.006229729388508931,0.43589409721225963,0.19000366398449087,0.7551379343056301,7.1143783292594005,3.099921,-2.599544,0.04565525271666151,0.061587,0.21316085947825586,-0.756077,-0.025543,0.00504,0.036044,0.751031,0.00881422817623374,0.5845850714801879,0.3417397057974964,0.9667772710734337,7.072047146210238,4.254654633929587,-2.4973733292750198,0.06399831236907721,0.08624054424075614,0.2909409183657185,-1.0452174393831801,-0.0357160505600311,0.00703576247305155,0.050524493680725036,0.998302785720252,-0.00021395902351869752,0.1955374170565962,0.03823488146916523,-0.17065772154557365,11.28720025401039,1.6107780125780118,-1.7729246680612023,0.008530111147334972,0.011500042960888681,0.08578665156168,-0.29867592651289093,-0.005798423037805051,-1.4550299626222272e-05,0.00570161992308363,0.30963585263770094,0.012476740264896645,0.7733522170190978,0.5980736515683538,0.8545184782690765,6.195762719564488,5.012217944916432,-2.9986201096375633,0.08824174146325237,0.11901559496160725,0.3906134447817736,-1.4337031284276212,-0.049238285949768326,0.009485618001904065,0.06977730901183893,1.3115321271764406,-0.0008187917933217254,0.29204035621376656,0.08528756965746367,0.17048635928070613,9.421220642959128,2.0893549915477356,-2.046427805836498,0.02016082746385385,0.027311105856806225,0.13407655460108792,-0.4666601671894441,-0.014298506209859611,-0.0002703127983907255,0.013012599646946616,0.4963177301689543,-0.0003029756334670803,0.18693749735927703,0.03494562791894971,-0.12103090665650351,7.079938886526513,1.206057853492875,-1.2396382860307076,0.007414529316634911,0.010001476200171765,0.08621600856503833,-0.33249080674199344,-0.0049695187104821376,2.578946279931316e-05,0.0050319574896896275,0.3200112853978978,-0.0012945219475014025,0.2037381348346599,0.04150922758590606,-0.05708369217686314,12.321245124360455,1.6145314160334856,-1.671283492628652,0.00940671325464034,0.012686148057062918,0.08670263976661133,-0.314687293189327,-0.0062834903341966305,2.2852691680079712e-05,0.006402657722866287,0.2944480393345174,0.0059422819813580345,0.15264699689484612,0.02330110566101516,0.1908699122184986,7.793081380711827,1.231573,-1.038442,0.015244116010674599,0.020564,0.07399249893227137,-0.251212,-0.004044,0.006299,0.01652,0.27215575000000003,0.008404582138147048,0.18123413149154322,0.03284581041749398,-0.033273062388405966,7.178122725856955,1.1029008041821189,-1.0317099257383926,0.01993316697801474,0.026909129268994844,0.08746414135150725,-0.28727130935306155,-0.004677729929156826,0.008877243583021662,0.022231399339838018,0.31182831470501143,4.833143346181907e-05,0.11727054257027775,0.013752380154727326,-0.12514193189181114,8.04755881438361,0.9024096117838757,-0.8755673236685335,0.007698266935520972,0.010376822941408159,0.054539636202932715,-0.20028932356983847,-0.005103773014307005,4.044028873046693e-05,0.005273049927101154,0.19893207654882866,0.011888320375419738,0.24791386529208123,0.0614612846040602,-0.050521515920451614,6.906756455057762,1.347892463608546,-1.3010661021384249,0.027335128944516597,0.03692859204609661,0.11910024693114768,-0.3970000558863126,-0.006126933393145722,0.012525309438224599,0.03080165865295089,0.4343161928142373,0.0004589319760081642,0.06495223110149118,0.0042187923250615175,-0.19649529021279102,9.754014389787852,0.4734440936753779,-0.5946812892911253,0.006634641979366808,0.008943038403458791,0.030555528870797797,-0.10361919404645639,-0.004436955568255061,5.016100486944335e-06,0.00450608283520373,0.10830353362359403,6.768220055913474e-05,0.1399078857246205,0.019574216487933473,-0.10467467790890096,6.851685880887283,0.9232866152831897,-1.0759633011007645,0.00855047369735026,0.011522504100570855,0.06591202494480654,-0.24189520574291765,-0.005729413037951648,7.817463787037275e-05,0.005793091062619207,0.2431881325939848,-7.92811646030277e-05,0.08902688456714179,0.007925786175731189,0.07442956710201563,10.906614650623013,0.7621626470969521,-0.6859442602848367,0.00673311505192233,0.009088327332374293,0.039648958065258415,-0.13851121279188458,-0.004614870625794921,-1.8027558248954464e-05,0.004473456706579372,0.1422872691464027,9.453585548148786e-05,1.0396113969514518,1.080791856671349,-0.0010829771422005635,1.9013823777020624,3.629712,-3.625241,0.7132636186986415,0.96196875,0.7147755124520243,-2.0274645,-0.47979499999999997,0.00048499999999999997,0.48217375,2.028455,0.0001764852844602905,1.4701013698492094,2.161198037632522,-0.0011561404583483748,1.905006276181255,5.115387890590032,-5.121027373464855,1.0013940188954074,1.350957927360879,1.0103195761670876,-2.8606328494196447,-0.6740183816024409,0.00022065404152759455,0.676939545758438,2.8754347483153793,-1.7323716830506513e-05,0.014973895276911092,0.00022421753976390032,-0.991388567154343,39.34470156580249,0.2923467690285406,-0.4830735016072071,0.01598475080646145,0.021624769052468545,0.011900849228691536,-0.02318409454840771,-0.010629313629609869,-6.206544174259393e-06,0.010995455422858675,0.023181166160178412,0.00037279358863185307,2.0783198867606734,4.319413551704898,-0.001301850634910056,1.916304802745553,7.199165660580546,-7.149604000242666,1.3833262388022558,1.8649487185956721,1.4264791631797054,-4.0409102450582175,-0.930692908655645,-0.003026403867749449,0.9342558099400271,4.0540212641721975,4.348672129990182e-05,0.048353846631338536,0.0023380944840470093,0.08948426101407425,0.9043003931365465,0.4915498244833096,-0.18083121537551763,0.036402670235920954,0.04917496232124581,0.03659017141376551,-0.08754335256876915,-0.024110135772092225,-0.00015386523830686338,0.025064826549153586,0.08845154082114554,-2.3892690485865605e-05,0.005985481952130146,3.5825994199275705e-05,-10.292475332405532,542.685847731847,0.1169287067527165,-0.3237876368056077,0.004095717144262437,0.005504897625731597,0.0038885907889745354,-0.008290757950555089,-0.002716041669532371,-3.891187956112259e-05,0.002788855956199225,0.008264426699250196,-4.485879127718882e-05,0.02031427790620792,0.0004126698868506472,-0.34570568737600593,5.307878428908449,0.2066049847017544,-0.28773315960215007,0.021753107876757306,0.029314403999725222,0.016402536216655335,-0.03396575973868242,-0.014825421426535356,1.862811738895893e-05,0.014488982573189865,0.03424523750616178
-6.0515243902439035,7.976874458803958,63.630526131518934,0.4567455566935127,0.2722919651139595,13.6,-27.2,5.040847542919047,6.699999999999999,8.952134146341463,-17.9,-10.6,-7.1,-3.9,8.5,-8.489043994481525,11.309274962053346,127.8997001673267,0.481253219871111,0.2673240583184411,19.11032509274045,-37.70921026025841,7.15063236598604,9.525919286060827,12.660719957562454,-25.362546073069787,-14.943273814480811,-9.937796903711801,-5.4173545284199855,11.999100771900215,-0.04790396203053161,0.704525358561572,0.49635598085631155,-5.505868494228529,58.42325545555626,2.8779518064430456,-8.509855452447416,0.2808942257534594,0.36467430441960796,0.3259972489576425,-0.6440628809843515,-0.17350239470452583,-0.023507978560901255,0.19117190971508213,0.555714967083668,-11.814168148225388,16.067627376019185,258.1686494946012,0.49845492552561294,0.28773304427925384,26.98193919121286,-54.380379803249944,10.039316364522534,13.271793909095909,17.863978600712496,-35.272234467171,-20.856506335327733,-13.954210668371058,-7.584712426231825,17.21133176481434,0.13171026648944992,1.2225581080316328,1.4946483275138858,6.814803003303252,55.164470699708794,12.263361025633706,-2.1352283406144776,0.3190891150673154,0.4322804890669678,0.43300546453114824,-0.5968698790245418,-0.21418815215562914,0.024974427188598325,0.21809233691133867,0.6134000607907723,-0.06702527909336557,0.630842048713553,0.3979616904251127,-1.5663661762892898,11.03716758293432,3.0682417380345215,-3.51754094426222,0.26503627021892645,0.34033166615089483,0.34014176824862874,-1.1187965162405116,-0.1792310794500893,0.003473666000658258,0.16110058670080554,0.5289143924010682,0.10158812758859014,0.7568597693976106,0.5728367105326042,4.827992271097028,36.22447340474015,6.981541455812477,-2.0132846412241707,0.25938797533703645,0.35127087703887716,0.35115592134538964,-0.5721567424026153,-0.14681135942931683,0.01920157393669443,0.20445951760956035,0.8003013036166282,-149.0780487804878,13.556779341401171,183.7862661114416,-0.5794880455130246,-0.23441228187865137,-112.6,-192.8,13.788200632102114,19.025000000000006,149.0780487804878,-175.17,-157.3,-147.3,-138.275,-131.715,-210.75090705045548,18.11514983070176,328.158653388774,-0.32322570041573484,-0.8104859695755526,-160.02385995577217,-254.544358537891,21.66338319710866,30.83661689793547,210.75090705045548,-242.09319485630382,-225.51848303175078,-208.57992157706886,-194.6818661338153,-186.9402788885125,0.34895568912129565,6.193090467808728,38.35436954246334,-0.121024978030592,2.120610455921109,21.938625898765597,-22.340617892587773,4.258507526884223,5.7291919893646455,4.323261702170686,-10.379882293136632,-2.5900512185827207,0.29538121078880764,3.1391407707819243,11.80019157653616,-297.78345872628694,25.137690969495203,631.9035072778407,-0.34036743485996646,-0.867942877257657,-227.2103120252203,-351.1268176864929,30.72416929666286,42.48362459933037,297.78345872628694,-340.5146023203464,-316.68584414408383,-294.25128096713536,-274.20221954475346,-265.3933429421983,-0.3136913980701846,4.621168060238215,21.355194240965826,0.056117811287296246,-0.2908548786663503,12.5292560561331,-11.086159560315664,4.7924425610024315,6.357612226897392,3.7543037131214403,-8.268116013901803,-3.4988537695611583,-0.3819126147291563,2.8587584573362337,6.8590960772165275,0.4787124470324411,7.0311762160882205,49.437438981684664,0.13290812246363168,4.979726324749471,29.616576418317614,-27.816388002028038,2.6086685276326107,3.740469856822591,3.951753088727565,-8.71945488148462,-1.4675597505686802,0.035249694940826574,2.272910106253911,14.744784508934515,-0.593907979056544,5.087063385146039,25.87821388449348,0.37180102464069403,2.0700736831260036,20.438496999421293,-17.782236044394462,4.186805441587896,5.598755583093611,3.8272737024866923,-9.328275416754042,-3.612984952687041,-0.7191700001786899,1.9857706304065708,7.074365454609271,-1.7707317073170732,6.978263076308128,48.69615556216538,-0.5786798843137924,-0.7716704623518713,9.3,-22.4,7.264750870677449,11.5,5.707723577235772,-14.454999999999998,-7.7,0.4,3.8,7.08499999999999,-2.529853183990149,9.571686444359528,91.61718138913595,-0.4327278247888561,-1.1419961757795676,11.94356678391731,-26.66561966290179,10.882950695947532,17.584199416978024,8.026090911405559,-17.58587473449716,-12.284421439558022,0.5206568684599316,5.29977797742,9.558816813948614,0.03654242068136718,2.354620323982252,5.544236870110284,-0.04945936929882677,2.1465495715524296,8.150023621881628,-10.07013916197691,1.390119980655407,1.8699854243857466,1.592830621739568,-4.00593311378831,-0.9515209919261203,0.1031366742204185,0.9184644324596263,4.780955975141777,-3.645170660976474,13.314820701120684,177.2844503029919,-0.3816166604615299,-1.2988016960503779,15.432847760468055,-29.33106941027657,15.634099895741233,26.552567708245746,11.208889961520338,-24.48845927905814,-18.531448946642406,0.36370890338871625,8.021118761603338,13.266054354576116,0.14314597676645766,2.2117321769104437,4.891759222381009,0.7207182236632894,2.747122584852473,9.361842266678508,-6.535723977737789,1.7146256641880575,2.220125643929488,1.560548037592293,-2.993423565431544,-1.1666097377954763,0.05698801503876791,1.0535159061340114,4.3010008861316535,0.05232119588054007,2.6812830633237077,7.189278865666567,0.4065568081297168,2.726266343755042,8.957706764331308,-9.08862213870611,1.4483730037873175,1.8495271977814478,1.706744591201826,-4.451732156796821,-1.0913717304946693,0.02083855022425911,0.7581554672867786,5.900001673467363,-0.04006607569400151,1.9357408787001165,3.7470927494706987,0.14283226166818058,4.470519124580203,9.354163376845808,-9.106908643897034,1.5077568920144317,2.0268480488307103,1.3670796363319377,-2.608042357509439,-1.0868924784099114,-0.0900746975233064,0.9399555704207991,3.0510419478798596,-0.6662601626016259,4.329958015976633,18.7485364201203,-0.04778035616252774,-1.51211868023495,6.9,-7.1,5.7821486521718475,8.8,3.924186991869919,-6.7,-5.4,0.0,3.4,5.4,-0.9415077544183897,6.141488579583154,37.717881973150305,-0.037338616699440615,-1.5117368885540585,9.775360314120727,-10.014008852771306,8.237936555778715,12.435488577452231,5.569515966089169,-9.430230668063329,-7.570491887479515,0.010441174186228197,4.864996689972716,7.707199997537175,-0.0046548650284245615,0.17484607691063647,0.030571150611040206,-17.218255210794666,349.4565319003608,0.5674772271337003,-3.5769782539361636,0.05887354175821985,0.07800500970099987,0.05550560382831175,-0.09560029395706296,-0.03529018309149702,0.0022169375184798445,0.04271482660950285,0.09222741581371174,-1.3511422513851419,8.7393252791567,76.37580633490734,-0.02177214070146323,-1.506426101815261,13.825335979549816,-14.08338123591012,11.860885920110595,17.6190393658354,7.931301090843412,-13.27961063644467,-10.732383846882584,-0.09540160380363095,6.886655518952813,11.14076516705424,0.01929952679809939,0.3571112733691139,0.12752846156731001,13.093711492475821,193.91635076095528,5.340828148883555,-1.102189444443559,0.0748696862080437,0.09996478219509881,0.0901655406664727,-0.1409711372275757,-0.05342692204827672,-0.00024579735623131427,0.046537860146822096,0.14123934474931304,-0.005916624679575745,0.14146724635568114,0.02001298179145898,-8.092181067766399,80.50725349822049,0.23630773474055294,-1.547497132496242,0.06013661000384812,0.07980190104136319,0.05957847442453317,-0.0942126631164584,-0.03764570356978034,0.005171178753626944,0.04215619747158285,0.10998505734998124,0.007544064167050901,0.20103239728915495,0.04041402475982464,13.228112304199241,194.57449879765744,3.007180589610816,-0.31771148871724836,0.06088087255368444,0.08146722399575065,0.06153389417752431,-0.09451125825765463,-0.04712569377008963,-0.003746972629197114,0.034341530225661034,0.08676243039314407,-0.06331300813008127,3.220416576534184,10.371082926416154,-2.019018809730362,3.3668099377117002,3.3,-13.5,1.0378215529539212,1.9000000000000001,2.2773373983739833,-8.184999999999999,-0.1,1.2,1.8,2.3,-0.0782838669399887,3.53626842775601,12.505194393143963,-1.1301138630674596,-0.031779234864410366,3.764729325079765,-10.322418972507908,1.5470903967319631,5.053505104683177,2.960495303923377,-7.37921056919574,-2.5977619424815246,1.6384323100681308,2.455743162201653,3.161830772233995,-0.09583081213054896,2.850850922651897,8.127350983185172,0.22758004836866144,2.454001681857589,9.720263972056092,-8.42119464224107,0.5254914179313808,0.6996792833918919,1.5956732746618238,-5.8661387958088165,-0.39592689262766084,-0.013988543204360243,0.3037523907642311,5.762848886067206,-0.07162877990922638,4.750169076589501,22.56410625618715,-1.0002130949432944,-0.44763871447578696,4.6984565595018255,-13.717957706266665,1.814249360541773,7.700226850045345,4.137069383054763,-9.16882020339333,-4.306721589502947,2.4772020033845212,3.393505260542398,4.234067205935176,-0.04471493681455111,1.491369471568621,2.2241829007268676,-0.6049300468738803,2.202896389421741,4.225308325063356,-6.197512311729442,0.8161238780695765,1.063987369809916,0.994794044304479,-2.982574915044734,-0.5444938021658449,0.009466753813537815,0.5194935676440711,2.7015730634894464,-0.13336927046451091,3.184065402789942,10.138272489243876,0.4251418237185484,5.705116836236899,14.601135209395972,-10.811583156610762,0.280673223504261,0.3797854794450038,1.5143628558226874,-6.225056490819888,-0.21810535395205116,-0.013463157092892693,0.16168012549295263,4.777297421369508,0.0729889811456814,2.425879581528536,5.884891744077066,-0.47899036593421085,4.613767599938258,7.786132904396093,-11.19802124995201,0.6021310003007496,0.8051842438722416,1.331134224085434,-3.8924403925243385,-0.39665156192439277,0.006989865889534713,0.4085326819478488,4.5796027309906275,3.127947154471545,3.1571993888487917,9.967907980947185,-1.5118786408467366,1.5232828034574313,6.4,-7.5,1.3343419966550423,3.8,4.050304878048781,-4.784999999999999,1.5,4.6,5.3,5.9,4.423009473241783,4.432550510837881,19.647504031129166,-1.4604749327263142,1.3269602124360649,10.30438794908512,-9.951155032410924,1.8910357382388954,5.340969814626163,5.709770184366849,-6.290104028437995,2.1148556032775034,6.539718903659882,7.455825417903667,8.270689161759218,-0.041726054142196434,0.4236225579731793,0.17945607162373967,-8.488180877212416,82.10331528469548,0.5620310463558079,-4.518029510281211,0.0949669967358951,0.13006235347172587,0.14104714816056052,-0.2806035192279197,-0.06387698877932549,-0.0011481347257860132,0.06618536469240038,0.23663643535564297,6.257450069353287,6.165602914569185,38.014659300144025,-1.526367158242367,1.6629838015110128,13.41834559788183,-15.025051008099341,2.6292056061591094,7.392998221136365,7.996370620051765,-9.185492338981682,3.0916173944342673,9.140143006387397,10.484615615570632,11.763234599178702,0.10470362959112836,0.8851714367712673,0.7835284724757097,6.126452613074595,41.07959496797672,6.8724718513528895,-1.2808568223708054,0.17090946679219815,0.2310149172743577,0.29378047737304863,-0.38350632531041917,-0.11684216823068552,0.0010060520425974329,0.11417274904367218,0.4794917701356226,-0.0583727994773455,0.33596765681398777,0.11287426642508146,-4.104288216174701,17.831826576459413,0.39727992130937434,-1.8815006838170574,0.09547241704318589,0.1276965455246522,0.14151037151036433,-0.30554065770245986,-0.07067652870240956,0.0060010496896972815,0.05702001682224264,0.19347551423644613,0.05798868667092836,0.48756737221167407,0.2377219424453971,5.973965202146808,40.13579793635018,3.729190186833553,-0.5615664164797682,0.14528979999283556,0.19735385429132474,0.18797855440605013,-0.28855178522218883,-0.09438993381680771,0.007467143064182859,0.10296392047451702,0.2963537251986216,0.0009836719732187235,0.23658730390177152,0.05597355236750919,-0.577691184620107,5.3598141883932975,1.270062,-1.438982,0.03154384480092519,0.042612,0.11978866106774258,-0.443572,-0.019115,0.002458,0.023497,0.428103,0.0013906741204993073,0.3014013238275124,0.090842758004977,-0.7016190007717443,4.627957414265835,1.2075071041394807,-1.620002422636028,0.04381244781451215,0.05892637502970824,0.15611977807572913,-0.6047908315392466,-0.02565872489384532,0.004616850061755847,0.03326765013586292,0.5373333590280992,-7.188712788754381e-05,0.14523981339172,0.021094603394061655,-0.047888636401966035,10.76927609281744,1.180185076794731,-1.3703149466602644,0.007925879925066395,0.01067845745836878,0.0645439889462858,-0.23183763529205176,-0.005333205392885403,-3.316462442125035e-05,0.005345252065483377,0.23276565944131164,0.001965611841141901,0.4109934792099499,0.1689156399530995,-0.7512144529138661,4.419225061772012,1.5409514658132073,-2.2280602284579105,0.061919770075288774,0.08314446468784525,0.21573184897848813,-0.8416286012247529,-0.03597709400173419,0.0069608111209392785,0.047167370686111064,0.7514540498368877,0.0006968224143408246,0.11286205658246604,0.012737843816023766,-0.07023832148890297,9.319131994576813,0.9113746293722174,-0.7918295746380499,0.006584609072421367,0.00886423439902764,0.05054132809649875,-0.1828552817772575,-0.004327546544558884,6.309524334680938e-05,0.004536687854468755,0.18953520270160254,-0.00010175080097488155,0.09845258473436619,0.009692911440877553,-0.0731637704764819,16.922937220973225,1.059210503387138,-1.0508429995301756,0.007956316594233657,0.010733848660066233,0.043157195077976364,-0.14485043920270313,-0.005420206078910841,-1.328870221524486e-05,0.005313642581155392,0.14816670109665292,0.001035661251163127,0.18024380124828093,0.0324878278884298,-0.016804125720015287,8.416584913485531,1.159829954057482,-1.1585998434405895,0.007844435670539279,0.010588199659260817,0.08065294470507561,-0.2862724035928248,-0.00518675257498716,1.1765983428366146e-05,0.005401447084273658,0.293584780549462,0.0074929700318685484,0.4260212463500904,0.18149410234168442,0.5912998158387807,6.790342373436369,2.791983,-2.218422,0.04552181851699601,0.061468,0.20863357129491567,-0.736144,-0.024402,0.006963,0.037066,0.738653,0.010599715254553353,0.5613361422179488,0.31509826456012924,0.7714636641212445,6.683387034283239,3.621630223128967,-2.564366080091517,0.06376876582447503,0.08605387816558258,0.2792720119150099,-1.012232038282613,-0.033976684597016804,0.010128147151289039,0.05207719356856577,0.9706828320208715,-0.0006675734527548091,0.2187642337412723,0.047857789964406025,0.022370300132225067,8.875543673779505,1.5154895590275723,-1.6645358959510104,0.008620923842661846,0.011649918053458653,0.09699937265974432,-0.34912642805736155,-0.005950910813939716,-3.370905675084224e-05,0.0056990072395189375,0.35037898903778897,0.014998825477066985,0.7206970717671274,0.519404269253712,0.7695640201913406,6.057567972966444,4.354896984830718,-2.83907594810453,0.08801902375713733,0.1189009297299749,0.36436699140133677,-1.3039491526462281,-0.048060372894206185,0.012844550716577863,0.07084055683576872,1.2678597630602948,0.00034067399262564866,0.33268924233550085,0.11068213196576962,-0.13616081084312298,8.978765965993764,2.0872653542714916,-2.382454696173218,0.020387625904946912,0.027465829495076893,0.15171501243064012,-0.5176344746293697,-0.013951611708901376,-1.9298198231443037e-05,0.013514217786175516,0.5445122279896965,-0.000944124652570989,0.19956602974283602,0.039826600227318515,0.016204622271152453,9.10385603852443,1.4458193471470644,-1.678498628114089,0.007504797571337103,0.010125783508611489,0.08986380063182185,-0.3462989767085708,-0.005079337664306165,3.3310058318786965e-05,0.005046445844305324,0.3266209223603192,0.001221808762416864,0.2363698523582183,0.055870707103845924,-0.08850930244038713,10.905894419198727,1.7573675299546458,-1.709110997284216,0.009399683689632985,0.01271492961047374,0.10074024193849483,-0.35438704657207776,-0.006296907407056288,-0.00010489689682792207,0.006418022203417454,0.3756042640321659,0.006211973598807123,0.13666328479300674,0.01867685341041447,0.21335062920450842,7.686350046899147,1.043358,-0.938951,0.015153677275345756,0.020443,0.06644796374587024,-0.2257805,-0.003802,0.00642,0.016641,0.23187575000000002,0.008787712814491573,0.1449789466097971,0.0210188949600864,0.17067783118498892,7.741810925974304,0.9884560174147452,-0.8349227743149197,0.019704131168516215,0.026574857903097025,0.0720163044224809,-0.23078202988449548,-0.0042268621246764684,0.008961591697087806,0.022347995778420556,0.2502130044829275,-0.0003013744388691967,0.12779489775350678,0.01633153589182925,-0.010686059839322647,10.164838855654954,1.1002106899495367,-1.0296790203855541,0.007596952139745149,0.010239117821162519,0.05744375188619232,-0.20981257297405365,-0.005092628592672529,-2.1089771077647642e-05,0.00514648922848999,0.2052537230344291,0.012435175965981128,0.18973537677659577,0.035999513200556756,0.080310332417412,8.177943769668488,1.21827024082671,-1.0551534329436805,0.026982799115868136,0.03644021632027715,0.09381673638036853,-0.29360347950880655,-0.004919807200841808,0.012874922270568329,0.03152040911943534,0.31960779786403837,-0.00041021136955157896,0.0776600879189824,0.006031089255584076,-0.13279938985797704,9.55904858127548,0.5669255612231232,-0.49361996261767244,0.006590570724455475,0.008910629250933447,0.03551383253546748,-0.12011366542474441,-0.004528801811204705,6.7341279494159754e-06,0.004381827439728743,0.12231853467873349,-0.00042606392761696416,0.15287997245926388,0.023372285979145282,0.020562261679209326,9.133978371171512,1.1148476440343178,-1.136944395889648,0.008385224570912354,0.011307542968068704,0.06931403024991382,-0.25622692350125603,-0.005678443302464338,1.2961287588995373e-05,0.005629099665604365,0.24645171895868365,-0.0005442207074336876,0.09635751887123431,0.009284771443020276,0.05174816948674935,9.893914198773855,0.7112757079612703,-0.7146121394042527,0.0067160877581943865,0.009050863805308593,0.04334555119441442,-0.15611186742850425,-0.004642506672724235,-8.435941838960876e-05,0.004408357132584358,0.1549471263627842,9.283138905943864e-05,1.1832017929787546,1.3999664829081397,-0.0012885485573045732,2.31241811753912,4.176873,-4.182175,0.7226032713741176,0.9746585000000001,0.7831173123410226,-2.300071,-0.48589400000000005,0.0002645,0.4887645,2.2969815000000002,0.00014543701895000668,1.6731760305570063,2.7995180292304997,-0.0012983570068622436,2.3163712895234028,5.899604767117546,-5.8828868268162395,1.0137867408808625,1.3675318758712594,1.1070237669790106,-3.2550878942406505,-0.6819434146686869,-0.000451451114895968,0.6855884612025724,3.2400147392403333,5.95538024896564e-06,0.014738022125581096,0.00021720929617411795,0.01405463147101323,0.00754397767319448,0.10953038773656634,-0.06256068157947753,0.015586530690483904,0.021001810297450116,0.011972293427260729,-0.02318415098605081,-0.010238586362063347,4.070300368670503e-05,0.01076322393538677,0.022974107669391914,0.0002477446666775677,2.3655575087142813,5.595862327034516,-0.0013155067369215597,2.3275912341143252,8.2893458199091,-8.275497672346459,1.3932867126946966,1.878989566242744,1.5634453708440108,-4.60730387663247,-0.9365128664048059,-0.001904443431860756,0.9424766998379381,4.574503187707494,2.8476439567458048e-05,0.048826348035588066,0.0023840122624923746,-0.021719046480326114,0.4806608358956237,0.17373120193730837,-0.1787043658218788,0.03767105344636372,0.05072557770332081,0.03687182161456509,-0.08778522205285985,-0.024611768342469434,-0.00017755233129307726,0.02611380936085138,0.08830672704027893,8.133718102209926e-06,0.005156187968069419,2.658627436206385e-05,0.1726834754670386,5.576620356263417,0.08474848582642952,-0.04977868768411017,0.004231677893036025,0.005716218353243966,0.0038521942606309957,-0.008358797119860773,-0.0028500446619507984,-2.818990026046093e-05,0.002866173691293167,0.008469154707002338,-1.7900864191497715e-05,0.020202881126794355,0.0004081564058233836,-0.0007909871805207074,-0.33412971930715596,0.07390558012850765,-0.06737548597465749,0.021360804427461355,0.028880024245877746,0.016487330242598634,-0.03442749108448088,-0.014787473185256588,8.730501891842507e-05,0.01409255106062116,0.034741056326180714
-6.151475076297049,7.853872398972897,61.68331165934829,0.9817339477491335,0.22267164102637427,13.8,-23.0,5.930408874022408,6.4,9.307527975584943,-15.48,-10.9,-9.6,-4.5,9.489999999999998,-8.653633520591967,11.133279133100235,123.9499042555251,0.9951256295373747,0.23493251484084832,19.316947598720486,-33.11439289033407,8.503637967768277,8.911276340643516,13.164312322299581,-21.78522168211745,-15.230810325793357,-13.739513291539675,-6.319533985149841,13.364395437954252,0.05129184054152054,0.7962522204192799,0.6340175985226335,6.99886578428314,82.04503668022613,10.856568236349487,-2.3458729246149854,0.2967325105136082,0.4122851703208768,0.3528508153642485,-0.6343755552209716,-0.18598697112327295,0.005344575819043795,0.22629819919760386,0.596165627515173,-12.111111348245856,15.845444091184266,251.07809844684638,1.0247109816940114,0.2467053181436074,27.29405847831226,-45.5622667750881,12.155762090850622,12.65560207663616,18.639147880445584,-30.449619475141194,-21.400280732906253,-19.57057630585261,-8.744678656270093,19.002648485288503,0.04746976542393717,1.2569449368212842,1.579910574200662,4.917446550952446,50.49167433971069,12.760650362184586,-6.435025249012682,0.2917242694590555,0.3883675012676203,0.45285575413543055,-0.7029052697075452,-0.2076387969536724,-0.016630494501267412,0.18072870431394794,0.5905698580234457,0.07254999198553977,0.6330052082377742,0.4006955936561479,2.025797617788911,16.016227113556027,4.83079452947597,-2.4003808383272776,0.3020740027604316,0.38977820729246115,0.35582436474806023,-0.5699009959170045,-0.15796553674700833,0.016504610122288634,0.23181267054545285,1.002560218434943,-0.10959463622476631,0.9155650013626593,0.8382592717202063,-6.935378942582087,62.15366749202879,2.3884950254735187,-9.899938249544856,0.28547281197298785,0.3913070799974647,0.3525194981691765,-0.5863397603316635,-0.21277307851594096,0.013087066067394577,0.1785340014815238,0.43702586057819903,-148.32889114954222,13.034121410645975,169.88832094745982,-0.45185546186269177,-0.24057663972895726,-111.7,-193.9,13.788200632102114,18.75,148.32889114954222,-171.67999999999998,-156.75,-147.0,-138.0,-130.31,-209.6768686742719,17.524415741268662,307.1051470728249,-0.28210852096400435,-0.7162165619165841,-156.9815973637556,-255.37319126769518,20.48981869270406,28.524306325309624,209.6768686742719,-239.85524264517298,-223.33571238674057,-208.0593910395555,-194.81140606143094,-185.7374315326493,-0.2500677906555856,5.634192223389992,31.744122010108264,-0.10473158694924896,1.562582693859813,22.815247102249806,-26.63572041254362,5.0522457760655834,6.88327383731775,4.249847586612894,-10.072632111963937,-3.5709959886604477,-0.3423855545812149,3.3122778486573026,8.93499889127357,-296.26966091550577,24.021950082915875,577.0540857861021,-0.3712103226560769,-0.8230523168584729,-239.7233087233221,-353.12031346560343,31.15491858620815,44.09212142109476,296.26966091550577,-337.0504477403018,-316.8246663997414,-293.2040455933875,-272.7325449786466,-266.3611575846206,-0.6805242147336378,5.856115138621461,34.29408451679145,-0.09062004800185322,-0.5455327097065066,12.399970238696355,-14.231576048212883,5.9295739827126,8.039340648894992,4.785805393130038,-10.720095941641405,-4.643302112406927,-0.2760348440188132,3.3960385364880654,8.861458420572996,-0.3462850828112891,5.613285205416231,31.50897079734474,-0.3979839622264015,5.009211780721818,22.52200521387278,-22.73343275567684,2.3342061501185656,3.1548536017076367,3.2636920205275897,-9.796282035453725,-1.6636456754727318,-0.12615923465762266,1.491207926234905,7.912529747192473,0.10008410014354428,5.576345644428781,31.095630746139836,-0.17821082846307099,0.5792245112365286,15.243690357038483,-18.73813231463486,5.762790891290858,7.979220339227299,4.390208970551272,-8.055479881344278,-3.750368155050544,0.08952954754580544,4.2288521841767555,9.072785931829172,-1.5224821973550358,6.722054403627587,45.186015405329044,-0.7240931540855022,-0.03708266915270553,10.2,-25.0,6.968230426976329,10.55,5.398575788402848,-13.2,-6.95,0.2,3.6,7.089999999999997,-2.172722034584502,9.073211139481117,82.32316038160424,-0.4714430691926852,-0.8925275049274508,13.389594457237054,-27.06628089171668,10.210122968880228,15.95408326062372,7.5348264590344245,-16.92668047977391,-10.59187728178698,0.34268276870166464,5.362205978836741,9.745628870705454,-0.05207493119076478,2.7588132888797183,7.611050762899327,-0.25015877513097895,3.6471115752447547,10.120982162656906,-13.691269975995269,1.6936089543245065,2.2947788772655318,1.8507276379320836,-4.708645262656537,-1.1904018339112876,-0.0639804314524663,1.1043770433542441,4.59817112576529,-3.12781332792949,12.384421162486701,153.37388752984847,-0.35903569275751135,-1.2266801064671575,15.257333750679441,-29.02482300322284,14.809716073740708,23.676533215391853,10.468858121711454,-22.554090058582638,-15.916900188394058,0.49650569391376137,7.759633026997796,12.983328075744247,0.09763949817003782,3.1311743874164915,9.804253044413041,0.5391732625128745,4.982471280878183,16.31636144400876,-12.501484936218926,2.691589824789987,3.6033493912366157,2.2058499551030257,-3.802232710982124,-1.8430699166187572,-0.02145448751863588,1.7602794746178585,4.532302679374674,-0.07278999446480218,2.7882235002469806,7.774190287329525,0.10271821319087102,6.37240216698137,11.347969862560863,-12.246737635489616,1.1378456479039276,1.5323199356779051,1.5724372606710555,-3.95409176243034,-0.8739430473049814,0.03833015520165803,0.6583768883729237,4.20090672376528,-0.12660715569635578,2.6876739341072335,7.223591176079455,0.3508246334158914,3.1693504228279776,13.001285815038342,-9.527037373662639,2.0494796688810464,2.7009637217624096,1.910743459230186,-4.668035993451014,-1.5338043605082883,-0.07381170027430507,1.1671593612541211,3.9032582201136305,-0.6662258392675484,4.348795590781485,18.91202309040049,-0.06677447181686244,-1.4333856971807386,7.1,-7.1,5.633888430321288,8.5,3.8943031536113937,-6.8,-5.3,0.1,3.2,5.6,-0.9495500072692505,6.171163367464251,38.08325730793271,-0.056151415046127806,-1.4306400648376023,10.045270554267496,-10.378932713956793,8.10064332098638,12.06568367421999,5.5244456450892265,-9.683633056144629,-7.498023367110595,0.04300850887807907,4.567660307109394,7.983854625590701,0.009555374580743405,0.2081549218604305,0.043328471494721923,17.7003559591379,363.9802318317589,4.3054275255266505,-0.6933862315639926,0.058492674989192785,0.07926540641941095,0.05894739737114882,-0.09473938655126783,-0.03907753555302455,-0.0010053725449015172,0.040187870866386394,0.09655181322216283,-1.3631600337601109,8.787304760403531,77.21672495221055,-0.03301353723695454,-1.4298031899888524,14.227844512201065,-14.000669817830932,11.489343985540762,17.560135561685524,7.881026088683023,-13.658913829205805,-10.991209373785473,-0.012208788929785178,6.568926187900051,11.54808696873193,0.011835761281673138,0.37101876612938506,0.13765492482017133,8.211657821365543,135.47393867913416,4.984726697210956,-2.6009061277134387,0.07055788460135395,0.09660977810007193,0.10017477497554841,-0.15623806124298822,-0.046222253455830586,0.008356855833119958,0.050387524644241344,0.14048145794499795,0.013256101084587218,0.13990032182007683,0.019572100045361068,9.518084266718029,117.24999432251896,1.842787979624465,-0.2052929093635064,0.06051964642811918,0.08134535126531373,0.05841225837778414,-0.09452861455079453,-0.03646448346980281,0.004367392640660147,0.04488086779551091,0.11200350291661412,-0.018101192269173418,0.2560746805463376,0.06557424201690884,-14.025835571794884,209.74322453462906,0.1813885742256316,-3.910393538507124,0.05859541628768559,0.08213285672096016,0.06447546852901778,-0.09761179678792575,-0.04001357369650373,0.004002598792390694,0.04211928302445643,0.08380066463061195,-0.05300101729399796,3.5303636634393984,12.463467596133249,-2.086957525955755,3.584884992314519,4.0,-14.9,1.1860817748044816,1.7999999999999998,2.440183112919634,-9.2,0.1,1.3,1.9,2.6,-0.06107598585694204,3.8190024242878273,14.584779516716301,-1.113571364151026,-0.12714656981932704,4.32582092994545,-11.357519500873767,1.7405823153495255,4.793240401011628,3.1831910603871463,-7.747105595652176,-2.1665740652463286,1.7445365464727864,2.6266663357652993,3.5026392085524902,0.19788172339882726,3.1873223321867585,10.159023649256437,0.5001806927277158,2.805259720254229,11.077127340822166,-10.060631114071853,0.5545926543639271,0.7270878855291595,1.7268597970750719,-5.501687883950531,-0.31667332614991095,0.007979957509734459,0.41041455937924853,7.590354306136823,-0.04773397335998919,5.14738358118647,26.495557731868047,-1.0431654695024033,-0.3444317101105332,5.706014631572636,-14.173667184808428,2.0923496831385466,7.511976428650904,4.416214291977734,-10.229902378453183,-3.835349802866223,2.60709038212593,3.6766266257846802,4.673150935517529,-0.005422874257783865,1.5470090508110295,2.393237003291242,0.8349510041933617,5.702159552077529,7.386881896281487,-5.3111789252977415,0.8979859442037476,1.1523435431850553,0.9800121186885493,-2.522725377654723,-0.5739602510330061,-0.036635330865365454,0.5783832921520493,2.2224420056107856,0.27567591185495455,3.640317301312353,13.25191005423405,0.710930089678373,4.923720001809466,13.473612211573315,-11.882540517928936,0.18577783993044678,0.2569000903282432,1.6689006132730708,-5.021470167758298,-0.11547927961175432,-0.0004450540684807423,0.14142081071648885,8.548351449488905,0.24873226090088338,2.592725056111852,6.722223216590205,-0.3333821299330188,5.614476040147334,8.595109326119225,-11.545352944053409,0.6187564566763201,0.8373775402232716,1.3642726605554427,-2.2735647440799998,-0.32660903708829625,0.02048269246433542,0.5107685031349753,5.496586894418355,3.0455747711088508,3.4006429662911506,11.564372584185476,-1.744974856078489,2.204659858782941,6.3,-8.4,1.334341996655041,3.3000000000000003,4.207731434384537,-5.890000000000001,1.9,4.6,5.2,5.8,4.325368001937851,4.764932381568246,22.704580600917637,-1.7612540416417368,2.3402419156904664,9.90088133244489,-12.754026444425376,1.830730491084328,4.258762288075809,5.925646089428314,-7.991314577401409,3.078025755050481,6.454042076363391,7.33678804312629,8.135952202932744,0.03666290232126924,0.5673882204010147,0.32192939264983045,8.902111106730533,88.25213089467366,6.164669480247681,-1.028066471687529,0.10109293956621213,0.13539813415982477,0.16100175706257694,-0.26221598125998463,-0.06696992019238313,0.0012603967260906308,0.06842821396744164,0.23223732376410589,6.1677269699307,6.632351575707222,43.98808742378607,-1.7253331933403044,2.3040040667821664,14.585497827462484,-17.61816752847786,2.7050640625603233,6.950991149185686,8.301762562457673,-10.479710427961649,3.396066831542429,9.119516712743884,10.347057980728115,11.497520820208717,0.0616527893419477,1.0142518164791385,1.028706747231232,3.944264830665265,29.704789294849782,7.005854343060494,-3.641403143497087,0.1672826568030918,0.2218266382033576,0.34214559312918047,-0.5554311499108266,-0.10746365576840947,0.00821463517420798,0.11436298243494813,0.49371637525245865,0.05097902600715902,0.3614941731571181,0.1306780372265485,5.18578044092559,30.774317832761774,2.684517414700511,-0.33710458401158705,0.09605660428384764,0.1301648809952352,0.14491291713594645,-0.21713286736469556,-0.07156643405590593,-0.006078537261125712,0.05859844693932929,0.29235710937604587,-0.09617858264059018,0.7036070497087852,0.49506288039990093,-6.840028005720859,47.671700422261374,0.4126979257813233,-5.593599612546175,0.12397572033225868,0.1649036091200885,0.20042054344448176,-0.2974610299552961,-0.08218717513764234,-0.0003675870550528108,0.08271643398244617,0.2195235938561068,-0.001016056525804603,0.27072036483289086,0.07328951593525354,-0.6153918959277204,5.130226176472416,1.260256,-1.85702,0.052602726712578755,0.070842,0.14387532123789704,-0.5023045,-0.035281,0.001507,0.035561,0.496969,-0.0014381837520558239,0.3641888780271158,0.13263353887864943,-0.4721832364271199,4.828696243110698,1.734892834271703,-2.262991714398176,0.07376189749077872,0.09923081007070395,0.19562926658295254,-0.6830492343818257,-0.049892608800334595,0.0012465999301334387,0.04933820127036934,0.6768064177673441,0.00025654335216922,0.11803474488161197,0.013932200999267225,-0.004672035632523836,9.643524758546699,0.9374163871175074,-0.8858775122415466,0.008000487322435154,0.010817761166781252,0.052959823790103944,-0.1836786144047393,-0.005468222624682757,2.2742561010415715e-05,0.0053495385420984955,0.19523528007763968,-0.0020373800683686043,0.505915511654219,0.2559505049323502,-0.41283664068805626,4.673682095186885,2.4253792446274054,-3.087046610117851,0.10395365702134987,0.14026649713294342,0.2728052302796598,-0.9582355692222065,-0.07129785135864541,0.001223358687587064,0.06896864577429802,0.9436586880574359,-0.0018200055770634048,0.09625693689381623,0.009265397900180121,-0.4764416887031461,13.059677177452201,0.7033164579854958,-0.802749659412494,0.007144892045330477,0.009654155723971738,0.04169474216017882,-0.1423665895186703,-0.004993218201210056,-4.442525596893296e-05,0.004660937522761682,0.13695310807302297,0.00036282909919851285,0.07815908544900027,0.006108842638224126,0.10258198573815012,7.005771477832363,0.5019159855915768,-0.4629136956044546,0.008021658257111784,0.010830775560256634,0.03737678590160585,-0.12876661302962292,-0.0054762760276709215,-5.314805694474469e-07,0.005354499532585713,0.13532857111339933,-0.0014362067554643417,0.14747359099432047,0.021748460040760118,-0.0824468570502389,9.540730435830952,1.0744210194177035,-1.0759587384672267,0.0079083231225544,0.010657705960483505,0.06505840822922551,-0.24346316110108687,-0.005422126335693993,-7.50430622009308e-05,0.0052355796247895115,0.22729103423456487,0.006064974783579162,0.48581575645973046,0.23601694922454017,0.9232657269665705,5.232291652626243,2.861262,-2.173718,0.07126720604134579,0.09601599999999999,0.2508790902180798,-0.840467,-0.045672,0.001795,0.050344,0.97372275,0.008579976461841127,0.6587081163308677,0.4338963825201599,0.9036155026810981,5.00847071011321,3.5496858408816854,-2.748807089061822,0.10081633447075913,0.13536599409151706,0.3419949439455464,-1.1354540724056463,-0.06509763332206953,0.0009852796678490997,0.07026836076944754,1.3634173320624503,0.0003294166155141699,0.195179207967041,0.038094923222641436,0.14547018669857104,10.49768738706103,1.7305588956737248,-1.5153024123656744,0.008729285783305495,0.011779744724659407,0.08628613283037695,-0.3049392141876691,-0.005943371930109222,6.268242579315171e-06,0.005836372794550185,0.30872627482834036,0.012141499176440586,0.880483788784732,0.7752517023127165,0.8139835609748799,4.382001832937217,4.6721826818504395,-3.6119519758696064,0.1410596284506406,0.18974938432891264,0.4633838561744239,-1.4855905119029,-0.08986991579202916,0.0016035467893603557,0.0998794685368835,1.9115176297164438,0.0001984262777117862,0.30394854531456117,0.09238471819883785,-0.1334388604690375,8.294123501680202,2.076500519945685,-1.9059857672236136,0.02248139427146284,0.030315136722425792,0.1412486364858427,-0.492642231565373,-0.015138775692554838,0.00011481627876078464,0.015176361029870956,0.509554000811516,0.0004657547153784028,0.1968354236177057,0.038744183990761655,0.16704235932524725,9.608193985961305,1.538232963362267,-1.5758163050519811,0.0075378247754855545,0.01016014849171942,0.08818602471093788,-0.3224890524327684,-0.0050586935708698275,-3.761973535975972e-05,0.005101454920849592,0.3286189456888171,-0.0016324674246059837,0.19346641704274745,0.03742925452335828,-0.2871050463962431,9.53735359339336,1.2177828366216992,-1.325700661722363,0.009527950239031944,0.012864848060388918,0.08400906642943873,-0.2936885208484302,-0.006371143517860703,-6.110916301045377e-05,0.0064937045425282145,0.29171283266709747,0.006426046360811992,0.16232894099174192,0.02635068508350043,0.07672389283972278,5.8849468032358025,1.070997,-1.016064,0.019816461252545877,0.026733,0.0827816207884656,-0.278565,-0.006947,0.00642,0.019786,0.29731575,0.00908950781463729,0.19914305103939084,0.039657954777277425,-0.016357645103938733,6.041661324748544,1.1314795800477317,-1.170746315526699,0.026538828569896058,0.0358226442385534,0.1024052746230533,-0.3393661210545574,-0.008582454937488234,0.009242793142502717,0.027240189301065164,0.359258286672811,0.00023142784621620085,0.11418688118920893,0.013038643835718518,-0.07159501752230508,7.838599784699136,0.8086736929794398,-0.8883439967122815,0.007882049894504061,0.010619448319116535,0.05306832758517599,-0.19318090831473042,-0.0052857786644508395,7.935842119816686e-05,0.005333669654665696,0.19154507076199345,0.012859370830714688,0.272393545789857,0.07419824378797091,-0.04712452897102137,6.066090175310315,1.5461005845353981,-1.5639716258625036,0.036840490724376534,0.049711810413729726,0.14002919061233252,-0.4654789594370392,-0.011645450591486372,0.013247787054870527,0.03806635982224336,0.4966269684748605,0.0014157217912860371,0.0714246227355879,0.00510147673292106,0.05422372657717431,9.265290998861497,0.4926724217323788,-0.5056320710839985,0.006906742853783752,0.009341233357828735,0.03325995971406326,-0.11043069426025645,-0.004501596848359041,0.00010288286405697494,0.0048396365094696935,0.12176148634465203,0.0003269709645876287,0.14203389352034262,0.020173626908548025,-0.03900399233950022,6.865892804157966,0.8714448874528614,-0.9357920549107707,0.00865588242197191,0.011683851991393629,0.06631609199784266,-0.2414421541402203,-0.005730116256574348,1.2438782215689389e-05,0.00595373573481928,0.24502860639585672,0.0008315569368328257,0.07680022882538937,0.005898275147632168,0.08446110461091183,10.00574788667147,0.557526558887626,-0.5610714975994464,0.006884450855512813,0.009280714470885968,0.03467465825928784,-0.11632562990423274,-0.004522370017337296,5.8033369535786504e-05,0.004758344453548672,0.12028262776063917,5.277630983621333e-05,1.0051040459167224,1.0102341431181647,-0.0003300814674630155,1.8838390033988084,3.318507,-3.319152,0.7156046476016619,0.9649114999999999,0.6935807117002987,-1.9386025,-0.48065075,0.000173,0.48426074999999996,1.940225,6.24235746638061e-05,1.4212808304856313,2.0200391991059257,-0.0003013965593165739,1.8876994640579632,4.68715632007032,-4.675953739636953,1.008005656343265,1.3594828027287271,0.9803289809544186,-2.7393125954466857,-0.6776640771926772,-0.000878335766187204,0.6818187255360499,2.7431076252669593,-1.284170514920445e-05,0.016107644271722513,0.0002594562039843551,-0.10148129091856227,1.2896139375492197,0.04712212617168743,-0.20562057416345741,0.016305818503032792,0.021998106415454313,0.012763397728815329,-0.024060526564997492,-0.01112127428813192,-0.00020419976871491677,0.010876832127322393,0.02415255760995908,5.410130725677729e-05,2.0090827536294165,4.036413510931159,-0.000243295124568799,1.9002402806656864,6.542543845553814,-6.57356559459116,1.3728547457729112,1.8520199110959146,1.3836040807233843,-3.8779948948617373,-0.9242492241787569,-0.002637225734914296,0.9277706869171577,3.868686554007039,9.101280930854398e-06,0.054629448603816626,0.002984376654757042,-0.0003075862221317882,0.3128325972291881,0.17207661508241148,-0.18087644464884345,0.04702138410832181,0.0637646854797754,0.041013169494004645,-0.10056975384647843,-0.03271275638290441,0.000672091871694265,0.031051929096870996,0.10148671663718836,-1.7216175852968068e-05,0.006164755262332445,3.800420744445557e-05,-1.4283863797688692,34.33905582488429,0.0319251283721794,-0.16115176273319065,0.005503105792330406,0.00742978846820398,0.0046173097737641665,-0.009900953642557473,-0.0037005918421843726,-3.7783296702493426e-05,0.003729196626019607,0.009939014496270354,6.472522437705495e-07,0.021929676625854586,0.000480910716914553,-0.0022567304668911514,-0.11925532693188634,0.09671935956793229,-0.09928195028936931,0.022059606291210114,0.029667784809386782,0.017492510368878663,-0.03702205883099193,-0.014771615152048003,0.0006191977729468651,0.01489616965733878,0.037096355739131295
-6.114735772357723,7.958907185582725,63.34420358872033,0.8463903188718808,0.1959032830005527,14.7,-23.9,5.856278763097127,6.425000000000001,9.252134146341463,-16.5,-10.525,-9.149999999999999,-4.1,9.3,-8.596158021511792,11.301461651707251,127.72303546500962,0.8685575392152358,0.2041290744025246,20.698205404537042,-33.35724785614868,8.578824330189548,8.838235093538438,13.106370829870068,-23.170581315365148,-14.779602280232915,-13.18765135503396,-5.941367186694476,13.153334657553284,-0.06274856650678196,0.6635566228441103,0.4403073917202808,-5.624037962690391,60.44510496078267,2.422073474209378,-8.306081861137397,0.3008689837135154,0.3975787745510174,0.3276323799638351,-0.7082147356109079,-0.21944725236207385,0.0024249964932959722,0.17813152218894357,0.48563604303858204,-12.031840106001695,16.109867081884765,259.5278173959943,0.8866446031076038,0.22050076235213778,28.957244150986376,-48.07457946736177,12.431253939488943,12.397282092515173,18.577419146297377,-32.55676542921121,-20.874161979978915,-18.912429459752655,-8.476879887463742,18.83076957139359,0.0915445617835491,1.154585321460551,1.3330672645321637,6.650305147975836,56.016880285206156,11.961456295588466,-2.1870233110761914,0.2946700670556701,0.3972100870602713,0.433413013622382,-0.7574070726917788,-0.21334548139026965,-0.015431987849640394,0.18386460567000162,0.6172530138192216,-0.0874060035735063,0.6238726076554455,0.3892170305828054,-1.9242593550632092,9.584884804616314,2.321447982467727,-3.4626288091366906,0.3096933236880046,0.43122565898546983,0.35992028482008076,-0.7921940797818812,-0.25029058449733754,-0.01215517950651939,0.18093507448813229,0.5535223299141614,0.07550660591540584,0.6887373598583333,0.4743591508646273,5.293390606826621,43.353221350296366,6.86771519737897,-1.4336932041570492,0.28032544024890227,0.39343059762540167,0.33932678479525175,-0.5489520292010966,-0.1820637905654461,0.004036202567572396,0.21136680705995559,0.78921194854338,-148.32997967479676,12.657273431955803,160.20657073129422,-0.29621759537183623,-0.5297614385262244,-112.1,-184.3,13.788200632102074,18.525000000000006,148.32997967479676,-170.085,-157.1,-147.6,-138.575,-130.3,-209.684681187348,17.24929024481097,297.538013949731,-0.19103754811520074,-0.7972762812713992,-159.44174863204358,-252.25837392516797,20.55986689797207,27.560594611691357,209.684681187348,-238.14548368349676,-223.25166980001273,-208.04187886094186,-195.69107518832138,-185.1398952754714,0.04071003277710658,4.754214713417347,22.60255754127398,-0.18574393995925179,1.09977101708001,14.978830158088085,-18.244133265766365,3.961582884327319,5.325833680946304,3.557024869457924,-8.209431016563892,-2.627987799278169,-0.0010025308604095784,2.697845881668135,7.981242920212779,-296.25437506036263,23.405561653166345,547.8203163001709,-0.19290560715059096,-0.9544226458763405,-227.99091275977958,-344.61269452159985,31.79029692616952,43.5602672829595,296.25437506036263,-334.2263339974009,-317.299335430858,-294.19798906320545,-273.7390681478985,-265.4223809911168,-0.06996306386875743,6.826858321522278,46.60599454213797,-0.13743500908505965,0.06516074545593886,19.72150069502233,-21.81083280409829,6.967125484402877,9.064584968750982,5.425408188323276,-11.481218209801686,-4.5116967226580105,0.21422517849921263,4.552888246092971,10.180459781806597,0.057141514903722934,3.692707423037703,13.636088112157752,0.17110413211494385,3.287244558593499,17.190938195062827,-14.052178294268098,2.62942338755219,3.639423999618633,2.5756008064338305,-5.88351070809988,-1.713176349539839,-0.0639671747035665,1.926247650078794,5.387922791115525,-0.5559986733538586,5.535532105404419,30.64211568996308,0.14064826358703506,-0.09765407586623809,14.459069786836833,-13.824651463120428,5.979855088198136,7.965998424780136,4.432737933892343,-9.640214900852154,-4.400985585437265,-0.5142952744468807,3.565012839342871,8.90151086420109,-1.391768292682927,7.507434210025183,56.36156841785644,-1.3102121236215456,1.9387287810351443,10.7,-34.4,6.449319650499368,9.8,5.558434959349594,-15.684999999999999,-5.5,0.45,4.3,7.2,-1.9872103688834684,10.053861913672224,101.0801393791889,-1.0967559233309154,1.0985243237567195,13.032130231449568,-38.216147566478455,9.410473682738433,14.639497527154486,7.683394364037079,-20.59818953829066,-8.769771703972852,0.6967076910520944,5.869725823181635,10.190662775255223,0.10312609984683659,3.3343257660351884,11.117728314046147,0.5337643062000679,5.465402897263594,16.83480620771082,-13.906558639401405,1.5286425380117266,2.034698042560823,2.0564917973842065,-4.707413855943187,-0.9691691871356809,-0.07579186367416185,1.0655288554251423,6.048642505453989,-2.8580565864538072,12.308008226260945,151.4870664977071,-0.3875787841949235,-1.0673043858560558,16.34779464782374,-30.006278974415093,15.199350871964846,22.59126626632219,10.348444024461374,-23.377510303894407,-14.360535951280312,0.3208654622505813,8.230730315041878,13.20442743704448,0.1288871283248807,6.968183984389503,48.55558804030237,-0.23858701736556323,8.979947134183764,30.51985142152207,-37.92185011105209,2.8268375238603873,3.796393047109321,3.8071658054111115,-8.216276543431354,-1.7563258521132865,0.24461762601443637,2.0400671949960345,8.697191372959384,0.14368142688290222,2.3444959410507056,5.496661217603233,0.5654604184086903,4.642466811919895,10.488551418745761,-10.158956606291415,1.3124776366551847,1.7438378708213982,1.5148984058024177,-3.4707689029143025,-0.824139902065325,0.03139063548175118,0.9196979687560731,4.11317911028333,-0.07901663625346027,4.052925774806715,16.42620733609261,-0.1105786439507205,5.333235283204099,16.96598411632791,-17.537308746574777,1.9609929940754016,2.6186455304052494,2.4883274951604184,-6.803575365935073,-1.3291475874510905,-0.0024639687425292156,1.289497942954159,5.835487470528346,-0.7658536585365853,4.343031597658365,18.86192345825897,-0.01608591260366046,-1.492136822123682,7.0,-7.1,6.078669095872967,8.7,3.9451219512195124,-6.8,-5.3,-0.4,3.4,5.4,-1.082122965062265,6.161117857916295,37.959373259135084,-0.005897813110949479,-1.4913799464645077,9.8768114460248,-10.031333834593854,8.58536076667917,12.452807767671702,5.600815020677271,-9.554213377786079,-7.626830911779203,-0.6300782230781778,4.825976855892499,7.745057077054921,-0.012297682853286347,0.16973247262862554,0.028809112264627117,-17.283902034723752,350.93573981296134,0.4989909527644396,-3.4840065442065424,0.05887077440870089,0.07828444976146826,0.054445678397490864,-0.09494794183288154,-0.04286675457285332,-0.0030938646863370445,0.03541769518861493,0.08633620322132754,-1.5488199479823097,8.769816446980778,76.90968051373456,0.009781425125511223,-1.485152410971846,13.890684151263546,-14.075784635364675,12.257084270335413,17.80258696247197,7.973774299211517,-13.475465948101665,-10.970886680233937,-0.9120274955581966,6.831700282238032,11.170171961696347,0.027942756658194182,0.34506136161502743,0.11906734327961671,13.283958607462132,197.14996567492378,5.191658891553683,-0.964184600811955,0.073788651473643,0.100228573070546,0.08724592006945586,-0.10523203175988433,-0.044821488161440604,0.0004536044765031111,0.0554070849091054,0.12826626108340533,-0.017044966952663835,0.13529351822708852,0.018304336074263534,-7.733247059871688,74.49007676170307,0.21037268212807939,-1.4054883819389565,0.05937175686415455,0.08011210270026055,0.05887043016536735,-0.11590541857198627,-0.04411547436738396,-0.0035958759800432416,0.03599662833287659,0.09621552994530316,0.012229596487478305,0.1960020273690658,0.03841679473278402,13.174775364592358,193.74017797592387,2.93363476681341,-0.3324369646775235,0.05393349107552698,0.07222872849563551,0.05847497728233752,-0.09092724886527608,-0.03472228979189614,0.0007864240515893712,0.03750643870373937,0.08940252075172225,0.10975609756097564,3.156079811714205,9.960839777909971,-2.2296707431002836,4.788490288156612,3.2,-14.8,1.1860817748044816,2.0,2.242073170731707,-7.3,-0.1,1.3,1.9,2.5,0.16653920924441878,3.5597809181285625,12.672040185072232,-1.3879474942501957,1.1236256889755944,4.502807882273773,-13.060093405926498,1.6606835735756522,4.4381432009795345,2.9242724350574307,-7.646531676901309,-1.8687531316193138,1.778640308123937,2.569390069360221,3.4868036245789655,0.04370112559989904,2.6738897553209036,7.14968642361008,0.893880513996461,4.548163902038056,11.922604965979259,-9.142083608844432,0.5079787312332731,0.6245042328782618,1.4224155286657705,-4.644417632248274,-0.3799995859389045,-0.02990862525142778,0.24450464693935736,5.667082564281877,0.27439078829663355,4.541755854576817,20.627546242582792,-0.9649802814048033,-0.46033294332438945,5.658116528970914,-12.507261264751481,2.1812508646363704,7.036377232603202,4.03727156548311,-8.476674412925885,-3.4688041165388026,2.556820343000656,3.5675731160644,4.66951317152869,0.08628061473540852,2.114526331197926,4.471221605329362,0.7518039143065,4.560579159515154,9.4929987753816,-7.769583182544004,0.8753868221077051,1.1708309232012575,1.2645209327814606,-3.14377286560385,-0.6095922066763826,0.010524031822142954,0.5612387165248749,4.324439507297761,0.061202486439120046,1.9932407357995119,3.97300863085058,0.5323301248519003,6.697927284845425,9.44787087611667,-8.669423734297174,0.2556422477157866,0.3659743002484624,0.9657060127013627,-2.8648107001896026,-0.2196839119237729,-0.014651321223700482,0.1462903883246895,3.703843939703325,0.06551096402206234,3.181636047476283,10.122807938600504,-0.9730814282691569,3.451578682759391,7.788762193462706,-11.441306995634857,0.5642085632222988,0.7067708723832097,1.7383924775249049,-7.00159876531221,-0.1891631351299191,0.07839349774702387,0.5176077372532906,5.59726656438444,2.9693089430894313,3.4096427598918075,11.625663750082623,-1.6909957131728288,2.0325278210328523,6.3,-7.7,1.3343419966550423,3.3999999999999995,4.151829268292683,-5.885,1.7,4.5,5.1,5.8,4.211085604014976,4.792081137370488,22.964041627142027,-1.650859183460073,1.8838561977659998,10.186260787082077,-10.898022641182157,1.83790798096855,4.927857013394416,5.864792725815309,-7.9309225385649285,2.3491045721213784,6.413903166339409,7.276961585515794,8.154151613941544,-0.041519640326052425,0.43465099565385856,0.18892148802289058,-8.81097156046824,86.97045976667489,0.5765585531888435,-4.818252145557614,0.09842027310592846,0.13336433997462988,0.13815462752265556,-0.25655370795674937,-0.06731358293581174,0.001260396726543208,0.06605075703881814,0.21581770120321425,5.999822476448019,6.684542782000901,44.683112204400345,-1.7254057393545228,2.225182405465522,13.291594222717922,-15.731311779796425,2.5880321379014255,6.519916103995983,8.259026744713802,-11.076254606229828,3.7375051801502357,9.020292213852464,10.257421284146218,11.464345879351303,0.09435062326770015,0.9135715115297012,0.834612906678663,6.091275867247417,41.578524878695376,7.140181442629541,-1.2808669360250169,0.1938444233800769,0.2521056472644766,0.3120835794913952,-0.438543312455846,-0.11862033225028734,-0.003573969255498577,0.13348531501418923,0.478204219012609,-0.05745947534710523,0.34662744504008464,0.1201505856550169,-4.229670959137217,18.880162136989213,0.3288954935910768,-2.022697585029264,0.10215387172562666,0.139184781891369,0.14796667559955914,-0.281711431541545,-0.06571219037293663,-0.0007345193241951864,0.07347259151843238,0.19576713635056178,0.05750842454136504,0.49929857173070213,0.2492990637323191,6.257984449505859,42.843673866795584,3.968272953599295,-0.5045023533057312,0.12983813073941516,0.17524008126453336,0.18112751042141334,-0.2779092423971011,-0.08794132038017652,-0.002227720703911879,0.08729876088435684,0.3146527562041291,-0.0009861448866092268,0.29269760797619354,0.08567188971498549,-0.489241879608177,5.832884811351759,1.283613,-1.783979,0.05233882351768476,0.070545,0.1495131853730225,-0.52953925,-0.03534,0.000972,0.035205,0.52460425,-0.0013945303006395627,0.395091347648636,0.15609717298681536,-0.3207913328299478,5.576403457189333,1.804504592268412,-2.274427131645902,0.07338850257305823,0.09894845780067485,0.2029194633788381,-0.7132828249016472,-0.04997555920752988,0.0005330074004615263,0.048972898593144965,0.7105710872174447,8.586188008669388e-05,0.12341754440081616,0.015231890265927429,-0.1887979728257996,15.7127227858828,1.0848142708383988,-1.2634603961810393,0.0077379485506172,0.01043811116498952,0.05210977898113625,-0.18189451161683712,-0.005255204999267406,-4.028495328126016e-05,0.005182906165722114,0.1802664781632231,-0.00197194145676056,0.5517130210601736,0.3043872576073436,-0.2900990166732265,5.536329925193932,2.560103378513623,-3.0703212980826122,0.10374443499879471,0.13983925810539524,0.28449489517606613,-0.9851297393570277,-0.07094057588598747,0.0007652903120695807,0.06889868221940777,0.9953486530476219,0.0005733272710244113,0.08805226675579136,0.0077532016808330405,-0.2118922766732942,13.38948184071301,0.6745418435726718,-0.7725152593164399,0.006955503612448852,0.009385153145471625,0.03773467037104209,-0.121136788042699,-0.004635640322384418,6.906351874196265e-05,0.004749512823087206,0.12910230641572884,0.00012147447189727588,0.07827879111663558,0.006127569138681865,-0.11620445153865656,11.65909817205832,0.5809460467236102,-0.6359007766244866,0.007658974195575965,0.010305018175381247,0.03497698071750211,-0.11898008144382426,-0.005185439625826773,6.26921880405741e-06,0.0051195785495544745,0.11707877928213076,-8.925279998218669e-07,0.1559838081721116,0.02433094841187411,0.15176746853690892,14.468365072012364,1.4123377955432233,-1.4439159196587255,0.0076337082771026415,0.010324359257809734,0.06495686255690808,-0.22985738973089734,-0.005304429122847345,-3.770706143231115e-05,0.005019930134962389,0.23253066675061698,0.006019684378872144,0.4885181518004896,0.23864998463856615,0.7962623508058585,6.705635939501233,3.458691,-2.729989,0.07090989890668592,0.09529499999999999,0.24498974832147077,-0.848173,-0.043629,0.003057,0.051666,0.883835,0.008512342041553538,0.6575591268806158,0.43238400534399773,0.8485570555441955,6.59399816145873,4.353974632804903,-3.3992544561322404,0.09951856562343182,0.13380803889072593,0.32991008726399706,-1.1306830485038168,-0.06210274951391709,0.002814589402943277,0.07170528937680884,1.2257618072290049,-0.00019337870250345376,0.21183740825724623,0.04487508753714722,0.1272429855633052,11.529003231530794,1.7535305501475287,-1.7401333341074265,0.008205288979656543,0.01109605738808003,0.08985616291161867,-0.31748486182176866,-0.0056487064650155815,-4.4215531011002865e-05,0.005447350923064448,0.3208060243297172,0.012035812956520203,0.8808708762490358,0.7759335006237442,0.7614519188485401,5.821260190857101,5.5422287645025765,-4.36053837943408,0.13966066115620496,0.18755430558694286,0.4490957066015095,-1.5095105523257417,-0.08606412961837555,0.004897336973906637,0.10149017596856733,1.7057209439952272,0.0005890695802225596,0.2978026152434151,0.08868639764581752,0.08165812393884384,7.902275465762452,1.9565161347807503,-2.0619018437210745,0.021319344151345742,0.028761199728771378,0.1370099339631677,-0.5030344851872423,-0.014491295094955864,5.927404886409073e-05,0.014269904633815514,0.5161115249623438,-0.00027350403895178975,0.21954691969457593,0.04820084994737657,0.054384812181784196,9.068214234834869,1.6791747344408197,-1.4533997242736363,0.0072309304839973994,0.009710105216776468,0.09598813752443362,-0.36234922439288536,-0.004793212989738954,-4.6574770126937365e-05,0.004916892227037515,0.35188505363508715,0.0006782883932944452,0.20379734770147867,0.04153335893015739,-0.14780054146102495,11.577116124580927,1.6155329567580359,-1.6375975400928657,0.009025208152698841,0.012197531749641631,0.08579941354743938,-0.2962417982974627,-0.006006897441184912,-7.540209279342051e-05,0.00619063430845672,0.31782884511899195,0.0055273278823156505,0.18025351593900069,0.03249133000837157,0.38129157852769724,7.777021403592068,1.540023,-1.083681,0.021431015068498475,0.028971,0.08856026780105467,-0.29613375,-0.008822,0.006238,0.020149,0.29501700000000003,0.007817130037780591,0.22648234103366802,0.05129425080009071,0.07434221406304434,7.619791029567301,1.459943790076708,-1.3635923935522025,0.02899781926593812,0.03911642156821264,0.11146735022122048,-0.3582081688418301,-0.01139025121821885,0.009067798278944576,0.027726170349993792,0.3796816300653223,-1.8513889788158388e-06,0.11697360820063062,0.013682825015474638,0.1122913447866195,10.92578328321944,1.0278201970258882,-0.9441016632163872,0.007681744667121528,0.01036120378729705,0.05206067527774544,-0.18929075497208253,-0.005113238891767393,3.1288978960754884e-05,0.005247964895529657,0.18279034561454305,0.011055817359008806,0.31300480928313124,0.09797201063436937,0.02499702468366618,7.7815133382230695,1.9318160833856806,-1.8767297115056032,0.04066027058975156,0.05473154389849374,0.1541822501866345,-0.4917098456787989,-0.01566186471938772,0.012751325861004692,0.03906967917910602,0.5101437804925342,-0.0002824156734661431,0.06781446315471111,0.004598801412961671,-0.33468614832405885,9.848087038103932,0.4801430866962731,-0.5120336395132604,0.006766771049682398,0.009117612447994573,0.031236883663304117,-0.11162065848897552,-0.004548668728147518,3.588458159243889e-05,0.004568943719847054,0.10674055958731533,-2.8787736480564988e-06,0.14307934026262345,0.020471697609987582,0.00026211426105068615,8.283651590124135,1.1450316810450893,-1.0475983634097306,0.008385656704371655,0.011307193106214716,0.06546238334250859,-0.2387566401225593,-0.005652687496267976,5.52761156996155e-05,0.00565450560994674,0.23707527156917857,0.0001276631095259001,0.08300126579254473,0.006889210123164655,-0.18346623985409077,18.828312536468427,0.8118826682469401,-0.8720363011768965,0.006697261858825762,0.009036662053313303,0.03452596177818634,-0.11427290323529436,-0.004377843590057083,8.194936478711406e-05,0.004658818463256219,0.11162486388737497,0.00030537758983373243,0.8763881978093855,0.7680562732595826,-0.0020743701239201353,1.3014602881681352,2.729521,-2.739423,0.6914634356777352,0.932722,0.6312475957554101,-1.70713575,-0.4650875,0.0011115,0.4676345,1.7077162499999998,0.00044541779648823364,1.2392618271770968,1.5357698762983165,-0.0021061454480849773,1.3044788487331633,3.8589174584767667,-3.8590167535992497,0.9769309483189896,1.3177609664786272,0.8921715486690965,-2.417281630817705,-0.6563768245690023,0.00222137597776797,0.6613841419096248,2.411997889455547,2.2011708223903317e-05,0.014809734251017876,0.00021932822858577203,1.5029183773748689,45.40109917136088,0.4663951139095602,-0.09033034805377863,0.014216410246431763,0.019177538863749954,0.011567960381573575,-0.022971119887403094,-0.009487732042338784,-6.728788731328282e-05,0.00968980682141117,0.02310338969973528,0.0006664721847944233,1.7516249556442132,3.068189985235592,-0.0021446570126276315,1.3147017061980186,5.386653870072044,-5.434896244846054,1.3548852328367136,1.8277351940275754,1.259009592906952,-3.424996847466635,-0.9110208709504775,0.0018644833787516257,0.9167143230770981,3.418403348387872,-3.3400287492914456e-05,0.053441134987060025,0.0028559549087051714,-0.006200274056832321,0.0594201417258291,0.15862366648028187,-0.20216455741566328,0.041289326967452515,0.05515194697111932,0.04029200346939142,-0.09810518148918088,-0.02671143143270154,-0.000217428102687902,0.028440515538417782,0.09850421817217388,3.080808746071677e-05,0.006560091036857306,4.303479441185557e-05,9.687444025963448,436.89646536925494,0.3101033950007648,-0.07081565385448366,0.004909398670601737,0.006621041051834545,0.004449988925664422,-0.00960775250926031,-0.003332262270305542,4.3520305084398e-05,0.0032887787815290026,0.009858759512033573,3.790644843977025e-05,0.01988918281586816,0.0003955795930830253,0.42403804364036723,5.474075707808817,0.3017932083456988,-0.07250021653022456,0.018971706292313227,0.025593728724199072,0.01572244131260434,-0.03339294869862257,-0.012827463545370102,8.306841148236166e-05,0.012766265178828968,0.033334242932774094
-6.258333333333333,8.17107428345866,66.76645494579945,0.9406243204951817,0.23094895476348887,14.7,-24.4,5.633888430321287,6.300000000000001,9.576829268292684,-16.485,-10.9,-9.5,-4.6,10.08499999999999,-8.798399213187741,11.595916789210634,134.46528618229706,0.9583800640176872,0.23325029819493048,20.432910049664866,-34.10666753175386,8.192704622046804,9.02660064340174,13.56145516498556,-23.181432022425007,-15.462342447191705,-13.680990618715247,-6.435741803789966,14.102906068753255,-0.061338372807323904,0.6910538617757136,0.47755543987512705,-4.484350594188169,49.07220457162925,2.5896460501131413,-8.339598592247288,0.2851207654895944,0.4096035647825827,0.35294521938773965,-0.769857907021602,-0.24718372114936793,-0.01919682354594532,0.16241984363321477,0.686697961888718,-12.314911264398484,16.514640829544845,272.7333617288697,0.969252759185955,0.23210864815937526,28.50347665783264,-48.81623538885673,11.48926280918706,12.625589198325699,19.208683549708667,-32.02443540059273,-21.7131650116164,-19.270139894203385,-9.087575813290702,19.91042911331418,0.12155841594543362,1.1413465707293091,1.3026719945155538,7.332315407268495,66.74053064485129,12.604001366654714,-2.359693735870616,0.29383350316187046,0.38333561292569507,0.3972297546045251,-0.5670470468765025,-0.19724080968995106,0.01079497042613592,0.186094803235744,0.5921181716258179,-0.08801397956002574,0.7078832957901235,0.5010987604586875,-0.4647080177211308,8.026534916886963,3.2366105746583074,-3.639987346783074,0.3094962637642199,0.41633400254120445,0.4164377185623781,-1.0985409038070375,-0.26717805965348096,-0.028627350682294012,0.1491559428877235,0.6531442185921904,0.07843394938380376,0.6611232960570996,0.43708401258940344,5.256395751329239,43.691456031988636,6.5890996823782,-1.7021366471114914,0.2707424092267416,0.38181594803860053,0.3189480115447815,-0.5096948023110167,-0.18443221752383857,0.04025827337790263,0.19738373051476193,0.7358452481183444,-149.36900406504066,13.948516131121117,194.56110226014604,-0.3777794205850824,-0.5781265201784471,-112.0,-184.6,15.122542628757124,20.82499999999999,149.36900406504066,-174.555,-159.125,-148.1,-138.3,-129.8,-211.15883349959273,18.75721376371815,351.83306817781755,-0.18850986762154123,-0.9466058917862594,-162.24927459035715,-254.9293399623769,24.149956993250424,32.933175933121504,211.15883349959273,-241.83373173494044,-227.65628896389228,-209.21350350298306,-194.72311303077078,-184.34657251761843,0.6109467255183298,6.0213430387201745,36.25657198994391,0.15404092258519161,1.1837235303452491,20.907958397596776,-17.5545269560861,4.895127165515435,6.6295967035946415,4.4126300352857335,-9.569756099313603,-2.843402114708513,0.39195041740435244,3.786194588886128,10.886159406900934,-298.34694459125967,25.82925001993955,667.1501565925472,-0.26474257192427025,-0.99177081550333,-232.91418277257839,-355.9705024379736,35.074787758805925,51.157519833003505,298.34694459125967,-342.2657363137343,-323.2166006100007,-294.9781560453877,-272.0590807769972,-265.1031315183636,-0.30803605679853746,5.88391762868995,34.62048666120837,0.018183122675341837,0.03560033049381062,15.22642231021646,-16.827885130860984,5.396413952525027,7.287548736047377,4.636177420393049,-10.516593013371697,-3.950576339619648,-0.3242329123506522,3.336972396427729,9.650104496663289,0.8540210664371252,6.746915916173865,45.52087437992022,0.43808078336133804,3.294772131420432,26.828386169476474,-21.849082218596237,3.287979512021191,4.7935123863719875,4.306204270260922,-11.136189322863263,-1.6077458541105536,0.4660567209540259,3.1857665322614337,14.03492729894483,-0.4675846535767177,5.079063639879121,25.79688745794214,0.216884372791929,0.6029011455814932,18.196554849804254,-14.001062150548936,5.002303387328617,6.6609944543710045,3.979133691916335,-8.714423708323713,-3.6830181070792056,-0.5193451499310211,2.977976347291799,7.170422079999667,-1.9108739837398374,6.951103442875152,48.31783907355079,-0.5682881088437857,-0.5760760678084531,9.3,-24.7,7.7836616471544104,11.3,5.708028455284553,-15.0,-7.5,-0.1,3.8,7.184999999999991,-2.7235826577694837,9.444147796482424,89.19192760180384,-0.35681917392465284,-1.1360958503785332,11.474820443309444,-29.824030313992413,11.632636685254031,17.12552680367549,7.985959602498744,-17.764138087113313,-11.961023767591847,-0.06862971341745475,5.164503036083646,10.020747395731613,0.037580805954508884,2.6615706901503975,7.0839585386676625,0.35821702573128067,2.750584085504876,10.676140230160462,-8.941734441618147,1.5492486333632816,2.137295360357723,1.773255375909315,-4.333859582931472,-1.2093989741899718,-0.009148984746847777,0.9278963861677512,4.892994539660475,-3.9053587598878465,13.042787945086152,170.11431738048464,-0.29027136605563186,-1.3334313971112792,15.489010627133895,-27.954729034037072,16.34046645327473,25.191628104536626,11.144248790658624,-24.224341693254907,-17.611660347529252,0.030495108640275027,7.579967757007376,13.585113657084374,-0.103579880681803,2.6020235834631698,6.770526728898515,0.13104547855964416,2.9095038720337785,12.0619606442027,-10.563031344176375,2.233404203734071,3.031014685499346,1.9362811470029375,-3.801906562955679,-1.6403074179890174,-0.2375102316576868,1.3907072675103285,4.47808374997717,0.05169475263813352,3.2045430394774437,10.269096091863334,0.2105007712266173,3.2082596675975807,10.372402542399152,-11.825245926174134,1.415025782964777,1.9081623696955865,1.957602167002465,-5.500399839694063,-1.083815805357943,-0.15089295169298228,0.8243465643376435,6.677148911420478,0.02433102112279293,1.9248924398889655,3.7052109051416946,0.09874655042577354,2.4592655189331003,7.851319609208494,-7.689294573475785,1.7743205950428456,2.3779330258801927,1.4328576585191741,-2.7156588150257344,-1.1912634113246914,-0.0015131737531537612,1.1866696145555011,3.0129273681997075,-0.7311991869918699,4.245309724803542,18.02265465951153,-0.06481496310256264,-1.4713175371518963,6.9,-7.1,5.633888430321288,8.4,3.830995934959349,-6.7,-5.3,-0.1,3.1,5.384999999999991,-1.0335225301395259,6.0238040067979695,36.28621471231527,-0.05491665360153781,-1.472027727490752,9.70425870021902,-10.056006412919858,7.969065090835154,11.971814966820656,5.441113092573084,-9.477493273063054,-7.547721838888237,-0.051949751172671185,4.424093127932419,7.638061841170771,-0.007871676496140791,0.13320058720581782,0.01774239643197468,-15.247613613679505,295.2788097759948,0.290925715577464,-2.618011635956918,0.056037202779617296,0.07436056025087956,0.05139631923355921,-0.09535073214008957,-0.04060098529919168,-0.001911215006346556,0.03375957495168788,0.09626303841031875,-1.4811881419375157,8.578219185109315,73.58584438777751,-0.03566581007477019,-1.468398514498905,13.626253258295403,-14.163760137744122,11.881849583357612,17.205421198356127,7.756711902803056,-13.398307580666462,-10.89634514979771,-0.817618913367129,6.309076048558419,10.919769425272777,0.02239348289459437,0.2810687052764463,0.07899961708577782,12.209072872743,174.896559322712,4.1053165024791385,-0.7684758649029133,0.07446585481292901,0.09896633940405827,0.0859634394394741,-0.12196298228397823,-0.04562491782109132,0.002618157033221935,0.05334142158296695,0.1531582333421702,-0.011228006489659662,0.11035501371155935,0.012178229051278454,-6.3384760542589,57.13152948667609,0.1977521034742989,-1.0762369568987922,0.06286409602010722,0.08100081617744931,0.05664100892398516,-0.11226378807674149,-0.043144233431062,-0.007859426137160803,0.03785658274638731,0.09641702354932957,0.006711247910843664,0.15134081855393372,0.022904043360574687,11.751935530832236,165.07701219793992,2.1748147536615434,-0.23924067434338087,0.055606472161306444,0.07340817294643878,0.055493581987214366,-0.10119724127201121,-0.03986363542536648,-0.006209560347573879,0.033544537521072296,0.0928385488229802,-0.11575203252032522,3.5037212858732407,12.276062849081235,-1.919543203529934,2.833769920499554,3.9,-13.1,1.1860817748044816,2.4,2.4889227642276426,-9.084999999999999,-0.5,1.3,1.9,2.6,-0.1513677683309824,3.851083758115024,14.830846112017337,-1.0238723895445307,-0.28051867983816026,4.481344855757224,-11.941465942641992,1.8188887365039794,5.732683169312478,3.2586374036842365,-7.750994427275362,-3.0991065465824006,1.7775101998268517,2.633576622730077,3.5602312103046354,-0.2446320416978425,3.0891255450019433,9.542696632783553,-0.1884932660409189,2.5375744524803316,10.816729139198818,-9.886543467371963,0.46243494066152435,0.5821998077569335,1.7066958638777403,-6.7991392091332,-0.3732333795323255,-0.025903192734772706,0.20896642822460798,6.191075810741909,-0.17148439878791877,5.269283254648901,27.765346017723317,-0.9489055310797032,-0.6064837746765734,6.167328016296896,-14.661234571036577,2.0015059934169135,8.583952528374029,4.577199388425473,-10.477000893237378,-4.97749746958891,2.6877686997375174,3.6064550587851194,4.682757386793597,-0.04290575673567777,1.277461157556027,1.6319070090643846,-0.808047125792732,6.270930355092283,4.604541257211992,-7.362013800058747,0.7544357010955028,0.9934238604287651,0.8241946473883713,-1.839849579357745,-0.48590019973401577,0.043200744105994754,0.5075236606947493,1.67244981098326,-0.34149011319527417,3.6247211189615287,13.138603190245718,-0.8271375692138829,4.090847227089366,11.43150886955113,-12.912082510226263,0.2062489869649901,0.28518484193195603,1.745639422729877,-8.435923398800945,-0.14885859303582005,-0.01723855647566941,0.13632624889613595,5.558777381564088,-0.05862676905751529,2.382995268621397,5.6786664502719635,-0.7592721299325461,7.716237792191263,10.012671726236423,-12.924408457217808,0.4710084930100496,0.649423956846837,1.2252814973690045,-3.901745477763974,-0.3536290561835802,0.010234174561389552,0.2957949006632568,4.077304241201169,2.948475609756098,3.4311517824606894,11.772802554283166,-1.6622162320949807,2.0184807372217044,6.3,-8.2,1.482602218505602,3.6,4.129166666666666,-5.6,1.6,4.5,5.2,5.8,4.174222791547605,4.820013533256464,23.23253046077546,-1.6205801556170745,1.859776305510863,9.759793590974178,-11.602165869604104,2.0161705690287417,5.113852482134208,5.825674961064975,-7.743180146798591,2.197022102182148,6.407155838979753,7.310874584316356,8.249649449639042,-0.03787352453890453,0.4373671562036313,0.19129002932565162,-8.486560642346372,83.31888358046136,0.6674188625239683,-4.85422378794302,0.11622975509312886,0.15483603575249846,0.15093493417023837,-0.3089706381166809,-0.07603407140699159,-0.0025207934583550973,0.07880196434550688,0.24646422432580084,5.923984663804775,6.716494020221254,45.11129192366786,-1.6874626787287963,2.1997805233401078,13.117997303533118,-16.96579323147392,2.8085022168279874,6.937110593001137,8.176377694223444,-11.071559325530156,3.3872141377661875,9.001799906452591,10.324324730767325,11.50053947689403,0.07943313562535424,0.9063635645967835,0.8214949112285876,6.280234000825716,43.47095069449449,7.2317906255949165,-1.385238899301612,0.1636045800458625,0.2191840246554676,0.2900601097409905,-0.4361102265218404,-0.12323212317896332,-0.010124026008463405,0.09595190147650429,0.4211083831797404,-0.05269508287376955,0.34840228068732904,0.1213841491881324,-4.013948711670871,17.87435681792908,0.41007176469987,-2.0672492562446476,0.1053803800014734,0.1370732955725704,0.1560138793763042,-0.2647850248161138,-0.07257956620987085,-0.0004792516096352814,0.06449372936269954,0.2395623449417117,0.06000122262132187,0.5024946084660918,0.252500831537491,6.0912350655536525,41.60729126439831,4.037018150301668,-0.5388024884270546,0.16474103706967308,0.2112688873776932,0.19445757567753805,-0.28872436529606416,-0.10335822605446843,0.011058372280282083,0.10791066132322477,0.3085345456837659,-0.0010180364096858256,0.2633432191171544,0.0693496510549856,-0.5671201098633467,4.33717873600418,1.118692,-1.626368,0.052779156376580934,0.071258,0.14296214817146372,-0.49530625,-0.035816,0.000378,0.035442,0.49827625,-0.0014412273108610255,0.35010274077837744,0.12257192910053176,-0.47386882655939244,3.883387425831933,1.4741336146699417,-2.0224314356120017,0.07445413711786844,0.10045590334355814,0.19413262517125587,-0.6636576448957124,-0.050602884858245135,0.0003455823797765777,0.04985301848531301,0.6828037722101754,-0.0004181452594551169,0.12694510699829512,0.0161150601908086,-0.12280991144171008,8.942330679401225,0.8676286702803331,-0.8533419177381095,0.008060521356929846,0.01087953139706676,0.05713814270182361,-0.20282250230587442,-0.005507612999117362,-1.8441305983207313e-05,0.005371918397949398,0.20489727874536987,-0.0020423760805127213,0.4856808196545189,0.23588585858028532,-0.43518045588176074,3.6745936949271405,2.0110801656543273,-2.6388114936679816,0.10485803489620811,0.14119542677808475,0.27088415988351,-0.9143997882442522,-0.07123546340910926,0.0008259691844901553,0.06995996336897549,0.9456031410283973,0.0012117803178808512,0.09598773892102663,0.00921364602317117,-0.05250938950369274,9.42377863243865,0.6397035383373193,-0.7352085082213863,0.0072298376889078,0.009752762778200343,0.04349089630115318,-0.14786268984203613,-0.004833650406314567,2.9039330922373072e-05,0.0049191123718857754,0.16373747904971117,-0.0005912669082944389,0.0860609145565317,0.00740648101430665,0.002293379418944852,8.129045782682496,0.6496928695597332,-0.5720902228347039,0.008072378309004462,0.010887543478720563,0.04079566074406068,-0.14945020897017205,-0.005410958332675456,1.6944379785137278e-06,0.005476585146045106,0.1381939946627108,0.0031480544934348923,0.15750579792788946,0.024808076380901153,0.2831500253623645,7.992730379204184,0.9707156310682599,-0.957046393421162,0.00803598650035795,0.010821043977087778,0.07094295929917308,-0.24876773996259743,-0.005229047107073188,0.00013530716466802453,0.005591996870014589,0.26737690033734424,0.006685858240857318,0.4642483125744119,0.21552649572818885,0.8805541184543846,4.9510422786274635,2.953793,-2.46303,0.07153407444067679,0.096317,0.24315160581793696,-0.8073,-0.045372,0.001795,0.050945,0.937701,0.009453753787937318,0.619635493910978,0.38394814531430166,0.8415014756377075,4.795211949898425,3.67212060832994,-3.3684978425305148,0.10040147654823481,0.1351587766178645,0.3247929306080586,-1.0603791295754448,-0.06445803235867016,0.0013402982597246218,0.07070074425919433,1.3069154312060538,0.0014248114600172535,0.21694550428225895,0.04706535182828364,0.12947746549183756,10.722043510219532,1.790211159425444,-1.7627550041409885,0.008579048904592974,0.011603926602076086,0.09549989104171298,-0.3371896048193814,-0.005656415626343444,2.1013323065947756e-05,0.005947510975732642,0.345422077914257,0.013365718271251225,0.8221971442828964,0.6760081440669499,0.7679928087510958,4.271403807799366,4.565361238206879,-4.079411797471251,0.14069702737661516,0.18890544884344523,0.43497544638024405,-1.4031683825960335,-0.0890747180588968,0.0017539494566933555,0.09983073078454843,1.8365856701605014,-0.0003907000541321213,0.302910342388237,0.09175467552575896,-0.21138768202133554,7.733007384064411,1.716254602846284,-1.917233052505039,0.02222523769028912,0.02993063907995812,0.14168964397574052,-0.4997347174320179,-0.015282997495367153,-0.00014346268199822224,0.014647641584590967,0.5253496802456722,0.0020148514507465597,0.22237316823816233,0.04944982595227805,0.11591748342473142,11.652459560984564,2.051859766869368,-1.9936599567620723,0.007498447911280173,0.010111627278192897,0.09736748053712321,-0.3402614822194499,-0.004961568342223741,9.831267021571974e-05,0.005150058935969157,0.34723063010699134,0.0033817765026621293,0.21131236057433617,0.04465291373149827,0.0452994583773733,8.910060534784678,1.3402286934296648,-1.5693395993981334,0.009523276290573729,0.012851342152877962,0.09298339080259747,-0.32204505124862254,-0.0061628083265759595,0.00011860600930752507,0.0066885338263020025,0.35477581184929874,0.006469228208356513,0.14795010105768308,0.021889232402978638,0.328975157240115,6.074105879883563,1.039124,-0.839703,0.019459154117886027,0.026248,0.0751943731443797,-0.25967975,-0.007007,0.00642,0.019241,0.267816,0.00915043497320534,0.17220003359335664,0.029652851569553156,0.11581986492406769,5.313836780280969,1.0121770118120945,-0.935650504853449,0.02631676191147221,0.03541556095865293,0.08952650105771069,-0.3007643194316362,-0.009017366045763017,0.009320781283016874,0.02639819491288991,0.32323314668162284,0.00020861211898288968,0.11883499316022914,0.014121755599391704,0.02183041543514115,9.046810004866115,0.8652328201258142,-0.8226544633497131,0.007811515604163731,0.010538153227520696,0.05445185497622473,-0.19510078758976585,-0.005246461987157882,5.055886861713078e-05,0.005291691240362814,0.19219126510080362,0.01294512304967566,0.23380143638713236,0.0546631116566863,0.011286485102410532,5.239590852108812,1.27427668568651,-1.114188415598336,0.0364422758127811,0.048979481575461656,0.1219068257445086,-0.4043644907194504,-0.011827287355982763,0.013445958625710222,0.03715219421947889,0.4276073388596889,-0.0007658513957646405,0.06805662765848426,0.0046317045682455656,-0.4707264629331814,9.66359108862778,0.48900921420754295,-0.4733386997052583,0.006961070411481208,0.00937862800804597,0.03172579740003813,-0.11061688412308764,-0.004676716224579245,-2.2758250729157164e-05,0.004701911783466726,0.10720235209314853,0.00029547227702392796,0.14524025438002705,0.021094731492374966,0.002690304632321211,7.755181981580613,0.9042446856070464,-0.897455450845411,0.008559033681852768,0.011554811651752624,0.06720645983370527,-0.24213649939580748,-0.005777452137184297,6.381870148454209e-05,0.005777359514568327,0.24269820097788775,-0.001407156960121864,0.08450943311841788,0.007141844285996346,-0.06489483666612313,10.502501581107143,0.6118845691528892,-0.570359360402929,0.006892537394063808,0.00930898062235811,0.03749497328970568,-0.13040013659382643,-0.004789083223763776,-9.049662840040313e-05,0.004519897398594333,0.11947890469820485,0.0002443951190232184,1.1567462480249926,1.3380618823198978,-0.0012954622038131957,1.8671115915475323,3.713067,-3.717472,0.7192125601003952,0.97044725,0.7789766003425762,-2.27644075,-0.48379525,0.0007650000000000001,0.486652,2.2758375,0.00034581084038402794,1.6357611778401233,2.6757146309289075,-0.0012931988375512028,1.8705922804760151,5.217896012184483,-5.2530290332245135,1.0126263841961263,1.36533617330658,1.1011232791921388,-3.2181208272450146,-0.6821047942885003,-0.0008257214795908963,0.6832313790180797,3.2189523606130233,-2.0537571403717417e-06,0.014089078572295202,0.0001985021350163078,-0.0919376301576391,13.496853235144968,0.2878850845831139,-0.3240249662648883,0.014381647995738506,0.019419695450449463,0.011268510171941247,-0.022338885975010173,-0.009613150467388077,-9.959016521686546e-05,0.009806544983061386,0.02244075413063991,0.0004906686795145958,2.3125549613384626,5.347910449211138,-0.001293094166308496,1.8809147883724773,7.336185177860027,-7.363647577975114,1.3955651713843835,1.8816506275207523,1.554448395001678,-4.543295027509272,-0.9395862481035329,-0.0008596665407414952,0.9420643794172195,4.5458223684073475,3.461212012012642e-05,0.05171425490436847,0.0026743641603139984,0.075884363042857,1.0273868900889873,0.5590540189309221,-0.16307438313210315,0.03865365727419302,0.05231356574812501,0.03833381097513507,-0.0929480507095138,-0.025211004821840313,-0.0007401177657155034,0.027102560926284696,0.09414427795322024,-2.9896977115417773e-06,0.005802278297585932,3.36664334426367e-05,1.0791350505064552,122.30502260125937,0.20155973498726143,-0.13915131042706708,0.004613441083254683,0.006215431605622236,0.004135832431296471,-0.00875762664019886,-0.0031212192419177286,1.3798488047301173e-05,0.0030942123637045073,0.00880407636199144,2.2817564506692427e-05,0.019062383549216227,0.0003633744665774294,0.21292249681190556,2.4630165342871138,0.2687389782025144,-0.07628204158472916,0.019199782446508645,0.025866232604407232,0.015408473052219887,-0.03203939802375028,-0.012982909541431787,8.596010558935534e-05,0.012883323062975445,0.032049296806003394
-5.939653414882772,7.64418905989684,58.433626383446544,1.137203851208922,0.27709621712901367,14.7,-21.2,5.337367986620166,6.5,9.127420998980632,-14.0,-10.9,-9.5,-4.4,9.6,-8.360678769596865,10.854643324384472,117.82328169960441,1.1491646854497806,0.2823898461538268,20.577512859970803,-27.679813911589495,7.818308074149524,9.15016388379597,12.921508405630835,-19.82506570325064,-15.293988596102189,-13.663706429321298,-6.143824712306218,13.534526870059343,0.003997610451363213,0.6981215605824002,0.4873737133500058,5.550216089176511,100.43328872617958,10.336934688178607,-4.237642294450753,0.2978012184714041,0.4109601802354809,0.33554300459296754,-0.6543283604040174,-0.21101654044223228,0.009982751765335168,0.19994363979324864,0.7428849936258707,-11.695055647846699,15.503409440188019,240.35570427011098,1.1689068169493257,0.2911574621372548,28.551654168807957,-38.5486658147178,11.193765744030925,13.053892905507311,18.316277779077396,-28.237924898745433,-21.673498461094102,-19.372712857735813,-8.61960555558679,19.18014936814321,-0.0512576748012412,1.0977925154775536,1.205148407038535,2.593744864208904,61.05321934783434,11.661489790669059,-6.8602904343342725,0.2967863060329623,0.4061325602307462,0.3979659821583275,-0.6015829775095262,-0.2190966226534529,-0.0025648755423526293,0.18703593757729325,0.5415927821790273,0.005504485929934446,0.6510151277947007,0.42382069661755056,0.09572994375876426,14.676882408503776,4.536420011412337,-3.364943154192806,0.32900435570472497,0.44052717358518856,0.36680771402496287,-0.6497734689320253,-0.21428685099233497,0.009516094220429403,0.22624032259285357,0.9684023474822175,-0.08615937137357169,0.7298984045409359,0.5327516809514037,-8.662427046789006,106.90770616500069,1.0450991891784422,-9.468824571534888,0.30743285357218514,0.42744409788730797,0.3329252893035557,-0.9209953629043681,-0.23746035880572386,-0.034812554559600924,0.18998373908158409,0.555613884163707,-148.96136595310904,13.314378949811642,177.27268681918736,-0.3952091870856439,-0.6196087910521118,-110.6,-188.2,14.381241519504364,21.0,148.96136595310904,-173.6,-159.4,-147.3,-138.4,-130.8,-210.57287658178913,18.091819432356065,327.31393037297653,-0.2759766032463929,-0.923440887837486,-156.44621468320898,-254.26183769701808,21.946638159739777,31.597465893614867,210.57287658178913,-240.78391142621507,-226.62402577230625,-208.29655085101865,-195.0265598786914,-186.31678531016945,-0.011204077329318803,5.142279659063657,26.44304009201984,0.3748438297240812,0.8223671418616636,18.08723511246961,-14.498784800464414,4.400072595542056,5.984530905831495,3.886931721493407,-7.96757341008264,-3.208292425163809,-0.4687684815561193,2.776238480667686,9.256016049230531,-297.59653025176146,24.788166903951602,614.4532184581615,-0.36584192796626847,-1.0556071099524662,-243.4107673737634,-349.37042309563395,31.644313081749495,46.50778032522942,297.59653025176146,-338.9899875877884,-319.85822140436244,-293.43399296598324,-273.350441079133,-267.2842307556513,0.21967000642866236,6.134923188756477,37.637282531941935,0.14648204469666048,-0.25549682557269415,17.025677156259874,-17.851351393765547,6.4388967454941985,8.469936655717348,4.926459799435688,-9.115709703544944,-4.324347594409552,0.14257061570091611,4.145589061307796,10.532800071996322,-0.022154905476172635,5.409235534708128,29.259829069949127,0.6747755954626357,4.949153546177149,22.83772817187121,-19.319759035372478,2.667175652228829,3.451292349824141,3.318936515344013,-8.450865026315709,-1.9594603674300262,-0.0643350196800657,1.4918319823941149,9.08147567712156,0.3417299164585655,4.788838834210594,22.932977380043486,-0.44842388423392826,0.12248771554915994,12.285225412452283,-14.203390803978627,5.203412172353185,6.692649300750813,3.8240135835876714,-8.372304604583842,-2.5462210531289324,0.5534952233449673,4.146428247621881,6.992564217389938,-1.634046890927625,6.855926908564517,47.003733775579015,-0.6141178561591419,-0.5579717990523467,11.9,-21.6,7.116490648826889,10.7,5.538430173292559,-14.0,-7.1,0.2,3.6,7.4,-2.331434935656718,9.329596062569363,87.04136269070978,-0.4275843820887811,-1.088606902731137,14.549475401424651,-22.57355313024192,10.354792741754864,16.135178531692393,7.736170900319676,-18.33995240247748,-11.341194211264613,0.3495788664862945,4.793984320427781,9.837000154090846,-0.0551111065897358,2.5632752758484125,6.5703801397757555,-0.07962367813085237,3.3307513644305935,10.966586386968139,-11.6290963526558,1.5516159846526951,2.16632456475543,1.7094956127026364,-4.631074692859309,-1.1311305358194228,0.055021106268726194,1.035194028936007,3.7100146140127697,-3.3601453314039245,12.932019479690274,167.23712782308868,-0.3926878291987576,-1.2305801693651102,15.555122883261795,-30.602058288874733,14.642273082177068,24.098169461952065,10.811974952837897,-24.585847986387787,-16.69270167997042,0.9699360878327687,7.405467781981646,13.545317578758338,0.01155429359693579,2.4191548364921895,5.852310122923552,0.008155581904131758,0.3101615150225929,7.715907596457927,-7.763864069208144,2.3973756121331453,3.2148629234984663,1.9217776940893774,-3.9371019039898587,-1.5631095598593565,0.05643530192273333,1.6517533636391097,3.901533659440284,-0.07717681249405649,3.010956645293826,9.06585991983905,0.2602979552456974,4.7025537375294855,12.967591513420448,-11.34968195513048,1.3060051930190488,1.7334419381600332,1.7771772916870245,-5.794751624866267,-0.8886907627922433,0.006140339518177069,0.8447511753677899,4.373522175394343,-0.06155995637985015,1.9785032289559163,3.9144750269889874,-0.17494929866046524,1.307125363277601,6.560074824232106,-6.687890950625913,1.5960958668095742,2.1255411041602814,1.4922290901874564,-3.080485383808906,-1.13925013162005,-0.03320362173090608,0.9862909725402316,2.8333282977399348,-0.6476044852191639,4.233843412471161,17.925430041325445,-0.07509975373638325,-1.4420840029866726,7.0,-7.0,5.485628208470727,8.3,3.807849133537207,-6.7,-5.1,0.0,3.2,5.4,-0.9235852228879592,6.008859926704979,36.106397618760965,-0.0644467763384281,-1.4397022653817362,9.84568005645633,-9.891862067128674,7.762702682016337,11.847593398134006,5.4053801894715265,-9.476497998126513,-7.362176151765787,-0.08801167757987555,4.485417246368218,7.610453710722401,0.008729126786228463,0.1951446901779532,0.03808145010464934,16.592509752245256,336.6274380563003,3.9563756330036743,-0.7548190487256159,0.0640290452197105,0.08720168354681035,0.06300591822529385,-0.10811187105731199,-0.041760254210550456,0.0031978941791941384,0.0454414293362599,0.10862315390369892,-1.3058838708601084,8.553078688905412,73.15515505860793,-0.0454904817311613,-1.437397360295798,13.827626308990679,-13.807105904177197,11.138050030784118,16.91412494362273,7.703510084427566,-13.363326176545355,-10.455853087543131,-0.036625411997723734,6.4582718560796,11.125995639565037,0.008153298081939334,0.3421664980442975,0.11707791238389825,8.081814450861211,133.00939776397774,4.570270491953362,-2.381706676424862,0.0828727239063539,0.11164954127016839,0.10041904058669084,-0.15052428068222248,-0.05384714864888676,0.0025242794492545684,0.05780239262128163,0.15327463051959642,0.011703657856453617,0.13266349542168604,0.017599603017499715,8.132452251166661,97.54063877696586,1.674146226150047,-0.2371448276007814,0.061645216905099644,0.08339192839459547,0.06343259312471514,-0.11907633339133632,-0.03658670953050937,0.0031888535674418758,0.046805218864086104,0.11474516296925534,-0.024169538230624177,0.23901209745989632,0.05712678273217898,-13.76846181131647,205.1905431283863,0.23539742784098217,-3.634163060076062,0.06269236739997074,0.08531910398410353,0.0679359862180246,-0.1303476643543656,-0.05125629119082233,-0.00727004505999361,0.034062812793281196,0.09003056496522428,0.0890927624872579,3.3130350305602385,10.97620111371928,-2.171537675122794,4.1591613068196995,3.9,-13.6,1.1860817748044814,1.9,2.34026503567788,-8.8,0.0,1.4,1.9,2.6,0.14007105527678573,3.702511765517528,13.70859337379572,-1.2535219449057287,0.4956442816559328,4.852599147777279,-13.756473814322094,1.6682140026614638,4.856521254244075,3.093060069111261,-7.721223823913774,-2.173819036368739,1.9035587349786847,2.682702217875337,3.5116379705219525,-0.11506677961943265,2.8476259183820263,8.10897337104108,0.01605921470862268,3.5585804448397154,9.800320325211107,-10.638254434091452,0.49280849851308933,0.6383760215457872,1.518546635854353,-5.945813082789061,-0.3658044039846673,-0.013090933259912896,0.27257161756111997,4.948933296742035,0.2292588745082121,4.996977714809758,24.969786282305357,-1.1416141539178795,-0.002694591220507192,5.9218249815232085,-15.941128659700597,2.1537052913854127,6.792421745389541,4.304281104365102,-10.102261897189923,-3.008991017733008,2.735574027593576,3.7834307276565333,4.644359743241907,0.08610368820541958,1.4872721824112902,2.211978544574442,0.7968441851988556,5.773636636262006,7.280870572194108,-4.958137344061488,0.7460203151993783,1.0078360894481455,0.9155935866579294,-2.34519318216778,-0.4391200603741276,0.07626420936874016,0.5687160290740179,2.263534057743108,-0.16089347326833026,3.3133061868291254,10.977997887680159,-0.3492583483507452,6.063401182830088,13.164786426966787,-14.047855163925547,0.23076623828214715,0.31485368888541365,1.5204796709091704,-6.623007206379923,-0.1653115999322416,-0.0046233275872999855,0.1495420889531721,5.043530906624473,-0.00045392987257119086,2.2462566671145177,5.04566901455642,-0.9901337544809494,6.754543497254311,8.188564770940662,-10.43109197526932,0.4903925442483723,0.7161892979156417,1.1485588988460607,-3.5681451332879943,-0.29701315418687263,-0.01154862349241921,0.419176143728769,3.9454839039926517,2.9605504587155966,3.4280077015651678,11.751236801990105,-1.665836694513628,1.8738812507593146,6.3,-8.0,1.3343419966550423,3.5,4.17217125382263,-5.6,1.7,4.5,5.2,5.8,4.204074177095038,4.815476026240067,23.188809359292833,-1.6295137865729346,1.741262572495617,9.581504106189685,-11.250699104593838,1.909408212225635,4.891406773820554,5.895190961832099,-7.526009270641978,2.4350644321256536,6.385815121891621,7.326471205946208,8.121832490425236,-0.037706184656258905,0.4487139155012492,0.20134417796446222,-7.498388725670561,79.2952029305608,2.6599952450329427,-4.715670928854718,0.1224487725568369,0.1630103815240181,0.15218644920585586,-0.2791710591252263,-0.08491684231256054,-0.0007375902906553988,0.07809353921145754,0.22944594879929228,5.984006532333063,6.723231785143996,45.20184563677053,-1.5785065198796642,1.6106327735988,14.429021864082664,-15.751701474445781,2.8200835418290016,6.842113093270018,8.30833840229571,-9.970310225930971,3.502584474146393,8.992221374907839,10.34469756741641,11.447735654628293,-0.07374439850210293,0.8880494091847511,0.7886317531533855,-6.003371561238985,43.129269408364465,3.059219013123993,-6.895508781019448,0.1933378743856142,0.2561320767034565,0.30165808408466604,-0.4794665161262738,-0.11032252566482989,0.015386502571207064,0.14580955103862658,0.4437774458531563,-0.052671029944424186,0.4922660214073992,0.24232583583227005,-6.595100879924213,47.35778317312029,1.0594562510119117,-3.920205002574172,0.11003033629930423,0.14588362374598615,0.16344792385517656,-0.23094279930748468,-0.07635846966271231,0.0003655266967749468,0.06952515408327384,0.23853545532839204,-0.06319756683862653,0.3894134224621692,0.15164281359369985,-3.8274792897343004,16.6157671631686,0.5317335647324093,-2.481288626263824,0.14361503523225314,0.19278182313541775,0.1851103727135593,-0.37443810764110963,-0.09839240302206867,-0.011531118969584803,0.09438942011334908,0.28082168579116545,-0.0009826937157077324,0.25988458913882084,0.06753999967185373,-0.45744906211603914,4.328020249067941,1.160174,-1.416755,0.05242777965079509,0.07084199999999999,0.14074428238839085,-0.4939695,-0.035578,0.000497,0.035264,0.48387925,-0.0013922433784276196,0.34923246470278485,0.12196331440238185,-0.42945136239583015,4.084575348031389,1.387834434867797,-1.8989428834657711,0.07390799760604054,0.09965580946174754,0.19120908940055822,-0.6707037844225904,-0.049829178659447707,0.0009877275804393358,0.04982663080229983,0.6642439473780631,-0.0005097364519696718,0.11447431746332404,0.013104369358693895,-0.08110962105390436,8.776118785243247,0.9688352161911605,-0.8611157200650739,0.008010221231079173,0.010801741004741024,0.052133579564208214,-0.18813497736711318,-0.005389458035783113,-1.7561750037811946e-05,0.00541228296895791,0.18605127913475553,-0.001975921125599334,0.48644185466192075,0.2366256779669292,-0.4218940615230927,3.9822309449775988,1.963163374999929,-2.4809052739558677,0.10373906892587209,0.13998999421682795,0.26742597855199796,-0.9411022048394743,-0.07075196056602481,0.0006418833397244465,0.06923803365080315,0.922233945225748,-0.0020066483789962326,0.08516697110668815,0.007253412967487454,-0.43374450447077584,8.69857292069084,0.48781308206835877,-0.616954022371329,0.007168432550491087,0.009685495750830287,0.039005391562568555,-0.14243326252364438,-0.0049609804416727256,-1.4769714431039915e-05,0.004724515309157562,0.1307174818336146,-0.0007206421836470526,0.08420686970630402,0.00709079690573446,-0.10085267416370718,8.374465737527167,0.6545709727897051,-0.5841386794640007,0.008027926069837222,0.010859411818188374,0.03959848832017919,-0.14100680183724332,-0.005416375737517212,-6.151397715624992e-05,0.0054430360806711625,0.13886488289152296,0.0023052707005999347,0.1382314089125247,0.019107922409941608,0.20087047742486483,7.561242305795098,0.9165690138466445,-0.831702136873884,0.00789328029536,0.010661574192231078,0.06296856035210598,-0.222937633219152,-0.005256836735433286,2.4843226686873583e-05,0.005404737456797793,0.23613163026349704,0.006113560954037117,0.4621823019151975,0.21361248020363077,0.8841519002786737,4.920472887980022,2.657512,-2.274061,0.07064303050735492,0.095116,0.2417181814979162,-0.812573,-0.045312,0.001615,0.049804,0.92670575,0.008651414237625122,0.6199817937409491,0.3843774245702447,0.8504766511487167,4.4668013270390325,3.301585792156004,-2.449317164003262,0.09982940379289998,0.1342964217678791,0.3266988306906569,-1.0910585098981227,-0.06501613399251346,0.0008095741986018497,0.06928028777536563,1.3143221703046724,0.0004754328042627071,0.20690410493015396,0.04280930863694816,0.23454147389261581,10.717812466864318,1.7790586323314568,-1.5852383704349808,0.008698355380153297,0.011737437967197405,0.0906936932968608,-0.3175317070613015,-0.005974272273047541,-4.166521913285284e-05,0.005763165694149863,0.3244623223386474,0.012250529000400936,0.8253869551730515,0.6812636257698409,0.7736885282619869,4.03717408230124,4.022609764405496,-3.206586923125183,0.13868553048709428,0.1869279786731419,0.4388681936647856,-1.441887773223817,-0.08961844955574076,0.0012430490440835554,0.09730952911740114,1.78600997003892,-0.0029427222405957695,0.29554355573306995,0.08734599333534622,-0.03953368183776751,6.915230591378011,1.8419078954523747,-1.7915014279394392,0.022838127896051514,0.03080159913254676,0.1385374191357172,-0.5066085178155126,-0.015597575996920012,-0.00017111915401590242,0.015204023135626748,0.49661446601644493,0.0006722605426051889,0.22745096074957788,0.05173393954590602,0.22930084302019144,9.820909546461952,1.780466373156593,-1.5725307297333728,0.0078012889020767015,0.01053179359605223,0.10066798838043606,-0.3703309436509043,-0.005293474007966165,6.434329326125634e-06,0.005238319588086065,0.3584348870360665,0.0003409038994427428,0.18403580385476187,0.033869177100468384,-0.0719919343790421,10.963219538324623,1.3876744767809064,-1.3730527434985753,0.009480050832845342,0.012787264489719582,0.07956294098928635,-0.28278321292763614,-0.006364489726113033,1.3363857411509888e-05,0.0064227747636065495,0.2817325267162203,0.005780961802536503,0.1675054145989599,0.028058063919969452,0.08594832316765265,6.2105952581527575,1.064949,-1.0962,0.01999585612098505,0.026914,0.08384032183012025,-0.28937575,-0.007733,0.006238,0.019181,0.30173075,0.00817667313875575,0.2031957900478807,0.04128852909318241,0.071492727841489,6.678894321965625,1.1906802528390312,-1.1725258271232737,0.026698368844026016,0.0360666961711205,0.10102431193385342,-0.335438374151827,-0.010213690540025277,0.008659483849398138,0.025853005631095223,0.35702836647342595,0.00018407815633859423,0.12174784373835142,0.014822537454938035,0.1487231916428397,9.014069001271391,0.9138204349951145,-1.0010766988459157,0.007989513124952214,0.010778835704877573,0.05597183784715455,-0.204279387919798,-0.005389820784428615,1.992007181960026e-05,0.005389014920448958,0.20197667785391432,0.011566750275214317,0.2796604069104447,0.0782099431933155,0.024961945692034738,6.439454076388246,1.5901996350810257,-1.5366001620895766,0.03713989824912171,0.04996877990128997,0.1395025910959173,-0.46753171730758636,-0.013561684103696339,0.012825105678766078,0.03640709579759363,0.4916309361424831,0.0008235077749678443,0.06596710654264083,0.004351659145608127,-0.21638572841928297,8.568784528872486,0.4523775274701561,-0.43653711232153786,0.007001322336081284,0.009436566239906193,0.03106955483403837,-0.10525728059894993,-0.004612603914745984,2.2089812257342425e-05,0.004823962325160209,0.10867347753969649,0.000260477058684466,0.15511796322608828,0.02406158251541008,0.32225699801723007,8.365087490206559,1.1034336834251184,-0.9959465259731216,0.00879685160299625,0.011864056983412108,0.0715161686522691,-0.2634660571134654,-0.00596780883366007,2.2356885978611237e-05,0.005896248149752039,0.2569276566623144,-0.0014866670924487267,0.07467230990157522,0.00557595386603689,-0.17629066646069025,9.611323377916719,0.5724224473864783,-0.5521266994886739,0.006847015054470484,0.009229689711760214,0.03407637099685021,-0.12573129034377234,-0.004734005343415774,-1.770357168499683e-05,0.004495684368344441,0.11351574181549359,0.00013183497736335607,1.0424841396571078,1.0867731814366202,-0.001015322493722169,1.8149915040401803,3.445923,-3.44903,0.7147150862705585,0.964576,0.7165971333613168,-2.0514735,-0.4809265,0.0004305,0.4836495,2.0471705,0.00014020261212547671,1.4741695799806604,2.1731759505403567,-0.0009242744749395623,1.8183168201681434,4.876896910868151,-4.842378367743658,1.0059649329380436,1.3569945540531239,1.012910332460899,-2.9031674129547214,-0.6765375555855452,0.0013939655077934935,0.6804569984675787,2.887229983520957,1.5534723698732608e-05,0.01423172171816436,0.00020254190306327112,0.92368557498088,29.91926933356404,0.4381857868221832,-0.18690993249584195,0.013303289472271256,0.01787660661513029,0.01102707919509087,-0.022075153124125592,-0.008761450737344051,-4.17488035743159e-05,0.009115155877786241,0.022133536021626578,6.524128104371119e-05,2.084059771036726,4.343305129253651,-0.0007214949478975003,1.828765972874752,6.851636464460889,-6.784327237329306,1.3803362925289824,1.8623195393319605,1.4299965826883598,-4.109671662535659,-0.9290623035615717,-0.001356978355849716,0.9332572357703888,4.099659445973418,-4.4238927830952055e-05,0.048748807584284196,0.0023764462408895643,-0.04599281601570691,0.6627562847361856,0.1575384916573047,-0.37779990192779367,0.034453853586218636,0.04649147078255385,0.03611090510524977,-0.08981723182078787,-0.023733277322375974,-0.0005005762357496515,0.022758193460177878,0.0903057236453719,2.1867606521119792e-05,0.005935782376068627,3.5233512416046924e-05,8.261179640643732,417.2111632642812,0.30325046961497526,-0.07225307696809567,0.004651085233054099,0.00628881124105492,0.004087280835243069,-0.008599321301468803,-0.0031646935790974,7.349993415261223e-05,0.00312411766195752,0.008795017316493653,2.05446470885035e-05,0.019234996252255204,0.0003699850808242717,0.20123303881089571,3.6374305076011675,0.2764536563713899,-0.18546934037776436,0.018195951290898,0.024519624049227636,0.015145478400761803,-0.03285823712802172,-0.012401997558862201,0.0002128344318681626,0.012117626490365435,0.03269129233282977
-5.900914634146342,7.927507501081569,62.84537517970455,1.039864082915487,0.20744685681684194,14.8,-21.5,5.708018541246567,6.6000000000000005,9.230182926829269,-15.2,-10.8,-9.25,-4.2,10.0,-8.300489116290343,11.257315734826284,126.72715755356741,1.057375712138072,0.21232655579515214,20.657713932493138,-29.806497510753573,8.480115596595041,9.042596506418725,13.07897316653441,-21.432661934130724,-15.055143732570283,-13.678277002489606,-6.012547226151558,14.066074829677646,-0.08562778646892281,0.670684048322458,0.44981709267420117,-5.424041870209441,58.43947513308838,1.602597745050183,-8.628147159675992,0.32255725938308494,0.43388296864032555,0.35916312515985765,-0.9671609380364462,-0.23930372723601967,-0.02886600412654161,0.19457924140430588,0.6396506408426225,-11.636550810195635,16.055293266930605,257.7724418871472,1.0656701164828395,0.21047784941474834,28.71625397103442,-43.014941732453465,11.932717665172095,12.841252149992691,18.553993304825084,-29.585228574122286,-21.26978425616484,-19.32326931238833,-8.428532106172149,20.030634638522073,0.12415047046615918,1.1226990214853194,1.2604530928440938,7.5924742133126,71.25411430104948,12.613614349248477,-2.4887920371347745,0.2678122705176894,0.36081515511491297,0.3783677375127023,-0.5712940601822147,-0.16343869083361368,0.004467444440972024,0.1973764642812993,0.5126930038152586,-0.1210797849854733,0.6786144327675347,0.4605175483604029,-1.8187781755755223,7.9885631607329906,2.132568628352484,-4.057851127412579,0.3535829620325914,0.4748106717568694,0.4135091910584934,-1.3524555607360682,-0.27379692175489734,-0.04280953769591484,0.20101375000197208,0.6548842232416479,0.05531041876608438,0.6528974906039147,0.42627513323688887,5.703906012456793,49.304629384931914,6.7557467013768715,-1.2057733392423924,0.26794193683512685,0.36311943851270095,0.318242956930682,-0.5195104637258716,-0.1791809871985725,-0.012495299530840345,0.18393845131412845,0.6575336918567645,-149.57682926829267,13.367316640751154,178.68515417410273,-0.3738870876309077,-0.615820897730472,-111.1,-188.5,14.529501741354917,20.325000000000017,149.57682926829267,-172.88500000000002,-159.025,-147.8,-138.7,-131.13000000000002,-211.4403654201828,18.02776683033873,325.0003768890614,-0.18627326286795765,-1.0093140291043359,-161.14876123130264,-249.4522884552241,23.558676259511287,33.078492795135446,211.4403654201828,-240.09098702516312,-228.90017236027535,-208.997154774719,-195.8216795651399,-186.6310207123908,-0.029170929092072882,5.649498448858665,31.91683272365647,-0.18679072914676545,1.0007297556262982,18.312344812207115,-19.17267250984793,4.87095544421096,6.566426437939307,4.226855820000033,-10.426801660859821,-3.085713825588776,-0.07204176394544781,3.4807126123505308,8.779658443939997,-298.71473518775105,24.889546367950913,619.4895184023785,-0.2550010258356745,-1.058598666475052,-229.36433912009048,-344.4231502874551,32.60101649240663,49.80057191992904,298.71473518775105,-339.1515739719898,-323.52238344899473,-294.3662343588176,-273.7218115290657,-267.5581926200686,-0.13530964447185592,5.4082812209297355,29.249505764661233,-0.032912885877221,-0.47085871560043513,11.658881084702951,-14.286196358662217,5.555058739909617,7.361319862217942,4.405476806898542,-9.21357193340911,-3.722253366523895,-0.4939521387893162,3.6390664956940473,9.103386066997256,-0.041788321776559764,6.214624631591886,38.62155931158859,-0.8053803402054743,4.145959669688049,20.5664972088796,-25.05527073954831,2.2721184380159096,3.113166927489624,3.6278103788497122,-12.05080487026138,-1.143338261486611,-0.00464655244213974,1.9698286660030129,10.442850032288096,-0.27575639697098814,4.9304512384225125,24.309349414462083,0.11787392898683169,0.37612306062889056,14.933801834436283,-15.827774804607904,5.0078906301946935,6.712620372548865,3.9081263766176613,-7.832916680995938,-3.735683219717286,-0.3678911943019605,2.976937152831579,7.464315030509981,-1.9071138211382113,7.123570331764656,50.74525427159761,-0.6349598989391856,-0.5118940310265176,10.0,-22.2,7.26475087067745,11.625,5.796138211382114,-14.77,-7.825,0.2,3.8,7.2,-2.714848906834676,9.681148837848193,93.72464282056941,-0.4384792160583757,-1.0738567825608332,12.295806779209613,-25.182581746947577,10.960995876634021,17.139068421622163,8.119929863643911,-19.168197366457157,-11.908810611020545,0.415924125773398,5.230257810601618,9.672021498066952,-0.07564801027440696,2.7128817021519773,7.35972712987101,-0.13971210946549062,2.274154983760286,10.588450216850465,-9.66754526558692,1.6778389259509816,2.200461291754683,1.8401285014639315,-5.361917612287788,-1.1506884699010111,0.055468565252443314,1.0497728218536717,4.54162779909224,-3.8799986314140544,13.373506063592629,178.8506644329488,-0.3899632885501185,-1.2064852227896634,15.195721079360009,-34.39824439198025,15.092253281253226,25.68776053778737,11.332463941011863,-26.14095634973814,-17.715323963104424,0.4449790699425594,7.972436574682945,13.10282030591162,-0.014782664794628109,2.6235151109160295,6.882831537204748,0.05836181818181046,3.2339824617974413,11.9696227945795,-11.462976634280128,1.9772509258403612,2.673269781586058,1.8827888392663792,-4.174287330529165,-1.3006734319660844,0.012319936724918157,1.3725963496199736,3.9910941616091873,-0.10709869546192823,3.1132350420937795,9.692232427320656,-0.11828904961962998,3.6942537068602768,12.30672005032528,-12.788992423919765,1.3313963399756157,1.8076181619190734,1.8913467249547011,-5.9799652573757385,-1.076097302256903,0.030030845596922554,0.7315208596621705,5.234352544565608,-0.042985377090295436,2.1962505112199,4.823516308033671,0.35372910353033854,3.7277392466912396,9.327401210899849,-9.415176106357334,1.73900124841874,2.292683082867105,1.5421996255945036,-3.268424402219434,-1.2206705928335113,-0.18522181575747357,1.0720124900335937,3.163236907052274,-0.734959349593496,4.244247349937705,18.013635567453235,-0.046902130095446665,-1.41678947883001,6.8,-7.1,5.633888430321287,8.3,3.779471544715447,-6.8,-5.2,0.1,3.1,5.5,-1.0385726176897945,6.021446863231727,36.25782232672321,-0.037567241336724094,-1.4186506623983077,9.589744784059377,-10.02315826836091,7.992963935956636,11.845705012218076,5.369220852132431,-9.576843577302016,-7.456251545182833,0.22419763015699615,4.389453467035244,7.807596442178645,-0.009113966415813758,0.1360955297807169,0.018521993226294,-14.665454412688119,280.5596444269501,0.24777142926049955,-2.64247416306503,0.05829947424726695,0.07842921933105662,0.054922943356845264,-0.10591122545587782,-0.04092209871937952,-0.0018316014073862727,0.0375071206116771,0.09196426587400253,-1.4874521217664929,8.573353400100372,73.5023885230126,-0.018830046466956286,-1.4181719448381978,13.514546307567109,-14.098328033901304,11.765177336029918,16.854447848999293,7.660348915641639,-13.483163506905317,-10.66806231686249,-0.47390532920750095,6.186385532136802,11.323126314490548,0.021572739741226265,0.2584097188343248,0.06677558278803479,12.060559304477056,171.16904362265117,3.7550937030142735,-0.66498639474756,0.0639052154042846,0.08635354591976474,0.07912456328237127,-0.1240004463404964,-0.03911260025159057,0.003979901040108813,0.04724094566817416,0.12326869662179873,-0.012896569864931302,0.11775887395609903,0.01386715239540842,-5.883854795160956,51.97459107564426,0.2878125442398961,-1.118618328808996,0.06363810758908857,0.08740581518156174,0.06210612230383703,-0.11668149310734852,-0.04966221209390996,-0.004304972626055456,0.037743603087651775,0.10098474881925483,0.016151962647249385,0.1497898702935694,0.022437005242564347,11.527794703225975,161.06213311470813,2.1492334239591546,-0.24940557587223922,0.05603828606797331,0.07693748557898239,0.05730614127172488,-0.08623138270841745,-0.033791072431838404,0.002674558643685391,0.043146413147143986,0.11996336335284895,-0.09867886178861791,3.618789645516338,13.095638498496266,-1.9753992618680218,3.1842066486436025,3.5,-14.7,1.1860817748044818,2.4,2.560670731707317,-9.285,-0.4,1.4,2.0,2.7,-0.12527811465807814,4.029230915073243,16.234701766981964,-1.0961721529006543,-0.06041203862963407,4.9848637962751114,-13.73972261207322,2.028063723090143,5.2355216833861205,3.36553447536099,-8.12422105757872,-2.4438840978546006,1.8495809304492248,2.79163758553152,3.587541460432072,0.14993877882897824,3.1331990139740657,9.816936061168057,0.15617968391989218,2.553687315177843,10.056429235095392,-10.749137473817873,0.5363040594443806,0.7113400787862729,1.7268884031295462,-6.115288652978031,-0.3600921102712677,0.003168619969953823,0.3512479685150053,6.220776777538195,-0.12748282711998812,5.495612758609066,30.201759592586743,-1.0456567784074917,-0.28220985734028314,5.773174749010632,-14.984929519467212,2.342143880439535,8.455512972655164,4.701900060299802,-11.254854842586635,-4.508603308957187,2.6988224729919703,3.946909663697977,4.832217151985018,-0.07501274143182005,1.4216778319263057,2.0211678577906813,-0.7905904541392497,4.349914270671236,4.805886283450606,-6.318847524833847,0.8095642580715632,1.1014568114059218,0.915004788118864,-2.8243677354890955,-0.5630396120881376,-0.018431642000870996,0.5384171993177843,1.9390330079879292,0.20901784035000615,3.7900660409815905,14.364600595001868,0.02885797859238732,4.103972936536791,13.373180605593559,-15.086192315457167,0.22837844050508443,0.30309183013935703,1.8490804978835482,-6.238668623689033,-0.1484810635074599,-0.007858570800971213,0.15461076663189716,7.994948194475553,-0.057598363446084565,2.2344691888629473,4.992852555977838,-0.4455223420722543,7.097410358139234,10.290827284860933,-10.114174300692035,0.4533642297187803,0.6443052099813359,1.1483687721730618,-3.9375636650536023,-0.3539211246622388,0.0006929565625029004,0.2903840853190971,3.220515024643852,2.9755081300813004,3.28595182810104,10.797479416600568,-1.6437176694490774,1.996407296032909,6.3,-7.8,1.3343419966550423,3.6,4.051321138211382,-5.284999999999999,1.6,4.5,5.2,5.7,4.218840959455191,4.61945058101519,21.33932367044158,-1.599095898134058,1.8269000434555327,9.737477744071086,-11.047020568898393,2.0135396732947544,5.12237713913763,5.723317958482152,-7.234263680087479,2.176228018637226,6.341905042776402,7.298605157774856,8.131215848170978,-0.035822410603180775,0.426656618051344,0.18203586972701047,-8.597455281813604,85.02050889281578,0.6501858188662004,-4.735739079909341,0.11396024584767354,0.15460841921660967,0.14758285442192032,-0.2782055258889772,-0.07201331080948901,0.002189147435456118,0.08259510840712067,0.22485105897265084,6.006311754110426,6.448524664708796,41.5834703513577,-1.6626187672632526,2.154419785122882,12.913482710936746,-15.989032623167533,2.8291817243733126,6.702731052535041,8.046517025402439,-9.953830113488486,3.5630675704023798,8.925417063734837,10.265798622937421,11.459900722839691,0.08854303318893383,0.8778704757111538,0.7706565721253275,6.300917154100682,44.025974134320656,7.113736056846292,-1.3440816828970936,0.13622414548698897,0.19164051051963837,0.2808392952199727,-0.4001891735178127,-0.09623381074638702,-0.007274157820747806,0.09540669977325134,0.42146093117601113,-0.05004650374747919,0.33794410627716515,0.1142062189674719,-4.063951163973811,18.030078093463338,0.39644588613900905,-1.907335265314691,0.10489995784613877,0.13815556047931493,0.15019025931501453,-0.2886456909095377,-0.06199324644198047,0.001556424797166929,0.07616231403733448,0.21451496600084302,0.04638510596160911,0.49261728292962437,0.24267178744096557,6.1311991728747035,42.3947835122347,3.9631611443629913,-0.5916728477807083,0.12851695848719566,0.17344627293883813,0.18643925402448955,-0.3336479802251864,-0.08527220997521924,0.0002598120917599138,0.08817406296361889,0.29526410238826645,0.0006871202765255803,0.2714291915201518,0.07367380600928325,-0.4008923642904565,4.5269848314581465,1.283018,-1.521413,0.05040106241809794,0.067989,0.14562959224578706,-0.502988,-0.032666,0.001626,0.035323,0.512436,0.000971449965394546,0.36391275163911757,0.13243249080555408,-0.32605789350816394,4.238734278365317,1.5123796451339995,-1.8400683869687458,0.07070237808771213,0.09532035967954808,0.197270459506595,-0.6740900846237906,-0.04652927044348786,0.0013338871957065586,0.04879108923606021,0.7049763759008536,-7.247313803046367e-05,0.12207337655785784,0.014901909264236556,-0.07190983930274106,9.322336796703432,0.9683275971380946,-0.8757208653348026,0.008542076948660538,0.011522157816156234,0.055914364432427546,-0.19618009699603614,-0.0057396909057917216,7.694238369719292e-06,0.005782466910364513,0.1991996875127249,0.0013731236997050274,0.5064018367025391,0.2564428202157051,-0.3066605507291968,4.156531850057115,2.149885306786588,-2.417547685573128,0.09893112584219457,0.13328702551746513,0.27537156028084186,-0.9168425186898201,-0.06509525602494451,0.0023871912610076334,0.06819176949252062,0.9899760094111024,-0.0007050649272732385,0.09151089434002475,0.008374243782911173,-0.1760535089458592,9.418289434042983,0.6126893647963085,-0.5851791514237978,0.007223048660419998,0.009739051265276685,0.04168602196017167,-0.14059157831348185,-0.00500453909357767,-6.914620294272943e-05,0.004734512171699016,0.14337595555398486,-0.00010298508461219483,0.0847081268703261,0.007175466757879261,-0.12582147045965053,8.437259950286771,0.6819098732111167,-0.6862175517414485,0.008903813014295072,0.012016688925936103,0.04040949123369525,-0.13974241377866195,-0.005985652612643898,1.2622950185787421e-06,0.006031036313292205,0.14057514198590815,0.000563954456021827,0.15040825467911634,0.022622643075617923,0.12232816358135604,7.605968177289194,1.001082444924223,-0.8628761281208664,0.00804761257241677,0.01085233077945462,0.06935952943019438,-0.2568858745790529,-0.005470697153475406,-1.0038977224273694e-06,0.005381633625979213,0.24856135454807843,0.008672766617251082,0.48487958653519025,0.23510821343853705,0.8834019582703327,4.983190429765531,3.105089,-2.310353,0.06743616190872731,0.090909,0.2527604689740719,-0.841564,-0.040625,0.004019,0.050284,0.992544,0.012265229520560769,0.6476492202280114,0.4194495124619512,0.7820406099827985,4.574916854439783,3.4687096167746265,-3.134241663211139,0.09499184132580019,0.1281394812060434,0.34203841679258223,-1.1358994117928154,-0.05694964497772713,0.005516190713725624,0.07118983622831626,1.320725884688241,-0.00011605212691988796,0.2252211401483414,0.05072456196971884,0.06401437156853292,12.6059544450855,2.15594461535409,-2.1905158825700526,0.00921938696172529,0.012433438435976244,0.09782689810194581,-0.3372510361507143,-0.006226931113791955,1.2225895632280836e-05,0.00620650732218429,0.3345883104152913,0.017346219043647994,0.8636864037436248,0.7459542040115957,0.6835324039022064,3.9478941071973637,4.095189477500238,-3.7886249270513503,0.13174791332716349,0.1772266741448588,0.46130528199353776,-1.5395575452621644,-0.07718639746387684,0.009500612849238204,0.10004027668098195,1.8820116450267013,-0.0005756605589231907,0.3046203903829711,0.09279358223707374,0.17029569613082238,8.70653128437739,2.1325900948300394,-1.8042444025487936,0.021554322820211056,0.02900105860792061,0.14082283595280737,-0.5025789449983733,-0.015122575221585676,-5.497732690977475e-06,0.013878483386334933,0.5016919673332259,-0.00016373845086688853,0.2439558892097305,0.059514475880110294,-0.041986995959021,10.654232545177955,2.0562374179605616,-2.2508220761389746,0.009123168297426524,0.012319505134343283,0.10802252573897679,-0.3834731085378151,-0.005987689592096985,8.924366962861165e-05,0.0063318155422462975,0.37200491766910093,3.146920268238066e-05,0.20473457384231414,0.041916245726393984,-0.1525098619356055,8.63160327054502,1.3683447636681725,-1.4005005237685264,0.009361327432159708,0.012648343193301973,0.09112623951065896,-0.3263334084584322,-0.00612832756906769,0.00011310356980322184,0.006520015624234283,0.3303772203055978,0.007967584485523252,0.16533167918443686,0.027334564141945555,0.13020819848158569,5.741840350198977,1.225525,-1.061606,0.01892096951256849,0.025522,0.08514898877560281,-0.288241,-0.004527,0.008173,0.020995,0.30136775,0.01126971058977861,0.19807162791044083,0.03923236978309213,0.03285071330084408,4.976808342727377,1.1316575430183637,-1.0559093553415124,0.025009943362882953,0.03373476043754917,0.1034211295833453,-0.35479530436501444,-0.0052967658180345396,0.011571928318064043,0.028437994619514635,0.3798512690476025,-9.156496592599755e-05,0.12422500383736775,0.015431851578394032,0.00043609037664734296,9.2973432390734,1.0260573407477447,-1.0078661105857782,0.008799157728225747,0.011866509515320388,0.05763563673145236,-0.2045857291827166,-0.005886842505144261,2.0209506348484445e-05,0.005979667010176127,0.20299316072935575,0.01594288866896987,0.2716473563646602,0.07379228621990869,-0.03382912423595289,4.888106117614607,1.3623154704466771,-1.3855811190769358,0.034471323640653605,0.046454253919044786,0.1418487509040833,-0.4881741533732299,-0.006735707006748108,0.016425938029267822,0.039718546912296676,0.5258425892945748,0.0005103378549060776,0.06825092065017828,0.004658188169596933,-0.7013416332890148,9.812165625453982,0.42452722854684966,-0.5794649704027052,0.007052608704255267,0.009550728104797724,0.03230476991472255,-0.11199943202854916,-0.004429083220713251,0.00022370918012342648,0.005121644884084474,0.11236583485859516,-0.00012914371269333522,0.1576490566040392,0.02485322504814355,0.06878348329460279,8.497077439065114,1.1769199700597122,-1.1403812479868467,0.010034642765740193,0.013546304879394948,0.07343400259671277,-0.2598925077960885,-0.0068504338309536015,3.742006914879729e-05,0.0066958710484413455,0.2642743517735001,-0.0003548076816324728,0.07749039211842634,0.006004760870667471,0.059284201944060505,9.081676819647639,0.5885709321163322,-0.559463762047821,0.007067886054409522,0.009532986598344556,0.03590469540139661,-0.12531745746531425,-0.004802430913131352,-2.7446606959567074e-05,0.004730555685213205,0.12350558350769761,0.0001970402232777656,1.079176618434976,1.1646221737767497,-0.0013952967780918347,1.4680416502092797,3.422972,-3.422133,0.7252393381186205,0.9781785000000001,0.7467874852963422,-2.14006575,-0.487896,-0.000199,0.4902825,2.13821925,0.0002952607493580694,1.5260581439436383,2.3288534586967025,-0.0014195330261145746,1.4710066335651186,4.841357553447032,-4.773407811116111,1.0197648039778795,1.3755800372258107,1.0555807631813572,-3.021563042394323,-0.6861667334058046,9.154803900255585e-05,0.6894133038200062,3.023356066075035,-2.0163794368415735e-05,0.014286658893014574,0.0002041086223253524,-0.4064926878165931,7.145856686527944,0.04254738048101203,-0.26842562947473503,0.014150239328489978,0.01905061192068968,0.011296841832279046,-0.022063944046489765,-0.009338927335425518,-0.00011270004931956956,0.009711684585264163,0.022034920341261217,0.00046607202978964454,2.1574289074401736,4.654499490658502,-0.0014620719596615238,1.4803154702826138,6.780661353587512,-6.765882724530096,1.4011574103424835,1.889187091406487,1.4903707006854547,-4.271790429810346,-0.9422771095190531,-0.0008166103061396264,0.946909981887434,4.2919273031801435,1.7838723945067902e-05,0.04955438373779557,0.002455636947632698,0.06680265506701163,1.0267592074781149,0.5230302627886222,-0.19203715482722994,0.035096644459097666,0.047011557942211395,0.03686221428175247,-0.09002273727842636,-0.022845974695476348,-0.0005642680889334784,0.024165583246735046,0.09110781530560612,-2.7870919594760443e-05,0.005650277444514607,3.192563519999052e-05,-2.727360826067388,67.62730882577836,0.03524331273186861,-0.1660281585867029,0.00450224997104164,0.006067672853354781,0.00409772761731217,-0.008739094036786806,-0.003075745531426173,3.2051838822944815e-05,0.002991927321928607,0.008775001424569627,-2.6226964043550982e-06,0.01940192550282248,0.00037643471321707327,0.07317074483552136,1.2300736488160053,0.2182561035958272,-0.15284548198396364,0.01920327209411686,0.025907869348117202,0.015528098457592785,-0.03282127580757195,-0.013102699861203927,0.00013030927646196042,0.012805169486913275,0.03284414512907552
-5.692886178861788,7.6111112483131675,57.929014434199225,1.0234214328102127,0.21461126345292758,14.5,-21.1,5.189107764769607,6.3999999999999995,8.847357723577234,-14.4,-10.6,-8.4,-4.2,9.384999999999991,-8.009086244665657,10.807458312547473,116.80115517745146,1.0385992828760584,0.22664883909983313,20.45163021461552,-29.349021196979006,7.224952446341835,9.110844450786944,12.52727576824066,-20.57866684149035,-15.062213426213347,-11.911032628253391,-5.951368975426403,13.329351018320626,0.018341427477014047,0.7819719620369326,0.6114801494118901,5.7427155314128475,80.39706455521163,10.538553905171534,-4.223612260030171,0.27343506289378594,0.3710870961798153,0.34893014483054907,-0.7861997007207002,-0.17956712581333215,-0.011720907354964893,0.19151997036648316,0.7317387852804552,-11.23294046203158,15.41489205966235,237.61889721104137,1.0698745851072795,0.26745846317238486,28.84011887050533,-41.39529089777733,11.087365334761488,12.833605354731711,17.788601351666383,-28.901307752670995,-21.26829383527972,-17.22487293585964,-8.43468848054801,19.00470357582885,0.06260683163377839,1.3686227565116247,1.873128249641478,2.384844180844094,26.302746069779527,11.904337468202959,-6.241426412036335,0.315025970628969,0.4046260004973587,0.6041197845202081,-1.2540274186356684,-0.17669163631792034,0.007724552967574239,0.22793436417943835,1.684718592790841,0.02713921963519136,0.627424647469448,0.3936616882521612,3.15363902177673,25.340992329825788,4.996872523564796,-2.252622832379505,0.2884726942868658,0.3926358566367002,0.3348982195272706,-0.5780804260606308,-0.18160597177216803,-0.001423199292980187,0.21102988486453217,0.5754995867643,0.033161063726494994,0.9010188805631406,0.8118350231312551,-4.3208058663979205,57.79450619733221,4.024315517693578,-9.807817814941524,0.29476124849609625,0.4056492147851366,0.40009237778588425,-0.7446619812219077,-0.19442742680123914,0.002023550721252043,0.21122178798389746,1.2838648314648573,-148.1121951219512,11.800612912054136,139.2544651001388,-0.2662214347706056,-0.31936074363100175,-109.3,-184.2,12.750379079148168,17.400000000000006,148.1121951219512,-167.285,-156.4,-147.1,-139.0,-131.41500000000002,-209.385530549698,16.074290603401707,258.38281840260845,-0.18647665793986878,-0.467010237943414,-152.37272140830746,-252.26996202757613,18.856652482996285,25.30653978706175,209.385530549698,-235.48275786390613,-221.6707553965128,-207.90381667822206,-196.36421560945104,-186.8183728922806,-0.12193776039866942,4.430886071644571,19.632751379893865,0.11108461137469156,0.650261906097882,14.39900534880034,-14.257803660816723,4.031569770533801,5.429997452458212,3.3980340827861824,-7.5785256046419756,-2.8543767495766064,-0.15507446326064134,2.575620702881606,7.611190932186074,-295.8586559153033,21.39789262147466,457.86980864015976,-0.15268331108334793,-0.88180065686986,-240.96070376849022,-348.14728184197713,29.02798808656258,39.20196611446812,295.8586559153033,-329.1186037494724,-314.5170121394183,-294.8799907602682,-275.31504602495016,-266.4580248928903,-0.2855414822350457,7.566499426842322,57.25191357640519,-0.22070943813679966,0.47685574753026394,20.43846340132819,-27.449683692058425,7.92421952498797,10.846457606726794,6.105971512904055,-11.546108891076605,-5.860580177862073,-0.18807647828633733,4.985877428864721,11.15919323645608,-0.16768822711410858,3.119522041412427,9.731417766857957,-0.3126952909936541,6.017674764598732,16.29212126130734,-13.29055577482691,1.8487837259969622,2.726673944600141,2.061372925095426,-4.416113827141661,-1.6369088368156144,0.03556824958603248,1.0897651077845265,4.436839804161163,-0.33537558520258715,5.3750167604602375,28.89080517522846,-0.01217104118995892,0.6512893206209074,16.52292813499611,-17.00970071825479,5.173165885630176,7.1170233925223325,4.177018856738975,-8.999316150949106,-4.089653073357111,-0.14842017993989262,3.0273703191652213,8.346423654485928,-0.2258130081300813,7.079667464802885,50.12169141218851,-1.737397834189799,4.194889834527606,15.1,-36.5,5.337367986620167,7.225,4.971747967479675,-14.424999999999997,-2.725,1.1,4.5,7.884999999999991,-0.3535595155420309,9.620670423442155,92.55729939649464,-1.7355429588080102,4.397874375569215,16.74506171797996,-49.81048888740071,7.818081924156909,10.706795389237271,6.834014542333529,-19.091496061700113,-4.306438603001439,1.415716738841068,6.400356786235832,10.496552459601858,-0.0357726394093351,2.729475850096037,7.450038416257485,-0.7124665426909952,5.056054719534526,9.46072601256153,-14.871133492167687,1.4556730985544493,1.8959585601032114,1.7312826100132732,-4.0880054903580705,-0.8719130151621879,-0.0307800285983173,1.0240455449410235,4.88601905346089,-0.5933704211422025,11.106170378068867,123.34702046669436,-0.8187319861558624,0.39556955374597225,16.738271234254793,-37.32286871893829,12.07757042951343,15.519543236628252,8.754700114454762,-21.086926565428065,-7.550660008749952,1.4571748499503405,7.9688832278783,13.839457452106512,0.05481053245149737,7.789199488372662,60.67162866966495,-0.45204046816582844,11.555858698365732,36.60969265990089,-44.55194961831487,2.892323290509247,3.915267877556081,3.9837977660096353,-8.851892685554569,-1.6775543006416758,-0.0038061825913424663,2.2377135769144054,7.524503835417377,-0.05468172100179418,1.8598715844799185,3.4591223107558426,-1.3331884765520772,7.2617198307964745,5.104354211846217,-10.65997485775168,1.1048041077019173,1.508644023440521,1.1821424948832173,-2.679701105512294,-0.7639050954104367,-0.056580379652041934,0.7447389280300842,3.140081485261973,0.11902009512900781,3.349936488772573,11.222074478809917,0.4697932663634339,5.644389273356925,17.10009431221968,-12.55196354832802,1.7479731792969746,2.323716662017598,2.09995763441575,-4.347309487026434,-1.1125295321563926,0.06957817418924817,1.2111871298612056,5.020533166835802,-0.7848577235772359,4.391571331567463,19.285898760245225,0.02244832931327136,-1.4776051410785471,7.1,-7.1,6.523449761424648,8.7,4.006808943089431,-6.8,-5.3,-0.9,3.4,5.7,-1.1093062242954295,6.22916767491699,38.80252992223075,0.029291219071902578,-1.4726112700836274,10.022587063680632,-10.270252505949587,9.099704374304691,12.352816302416585,5.679547564563838,-9.706030537962782,-7.523491410273785,-1.2073332017750806,4.829324892142799,8.097294037918374,0.007624092028839532,0.22145554962306718,0.04904256045885477,17.299812717772085,355.8237443569921,4.552068012241573,-0.7995022057112788,0.06410144329890559,0.08474632735418519,0.06479033090716155,-0.1161009028464653,-0.04173386993758757,0.0036564779354529287,0.04301245741659762,0.11658696354889482,-1.5890345546997562,8.868180122273724,78.64461868109079,0.049174830170577326,-1.467678490129006,14.105044788263928,-14.14905292609843,13.00361590614371,17.510451107115706,8.089309240372733,-13.71129818500434,-10.698165060688762,-2.209390783809559,6.812286046426945,11.697979815005159,0.009558561976588234,0.38477323829119653,0.14805044490509392,8.446819760255561,136.7669682181666,5.1897275987527465,-2.624210365375112,0.08455665481399517,0.11283751983498826,0.1049962190967108,-0.14924245577535628,-0.06054479808911514,-0.0036743552668839774,0.052292721745873114,0.13585180440930533,0.010356763456184867,0.14474716677073507,0.020951742288154992,8.631791141111393,103.8523812769423,1.8487715422164683,-0.2651541444830067,0.06218887209779994,0.08405329729114328,0.06438687415827626,-0.1224100757795103,-0.0367059354910563,0.00045612954701827095,0.04734736180008697,0.11724422054806025,-0.012380672537108341,0.275058607397733,0.07565723750358024,-14.066416129792751,211.74020694065752,0.2820613196485891,-4.203279508426421,0.06509768983593124,0.08891472313166035,0.07248336727413557,-0.09852537731805747,-0.04066997865566627,-0.0031394452268275488,0.04824474447599409,0.11912529902134253,0.6775406504065041,2.7061383190823936,7.323184602006082,-2.4670974365121623,6.540388226009039,4.3,-13.1,0.8895613311033613,1.3,2.1960365853658534,-5.1,0.8,1.5,2.1,2.8,0.9663308458035613,3.1220919276876034,9.747458004932096,-2.0969434229322754,4.956755230189149,5.18870453991257,-14.438987434158548,1.363778850893212,2.317352017325101,2.722212394723057,-5.30199623524839,0.5484737358163121,2.077840323153452,2.8658257531414133,3.619575504711687,0.027528529648643187,2.196425979019424,4.824287081311434,0.6244664117853496,3.355485943372855,9.726653428130335,-7.683204457365818,0.514122220022697,0.6804345130634304,1.2661776414140242,-3.743750804751785,-0.37970333706679504,-0.008656699309023463,0.3007311759966353,4.376083740502396,1.3948914173325833,3.5519684335741304,12.616479753107063,-1.3681611487005,1.5064259305641494,5.526921804492653,-14.737318112712577,1.8003100981635067,4.83138653592531,3.4706778190212817,-5.664119067200316,-1.0231931093076199,2.9089305645482413,3.80819342661769,4.719167307361518,-0.03532398098502421,2.5844976918144513,6.679628318994228,0.8629813204937745,4.820070843678757,10.872122758680913,-9.963194103422884,0.9078764969054055,1.2490910175292036,1.4857333188231434,-4.129127474037457,-0.7301365894340761,-0.035103029511835526,0.5189544280951275,4.920301464354091,0.03816124509933439,1.0390389847543722,1.0796020118393963,0.7770449116952065,11.901389463811158,5.69608054731289,-5.4449247010975865,0.23734560050868123,0.3156098226042965,0.5110022346461658,-1.3890375619166009,-0.13938366737865285,0.01003783883132164,0.17622615522564367,1.2479077559177252,0.1935645582823143,2.8977770081249625,8.397111588817658,-0.23427629466772307,2.552089254587253,9.202334059683226,-11.520555301722183,0.6806939665081045,0.9148592378204309,1.6962362320793412,-5.35180136942944,-0.2591374418328328,0.058736913839658934,0.655721795987598,5.903519562618207,3.112906504065041,3.9129743131022914,15.311367974998348,-1.8095334234097902,2.137294002608302,6.8,-8.9,1.3343419966550416,3.2,4.701117886178863,-7.3,2.2,4.8,5.4,6.1,4.408165306100854,5.494947459015395,30.194447577339744,-1.7957250574437271,2.1085086556175527,10.682945414833904,-13.153791289093904,1.788605890539246,4.632106755982776,6.623829322753526,-9.934978924439553,3.0900901332364574,6.820538731294875,7.722196889219234,8.590218033469206,-0.009211883231546413,0.5063165221258649,0.2563564205776314,-0.7639336034993385,73.29928625699924,5.390180661823525,-4.765432795618146,0.10926077461353031,0.1521710353403608,0.17064917449200825,-0.3359612787421736,-0.0756496685819388,-0.004262197574106563,0.076521366758422,0.3165325790749767,6.252759143307335,7.668014445026229,58.798445529130895,-1.8325510492376864,2.2622109514208324,14.239341598513425,-18.442045522067968,2.462463734560485,6.018226497514368,9.309989164269405,-13.782412138480524,4.816442046463408,9.622925802574185,10.834668543977775,12.048578473640376,0.0708215946937844,0.8945971754765379,0.8003041063705997,5.208245570414829,37.05486237319719,6.864143018380212,-2.554992142429171,0.20263242277325866,0.28723576519161637,0.34543995339149697,-0.6862973610102105,-0.11679464126762418,0.007906749104544863,0.1704411239239922,0.5648100442168458,-0.012997789540384552,0.41460832431252975,0.17190006258924387,1.1365268896533491,33.52013964359857,3.6848265811057197,-2.0038288005213296,0.10282907774644057,0.1400962803990219,0.16159614643198694,-0.2781892677401913,-0.07178769170211421,0.002435706852460146,0.06830858869690767,0.29284891829248194,0.05265257238676498,0.5753250748164599,0.3309989417125652,2.830029887562457,31.113155608360636,3.9100886658096954,-3.8582533575778046,0.15372885550581372,0.20744372032807396,0.23102138299198663,-0.3856380987481437,-0.0812147674467943,0.021678640516551006,0.12622895288127967,0.36393672183959747,0.0026025051729858533,0.28200159083908016,0.079524897235772,-1.3971960654534095,10.214009369307153,1.210156,-2.107878,0.050401062418097935,0.06781100000000001,0.13532675407957048,-0.419027,-0.028684,0.006321,0.039127,0.428816,0.003674791942146418,0.3827474410837113,0.14649560365612904,-1.1952216185732478,9.30741540980628,1.6866234266434812,-2.5343082637923446,0.07076715197705055,0.0952481078630999,0.18620397758806784,-0.5603204154163542,-0.04031735203970104,0.009398239435528753,0.05493075582339885,0.5616377963985181,2.861908302107451e-05,0.11198285916067661,0.012540160745799934,-0.17109725461701064,19.551020210779896,1.2366634975872517,-1.3054516163886296,0.00768152274535958,0.010363370383335246,0.046230364592468834,-0.1569089391728509,-0.0051333723867912125,6.002725368188652e-05,0.005229997996544033,0.15738438393839124,0.005180523491772296,0.535690979446277,0.2869648254601115,-1.1730323247226555,9.162339408898864,2.321814160412096,-3.40068863476559,0.10016551250021663,0.13478552710195485,0.2616126765790359,-0.7929134529364273,-0.05675934679556138,0.013143376534814743,0.07802618030639345,0.7631266085492084,4.541594176848358e-05,0.07729726827911342,0.005974867683413233,0.22192354896260047,13.545362422826567,0.589598865314058,-0.6788967648129859,0.0070999912621066965,0.009573531874927415,0.0336674052744553,-0.10958197979071876,-0.004902226730469875,-9.194824944286882e-05,0.00467130514445754,0.11026253601845142,4.0829203449189446e-05,0.0774048016883651,0.005991503324415128,0.00034031239821645607,14.893739593606917,0.6907890624505493,-0.7134686662753393,0.007598143203339908,0.010231106958044155,0.03378880201805568,-0.1164202302248743,-0.005088106297261748,6.0764458141400335e-05,0.005143000660782406,0.11826601717286338,0.0004524163649028573,0.13814513496742895,0.01908407831516916,0.23763638324180344,20.867255932614757,1.4951715745460201,-1.5305189485634405,0.007620502611923333,0.010273879280986074,0.05614512648104039,-0.18986036098190054,-0.005173238793090352,5.285352710821976e-06,0.005100640487895721,0.1946538866218171,0.00610397538684282,0.450020362977269,0.20251832709419296,0.6946434837114633,7.648013104109486,3.31028,-2.731492,0.07465198690619407,0.10064300000000001,0.22389352885108438,-0.7701520000000001,-0.046093,0.002997,0.05455,0.803936,0.008635103440705182,0.6141331115563732,0.3771594787099127,0.7501502872652561,7.307699777217724,3.8006718976277902,-3.263317103470115,0.10537116098587665,0.1417807855841723,0.308779543955243,-1.0440982425466496,-0.06539729220025249,0.003330263861133965,0.07638349338391978,1.1216493976232922,-0.0009416273580466642,0.16685294241466497,0.02783990439243151,-0.11105305810255896,13.979870376139782,1.526567539671507,-1.471819032677012,0.009152333620836027,0.01234031476303738,0.06920706726932568,-0.24102117105515705,-0.006174717024039772,2.245683191799512e-05,0.006165597738997608,0.23179271263707657,0.012219676684247893,0.8376525375878306,0.701661773727332,0.8418334627266204,7.034332697040714,5.27719441949336,-4.082700980373547,0.14734665994109203,0.19891325366315332,0.42717012217081174,-1.366371531769446,-0.0922847772554738,0.003912590970978098,0.10662847640767954,1.5511600784132447,-6.472720661389798e-05,0.22917609766899869,0.05252168374279042,0.09655387040966952,9.614899206760269,1.4350519318517836,-1.9425986438485385,0.02404776462904923,0.03253587355803697,0.10440798774688456,-0.35290856806129084,-0.016799506549997848,-0.00013976167762184575,0.015736367008039126,0.3529734939406586,-0.0013314889161582385,0.16384033235292336,0.026843654505516384,-0.23229019332809162,11.650067078577976,1.3795183778812992,-1.2652585567513916,0.008426577223362042,0.01134014272720487,0.07008514271821863,-0.2497324061594474,-0.005636444022985018,-2.2566902287735304e-06,0.005703698704219853,0.2472699677253914,0.0005065866088826129,0.16978174437021165,0.028825840721391896,-0.05035970111053885,15.107657187071588,1.5022343336785031,-1.4508176066365346,0.009620560359320761,0.013020570805953605,0.06778586076310059,-0.2124400688921308,-0.006255440426910173,0.00011132753133129844,0.006765130379043431,0.21370043469668346,0.005246815280668416,0.19817465210231924,0.03927319273587527,0.6442282306206699,10.089896660413356,1.515166,-1.24462,0.020443601990973743,0.027638999999999997,0.09113091744336864,-0.310619,-0.00864,0.005936,0.018999,0.287215,0.007422930984527104,0.2599019548406097,0.06754902612997031,0.459268089666218,10.587308101199177,1.7485008266821542,-1.4511333229343533,0.026951442541749183,0.036495797916828936,0.11511137700110013,-0.3598941157302249,-0.010653859009648327,0.00867296296925681,0.02584193890718061,0.3461165932070547,-0.0007516378466385813,0.10483215020205032,0.010989779715985238,0.004392956618456338,13.73213345374733,1.0224630472870835,-0.9752783399724037,0.007891877578210159,0.010646766114780087,0.045108065373597135,-0.15838961699195642,-0.005348581311245041,1.224121075679821e-05,0.005298184803535046,0.15129269417093605,0.010505712806871893,0.3636354581230102,0.1322307464043315,0.4132339250570883,10.695791312401953,2.345881397978456,-1.855735737340534,0.03731110598118854,0.05053508432859486,0.15954329964614047,-0.49485320443797076,-0.014445589220403648,0.012378706316693697,0.03608949510819121,0.46640435046800593,6.056997165098675e-05,0.053322062524954125,0.002843242351915117,0.30503995376240456,14.996793846053745,0.5719836710579129,-0.4135774354449355,0.006852381194007118,0.009229737723417623,0.024012609693158174,-0.07754443771329854,-0.004592723367109367,-1.5427613516210206e-05,0.0046370143563082555,0.0769079444576669,-0.0010633835106316322,0.12686620238883972,0.01609503330856604,-0.006112364968722696,13.085022702352699,1.0594539242383407,-1.055213331399658,0.008922418403070662,0.012043949427373257,0.054656655117048446,-0.19238020962064553,-0.006059429728184808,6.018669804028748e-05,0.005984519699188449,0.18534467517588626,-0.0002550333635189445,0.07668435633159984,0.005880490505991776,-0.11254260223865813,21.538011965406238,0.8828693492736311,-0.9183690542225387,0.006745220234425231,0.009083120378643162,0.031553176508827704,-0.10188574013267174,-0.004582868925196193,-9.861329429550593e-06,0.0045002514534469695,0.10069667273772377,0.00015531586885048152,0.6910320733814016,0.47752532644179885,-0.00031120524598706785,0.8187841556279034,2.29279,-2.276043,0.6634630101790384,0.89520675,0.5303642647120925,-1.26226975,-0.445808,-0.000669,0.44939875,1.26375975,0.00021265863330105446,0.9771197116993452,0.9547629309914115,-0.00025956466721232814,0.820966935009412,3.193005500579489,-3.2149818131018395,0.9377614209001242,1.2638520214115794,0.7494785652504458,-1.788465921091621,-0.6315111036711237,-0.0026694250575820455,0.6323409177404556,1.7831304095913363,-8.682507526676778e-07,0.014404312662770674,0.00020748422328685558,0.367038270212872,26.71878260438622,0.40997170953720863,-0.3203156115158796,0.014656091471012569,0.019703110564044272,0.01154994975198403,-0.02144763507933035,-0.00962025800556296,-0.00018276193062610052,0.010082852558481315,0.02145514833343922,0.0002819993805976745,1.3810101303985314,1.9071889802633684,-8.828285166894809e-05,0.8291633790278548,4.434381352057042,-4.5372980130721,1.3082071948665448,1.762430025600936,1.0572959726934368,-2.5263434519455146,-0.8814300897693074,-0.004077631367458489,0.8809999358316286,2.533261610610887,-1.3874526525889372e-05,0.04486511981591895,0.0020128789760967634,0.07946929003532682,1.0156662466942183,0.5160007732620641,-0.28806609997945265,0.03587063437928971,0.048370349487375716,0.03444692476623545,-0.08022917575161756,-0.02377580541501811,-0.00010981806866112998,0.02459454407235761,0.08077856769620802,-8.436338234698567e-07,0.005459807165110388,2.9809494280190727e-05,-2.1320381107417083,220.88664695808632,0.16712561574413903,-0.22243887298975892,0.004863608291649294,0.006553192003860849,0.003945509217681436,-0.008004478234232927,-0.0032870120666351247,2.3122215844301078e-05,0.0032661799372257247,0.007999023399645644,-1.9941351332856312e-05,0.01962981911959795,0.00038532979866813316,-0.49464078090891045,8.282540493616963,0.05630464902351641,-0.3773992094836947,0.02059333079509598,0.027790621970027775,0.01595694023347208,-0.03207327822599288,-0.01403577556494885,0.00018378550620151777,0.013754846405078926,0.03198738068843702
-5.606910569105691,7.323128039066021,53.62820427655495,1.0310223846230206,0.2282473530466449,14.2,-20.6,4.892587321068487,6.299999999999999,8.602439024390243,-14.184999999999999,-10.2,-8.6,-3.9,8.8,-7.886182392406273,10.405835978957473,108.28142242096582,1.054912176832167,0.24200249945314134,19.783823664348066,-27.83218082018893,7.181969522180452,8.715760853441111,12.19455027969278,-19.939129264705954,-14.394195045931838,-12.303498308254254,-5.678434192490727,12.41855022933495,-0.07345027847201341,0.6588364173380375,0.43406542481082083,-5.049001102782964,51.00016968003625,2.912151623220355,-7.9894383221254515,0.26285735800288607,0.34987704727041624,0.31645817270372234,-0.83461551803317,-0.1874152493385956,-0.004566897061930475,0.16246179793182064,0.47931046770420355,-11.053710629811546,14.855130735565462,220.67490917074167,1.0700828099466937,0.26180173476164326,27.960237537651796,-39.95992712722216,10.095472956202832,12.389005613713865,17.306047747156757,-27.730910528649012,-20.354934254923762,-17.497058951304407,-7.9659286412098975,17.443840039486965,0.1338493665714606,1.1772649217978888,1.3859526960957893,6.239414504623398,55.564011758053766,12.442947943449541,-2.9074963436869576,0.29886643636157395,0.3921611880267054,0.46119254730719017,-0.7652132485783663,-0.16617974799650825,0.048554123932583626,0.22598144003019716,1.0634800161537612,-0.10057441260806955,0.5989540211186688,0.35874591941422274,-1.735428367106849,8.296216970882986,2.757549912898543,-3.179820296177455,0.30344244911284873,0.401060632475077,0.3544310402622661,-1.397942288426964,-0.20905992031458975,0.004802685538437778,0.19200071216048725,0.48276412088143816,0.07022127426435265,0.7032226440169689,0.4945220870582165,4.5300738749418334,38.646896545125664,6.884871391227779,-2.2932698173185355,0.22433253377464535,0.2923684888590865,0.3284341311032949,-0.5452632130999053,-0.1411602419719739,0.013013497311886123,0.15120824688711257,0.8159511298231744,-149.5533536585366,12.73635444408376,162.21472452533214,-0.32431344730582795,-0.2577529905743039,-111.0,-188.3,13.714070521176776,18.62500000000003,149.5533536585366,-171.57,-158.3,-148.64999999999998,-139.67499999999998,-131.51500000000001,-211.4384571123788,17.366253829930802,301.5867720855863,-0.20014415277231637,-0.5711920618493282,-157.6410530108218,-264.6044618673485,20.046235905888988,27.8085723366018,211.4384571123788,-239.29728773473744,-224.99433371958128,-210.49947683186386,-197.18576138297948,-186.62474681787285,0.1261119540262525,4.658654181795628,21.70305878556189,0.24125097752301772,1.650363913478488,20.283867412059568,-16.599871288544364,3.8203477479640138,5.238283859509496,3.5036029891315987,-7.063647911812113,-2.4652013732612827,0.053571923935564314,2.7730824862482124,7.303166899938541,-298.80103132644433,23.41089329617724,548.0699249249964,-0.17562629920007441,-0.8000081144948443,-225.20852407242202,-352.07901280066585,31.72368402595206,43.82825782214081,298.80103132644433,-337.199684035578,-321.1232842819453,-296.28229996683035,-277.2950264598045,-267.6795466220935,-0.02584998147143071,7.145802181857459,51.06248882223882,0.08888181644275503,0.044209620993695076,22.057473424063758,-20.234854259687186,7.228365741926654,9.05854766561449,5.63271661351972,-11.495705512125305,-4.873947047847388,0.11522750082597,4.184600617767102,12.31824747636427,0.17778246021582783,3.237859467031965,10.48373392824852,0.13045641657114604,2.1064308081520746,14.287107496941635,-10.783768164896165,2.528062568043531,3.4506840273144994,2.397898097801654,-4.970620536172303,-1.4821164900319892,0.11241015375473606,1.9685675372825102,5.107127472189567,-0.7188171721833694,5.642960132612655,31.842999058255824,0.19263856517041753,1.029773447264886,18.29327704899009,-20.809982231174022,5.144108685401452,6.745489668120263,4.344260201868092,-9.14420120832986,-4.283077095875824,-0.5648055042919184,2.462412572244439,9.675312444364481,-0.9104674796747968,7.312140630107636,53.46740059447089,-1.388880769488736,2.4149402687579578,13.0,-33.5,6.226929317723527,8.6,5.376524390243903,-15.954999999999998,-4.3,0.9,4.3,7.28499999999999,-1.3134654284450604,9.838199528498444,96.79016996254701,-1.264176494830164,1.8633576952190225,12.520987304478,-44.04230019279906,9.274820274200577,13.188940532436572,7.4215427481982905,-20.3390835751287,-7.161854056029982,1.0684998781884791,6.0270864764065895,10.138991728432886,-0.0846005332739154,3.144052210456466,9.885064302076188,-0.9211256983203773,8.203945528265058,13.473015860676304,-21.98126339736174,1.4816527738111793,1.9723636081394529,1.9214074127956562,-5.100407008243334,-0.9865331916595459,0.05721091370471265,0.985830416479907,5.076727626617857,-1.924320855611055,12.173731218618848,148.1997317831751,-0.5066090501855676,-0.8053925541004388,16.45204337178669,-35.289505409867495,14.155197571938057,20.871904068468314,10.0943302160177,-23.380139109921345,-11.79792626227843,1.3984372307716069,9.073977806189884,13.646773208263669,0.05453822536155307,6.65647785307608,44.308697408492336,0.1653356076202557,8.636931936854921,32.67012657080157,-32.584064651771556,2.182487885606841,3.1979159753459823,3.575900631931851,-7.356596518984473,-1.6552295119040332,-0.3420044506157012,1.542686463441949,9.539081956799679,-0.1185852586402908,2.216755785700453,4.914006213436434,-1.6503503311087258,7.29669025795158,7.402050271939046,-12.671102878973313,1.4041992116158346,1.8813951834155727,1.4086930291814692,-3.0091904948571204,-0.8438269215465384,0.013441440729533991,1.0375682618690343,2.721840268866993,-0.02567818137825959,3.8193907727178096,14.587745874721946,0.20682333588288077,5.405307579694195,17.923462906286016,-18.429248108709462,1.8449500486115988,2.4627278772477563,2.361902970060193,-7.043387094266993,-1.2232178910173073,-0.21740538064889692,1.2395099862304493,6.072373931740966,-0.7838414634146341,4.4523462663722775,19.82338727567916,0.029227468068716577,-1.5273621784501537,7.1,-7.1,6.449319650499368,8.725,4.108841463414634,-6.8,-5.325,-0.95,3.4,5.684999999999991,-1.1086688005464322,6.316959485628549,39.9039771430725,0.038070515383279845,-1.5259263897085187,10.022587063680632,-10.053801799971257,9.272223732968184,12.480704540435724,5.833125169508594,-9.651834341146133,-7.576696311740482,-1.2271993008853346,4.9040082286952416,8.021386681519392,-0.006411277925048427,0.16974699391180798,0.028814041942095376,-16.896910599939122,339.4633028668992,0.46189980926959745,-3.4497542412277733,0.06120100831445897,0.08276808982971064,0.056253090186017145,-0.09390649520930502,-0.03927113689274443,0.0008262288641035509,0.043496952936966204,0.09565733006270997,-1.5908205038478576,8.994370799502116,80.89870607893633,0.05135378626142525,-1.5190602467707373,14.108579737946627,-14.161612414019658,13.02174893761403,17.714502960497622,8.304241891833327,-13.647958778464996,-10.731874171336774,-1.6717393567660852,6.982628789160849,11.721168689720866,0.021020004841518742,0.3517325168514124,0.1237157634106291,13.318801945146092,197.34477284719677,5.2862003206434975,-0.9435508956163055,0.06837799512240045,0.09122392629921058,0.08704817827177935,-0.12012959211359656,-0.04672292162725833,-0.0045206295875055424,0.044501004671952255,0.12799321272001452,-0.008713840875927376,0.14001072896855446,0.019603004226306016,-7.92200834606818,77.53242630905825,0.2340399729621316,-1.5082013366369178,0.0639629503213177,0.08598584251990213,0.061099517551274865,-0.10867346616877396,-0.03759731943575097,0.0011581537688048489,0.04838852308415116,0.09261867889650019,0.010343229495500471,0.19276076055629238,0.03715671081024028,12.761043284316077,185.90232595675224,2.8542495097653835,-0.35196350952516947,0.05925439880324274,0.08034960134589444,0.06094638722261395,-0.09566250831052042,-0.040187237604932646,0.001748829166690865,0.04016236374096179,0.10330886876481582,0.4264227642276423,2.8228295871662135,7.9683668781809756,-2.1379563677527975,4.384753996006637,3.7,-12.6,1.0378215529539212,1.6,2.2071138211382118,-6.3,0.4,1.5,2.0,2.7,0.611030523828997,3.154761405291821,9.952519524318827,-1.4516134847556135,1.4024593367022824,4.838139708043611,-10.740198649285478,1.4924469871872696,3.6151078399001393,2.741362575719714,-6.286408744470706,-0.9318433242671688,1.92422346479594,2.6832645156329704,3.602549892007955,-0.017433570609527965,2.428985666577209,5.899971368437528,0.32756154204368026,2.974233568915767,9.711262464538207,-8.231474124862714,0.450424386354867,0.6072900440646377,1.350868331774067,-4.499618259460077,-0.35223702861953554,-0.007719207970923347,0.25505301544510217,5.40029148288292,0.8920625209527487,3.941230599814722,15.533298640915913,-1.0323816329736581,-0.2004575479774453,6.215767075515577,-10.981335727955587,1.9066582800189213,5.6579885648551045,3.6908317575618543,-7.289954844827518,-1.9788077491339509,2.837423768365864,3.6791808157211534,4.6769722903754145,0.13415137322504916,2.0352380601211877,4.142193961365855,0.17874522995468384,4.320275642721102,8.15476239601265,-9.680600286744497,0.9154870004048148,1.1052343752230938,1.2510351896227383,-3.225118211774015,-0.44217473720659817,-0.002322216102025071,0.6630596380164955,3.6040283326821125,-0.024499523322694294,1.4977653135598363,2.243300934502995,-0.6724277318667068,5.481565045242613,5.22597257015442,-7.272639029133427,0.22648751027893535,0.3249234731995919,0.7822418459119511,-2.5165037086149953,-0.18809446089540643,-0.007633173772991704,0.13682901230418548,2.760217090105749,-0.04313954802539017,3.064416028597181,9.39064559632332,-0.9627829973724676,2.9815441764860093,8.173551042409475,-10.694961483435662,0.6437341323154858,0.7777013008059762,1.7277410580677157,-6.7046407064009905,-0.27563378978142317,0.029670260415626527,0.502067511024553,4.777260188909066,2.936991869918699,3.861685557033006,14.912615341397316,-1.509326341381089,1.2671670805647164,6.7,-8.5,1.482602218505602,4.2,4.430894308943089,-6.3,1.3,4.8,5.5,6.2,4.151297116921476,5.424938922484944,29.4299623126921,-1.4774617428797894,1.1675006335012421,10.79716294413154,-12.03413122204371,2.125619578757309,5.873776338099064,6.2405395295131925,-8.793476807061257,1.900541283804115,6.73506441028867,7.774317621903179,8.691105345462017,-0.03809437122388933,0.4707017915012343,0.22156017652247145,-7.965479236304317,75.40941185130222,0.7084906891050469,-5.256187094257858,0.10501793955735324,0.13834923667241528,0.16494439481408127,-0.33313155858555954,-0.06663169012445228,-0.0044808402328426755,0.07171754654796302,0.32746741647347205,5.868485704249326,7.560809082354513,57.165833979814494,-1.5332326327394983,1.4212279091612556,14.068442540780406,-17.473114006913807,3.1725085481691235,7.914693024620757,8.717371190672694,-12.576318818458795,2.9872336860302013,9.401157312144006,10.901926710650958,12.164756846886002,0.10015433481376793,0.9511752597469143,0.9047343747546098,5.814185384642388,38.6520966765713,7.570351370966541,-1.5885361603650647,0.20519773769038274,0.29859478822589475,0.33940216308558924,-0.5754461142498356,-0.14693932833205053,0.016572603950818776,0.1516554598938442,0.5471965759693322,-0.05335862252700029,0.3735147702443083,0.13951328359065843,-3.924483449951553,16.854017148631417,0.5264077991901801,-2.161091544978569,0.09848404650224435,0.1310226196658556,0.1607656506298944,-0.27055950493037356,-0.06050632956900266,0.007211054594454569,0.07051629009685295,0.2545592560394652,0.05371368048847462,0.5428642720236224,0.2947016178397375,5.558810857843705,36.305824312156595,4.365351532004552,-0.6328317218184577,0.15899422971009078,0.21959873936939453,0.22488529523493772,-0.42044023733862657,-0.11156055663130726,0.008783764313179773,0.10803818273808727,0.3742550960602541,0.0013020523819593389,0.2805769974844652,0.07872345151739757,-0.8078374723999516,7.085193918330111,1.148051,-1.93957,0.045025146773796626,0.060679,0.14017683796030572,-0.48611,-0.027198,0.004003,0.033481,0.48038725,0.0018420761991151872,0.3769299418935199,0.1420761810958523,-0.574759860915974,6.445377869683222,1.57919118667886,-2.401863934728349,0.0628472118840468,0.08467764686395574,0.19054931069100686,-0.6277065869533813,-0.03857801087816136,0.004735657067469871,0.04609963598579438,0.6467678615256351,-2.391013770166689e-05,0.12392149215734248,0.015356536218502293,0.03603245752561953,12.945846141902342,1.1908484365326564,-1.0625069413962225,0.0084634853761834,0.011414370126036112,0.05361253517912863,-0.19110204107747858,-0.005630753712299507,3.244079951509965e-05,0.005783616413736605,0.18958610126271047,0.0026069335005649216,0.5244763894481442,0.2750754830885615,-0.5213913251307323,6.359381949633569,2.2330273565445524,-2.8982685087909754,0.08869737647929196,0.11942035071710165,0.2661833680531625,-0.8678791805372404,-0.05427950697929802,0.007655039891935569,0.06514084373780363,0.8937144771990586,-0.00038710168833739234,0.09500286792245918,0.009025544913492223,0.18357420322256066,12.11822252868826,0.7200845476263825,-0.7799630961227325,0.006950729370118662,0.009398423967162515,0.04132130959273304,-0.13832730543947505,-0.004857945547343965,-1.7362405903694595e-05,0.004540478419818549,0.13829091324610504,-3.4242232391754733e-05,0.0745780740958865,0.005561889135851537,-0.11064907696589861,13.432005463657887,0.6653996345661459,-0.7218570649902475,0.008617290444169238,0.011627594225642796,0.03391865268439837,-0.11464292367349677,-0.005775525658653255,8.188776591541209e-05,0.005852068566989541,0.11393265953064777,-0.00037838278855658865,0.15857332576998978,0.0251454996457553,-0.02889716205576532,13.142555491303082,1.308898163079696,-1.3105055660114817,0.008056063823103022,0.010887774027257446,0.06747900217634586,-0.2411953091627155,-0.005390499047062982,-2.1737584916187102e-05,0.005497274980194465,0.24334636905904405,0.007616105307676041,0.47321273211568826,0.22393028983639415,0.44590974713818504,6.0606559894201,2.859339,-2.769766,0.06538720564275256,0.088145,0.2400389658943298,-0.84339675,-0.03744,0.006542,0.050705,0.863541,0.010771129936710888,0.6443193170272816,0.4151473822945027,0.5593362701075264,5.900240551493999,3.7884069371586273,-3.3550187820708914,0.09249865708408082,0.12470805329849338,0.32970396110300293,-1.1288070475455174,-0.053908881805037466,0.008332486553409933,0.07079917149345591,1.1850224973342474,0.0011415386044554391,0.18075215772685826,0.03267134252291505,0.14318564656471258,11.817821357096147,1.4090907136990602,-1.5497521109691337,0.008928456359177536,0.012046454662742982,0.07758055676404609,-0.27092776658036277,-0.006069014651114153,-4.168443767658405e-05,0.005977440011628829,0.2698983551875562,0.015233655253472481,0.8678551519434015,0.7531725647547044,0.6286394681311208,5.455475080645545,5.027308603768576,-4.313927395354769,0.12886083952584443,0.17379502222165805,0.451169228554646,-1.530742968473015,-0.07557988013275752,0.010268061667896476,0.09821514208890054,1.6528650881710687,-0.0005304859276721428,0.2774375323727045,0.07697158436905546,0.09957668171554397,8.681713024148348,1.9388853557949426,-1.8978773817884163,0.021909649363396434,0.02948541343154304,0.12786677443604125,-0.4532988434889477,-0.01500276374647888,1.8447410639798635e-05,0.014482649685064162,0.4423139819275436,0.0016144738958388505,0.1757996430567,0.030905514498863137,0.15300738992127103,12.84850199501742,1.536773318714679,-1.5952451579048155,0.008226855114073877,0.011125960599676892,0.07579481562860844,-0.2635277804432421,-0.005507864477831083,-3.6532044607989674e-05,0.00561809612184581,0.27098170299090013,-0.0005154684509626197,0.18553993715965805,0.03442506828120986,-0.12430435855263161,11.994270903285058,1.5282406861836668,-1.6634060603019234,0.009459544586779835,0.012745942868045826,0.07914457394488074,-0.2756262078256932,-0.006380176002764034,-1.9034377777767477e-05,0.006365766865281792,0.2806104730566338,0.007596238936048092,0.1691305252306258,0.028605134564787346,0.4055490622368928,8.868280369137747,1.386222,-1.121421,0.019009925645678827,0.025765,0.08306928189287979,-0.259755,-0.005314,0.008234,0.020451,0.272413,0.010743905259940236,0.21293737562405274,0.045342325937658925,-0.021881242106684327,8.899105167472035,1.479813590146361,-1.315223197831052,0.024573626991318816,0.03315956624070392,0.10388709962848051,-0.3020687530602959,-0.005676170402604532,0.011847667341575337,0.027483395838099382,0.3409311489723034,0.00024577208306943935,0.10891616449756543,0.011862730888860733,0.09747648747129577,10.334431772366623,0.947155963135236,-0.9371626677835173,0.008876463824781801,0.011974035564542417,0.049196342330752964,-0.1725437663546126,-0.005988617743579333,2.60895219039514e-05,0.005985417820963083,0.17348189863562172,0.015197629868268064,0.2934213941750455,0.08609611455962743,-0.15838930517881014,9.041920138299922,1.9354625483783368,-1.8078449571739201,0.03413761512009191,0.04613395713828173,0.14267432083495724,-0.4024114937797778,-0.00758042626109807,0.016560019509973996,0.03855353087718366,0.46351992634301176,0.00012431240113464393,0.06761803836408552,0.0045721991122069415,0.18213644248353833,12.980582139322753,0.6482350776296154,-0.5128017981494255,0.006809304019285723,0.009183985907411681,0.030262405655939986,-0.09952386172295084,-0.0045347944033136064,5.318644046768499e-05,0.0046491915040980745,0.10159402187792735,0.0003475691618556762,0.1260731324854211,0.01589443473468654,0.11924809536306996,8.307743329202918,0.8349393203872978,-0.8224196527224827,0.009897304970668763,0.013349100885169177,0.0579698771766792,-0.20657802047215856,-0.006722517964990088,4.773307685478454e-05,0.00662658292017909,0.20587283995693995,0.00015425874445368162,0.0884687665287366,0.007826722651116105,-0.10971243255832032,15.65576239921364,0.8269619537929596,-0.8109510743016385,0.007584695469096228,0.010228797396776672,0.037248310837905,-0.12042068173548491,-0.0051900310800087725,-1.089192153988386e-05,0.005038766316767899,0.12782096069783824,0.00021717743104854534,0.8020602588363032,0.6433006588045576,-0.0016255887269831554,1.0500909071943543,2.422682,-2.422577,0.6865760374644315,0.92625875,0.5945230459021842,-1.53125,-0.46159925,0.000338,0.4646595,1.53291075,0.0003380900459657544,1.1341582482506873,1.2863149320750675,-0.0016771808288341212,1.0523465010837452,3.4021086733270582,-3.4363717535239338,0.9682173584484705,1.3063202307506074,0.8402651302371813,-2.1679304237977637,-0.6519234925140689,0.002346901000411933,0.6543967382365385,2.165912786413351,-2.3288527299401174e-06,0.01388074982495025,0.00019267521570285638,0.035842639260561054,0.1793754044258482,0.11781845546584428,-0.08411232472728483,0.013714546608010057,0.01848010534380557,0.011214367021333611,-0.021259258601039804,-0.009052787201878722,-0.00022277320001531584,0.009427318141926851,0.021149931246870077,0.0005688247400553651,1.60321841998778,2.5703093021881136,-0.0017351727114042598,1.060460695858782,4.78031550918643,-4.8076882834439925,1.3443971398599328,1.814831730052704,1.1859423216939922,-3.0485505988264117,-0.9019857224576872,0.0010400315382358676,0.9128460075950169,3.049061543735748,-2.1968574577094186e-05,0.044137120694705566,0.0019480854232190065,0.00088547609656768,0.02959379607235446,0.18721031954180242,-0.2129046568588958,0.03416729750469427,0.04611091710987338,0.03374394238646033,-0.07987902124564591,-0.022769739825651232,-3.4586906692793407e-05,0.02334117728422215,0.08009317195446311,-2.8105262614089876e-06,0.005103265140253217,2.604331509172369e-05,0.185883270964911,9.267458295607726,0.07769245879362545,-0.07841648295728938,0.004840127914978496,0.006527570062573242,0.003942181281272501,-0.008057702205407594,-0.0032947959787544582,3.029652478991295e-05,0.0032327740838187834,0.007998290523529359,1.7377370512582166e-05,0.018958176142842613,0.0003594124426630468,0.011517543894912415,-0.3419501270417782,0.08828978841516683,-0.052469965376461654,0.019692457285606434,0.02642822899946727,0.015427556610573035,-0.03182125589590535,-0.013289519282454337,0.0002589945662760586,0.013138709717012932,0.032160325540613384
-5.684552845528455,7.498753636496261,56.23130610086589,1.0142911225869096,0.12914028846049241,14.3,-20.4,5.337367986620168,6.8999999999999995,8.755081300813009,-14.285,-10.6,-8.8,-3.7,9.1,-7.9979962452437805,10.655823363270246,113.546571549216,1.0334615268274094,0.13835383221078068,19.97316032996574,-27.800186592372302,7.785407684139976,9.657863964176464,12.410277134094121,-20.221009929620752,-14.946820537558402,-12.468804236028902,-5.288956573381939,12.89998052069124,-0.037809967434915166,0.6108482779290672,0.37313561864890693,-6.396767924254879,75.74170935767957,1.7247763658270037,-8.248722076043661,0.28053883434180193,0.3771359070403748,0.3032687790745722,-0.5676867520410035,-0.1907486424094904,-0.012229830511049644,0.1863872646308844,0.5352294336722139,-11.219187549257452,15.205593262364085,231.21006646045205,1.0471342637188432,0.15250482244855634,27.820373439081518,-40.01825085361078,11.221328937982383,13.540322311300955,17.616422118927574,-28.07222627594444,-21.189788210947462,-17.75471942095632,-7.649465899646509,18.432584013374402,0.13270699327947477,1.1809481271920053,1.3946384791183044,5.924825444917414,50.53843205465906,12.248431924384983,-2.258090120747961,0.3085053368897766,0.41113801240936676,0.47897134667599006,-0.8574662132498081,-0.17097511383936193,0.03205429524808745,0.24016289857000486,0.9757499967783159,-0.05293850476951963,0.5306388784220555,0.28157761929301695,-2.381457819022016,15.404743496769282,1.8870047470116436,-4.0031072142627355,0.31258331884599605,0.41038437671204087,0.32012052851173706,-0.715668251075747,-0.21903945190020077,0.0024257079407789314,0.19134492481184012,0.4948413674523475,0.0332581491899955,0.67520460968684,0.455901264942358,5.481391435780581,47.96507526532484,6.924935067636854,-1.4670260608699313,0.31687652040280134,0.4306649666906864,0.3309455604788415,-0.6291354069711939,-0.23384042122614007,-0.021558815018073385,0.1968245454645463,0.5287904796252112,-149.7714430894309,12.74598962717409,162.4602515760295,-0.35818805413621974,-0.3331920819438734,-112.2,-185.9,14.23298129765377,19.099999999999994,149.7714430894309,-172.37,-158.6,-149.1,-139.5,-131.8,-211.72907033193835,17.413071585907744,303.2150620559476,-0.26551336920241575,-0.544385914234653,-160.10055076259772,-264.0285572419514,21.657254382446474,29.105403207087022,211.72907033193835,-240.8036358840035,-225.6864311858181,-210.95842944237057,-196.58102797873107,-188.1677909347894,-0.026872034981911565,4.609868941304415,21.250891656003095,0.15247727740002706,2.0470536157405963,19.332784744522495,-18.572479774948736,3.4479111754237413,4.843663774560722,3.3466338917924547,-7.546320009599153,-2.5354848261338416,0.030178263673654726,2.30817894842688,7.063452552397691,-299.1604880216398,23.816269831535767,567.2147086885208,-0.19695019682199108,-0.8781151585379687,-228.9726226592573,-349.8810969216618,33.02317033561798,45.89492681603764,299.1604880216398,-338.9713196813576,-321.9719113480195,-297.6757147653274,-276.07698453198185,-267.6573405354765,0.11771112401315995,6.1414881954360245,37.71787725468003,0.2505308524512527,2.179664750982198,28.503587858748112,-19.33487125049264,5.721705128648436,7.9964891407401675,4.7529664202036175,-10.20400017922378,-3.9203811576784586,0.5243813869479759,4.076107983061709,8.438225715634218,-0.03435843268079923,3.6351717172954334,13.21447341422463,-0.07619471105263133,2.4889262065652025,14.507831433488342,-12.057595666963012,2.5198322939795865,3.4781612421910597,2.5288544939710085,-6.285331159966368,-1.7461889024819286,0.14937873044918742,1.7319723397091311,5.558730803924389,-0.1870278362538175,5.354947033177914,28.675457728140938,0.4307870310872353,1.2656395382324686,21.576287559562452,-13.857906829329913,4.5531705445231,6.175935179957765,4.025445847147007,-8.491023914642952,-3.498785795477421,-0.309914219919301,2.6771493844803445,9.00226777118992,-0.9463414634146341,7.372105111132207,54.34793376958161,-1.449048938190396,2.6408204147689984,11.9,-35.3,5.930408874022408,8.525,5.366666666666667,-15.694999999999997,-4.125,0.8,4.4,7.58499999999999,-1.3698754253763876,9.958910674031923,99.17990181334697,-1.24427199358041,1.7529223198630453,14.822673697947229,-45.908918797095204,8.88030123703432,13.243007184990514,7.402937672916429,-20.13879991028772,-7.187660746118776,0.938737403443541,6.055346438871739,10.367834883330499,0.1560136825730259,3.0403500430483534,9.243728384264125,0.7944799957819038,8.462858364949902,18.87325017354563,-15.75675973229968,1.4173198629189971,1.9342530955801247,1.8318874064560038,-3.8644589727366885,-0.9436313449288345,0.045086668701419086,0.9906217506512903,5.096538486544001,-2.020291478114409,11.995409975125307,143.88986047133574,-0.4535727665260822,-0.8577980542963592,16.971809894449034,-34.56030742901853,13.661268956546001,20.168323786651793,9.949811036353216,-22.57787468289335,-11.711304253171814,0.9629797886678882,8.45701953347998,13.850155706190614,0.19224760745490793,7.302699382256635,53.32941826761143,-0.03682774313599061,7.874416678943351,34.2476811400426,-29.027151416778473,2.334179592496696,3.251115938742794,3.794260437030898,-8.589926217416323,-1.4773705173415859,0.022707632469608385,1.7737454214012085,10.98940806597864,0.21412345793233364,1.9804519563038616,3.9221899512277925,0.9468912248589056,4.559592704244517,10.045044900993814,-5.671033175110175,1.196117161983226,1.6726325143312135,1.3275263561305433,-2.4931938519765655,-0.8080590551844613,-0.040064993391744304,0.8645734591467522,4.146199761202501,0.3005463022219502,3.7714326181847366,14.223703993507778,0.520941269005934,5.975921182456771,18.00982712276111,-13.487004808466834,1.6212520959049193,2.3503956890666062,2.262448708112429,-5.431679983173007,-0.9571985647642831,0.07248929972343679,1.3931971243023231,5.99462076369206,-1.0091463414634145,4.468291365449622,19.965627726551652,0.07487101695977368,-1.5415262427517988,7.3,-7.2,6.671709983275209,9.0,4.164837398373984,-6.9,-5.7,-1.4,3.3,5.3,-1.4238647707302114,6.340075977122261,40.196563395682794,0.08496252242962743,-1.537079256614939,10.34526968856077,-10.122422119387682,9.600953618651793,12.715138254072496,5.9117178628212645,-9.660847096516326,-8.038983415607778,-2.151051135142117,4.6761548384647185,7.51236728630236,-0.01400475754275444,0.17091789276593394,0.029212926067547294,-15.829191869105248,309.5837743450874,0.41523180719916786,-3.4024699358301804,0.05918201044041114,0.0809308258966933,0.06010345992498332,-0.10645348824919122,-0.046218443282012245,-0.00461301870758879,0.034712382614681056,0.10133914981658826,-2.025902721375564,9.027427749340413,81.49445176956132,0.10088035221484402,-1.5236716612275132,14.60374497887767,-14.233180333174282,13.633494246475156,18.133665707434222,8.41006414596042,-13.703130002077986,-11.497858751002923,-3.0585163200358982,6.635806956431299,11.018068685111398,0.023961460883277642,0.3485772565413624,0.12150610377790276,13.006688405389335,191.2599429569324,5.201337509133019,-0.9612278901849247,0.07406323153795569,0.10206360403751642,0.0931587810854232,-0.13824674127038636,-0.0505424260274671,0.009770486517736321,0.05152117801004932,0.12690192693337574,-0.019327412315685626,0.14843326854986644,0.02203243521239677,-7.041371482611164,65.26032512339172,0.28485997907350913,-1.5290843992225518,0.06555523551218295,0.08856106844514186,0.06679788689069328,-0.1226573492224235,-0.049977407445790996,-0.00611176000998187,0.038583660999350865,0.08983296689709595,0.012657713470381717,0.18830839333335594,0.0354600509997899,12.465135596365522,179.75503834058352,2.767867083584771,-0.35581657959926616,0.05910116608037826,0.08024447269341389,0.06312794615059825,-0.10227709795947744,-0.03762198960507333,0.0030307444101820287,0.04262248308834057,0.09457306769445784,0.5559959349593497,2.9304409862625143,8.587484373967216,-2.2915948625871234,5.227216492525018,4.4,-13.2,1.037821552953921,1.6,2.316361788617886,-6.584999999999999,0.6,1.6,2.2,2.8,0.7946081589625349,3.2655314829111792,10.663695865884085,-1.5251989952694305,1.6653919890240116,5.160789757865795,-12.335493591376023,1.43873632811825,3.54423242194565,2.91104478072171,-6.290868937607143,-0.6172435066958963,2.1998023871840875,2.926988915249754,3.707331858192585,0.03146574574299445,2.53374767154628,6.419877263066196,0.6515875037299336,4.635018952553241,11.830974020069766,-9.368669086570023,0.49724899238914655,0.6690455009261403,1.3601591937051363,-4.447233684754508,-0.349384346963279,-0.019720321674154828,0.3196611539628613,4.902500401141266,1.1519525273663869,4.098371047970277,16.796645246840985,-1.1556815174508845,0.22273373958106424,5.778024896987855,-12.006069334780957,1.8967247239272769,5.528277059200953,3.844483434115618,-7.486954493496316,-1.5151777768716062,3.177438550928068,4.013099282329346,5.049372344231806,-0.0910595105214327,2.071601284753673,4.291531882993068,0.7475515340915193,4.139045099867337,9.324332245378868,-6.024989369188824,0.887834568653902,1.239025005180581,1.2735201469513084,-3.5711008855656132,-0.7453191053260906,-0.023479848107641907,0.4937058998544903,3.497414922318372,0.043959355762427724,1.9712768474691624,3.8859324093679595,0.38807242240058376,7.379692052400616,9.111980185477956,-8.815700401712217,0.2288454176712187,0.30796160505966147,0.9414836128890974,-3.091057094287988,-0.1502675228406839,0.009036627743199164,0.15769408221897757,3.1675201137100766,0.01009746350830439,2.962216296490789,8.774725387195605,-0.4785204808270044,3.8367524935404003,9.147532780670483,-12.102508647904987,0.598580081742413,0.8048236512786259,1.5961653953977462,-5.780497473557277,-0.38705885337556756,0.01379119201678778,0.4177647979030583,5.773938770663042,3.084857723577236,3.504698411470975,12.282910955367177,-1.472600931995253,1.1728764490610777,6.8,-7.7,1.482602218505602,3.9000000000000004,4.2923780487804875,-5.5,1.5,4.8,5.4,6.1,4.36145617678062,4.924148896275762,24.2472423526938,-1.4401777281645658,1.052609994694918,10.28076323403943,-10.379042317676664,1.9925536571324542,5.676712405070476,6.052472404142778,-7.662588613592314,2.006475784610137,6.740070949202327,7.683188189680613,8.623479626585805,-0.026694032444922917,0.4193531721682703,0.17585708300759093,-7.871320968738194,75.89312839777931,0.680805570281312,-4.632203188981758,0.11558052209747773,0.155540466140348,0.15591818611440877,-0.30327328020641553,-0.0693660013953552,-6.236566818529354e-12,0.0861744647449928,0.32200101196918274,6.16796754340185,6.862664340278953,47.096161847336354,-1.4883974972630976,1.2929647069352708,13.528791223570488,-15.602650602644326,3.076991335073761,7.694360948343623,8.471620831142074,-10.520766292431377,3.1187170906325887,9.364270571169323,10.813078038976212,12.03254248788183,0.0805796896875277,0.8649366566813014,0.7481154200710275,5.775881610340653,39.367169543733006,6.9775588506520325,-1.509302811129805,0.18554968999224394,0.2559917438831584,0.3170531374512199,-0.6576722639460164,-0.13476367307027212,0.00942479617511538,0.12122807081288628,0.49593025459412143,-0.036659064861390464,0.33879851660250454,0.11478443485205753,-3.773009764580974,16.722097534032077,0.6359829737762412,-1.9961565883691692,0.11136763277961893,0.14917482038892277,0.15792186378393872,-0.3020890545067421,-0.061279881337575774,0.007468972029477888,0.08789493905134699,0.27323810216533667,0.0572848860408073,0.4784791745443031,0.2289423204725977,5.63058043940406,37.33170302697514,3.8088415666961355,-0.4956020744627457,0.15091660794136538,0.20447592457862307,0.19885879523065944,-0.33068072151030947,-0.10758404234827552,-0.00707702207871345,0.09689188223034753,0.39306931961537106,0.0008920106307583273,0.2923742835492662,0.08548272168094671,-0.7218431803952033,6.526914962139788,1.205342,-1.830989,0.041942816761523484,0.056458999999999995,0.14600373053338675,-0.509466,-0.025831,0.003231,0.030628,0.509524,0.001263900723987075,0.3936669521614769,0.15497366922410655,-0.5041384190036802,6.055416703923674,1.6674094362815084,-2.1928110971727084,0.058835740383352556,0.07921576891648766,0.1989056077627916,-0.6676558284301433,-0.036910620049068796,0.003892836997896797,0.04230514886741886,0.6761668791115303,-9.62611712365438e-05,0.12639630386031359,0.015976025629548724,-0.052772990607034984,11.208326229540406,1.0894116649513788,-1.0579746886652641,0.007914062821552388,0.010683342816021527,0.05531264809104187,-0.19501457177682657,-0.005281436051931838,8.746901816188379e-05,0.005401906764089688,0.1943829395318393,0.0017942841872813724,0.5488710688612221,0.3012594502328603,-0.4583285678812713,5.955272460104284,2.288964497054776,-2.9240014131446683,0.08257070896960433,0.11123788126224923,0.2779563898006947,-0.9250815784902193,-0.05162355756169999,0.005504181954567354,0.05961432370054924,0.9518705565619086,0.0001625299049693983,0.09290229613994329,0.008630836628073721,0.09780642279263263,12.382828106385611,0.6991076511033568,-0.8430144938723947,0.007915985093809646,0.01068622274092823,0.041006351115868145,-0.13692001641788457,-0.0054647079371813075,-0.00015206191705513777,0.005221514803746923,0.13316308829762885,-0.0001359744492549384,0.08162403080646558,0.006662482405094842,0.042593540935626666,12.198634137281426,0.7249206195255252,-0.7118996152987396,0.007426618773240035,0.010024026212627705,0.03669854089054438,-0.12629168650157885,-0.005030776797603952,2.8664009366138374e-05,0.004993249415023752,0.12280534833238682,0.0014880660664931516,0.1590014205427593,0.025281451734615393,0.013168216617976524,11.190831246426752,1.2946064516487261,-1.2172271838038187,0.00839936009986378,0.011326559405156542,0.0686622254701202,-0.23539246889225057,-0.005576425830067726,9.92527296906444e-05,0.005750133575088816,0.2526799796276627,0.0076620578837087484,0.4840657772253798,0.23431967668081105,0.43600835939336624,5.744567024854263,2.931081,-2.914151,0.0598645123788192,0.080755,0.2463451755615814,-0.859755,-0.034076,0.006122,0.046679,0.88644875,0.010831415991266309,0.6553683760984541,0.42950770838992486,0.5213916045764968,5.534804556944897,3.831775032360491,-3.501018427057181,0.08419636534830906,0.11338983797089268,0.33620910787065433,-1.1736114339953168,-0.0484312622667214,0.007799834725300085,0.06495857570417128,1.2192682554325514,-0.00015299445945849829,0.19770818983104005,0.03908852832626657,0.015807546091006017,12.68823535544717,1.8030459735246864,-1.8580334474378302,0.009587443891603691,0.012948282344468195,0.08505230746573618,-0.30134303071514135,-0.00653707201775729,-1.5164936513793834e-05,0.0064112103267109045,0.2906240278844394,0.015305644644232832,0.8854586222714941,0.7840369717549324,0.5896737489306648,5.115542515803812,5.003919958184512,-4.424459356818428,0.11680724622396242,0.15740681761321013,0.4611392873556073,-1.5748115244657916,-0.06718751216652114,0.011086314970494896,0.09021930544668898,1.713181569676348,-0.001365710671406846,0.2735300839479905,0.07481870682459474,0.04236597209674955,7.71765479632454,1.902317654107312,-1.7453335115720074,0.023367594536642205,0.0314316144921303,0.12810912362479782,-0.4651368246896645,-0.015849249502273455,8.61743925723731e-05,0.015582364989856844,0.4531733672318441,-0.00021648350020667706,0.19799890783325835,0.03920356750316313,-0.0048634056886451,12.578657398968339,1.8286657009541738,-1.7685966234875112,0.007685611400157897,0.010370130134239472,0.08658670020491062,-0.3156725184754128,-0.005239181208303567,-9.85543099401258e-07,0.005130948925935906,0.3103766063125303,0.0005570235934158643,0.19737968520945445,0.03895874013338334,0.08266361705954697,10.84582455668406,1.3598420530524786,-1.364677271886179,0.011060714394482784,0.01487699877417823,0.08475921626788135,-0.29550105455519243,-0.007326126012886867,-3.154091962512102e-05,0.007550872761291363,0.2922266549489704,0.008803733183372877,0.17415555551736006,0.03033015751756028,0.366079014600368,8.756220314012243,1.48172,-1.095717,0.01793355643504376,0.024434,0.08579816956829876,-0.27062675,-0.003862,0.009141,0.020572,0.28261875000000003,0.012449302961942778,0.22048065312322396,0.04861171840164341,-0.03800933131112586,8.763638293237474,1.482395183704809,-1.348418005578914,0.023617208374508446,0.032175207426845036,0.10830701914597086,-0.31134362369881374,-0.004191761920305128,0.01296990467338809,0.02798344550653991,0.3554954249373237,0.0001715045606375841,0.10974052501197264,0.012042982829903391,0.03500100214232614,9.778856744987154,0.8622311661398991,-0.8889653445031072,0.007784682133778944,0.010505458776118116,0.04947270111428422,-0.17470765137407993,-0.005294932597414698,-3.906326844585435e-05,0.0052105261787034176,0.1750538306807468,0.017603071223624218,0.3051457119542402,0.09311390552406011,-0.15545752941207025,8.904697975258953,1.8915487894289111,-1.8940496654749097,0.03230658555349729,0.04377884436456285,0.14943419194807173,-0.42048810964862543,-0.00500970060310797,0.018472770636489215,0.03876914376145488,0.4909932273252908,-0.00042418042592704723,0.06396459931324862,0.004091469965304445,0.2219688803422981,11.68950725714382,0.6470255620487184,-0.4559798463145671,0.007251817282111113,0.009775953549431038,0.02969260860279228,-0.09940574100538518,-0.005020979221076936,-6.0816975187563075e-06,0.004754974328354101,0.0999975234878631,0.0002426370371215208,0.1313275608921433,0.017246928249879608,-0.01816291445497634,9.084344673672065,0.9801930770862757,-1.014639583865359,0.008297909038201224,0.011225499857498378,0.05966177493874676,-0.21339155742614546,-0.005469998970832537,1.6223557439744589e-06,0.005755500886665842,0.2163145712118963,-0.0009912415129704152,0.08266561234823167,0.006833603464908112,-0.07992164020440827,13.398135254983277,0.6829961044978825,-0.7616187052007013,0.006987023572980037,0.009447954874315958,0.03578529215242093,-0.12808679884180046,-0.004884210815724713,-9.785243647700758e-05,0.0045637440585912445,0.1189358259985693,8.790338335438941e-05,0.8310032347930895,0.6905663762365786,-0.0004540334774192814,1.0277787107304155,2.520043,-2.513808,0.7040203351673683,0.94990725,0.6153050763411703,-1.5860349999999999,-0.4737125,-0.0003145,0.47619475,1.58345,0.00018284406009619724,1.1750883372410024,1.3808326003198237,-0.0005710986890108527,1.0298716463020297,3.54619963404665,-3.5606516944883153,0.9909612434337717,1.3355194849556946,0.8696520864254702,-2.2358440347474975,-0.6667820285657913,-0.0015759912434065541,0.6687374563899033,2.2423744457345203,4.800845912699454e-06,0.01454806325328684,0.00021164614442163485,-0.003790205227226637,2.1031759788852797,0.1856256208563327,-0.18952906645582124,0.014408963831471897,0.01941339133700722,0.011801274882368073,-0.021445189208918507,-0.009476041017174325,-0.00015448718399257283,0.009937350319832894,0.021567772446848002,0.00042492520325301857,1.6610944010466075,2.759234609188388,-0.0007674948779116189,1.037628395040235,5.012475899534341,-4.875729123792732,1.378831095250519,1.8593852497873886,1.2274852108742136,-3.1570635235224285,-0.9282096085442494,-5.079318095466481e-05,0.9311756412431393,3.1695162214783714,2.5112431085155392e-05,0.04559051750166118,0.0020784952860692747,0.02837196586987903,0.028286343873448416,0.3063109231054608,-0.1964839308003447,0.03609614214139459,0.048886764189363385,0.0351769488028552,-0.08097596118681732,-0.023711466926698482,-0.0004029364932032625,0.025175297262664903,0.08122741716615237,7.0445941728692505e-06,0.005785108646705032,3.3467482054181325e-05,0.20736051067232347,54.628061030762154,0.13270287398628494,-0.1431026972810746,0.00565827682430112,0.0076330395490650325,0.004385752368859133,-0.008684973593026283,-0.003781016636703452,6.2636763437411895e-06,0.003852022912361581,0.008634870087121212,1.4083212442652424e-05,0.019745135583203417,0.0003898703791990857,0.022266379626857565,-0.2513514012079434,0.12072876443861923,-0.10660915407133453,0.021229693238120125,0.028691230498456254,0.016153781087048368,-0.032517573063076,-0.014445078897365078,0.0001969398698694403,0.014246151601091177,0.03240281326063563
-5.829573170731708,7.665291681715984,58.75669656578426,0.9233257197205552,0.10410446389080485,14.7,-20.6,5.856278763097129,6.5,8.8994918699187,-15.985,-10.4,-8.95,-3.9,9.18499999999999,-8.194716783614691,10.891406869611245,118.62274359941502,0.944293236186291,0.11626487780827777,20.600587286340822,-27.971276607847525,8.45422212191215,9.39724030408988,12.609642298888623,-22.574010102111338,-14.752604872710215,-12.721712804245293,-5.355364568620335,12.907721124632793,-0.06954313555950314,0.59057655983648,0.34878067302829147,-6.752335810368429,73.7553165191518,1.3165099823677404,-7.835784884964233,0.2680735861434904,0.3598964470450014,0.29239472346412965,-0.6605694598594666,-0.1869919729852616,5.754889942766184e-05,0.1729044740597398,0.47082081587918406,-11.46860381223575,15.529645150499649,241.16987850043725,0.9632340672240166,0.14382209963386838,28.78971604779221,-40.582828893744484,12.455983672552744,13.233743215096153,17.879567238746304,-31.41807746604489,-20.7702980579839,-18.264798527196945,-7.536554842887748,18.568539916596393,0.1364107724398033,1.2007981104425387,1.4419161020423716,5.646176620397206,46.23972010997339,11.998751280109989,-2.882561330655512,0.3342428902842283,0.4477390141693005,0.4958092258658712,-0.7535271745351346,-0.1989107662505979,0.03355647917906435,0.24882824791870262,0.9815335671289908,-0.09726696572586638,0.5196194832866405,0.2700044074110753,-2.214989885208516,9.22383543929473,1.2648266394869372,-3.2971860102857065,0.2953759109867675,0.389387562531019,0.32134538706489557,-1.0878600439269104,-0.23428601516189915,-0.03133666869554573,0.1551015473691199,0.5167259841926466,0.06799015864239599,0.6442165098548938,0.4150149115696204,5.856493013175299,49.04520201558192,6.593763247616393,-1.0246997015032504,0.2844691022199832,0.3937094821611017,0.3071843434834641,-0.4644394377963699,-0.21012499510605512,0.016032741655786727,0.1835844870550466,0.5547763088292827,-149.37774390243905,12.165953701328528,148.0104294628693,-0.3389765965970478,-0.23521663237134582,-110.8,-189.8,13.714070521176819,18.350000000000023,149.37774390243905,-170.585,-157.55,-148.5,-139.2,-132.9,-211.1963775739659,16.696858856373286,278.785095669651,-0.24564495146161258,-0.47138722548978373,-157.5551794563868,-258.1513426464407,20.12950220607674,27.13986486293649,211.1963775739659,-238.50826909906954,-223.79409768405364,-210.414864292627,-196.65423282111715,-188.73045785766527,0.1448713457633985,4.0576995399848945,16.464925556793627,0.011144972617444867,1.1389502865664642,13.666578134586668,-13.17746531962437,3.383102924252919,4.495520235157964,3.049489470927508,-6.271501498141437,-2.1432289069874724,-0.021131580372305336,2.352291328170492,6.913519168528636,-298.4726822292679,22.69450197649407,515.0404199610932,-0.1671032739731728,-0.7247829169450184,-224.348677412494,-346.5730495287302,30.941771693441144,41.699935278607256,298.4726822292679,-334.796594253543,-317.97867523308963,-297.1877301581937,-276.2787399544824,-268.8863003736386,-0.19264662238343463,6.325254084043982,40.00883922771507,-0.13936295007418356,1.5130320334474616,21.045220703469354,-23.47525816095904,5.548104193456231,7.52103596088415,4.793010213620121,-10.321465255746354,-3.934054049284514,-0.019037688124210916,3.5869819115996364,8.891603320622181,0.19808467991797027,2.9775421550564696,8.865757285138324,-0.02337914393703861,2.4572208361273677,10.641937837797814,-12.007328135596065,2.3074963295224147,3.2381044749934453,2.1684725439148895,-3.7457822691600655,-1.4063673692197085,-0.18641429910116225,1.8317371057737366,5.209327774822773,-0.3969517570026231,4.843812973212888,23.462524119465478,0.4656584077944518,0.9997926218075786,16.580815011262903,-12.885289606489238,4.162006388455951,5.702382341145652,3.6793802059140637,-8.152791798105167,-3.704329870049688,-0.2554881374360367,1.9980524710959644,7.526507874962784,-0.7056910569105692,7.230314466651364,52.27744728666799,-1.5215204431280558,2.8858190282899754,11.0,-33.3,5.782148652171848,8.125,5.207926829268293,-15.054999999999998,-3.725,1.0,4.4,7.58499999999999,-1.0255428749375328,9.773991213202443,95.53090423575857,-1.3589317947475514,2.210154976241588,14.73419115673121,-43.02616506575274,8.329053876260755,11.984933896894685,7.202467390634647,-20.284546534599414,-6.257919220711882,1.2274640844660696,5.727014676182803,10.342588609180671,-0.008501838514311329,2.9693050106416883,8.816772246221836,-0.7223790233621584,6.491457838089138,10.4929277625292,-17.040902730285705,1.3569014541409652,1.8215291040583006,1.7971070299545369,-5.370036417493091,-0.861563748142598,0.03194386493939769,0.9599653559157026,5.466815603170704,-1.5253774959438784,11.675452813483151,136.3161983998716,-0.5004915188900179,-0.7716508332638252,16.432182790725196,-28.554301057297323,13.212968926531351,18.981919734363032,9.606858620388774,-22.65289856904804,-10.649916157472001,1.2294161620648272,8.33200357689103,14.041601629332826,0.031949921360395074,7.334271847720736,53.79154353626894,0.013327313128633425,8.326287855907601,35.32038734161405,-35.86144414632784,2.112362081787811,2.843504628794076,3.742737805871279,-10.96760990197416,-1.4471328238522867,-0.23145592090147118,1.3963718049417895,9.518061500904711,-0.012408632616708033,2.0954657541531394,4.390976726828585,-1.9735717956306522,12.740638121571319,5.92930396001673,-13.898647133191082,1.1978577159830057,1.6049661069267525,1.287727718388806,-3.108217424765293,-0.7352358414753496,0.09651944654122914,0.8697302654514029,2.974833158277502,-0.2270607307658799,3.598223497255448,12.947212336201227,-0.16495803590808344,4.115536309025766,13.468144752420692,-13.550485647715343,1.590680709312433,2.130079375272607,2.154953661433863,-6.602275501166501,-1.115250368684619,-0.08065651584601478,1.0148290065879881,4.835867142005703,-0.9046747967479676,4.501259816417316,20.261339934893247,0.03237926382075008,-1.5307554624869397,7.3,-7.3,6.671709983275209,9.024999999999999,4.1552845528455284,-6.9,-5.6,-1.1,3.425,5.4849999999999905,-1.278053744264593,6.386489445370101,40.7872474358237,0.04214121681940993,-1.5283448160941988,10.269944125168259,-10.220267471686794,9.608963733506863,12.854951347530099,5.898854200758568,-9.790181339330337,-7.9678721028771005,-1.6487953508559812,4.887079244652998,7.771459280661504,-0.009736903474652921,0.1743758844963021,0.030406949093867684,-17.18418589778585,348.255282190564,0.44814036672957824,-3.5699154639291724,0.06338811433835209,0.08311884813068263,0.058665482012562,-0.10176651389564197,-0.04238848417822175,-0.006106249222345039,0.04073036395246088,0.09850471348223841,-1.8257985670381716,9.093279305586023,82.68772852939904,0.05701793175672855,-1.518856622868997,14.429112399324872,-14.372319699151438,13.661003204554254,18.438286732805814,8.396031444808855,-13.897965911701043,-11.466138717283005,-2.409222431107448,6.97214801552281,11.322286227281227,0.019282209511179937,0.3574303826359798,0.12775647843130294,13.223478791598094,195.9353105206307,5.360136821492319,-1.001144924075048,0.07556209893980105,0.10147352291957783,0.09267566882849353,-0.12004611183292774,-0.04967534180521571,-0.010566600007556437,0.051798181114362116,0.13185276074707164,-0.01369193642153484,0.14398673887806107,0.02073218097273894,-7.471839891854448,71.40135419945305,0.28546187388390837,-1.434083883362649,0.06505546718769326,0.08774189295243143,0.06396832553971077,-0.11699429491775165,-0.04760359850797674,-0.005711885711546894,0.040138294444454686,0.10724016558124615,0.016139031263720554,0.19781028557171362,0.03912890907796289,13.210067883275158,194.3815586755324,2.9670456776069383,-0.3011835182687319,0.0651989505214341,0.08848045730843146,0.062412027519009344,-0.08830387207972627,-0.03904809640249363,0.0006574450399357288,0.04943236090593782,0.10780646483287357,0.6738821138211383,2.794219274136607,7.807661351956508,-2.188304790188335,4.685979146887157,4.5,-13.1,0.889561331103361,1.4000000000000001,2.307215447154472,-5.984999999999999,0.8,1.7,2.2,2.9,0.9604943443328151,3.1575630442202276,9.970204378225311,-1.6173458256543471,2.265146426590724,5.02754396786143,-11.506118207191392,1.5093981577040425,3.2739887211634393,2.8362573937209836,-5.766885956128694,-0.2762442914059784,2.230417380577624,2.9977444297574607,3.810760670498901,-0.00310537965180785,2.3585988616486286,5.562988590170207,0.34434498731996904,3.094277118520364,9.34441051114323,-7.964245189093588,0.5449008280154358,0.7403076045459168,1.3422950732014987,-4.390313208173548,-0.3945678389223616,-0.01672588488327914,0.34573976562355524,4.381819692699135,1.3841899810475897,3.8837571985653905,15.08356997740849,-1.0521067784767082,-0.19981732481736314,5.825980729015412,-9.748106344103189,2.001896855487547,5.8279324498590706,3.8151710250121895,-6.383239392824863,-1.6406996503571518,3.2215464219541534,4.187232799501919,5.117584500321483,0.03158538771770256,2.1539195320310704,4.639369350464945,0.5509230598753261,3.506568154783287,8.951403167566939,-6.18812812445767,0.9405977682521063,1.2696328141109767,1.337246964078333,-3.8063646168710736,-0.5861840072695128,0.07082937959401842,0.6834488068414639,3.6075890754064,-0.005020180764463056,1.4448858922113792,2.087695241511473,-0.24612115465089163,6.1067040392859635,6.694579820182107,-6.8847535661925905,0.26444797173900636,0.36266836990558604,0.7624671236783367,-2.125238653546554,-0.16226520887732998,-0.01568829573577755,0.20040316102825606,2.0915440433125405,-0.2680766899118683,2.968398171633908,8.811387705359529,-0.3244611103288971,2.270109054568379,9.33422787686089,-10.159242666148462,0.6424002835502189,0.8947375466215821,1.707267461576867,-6.414739767019215,-0.49902331697536695,-0.023391410660724393,0.39571422964621517,5.3930577828586275,3.3329268292682928,3.152930171989667,9.94096866944279,-1.4537492750941905,1.288267035189599,6.9,-6.8,1.3343419966550423,3.7,4.1969512195121945,-4.185,1.8,4.8,5.5,6.1,4.714438735152462,4.427358860706813,19.601506481479134,-1.4088590519760722,1.1213216053026551,10.902622497475782,-9.302547810166235,1.8670967478577598,5.1317705496111525,5.916470862035237,-5.785224091905861,2.555459493447624,6.802892274449231,7.6872300430587766,8.633285118212713,-0.034371219026618896,0.41762334990906846,0.17440926238927223,-8.00423173029488,77.61257128138011,0.6720052652472386,-4.6642873862161345,0.10663207716225638,0.14290103621669037,0.15305111248758793,-0.30905241941216766,-0.07489832408688529,-4.978295553570433e-12,0.06800271212980506,0.3045553656822784,6.674108490383837,6.160379173610232,37.950271562650684,-1.4763769577023922,1.428336896118167,14.419322556619292,-13.475604728687689,2.7364406109301496,7.058757946157325,8.310730852728092,-7.7551352493369325,3.8001987355501297,9.534689914439067,10.858956681707454,12.20206547576408,0.08751501126604595,0.8771275002763639,0.7693526517410627,5.811978794856144,39.71888970238535,7.008839868060243,-1.6999455620950998,0.18593559167116272,0.25246450364576617,0.32013190671501257,-0.5155515280773624,-0.14277674945870306,0.005882950463645176,0.10968775418706311,0.5742373832242759,-0.04789948609537654,0.3302330625502826,0.10905387560133889,-3.9832823036214764,17.809475393077946,0.4757413290408528,-1.9280659262005035,0.10431157719843474,0.1486048611244808,0.1499879977317727,-0.2765925849401122,-0.06301630240822434,-0.002339125445779291,0.08558855871625647,0.22732355617682332,0.058811074981340854,0.48112584239486716,0.23148207622017056,5.5766144564546085,37.25327948514408,3.849687405288668,-0.5792891421086288,0.17072716256541523,0.22900140369664163,0.20512327727528967,-0.35428779780489705,-0.10594295962933592,0.00713802555871979,0.1230584440673057,0.3650901008669142,-0.00046095211361636305,0.2828099348161676,0.07998145923072499,-0.8940818148177672,7.498967958973102,1.117562,-1.878415,0.03771147002990849,0.050873,0.13714402388249933,-0.47361425,-0.024167,0.001567,0.026706,0.48879725,-0.0006523706706587504,0.3798497363994893,0.1442858222427615,-0.621244133445697,6.698265430220355,1.557099879292063,-2.2379960176843876,0.05308457418714632,0.07140415544988579,0.18683591996213908,-0.6070969067570823,-0.03448068043697911,0.0018169991460871297,0.03692347501290668,0.651007490675082,0.00011452030608229697,0.12515050110533094,0.01566264792691544,0.10498489320773856,14.493685093133198,1.2551864910351338,-1.2412872381541709,0.007632378615821281,0.010301495139739603,0.052935567352544316,-0.18438085513143618,-0.005130079182058915,5.815351648346209e-06,0.005171415957680689,0.1830489748191474,-0.0009240979572820981,0.5296461903433883,0.28052508694526473,-0.5707575664159719,6.58335540997577,2.160780066363778,-2.8057641861372167,0.07443729228323669,0.10026105991453224,0.26124467172494836,-0.8077608350346038,-0.0482484881357732,0.0029368972842937157,0.05201257177875905,0.9252601672690972,-0.00010855585543525907,0.08941201565735231,0.007994508543910614,0.03186906196927614,13.787247293852346,0.7577840839358535,-0.7091656390760195,0.00753919463675848,0.010156379317509706,0.0391679756248573,-0.12977339037211316,-0.00520711733642921,-2.898139617068629e-05,0.004949261981080495,0.12632498396621727,0.00016218245012945568,0.07418737818573737,0.005503767082073621,-0.1414025725728467,12.451531358173467,0.707004424777084,-0.694412608666797,0.007385824445168844,0.00996628177488247,0.0333789448843245,-0.10994798604218203,-0.0049225444038647126,5.709147672244183e-05,0.005043737371017757,0.113383164638682,0.0002829448313642578,0.16067281006453477,0.025815751894034063,0.012316047606076307,14.60207341374046,1.418827155292313,-1.4647876927160965,0.0077773781484582576,0.010486501020854244,0.06749175137411459,-0.2381815143804639,-0.005108784338163884,6.174526223625396e-05,0.005377716682690359,0.23441846034239142,0.007364722574575911,0.4546634415422154,0.2067188450750115,0.561812994754149,6.50275916916768,3.116745,-2.588669,0.054607204911998324,0.073605,0.22649022098139776,-0.789079,-0.030711,0.005641,0.042894,0.8208200000000001,0.01041628247706531,0.6177334577080666,0.3815946247719637,0.6436838662723438,6.356768843552098,3.853364716837722,-3.153044960657485,0.07692433547261475,0.10376777583411331,0.3103319938426601,-1.0746243354355234,-0.04423623795621272,0.00750374185365278,0.05953153787790059,1.1312889921723142,-0.001153501637765435,0.1783375896589695,0.03180429588537099,-0.12435799129678629,10.356560228961202,1.571290640454292,-1.5382005147498294,0.009594422304450002,0.012955702119738021,0.07785456749480017,-0.2781085715462514,-0.006596594961459769,-5.8656431618944445e-05,0.006359107158278253,0.27231938652991805,0.014733496931421043,0.830251556828945,0.6893176476168869,0.7154791996162639,5.893528524390385,5.035001505864558,-3.7694827179742902,0.10256770365258255,0.13842838581225286,0.4232294752450846,-1.4264481830674436,-0.0585225551140957,0.01013417281778165,0.07990583069815717,1.5958153496721839,-0.00041772518611357787,0.2715387663413176,0.07373330162616465,0.05149979543276569,9.72896164430407,1.7949359315577809,-2.0658701160816637,0.036875675056999145,0.04990654951780091,0.1286687802472955,-0.4420673488681113,-0.025484707538381363,-0.00018265667660521956,0.02442184197941955,0.4263742045934765,-0.0016309192396769237,0.17565500766855277,0.030854681719039337,-0.10794292419681406,9.381694815354393,1.5007034291304533,-1.5923561340366459,0.008050405073675658,0.0108516692589306,0.07856126681987011,-0.29634432577302805,-0.005563098662611571,-8.22659808413491e-06,0.00528857059631903,0.28168692589242805,0.00010407410351390148,0.1809483967648279,0.03274232229176158,0.05711369041327376,11.069708537555092,1.4471914051447718,-1.453303928892303,0.010700297157125838,0.014478147759431783,0.07697753571579108,-0.27493168576342486,-0.007101875594693098,-1.7924057848888575e-05,0.007376272164738685,0.2643309668785985,0.008219322671683913,0.17451883234415488,0.03045682284276724,0.3562354522235641,7.940983810523679,1.4037,-1.01056,0.01614109035287049,0.021833,0.08689589023761116,-0.27861,-0.002592,0.008718,0.019241,0.288622,0.011624668505044422,0.22015597845350374,0.0484686548488196,-0.12649361381249005,7.705568818735015,1.404952188042335,-1.3116278217641666,0.020722767734093876,0.02796571833254541,0.10938833583278601,-0.33420282135394785,-0.0018780232932493444,0.012517248441508637,0.026087695039296064,0.3616503768428555,-0.00027342902166659674,0.1115319738358619,0.012439381187723385,-0.14049440843217284,11.286306301878435,0.91267349939872,-1.0155727991263732,0.007634882488306455,0.010288288016259457,0.04935770730429126,-0.17717932709333017,-0.005111662208003339,-2.689432141067831e-05,0.005176625808256118,0.17510628564085776,0.016442112699846044,0.3046573450061046,0.09281609786616865,-0.23151203570296325,7.867039130084432,1.855992255946145,-1.837227203322482,0.027290582169634946,0.036862973488330154,0.15103824126895674,-0.4525025724837003,-0.0011008088921165564,0.017675707109758992,0.0357621645962136,0.49820119394169127,-8.931102886665478e-05,0.06405927854589144,0.004103591167820108,0.27389431217767013,14.450295844921271,0.6778026882594156,-0.588539517625379,0.008933987818999126,0.012086905358086267,0.029808556811522686,-0.09846055457821576,-0.005967698112556894,8.789017275096e-06,0.006119207245529374,0.09626329733127206,-0.0003869815621364723,0.1300037344717943,0.016900970976612802,0.08843031059035462,9.214514014206268,1.054819922142636,-0.9955347407984413,0.008336691991414555,0.011258068090972809,0.058760396224414126,-0.2148782832132354,-0.005671735541707366,-0.00010366011928751379,0.0055863325492654416,0.21532460552758032,-0.0001109719429063368,0.08929307884277997,0.00797325392922292,0.03293873667010877,17.45715087912366,0.840060096102851,-0.7988506608130711,0.006752780369649326,0.009112578721855958,0.03676054608318138,-0.12228336367031344,-0.004556677609041347,2.6757692271654743e-05,0.004555901112814611,0.11884429507084218,0.00016620993536248553,0.7778527536020033,0.6050549062862189,-0.0014773598337176406,1.08100658945102,2.490836,-2.470566,0.6729145993220116,0.90775725,0.5786356593026433,-1.46816375,-0.45241349999999997,0.0001605,0.45534375,1.4683035,0.000240281475612176,1.099933289457884,1.209853241257641,-0.0014658834316333721,1.083372725071568,3.5397844380243093,-3.481778497612152,0.9520562355538194,1.2838591293723116,0.8177562889226533,-2.064400226130793,-0.6412801536651836,-0.0016048785506003298,0.6425789757071281,2.0764468676828085,-2.5904798938892794e-05,0.012257776334512914,0.00015025308066694484,-1.5922231833714473,44.620778802323855,0.07705179840781044,-0.3756334728004311,0.009889719689221668,0.013325510538707269,0.009215622829849295,-0.018632919750672196,-0.006589645588128536,-0.00011890354218685277,0.006735864950578733,0.018627948075847583,0.00035167469424369157,1.5548045417116283,2.4174171629271064,-0.0014125131788263739,1.0917270870455598,4.8042443317135595,-4.893606807634624,1.3285042463990628,1.7901863347030398,1.1541480152716632,-2.909659607117578,-0.8924617535768137,-0.0019490737925996655,0.8977245811262261,2.9185287639735744,8.028130564534741e-06,0.04316386069508933,0.0018631188701050778,-0.14237590306280637,2.9012524917325733,0.3824958203198999,-0.585125058433056,0.03184085964637483,0.042957195831394054,0.03197636503026087,-0.07677530824747844,-0.02116046394215898,-0.00029620808622472794,0.021796731889235074,0.07797808804836813,-3.569366622671612e-05,0.005592827944369901,3.127972441532485e-05,-9.661583750886285,443.31167175874367,0.03138379879388727,-0.28505649666223337,0.0046208246814331356,0.006214242217510222,0.0038428927979642863,-0.007952800322808092,-0.003120100605015112,7.470161026602596e-05,0.0030941416124951097,0.007994737583413812,-1.104981891188725e-05,0.016406973964711555,0.00026918879467872285,0.6670964501793807,14.687249970443286,0.35793994604491153,-0.1139875813637141,0.013627078252493124,0.018394707085854094,0.012482459392471792,-0.027618661829311813,-0.009461083490484742,-1.6446496879736993e-05,0.008933623595369353,0.02746714128434172
-6.1499999999999995,7.590467920492947,57.61520325203252,0.9242484110806144,0.19238628567360205,16.1,-20.7,6.523449761424648,7.2,8.959552845528457,-15.885,-11.0,-9.2,-3.8,8.469999999999981,-8.642705602970555,10.804908380366253,116.7460451081089,0.9537045027380149,0.23313374812747067,22.665562855314683,-28.248821124341838,9.274780671121775,10.130545273314542,12.70454332452738,-22.435687961664808,-15.546470757241893,-13.126808302016508,-5.415925483927352,11.99711467242074,-0.044733032191615535,0.6113579945539335,0.37375859750500734,-5.108623219587125,50.70913001936701,1.8465431294447763,-7.236015948858579,0.27027683600727287,0.36543752479214203,0.3063796512090347,-0.6304029981462603,-0.18228209494599443,-0.005084285944489286,0.1831554298461476,0.5061892247617499,-12.089029359580369,15.475994628118709,239.50640972955912,0.9850617820628759,0.303953032422394,31.85743070934933,-40.64822247753801,13.269787051177225,14.32762863304523,18.035738893004368,-31.651386194014847,-21.99148872239403,-18.664093804069406,-7.663860089348802,17.74876908769308,0.10375260969963837,1.0349181700530683,1.0710556187059916,7.180980751549197,63.3863452137666,11.21172368299048,-2.316747123104877,0.2608033507776501,0.35298192900642256,0.35142523763517713,-0.5326806432033858,-0.1718183413776948,0.011538602357656025,0.18116358762872775,0.46768859689085257,-0.06272641731704359,0.5309012812380552,0.2818561704202086,-1.9882926898272903,12.026908758136512,2.190579980970132,-3.425893061647399,0.2805777907913574,0.3674880444219216,0.31262955009141447,-0.8298023522169393,-0.19288982907680458,0.004124532063375431,0.17459821534511705,0.47836372408905403,0.08581822567486375,0.6696894345840096,0.4484839387934506,4.063974888981095,28.35993223768123,5.794327690024915,-1.9162350661207217,0.28181554547281384,0.36296819634491106,0.33911519090971054,-0.4767634391418717,-0.16364794628220533,0.027117435020701748,0.1993202500627057,0.6708506260171991,-150.34004065040648,12.838532987325314,164.82792926664024,-0.29430913568979145,-0.5290401016822095,-110.8,-185.0,14.900152295981295,19.950000000000017,150.34004065040648,-172.685,-159.625,-149.3,-139.67499999999998,-132.81500000000003,-212.53429657508718,17.520104527426636,306.95406265195527,-0.15307480269950133,-0.870908491103858,-156.83862753682078,-249.32868693092854,22.034880630305697,31.78658065353727,212.53429657508718,-240.8702494174156,-228.62992744651353,-210.12525307929752,-196.84334679297626,-188.76285524009145,-0.015779098330055915,4.708674527623117,22.17161580708678,0.2554681861855751,1.6632386044157634,20.240616947683446,-14.463000730313412,3.8854264522277133,5.1428007047051185,3.4653213601670902,-7.404382503039009,-2.6199705890978704,0.001777364294087036,2.5228301156072477,7.84433678905745,-300.3009526712238,24.3192923776843,591.4279817512937,-0.1763939551807497,-0.8913971181285318,-223.06072767396049,-347.6163716344179,32.2439905564177,47.740946054350786,300.3009526712238,-339.79897566816555,-324.7620739463643,-297.15337941799135,-277.0211278920135,-267.7825075682931,-0.17329203898609163,4.56016079352191,20.795066462774376,-0.05101866143981193,-0.4189215693127655,10.720697767350238,-12.284646710029012,4.593535736306588,6.1799232337128505,3.752369435182664,-7.481646524097924,-3.3310973465364437,-0.17311304931475746,2.8488258871764067,7.315307193966736,-0.02302431573812758,3.4734888327951516,12.065124671552626,0.333465681349785,6.216857768786104,19.34581063243201,-14.088315146290808,1.860681687532654,2.518985577024845,2.1914319643171254,-5.774701001160677,-1.260757149357837,0.052336898303302314,1.2582284276670082,5.022600018935016,-0.527265972347698,5.603042485860434,31.394085098357074,0.06205111585763377,0.5359529028642265,18.434155833303336,-17.25736784360313,5.284436766105139,6.93054536255874,4.32851167254281,-9.412524858310867,-4.1541158152505115,-0.12337128193519896,2.7764295473082283,9.368406762341138,-1.2816056910569105,6.738324520268775,45.405017340455416,-0.8004455350594913,0.00959293771537828,9.0,-25.3,6.8199702051257685,10.2,5.334044715447155,-13.669999999999998,-6.2,0.4,4.0,7.0,-1.8339550914074438,9.159974091331495,83.90512535386425,-0.5789907595001542,-0.7297617679148489,11.45775976644794,-32.05729452502728,9.904131986542907,15.466329836048233,7.510658960349589,-18.185308313250047,-9.744867121904528,0.8676783625715245,5.721462714143705,9.931890867585942,0.033156786900027234,2.5751653876528775,6.631476773765394,0.022884198465473005,3.8980515378659915,11.769225039209404,-11.42888572964532,1.441433808532941,1.8876873023499274,1.6699401448486697,-4.041080325662965,-0.9478799623944926,0.05460493724657145,0.939807339955435,4.504528922651065,-2.6455320193897878,12.462220383679222,155.30693689138988,-0.4245500046383268,-1.1454687880728425,14.777272451510399,-29.061667158423504,14.19332889411323,23.90852098846952,10.455039701073797,-24.095472826274133,-15.144510666634437,1.1858509836960152,8.764010321835082,13.092872396666221,0.08867918626666889,3.3661975978762784,11.331286267948027,-0.39633720490083674,11.304421613166168,18.069347015000282,-18.802009669300514,2.0993000936947595,2.791333768045391,2.036324414511269,-3.2286138196777614,-1.3098142263125307,0.014727192799391164,1.4815195417328604,4.458531797636346,0.047436594439419534,2.0386709119538398,4.1561790872467,-0.20836604699963537,5.362762479505276,8.241400331921833,-8.467138214481531,1.056963999617191,1.4187159756563852,1.2478561367932934,-2.438744637853773,-0.7008945512919275,0.06540880514339707,0.7178214243644578,3.1640381068737673,0.03928588759128595,2.9876694519370464,8.92616875403781,0.004781706806731922,3.3249515379875056,11.736937378680327,-12.463210499151575,1.8557796881169193,2.460401406297427,1.994454979682813,-5.486885608501739,-1.2505085469670054,0.06967872511293129,1.2098928593304215,4.498514459238415,-0.6860772357723579,4.532970819376536,20.547824449319187,-0.04322067941430405,-1.5148992627583129,7.3,-7.3,6.078669095872967,9.2,4.113109756097561,-6.9,-5.6,0.0,3.6,5.7,-0.9698424226166118,6.430236464403126,41.34794098813961,-0.03295529155231953,-1.5144774044619056,10.296851565245925,-10.30071983526591,8.681530076969798,12.982555838019179,5.83763794492243,-9.800805605774165,-7.882378071731722,0.02509632382902265,5.100177766287457,8.07624458202238,-0.008650956986698604,0.17651624896371854,0.03115798614822146,-16.983739351887696,343.7004413011829,0.5785799646147671,-3.600317546816185,0.05860517556444262,0.08005276175859372,0.057426976748093043,-0.10192425544240029,-0.04186324857956678,-0.0008262288543449958,0.03818951317902693,0.10065582777424957,-1.3932021460780482,9.15264111275588,83.7708393389092,-0.017190838503670893,-1.5087387082195922,14.514417266732462,-14.482781329194381,12.433302462129312,18.412586735323124,8.31103679355987,-13.874280972083323,-11.240373034809608,-0.12106924954068088,7.172213700513517,11.726930864492992,0.015112104799824146,0.3657087263447859,0.1337428725247255,13.424367162316008,199.82909977511943,5.506346045853144,-1.0138912138820464,0.08106875866007085,0.10664090216044506,0.0915772145145114,-0.14228622929138074,-0.0616377754341578,-0.0031657733802562538,0.04500312672628726,0.12404536916851211,-0.011837592208802771,0.14154297765430512,0.020034414523247116,-7.665916101814939,74.60683809938952,0.2703180485612005,-1.4965384577262288,0.06415834302050208,0.0863444015060156,0.06186965512474549,-0.10872477950765208,-0.0462385981255345,-0.0018996976580376163,0.0401058033804811,0.1016745133977669,0.011879198726733087,0.20330322339947252,0.041332200644615825,13.181231312070627,194.1265817378157,3.0436546121518244,-0.3792397148400145,0.06583546515715016,0.08662317370714645,0.06306392697230512,-0.09917705460426446,-0.040396072673263894,0.0005314246468981886,0.04622710103388256,0.10193712330480853,0.4783536585365853,3.192456322467169,10.1917773708606,-2.1124410846344888,3.9521884185597074,4.3,-13.9,1.0378215529539212,1.6999999999999997,2.502540650406504,-7.7,0.6,1.7,2.3,2.9,0.6872345600383488,3.4286433436075336,11.755595177664249,-1.2262206805907883,0.5027701056572869,5.299565631901006,-10.961697038867495,1.7068811921520795,4.6052899282578155,3.0691878481186987,-6.660599884450793,-1.5099488141991788,2.26386370663395,3.0953411140586367,3.949727578224479,-0.024514999364376535,2.9194914322540613,8.523430223004869,0.39801974490339276,3.112407581600613,11.625271992721133,-9.22525891037881,0.5211092865822304,0.7364917402620923,1.6114881176843208,-5.826494781607302,-0.42226679830132496,0.002836973954487343,0.3142249419607673,5.868759130039257,1.0073830258733099,4.575703457386259,20.937062129936567,-1.0624246462286535,-0.17788478039286915,6.187871231658377,-12.46018809559013,1.9582658291029837,6.730734952761286,4.282820542046818,-7.909345923459316,-2.5251026921501216,3.3269266597464706,4.205632260611164,5.2573880252490515,0.04006734693259236,1.5287149630520298,2.336969438259169,0.19395289506194396,2.3225452932645325,5.588897307647312,-5.212832021355583,0.9609764396311984,1.2741487367571098,1.0307024652722068,-2.6513818525110473,-0.5656818733616247,0.05540024313379663,0.7084668633954853,2.5483999022216457,-0.03459782868934611,2.457193520880078,6.037799999055035,0.18842090198182848,6.772779458679313,11.24249315335915,-10.29116673357197,0.2676392101306394,0.35905732046130934,1.1430057596035972,-3.660760342701539,-0.2270706529564097,-0.017838074797073427,0.13198666750489965,3.84258611350357,0.12777699833543238,3.2795085114249027,10.75517607650838,-0.4582167065193412,2.481468665343403,8.483682849029055,-11.462783333867579,0.6578870806213881,0.8435425662974999,1.870696310527657,-6.6942900490753505,-0.4506241722905745,0.01689856994452313,0.3929183940069254,6.179529886502287,3.210569105691057,3.382488692873862,11.441229757419526,-1.640027872597455,2.2001178908251697,6.8,-8.2,1.6308624403561616,3.7,4.234959349593495,-4.6,1.7,4.7,5.4,6.184999999999991,4.551217166836164,4.758111732481618,22.639627258779225,-1.6040295290137896,2.0750017771214893,10.558619321246688,-11.5331583475239,2.135266500186877,5.336083914432873,5.982257469865923,-6.099590432853584,2.3282878529108246,6.696551875982527,7.664371767343697,8.767875964521945,-0.031838906446101316,0.42589542469574304,0.18138691277676733,-7.859364733159964,74.63244306818018,0.7772220964381202,-4.943049295224827,0.10747341175353094,0.14499369498914996,0.15700879912351048,-0.3063855239819921,-0.0678038189564168,0.00853311226357277,0.07718987603273317,0.29145240327187355,6.47786342096752,6.650636942161064,44.23097173643747,-1.6593283465676878,2.346103077384152,13.89806412655426,-16.667775570376104,2.9267576205530133,7.416911137922281,8.43666307309036,-8.733457310543717,3.451631770603444,9.598954224331212,10.868542908525725,12.213452802055778,0.0928852754779187,0.883833018631333,0.7811608048229742,5.675039571586452,37.92245885714327,7.329345001080211,-1.6791726132504243,0.21614923066414796,0.27494566854198155,0.3349853638233971,-0.49409253087746274,-0.13308751180902403,-0.010927755588762939,0.14185815673295749,0.5751221073282281,-0.044420641873832656,0.3389822882936399,0.1149089917767924,-3.8541649322098723,16.54108274168694,0.39160533274722054,-2.109864180916316,0.11226384641060447,0.1573523093012671,0.15812442147688066,-0.33795847313898086,-0.07219392842675118,0.020252178636611554,0.08515838087451591,0.22819153727722996,0.047997164931787295,0.490548840054738,0.2406381644790489,5.604586805991699,37.02896501931177,4.145251068235191,-0.5534427974269571,0.15557866239795815,0.20424733079706003,0.20559958831395705,-0.36979906094822124,-0.10865151519242139,-0.014567526395091018,0.09559581560463865,0.36803201323028745,-0.0007851818764342977,0.2508930112578125,0.06294730309801282,-0.6424453126250874,6.065761372543815,1.268755,-1.539777,0.03656690111722216,0.049269,0.1263671095431109,-0.458846,-0.023989,0.001032,0.02528,0.44205425,-0.0011087844375455005,0.33188890492981094,0.11015024521550906,-0.5154072312294455,5.545830902597288,1.5395867713027946,-2.1197266759591393,0.051281348046847475,0.06897763447185618,0.1705374713879625,-0.6158062062343354,-0.033559032530033756,0.0016745953596613206,0.03541860194182242,0.5848946079702764,-0.0005074248427743083,0.125431425745591,0.015733042564571705,-0.10337514610606255,8.125516870877185,0.814858034773542,-0.819811474204553,0.007592376756686852,0.010242899378610403,0.056782624395321904,-0.21227387247630886,-0.00516094653566602,-9.494500865747722e-06,0.005081952842944384,0.20758590980665895,-0.0015634606039217939,0.4603373922223734,0.21191051467809524,-0.480638692152065,5.176588107978095,1.920911346540353,-2.551986149073929,0.07232137523484616,0.09719732705702236,0.2378758889771955,-0.8531401190889356,-0.04710817192722866,0.0031168981634246045,0.05008915512979371,0.807791382750855,-0.0005914164654065232,0.09138371350261237,0.00835098309352754,0.1389026449481109,9.232450658557399,0.6584689947503837,-0.5912877771195774,0.007290075537491941,0.009885304622557357,0.041724995787023524,-0.15180581303661572,-0.0050509415689700445,-4.22835158434031e-06,0.004834363053587314,0.14484105073753872,-0.0007173800870469609,0.08615313065527956,0.007422361921705671,0.0603980031286368,11.157615549095064,0.755920832907314,-0.6724095177580859,0.007340961440935016,0.00993723090985836,0.03898824785430153,-0.13707761603287688,-0.0050521745782784,9.806166192351446e-07,0.00488505633157996,0.1307663214748425,-0.0004981639276377711,0.15504155955520416,0.024037885189309913,0.05258365906240411,7.231569803141687,0.9275280821098562,-0.8854276660816974,0.007700186992316859,0.010390028735859612,0.07017301930466367,-0.264621739045432,-0.005223255583442349,-5.587734401327641e-05,0.005166773152417262,0.26020623503256085,0.007542126382141687,0.4932480760748482,0.24329366455153928,0.6588676292316754,5.525472728919004,3.419095,-2.345863,0.05309346804690412,0.071622,0.2471216178136083,-0.880109,-0.03017,0.005761,0.041452,0.93290975,0.010667474301090205,0.6668772986940538,0.44472533151347826,0.6927818121123963,5.4963499697069516,4.325709185737944,-2.979450701322669,0.07451706395112663,0.10056426074494185,0.3365285770790718,-1.179657788258818,-0.043724762698726875,0.00666644482632291,0.056839498046214965,1.2741146534183136,0.001786574322274414,0.20448824743069113,0.041815443337275555,0.22762607806384386,10.205519547960868,1.5028768010381635,-1.5461944957173783,0.009205690979387268,0.012408817869208985,0.08952071622966347,-0.30866553189349066,-0.006270632111994755,-3.23024903402273e-05,0.00613818575721423,0.3227273788060793,0.015089924961171326,0.8792591378723797,0.7730966315320805,0.613142638651652,4.594685991712101,5.230886504408529,-4.071396559348663,0.10035366660835882,0.1351602026284567,0.45314249240785304,-1.5523774458127764,-0.057958743527097414,0.009025880057222243,0.0772014591013593,1.7972786563360603,0.0001327760482327371,0.34087470249467616,0.116195562800834,0.0571668720888515,11.004575900539601,2.6878283436725012,-2.6346247753210004,0.033651394031902274,0.045417561862373584,0.15811998975071828,-0.5345356033678812,-0.023533952178408445,-0.000273946571540026,0.021883609683965136,0.5494444394023342,0.0025254976942803028,0.2170938161841425,0.04712972502539425,0.19431815567268684,8.084997571247175,1.4006730842703392,-1.5281797103147865,0.007964934677871717,0.010743061578673782,0.09806423003719256,-0.3559674807663233,-0.005329233535070737,-4.061542780380646e-06,0.0054138280436030455,0.37705853964800967,-0.00020043156018462074,0.19101357925176005,0.036486187458568416,0.018732876254810186,8.7121108084892,1.5184524598852258,-1.5537215412881102,0.010138499576375882,0.013662036420211753,0.08500731010180071,-0.31443180332247045,-0.006736657640976776,7.481051847124299e-05,0.006925378779234978,0.3033389042384905,0.008016675677286682,0.15311875901593364,0.023445354362579555,0.197379935998771,7.603338597108253,1.315459,-1.142407,0.013629562194721999,0.018447,0.07565136062349119,-0.25363175,-0.00102,0.008355,0.017427,0.26837575,0.011338096771732151,0.18265079211712015,0.03336131186101144,0.15161258629834756,6.968835129586113,1.308659490847639,-1.0256671533685364,0.017527749379869097,0.023645620443976206,0.09141864503860608,-0.29920845191725814,-7.832108785910329e-05,0.011840043264853196,0.0235672993561171,0.32215750125572734,0.0005458247404426799,0.1162967105666756,0.013524924888629119,0.005774548927873737,8.991315348435426,0.8464237367868809,-0.8932861523533192,0.007704309437878029,0.010387066040507133,0.05319279657614355,-0.18799195570893296,-0.005172027524262626,6.518843919932007e-05,0.005215038516244506,0.19014048802649902,0.01603679900916406,0.24710309950466283,0.0610599417848113,0.07032992815329528,6.657551514950587,1.4572579825916485,-1.3838853347452063,0.023246858525410894,0.03129739961555679,0.12414182040791102,-0.40197097392688824,0.0010086399164689597,0.016560845955487357,0.03230603953202575,0.4429732941215779,0.00033139684893199525,0.07517112660955676,0.005650698275750012,-0.1361696009213726,12.084892956901264,0.6279693644548674,-0.6486924952947726,0.008579569883981581,0.011610869517789849,0.03480372352026233,-0.1175890114811056,-0.005560164002434505,8.603949465119652e-05,0.0060507055153553434,0.11504877594701989,0.0007715029966363093,0.1436487274439616,0.02063495689626956,0.11572849156156055,8.052978815457822,1.0354615768157678,-1.0848253212487862,0.008220480998426243,0.011105013414043852,0.06654777562646508,-0.24024226801817986,-0.005541736450115708,-5.914979106527257e-06,0.005563276963928145,0.2398055256953014,0.00042040825944884066,0.08006188709175058,0.006409905764692218,0.0733712286535988,10.370322461598395,0.6376407447010641,-0.5605661844065197,0.0069694694075581485,0.00939899059800547,0.03568206579255256,-0.12306671028953389,-0.004615442295847849,-3.054679626480854e-05,0.00478354830215762,0.12860757501863523,7.284178761958728e-05,0.8880282317570868,0.7885941403976183,-0.0009872260920464988,1.2646326133879588,2.656023,-2.667754,0.6875352810998046,0.92734025,0.6403993245164368,-1.7377975,-0.4617265,-0.0009480000000000001,0.46561375,1.7350315,0.00011600278260248047,1.2557387710642196,1.5768798611538768,-0.0009952459069166163,1.267075088205508,3.7545358654594954,-3.760600693650789,0.9713002945390236,1.3102770684492182,0.9051316917459382,-2.4555669192244953,-0.6541275358687573,-0.0019068779860736242,0.6561495325804609,2.452255633610264,-1.7462940214023958e-06,0.013094086510688288,0.000171455101549389,-0.15586504755109337,8.196994751825208,0.21806038802402947,-0.27054966780081136,0.011069271868502067,0.014896925743689844,0.010131051658241531,-0.021116262883494406,-0.00723986564482321,-0.00013066254674069713,0.007657060098866634,0.020929994983084683,0.0002022074973900035,1.77506400094512,3.1508522074512966,-0.00097848209354487,1.2751704189329383,5.272137877427795,-5.29559863301947,1.3537303047690779,1.82471936213219,1.2772050975157248,-3.4527338226000266,-0.9112524437327844,-0.0050014605188212075,0.9134669183994055,3.462438432605025,-3.2455106186901964e-05,0.04855852716357519,0.0023579305602956695,-0.011173469679128025,-0.012839160928218796,0.18768876186041503,-0.25983458484421307,0.03836667508664916,0.051690351283114014,0.036615762596187235,-0.087187412447831,-0.025060940482336827,-0.000892972954984611,0.02662941080077719,0.08783327376740302,-2.2210146431849842e-06,0.005539537814583956,3.068647919920559e-05,0.05828033468781387,43.08646087006121,0.1406861009650392,-0.12079116179820149,0.0053042782519795405,0.007164470509212897,0.004204707945069164,-0.008488214436589491,-0.0035734360546236374,3.141322723689227e-05,0.0035910344545892594,0.008543566026165806,1.821449894308658e-05,0.017669334298006222,0.00031220537453469907,0.1869723687388204,2.4009022955452126,0.24454757557232823,-0.09112845722539223,0.014955401253663361,0.02020814410176047,0.013827336067565438,-0.029973335841928725,-0.010279735267911557,0.0002935281104031462,0.009928408833848911,0.030224197637451735
-5.865040650406505,7.757215196188227,60.17438759997356,1.0550490975755185,0.16977270127315203,14.6,-20.9,5.930408874022409,6.6000000000000005,9.08577235772358,-14.6,-10.8,-9.3,-4.2,9.5,-8.24967575831685,11.01715544478115,121.37771409447092,1.0771498263253065,0.18369868133629552,20.61112017616594,-28.238130999557217,8.707009394668276,9.321275034008188,12.87757935330122,-20.771841925733366,-15.208120061903994,-13.408753965007627,-5.886845027895806,13.513653740514401,-0.03827668083957614,0.7309469412478984,0.5342834309196586,-3.7286128843377218,39.03686128802234,3.1465936715837515,-8.168830482641948,0.2885051665826912,0.3769638975490833,0.36347996281741274,-0.7307828569046799,-0.19416087446701083,0.008143301695992755,0.18280302308207247,0.6243438779884768,-11.564278720020505,15.721658777528788,247.170554717048,1.0899225976555595,0.19777357964797648,29.112870228273195,-40.557551226333985,12.42714943873412,13.252704043577,18.275021066363184,-28.94444418471321,-21.49863299525718,-18.951453055295836,-8.24592895168018,19.23772591200332,0.09646004178633434,1.2125412617388767,1.4702563114193068,6.1654780295830065,53.42713102898861,12.635399678487374,-2.510541897845801,0.3194419077613557,0.4421778565237298,0.4808842728918473,-0.9874029481562192,-0.24534545936716207,0.0008502519214741433,0.19683239715656775,0.8959766854127227,-0.054128670893160445,0.6716720761729348,0.4511433779104607,-1.3019362060067836,10.44615219672093,2.8697064450255003,-3.874192794481005,0.308738894436126,0.39576388785431793,0.381307666842138,-1.1412169914932688,-0.2057994208454538,0.026502856606696608,0.18996446700886413,0.6266742613536481,0.05298891320587181,0.7745509346648035,0.5999291503901207,3.3751820038032236,25.625037619424127,6.6761228244867326,-2.3436665448651826,0.31108199472972886,0.41617421339563143,0.39286031108213076,-0.7119586754273457,-0.2032202062852695,-0.00016895664971283003,0.21295400711036194,0.895027267191417,-148.47997967479674,13.261411545474662,175.86503617844863,-0.4344429298209569,-0.21868525407451989,-112.5,-192.5,13.86233074302737,19.125,148.47997967479674,-172.085,-157.525,-147.1,-138.4,-129.5,-209.88916910395233,17.92680113570689,321.3701989591818,-0.2845235547540735,-0.678554430144648,-162.43522966173848,-256.643891914913,20.150411514959007,28.688626097045642,209.88916910395233,-239.97379855592382,-223.64383954060236,-207.267328164024,-194.95521344355672,-184.96070048028002,0.408630431116155,5.452588561750577,29.730722023733232,0.47480689562822154,1.6010669099858514,22.952913359518668,-18.575412222898976,4.718516798250122,6.443790773662153,4.055088877547907,-7.62229140647457,-3.090452071777875,0.2482974813210923,3.3533387018842777,9.517837095062752,-296.51325957536693,24.25755822327943,588.4291309557914,-0.3030981865273038,-0.9165404289853938,-235.3051828670748,-352.2624693228453,31.00841402710288,42.881463281350534,296.51325957536693,-337.00925895035596,-316.21247390364044,-293.9841748331449,-273.3310106222899,-264.5336543506103,-0.19844414693580162,7.302847028650464,53.33157472386891,0.08629283240750123,-0.33647200815945144,22.45855091996461,-17.015135953700824,7.287741992883251,9.904646828624632,5.978327563309317,-12.156836085956241,-5.124318844827617,-0.5200360771040469,4.780327983797014,10.785342844432588,0.5624954131419432,4.342300562318105,18.855574173508128,1.2051809638572273,4.61400714013038,20.920133802525026,-12.406701077340319,2.9821740781842467,4.345286646521699,2.975540629177435,-5.1110182107070825,-1.8406475176288528,0.008887854105717082,2.5046391288928462,7.24295419853339,-0.2858277618193718,6.305588789670855,39.760449984422756,0.01423702837504791,1.1288365830934186,20.828406993529647,-20.794162418149856,5.470106883253868,7.558509185216092,4.778778519930565,-10.149480526405792,-3.9506734498870477,-0.42655734458425265,3.6078357353290444,9.340106952029569,-1.3089430894308942,8.4148702885054,70.81004197237094,-1.6890771139247196,3.2265480543995455,14.4,-36.5,6.449319650499368,8.8,5.850203252032521,-19.47,-4.3,0.6499999999999999,4.5,7.5,-1.875166602734132,10.939657684144008,119.67611024625101,-1.4158469735189447,2.1240501247570593,13.218967608646919,-44.39404793715352,8.91732857056885,13.968918063501597,7.923273895974269,-22.90195732298037,-7.779964169322254,0.8316382977492869,6.1889538941793445,10.031426524043415,-0.02334982834312602,4.6171199321920335,21.31779646824497,0.4647560063840437,6.6504509870999655,23.677006803006297,-18.44288622989147,1.6578476309241896,2.2191967191042323,2.6081178494769492,-6.595189342152177,-1.1473610391566655,-0.014580894606600614,1.071835679947567,7.16901487863706,-2.7147593960424112,12.797455115707152,163.77485743853913,-0.4913770921849868,-0.8822698588733684,17.65482800250441,-37.64898634095769,14.403116241022373,22.722690355157315,10.588670478634127,-23.66486328915121,-14.296671654267147,0.7458700455451132,8.426018700890168,13.583929394248571,0.3967160565515565,8.544610449691923,73.0103677369844,0.3048133502006966,6.770312693572324,36.77684777433672,-35.29754931143769,3.0031039042726135,4.035943920091248,4.504048600619856,-10.187815044773334,-1.792801024408526,-0.02680279428550858,2.2431428956827224,15.125550751464457,-0.030844183985295568,2.886898306588606,8.33418183258416,0.4811798444043631,5.318712071102446,14.967591963653343,-10.229632911135157,1.4090639541086425,1.97604049922458,1.7828350298311972,-4.647204024877004,-1.1140045851945466,0.04573100974362468,0.8620359140300333,4.5022096506530165,0.01573806047423774,5.805906702931525,33.70855264314521,0.2979309661043204,4.863246883338445,25.62933402881184,-21.94080745175576,2.2630042180696583,3.092126604313022,3.3337207114588594,-11.060583215237887,-1.3928272331664253,0.08417560938377439,1.699299371146597,9.421106838963741,-0.9214430894308943,4.276402630974818,18.287619462208344,0.08473553115122064,-1.3746947524674438,7.3,-7.1,6.226929317723527,8.3,3.8712398373983743,-6.8,-5.2,-1.1,3.1,5.7,-1.3003234857773465,6.07111297335026,36.85841273518184,0.09578384242752801,-1.3719916933688985,10.336691477651438,-9.987570095519933,8.800513988974824,11.859443099551015,5.499106915826024,-9.601748246743957,-7.492355928657663,-1.6614681020067388,4.367087170893353,8.19524586398991,-0.009865180752107917,0.16944412181198423,0.028711310416634547,-16.588287522054685,331.905001029559,0.4797126490509958,-3.42793036924975,0.05868034101796085,0.07989896722944952,0.056670721968910855,-0.10583108239300405,-0.041580075406625436,-0.0007466152582626395,0.03831889182282408,0.09270591594501731,-1.8523911144667289,8.654608820022084,74.90225382760403,0.11264337554719693,-1.3604077575190345,14.611744406650926,-14.024482518600744,12.48169278401021,16.862727445550085,7.8360994231324135,-13.671080026383624,-10.662106669799195,-2.322136763573499,6.20062077575089,11.816467373449768,0.022570397833785564,0.3439017068939402,0.11826838400456555,12.968559940008955,190.1750059244449,5.123946678003678,-0.8607401348457524,0.0809636833364203,0.10952993847605037,0.09482952143141528,-0.12340778364111574,-0.05509588637881235,0.0037254343481093466,0.05443405209723802,0.15104450098783748,-0.01362771684080189,0.13930503160429025,0.019405891830272304,-7.256043332164854,67.90829434362756,0.2246257851909405,-1.3923616796833533,0.0667986753287613,0.08958350922428539,0.06284036431743396,-0.11044974432389112,-0.04428906654584786,-0.004172066624737944,0.045294442678437526,0.10062777013607885,0.010362080063448154,0.19271373837777994,0.037138584959539415,12.96307825721919,190.03858526575,2.8690236554504946,-0.39845516464751973,0.06035315304797102,0.08060230028545197,0.05954745584685426,-0.08576032561115919,-0.04200259303225351,0.0010626174033467179,0.03859970725319846,0.09455749408269654,-0.20914634146341465,3.4920696572060668,12.194550490779298,-2.464102169467386,5.91775913960357,3.7,-15.8,0.8895613311033613,1.4000000000000001,2.2404471544715445,-8.4,0.2,1.1,1.6,2.1,-0.2849138461905392,3.791605676778342,14.376273608177748,-1.5395604078040082,1.5642320764898976,4.744804920932405,-13.887983010502174,1.455120718023854,4.144905145150762,2.8923524562096166,-8.431768766866377,-1.9154128841850397,1.445876859188337,2.229492260965723,2.902183121363968,-0.1558401318262474,3.140330600889147,9.86167628288079,0.4293842531097716,3.889976659960057,12.57481951631188,-9.838725504736217,0.43393312462836486,0.5950137924090686,1.6690257715997976,-6.421319700425247,-0.37453811840549595,-0.04087046711524035,0.2204756740035727,5.513883290686,-0.36659893111707154,4.7266257043926005,22.340990549424845,-1.0633040555848392,-0.3277120864648766,4.927464343202672,-13.524857863305423,1.461152542817796,6.989663941596719,3.9668794197208235,-9.763167182884054,-4.076438984721003,2.262319107085566,2.9132249568757165,3.7177569863377973,-0.10977232755333238,2.469539091677699,6.098623325324315,0.09164535719233222,2.589345993225895,9.765190901682123,-7.647961907201351,0.9733634608053638,1.3064042041148394,1.537153022512571,-5.056707918092549,-0.688956686280459,-0.0005087421626755184,0.6174475178343803,4.123768751245439,-0.21753701483551344,3.232805772762286,10.451033164405162,-0.4068336961165765,5.030068549456397,12.523708883613782,-11.466609979354983,0.2753253343730126,0.3653869046906256,1.5832453582361354,-6.843575621587613,-0.20069094766273937,-0.026045932781121543,0.16469595702788628,5.05083186995032,0.08542027744881305,2.998452903181254,8.990719812596092,-0.34294238898430346,4.124606651490315,10.063985724351463,-13.253813044136347,0.5980527615804504,0.7793756815519897,1.653207935388776,-4.603665567483855,-0.3920644023107086,-0.01707437667513432,0.387311279241281,5.864066508434025,3.0945121951219514,3.3033597035672777,10.912185331152093,-1.7526483869308045,2.3924601517559037,6.5,-7.8,1.334341996655041,3.225,4.154878048780488,-5.484999999999999,1.975,4.6,5.2,5.884999999999991,4.391040984178848,4.644590613990838,21.572221971571786,-1.7110674184592187,2.230604627918387,10.011835458191232,-10.937244383701831,1.9282195842021566,4.44542984805845,5.874377568989875,-7.457533526878609,2.8533154319554868,6.4725684756534285,7.298745280013937,8.362570517577282,-0.04262907188590483,0.42296360448313264,0.17889821071736386,-8.5760486956059,84.83315048278176,0.7267684785926165,-4.691548639204811,0.1072089120362314,0.14887964426463476,0.1426399881621206,-0.2422267605570428,-0.07910918273129361,0.0009565407824958239,0.06977046153334115,0.2108811048342999,6.261493308664747,6.483978667086657,42.04197935523485,-1.7790175464097873,2.5876520398931078,13.840200753983924,-15.661854732524873,2.641401778214058,5.6294596377817765,8.27595846376723,-9.843851799014573,4.729782801377896,9.076994905996994,10.359242439159672,11.870670762092924,0.09005071326293015,0.8873538730551261,0.7873968960259329,6.022325586945668,41.18680654851948,6.9673297243760315,-1.3915470517009318,0.17584253145252887,0.23885879237387972,0.3049470479659448,-0.44487880553286097,-0.12020195019719293,0.003390327206504923,0.11865684217668679,0.4786983783239113,-0.05967280488963338,0.33192167285448887,0.11017199691052235,-4.2484002935293645,19.14438268053088,0.332619115015034,-1.9277781751052006,0.10223355985806545,0.1392497165533968,0.1445409250367604,-0.2919921102344828,-0.07726811138228512,0.0011244999166040042,0.06198160517111168,0.18156980265927067,0.05684195684671475,0.4893735892781875,0.23948650988301617,6.10287050421654,41.960918844007885,3.912116512191814,-0.7389263354581855,0.12944821698058012,0.17158819188720892,0.18145800893450081,-0.28399233096370113,-0.07532528047197216,0.00110530644571566,0.09626291141523677,0.29221466031508153,0.0012758408522777402,0.3276575703131049,0.10735948338348729,-0.4012891587290243,6.337364166177318,1.485025,-2.261983,0.05912469387178489,0.079757,0.16735923919948242,-0.56775325,-0.037361,0.003468,0.042396,0.561511,0.0018040344216281815,0.4487963128010183,0.20141813038378945,-0.2775119267009049,6.271732627908644,2.0716999348026968,-2.7810931169929813,0.08327232484955137,0.11211048014391899,0.2297107350792398,-0.7629875703895039,-0.052828780859150916,0.004737249048471396,0.05928169928476807,0.7723823625139451,0.0003127224297539931,0.11524720031784325,0.013281917181101088,-0.13047933133367043,11.390729305610902,0.8986183556354205,-1.092944794476033,0.007645368469497005,0.01031354547087137,0.049291656907101,-0.1695241483748412,-0.005145910943310303,1.0120791566028617e-05,0.005167634527561067,0.1756904458582148,0.0025505746905612674,0.6286004495695509,0.3951385251990414,-0.2618692664531124,6.334231648867046,2.879138052112802,-3.542003235715593,0.11690212866588068,0.157811405169354,0.32114241613214056,-1.0387220194128994,-0.07492160327007721,0.006668634642141791,0.08288980189927676,1.0670017749750054,0.001686045639645095,0.08731721102811278,0.0076242953417279815,0.08092341143689685,11.17572484504423,0.6546194785346408,-0.7536494567486474,0.007089130871921916,0.009560413748855268,0.03850106108420725,-0.1248347686682521,-0.004658397348097976,9.838445175122125e-05,0.004902016400757292,0.1368678772193686,0.00044185724744725353,0.07523175376256065,0.005659816774190558,-0.010119502385196563,10.085253918770814,0.5725953413403958,-0.6177868079798344,0.00768577351595697,0.010373213747337531,0.03403218989473825,-0.1169049362517069,-0.0051909529981004,-1.7829886548730737e-05,0.005182260749237131,0.1183780022804864,0.0022959825762271452,0.1445477939904262,0.020894064747498692,0.34012096660730984,11.286108321604042,1.2786370152982578,-1.1285118773643663,0.007477900831770429,0.010093131614859054,0.06103505979787956,-0.21465082838726524,-0.004941554086761442,6.855048145467662e-05,0.005151577528097612,0.21734537216545297,0.004908772711231362,0.5422264978426047,0.2940095749626562,0.6192315037901983,5.728122160189054,3.171363,-2.892701,0.07772542130515618,0.104729,0.27667242830044414,-0.950063,-0.049998,0.000504,0.054731,1.005117,0.006942640769591556,0.7434737186378729,0.5527531703052271,0.6506625394002783,5.3685253991601165,4.17949315024685,-3.4811994431156883,0.11001939094273656,0.1481896860176636,0.3828316098088443,-1.2889346487933717,-0.0715425781595468,-0.000560956180536444,0.0766471078581168,1.424377669331806,0.0003213714658479251,0.18765491919631958,0.03521436869857723,0.0008158986191311087,13.189629827748696,1.6384069919233317,-1.6740970264699802,0.008728697384518268,0.011779884683918052,0.07807913894192225,-0.26060610396981637,-0.005833371309271852,-3.364801467242067e-05,0.005946513374646201,0.26397589009242917,0.009820233625611446,1.0199679104188144,1.0403345382841225,0.7082272320770279,5.066466929073075,5.773489383495587,-4.376570378213612,0.1540551197062552,0.20722416480560918,0.5314944988416174,-1.7482102890599656,-0.09944184957370712,-0.00044332084907190857,0.10778231523190207,2.009179374890757,-0.00021936953313126227,0.2549083830818058,0.06497828376538066,0.09528474819631699,8.056023518453303,1.7409787552841005,-1.6002688413066326,0.02430012492921442,0.03275345792823921,0.11925522933156196,-0.4311936584639481,-0.016393023128162522,-4.745629505752309e-05,0.016360434800076686,0.42316699276783953,0.0004549063131593418,0.189018675771161,0.03572805979028328,0.01440531440631502,12.0130191674602,1.4820547224019391,-1.4971537018385492,0.0073269646116355305,0.009909189979316273,0.08019545398981098,-0.2850317912894406,-0.004881609250866809,-3.6072634666545605e-05,0.005027580728449464,0.27861543779390846,0.003381350899359741,0.18621720218042365,0.034676846387904775,0.2210532603977704,13.396060830334562,1.794379181022139,-1.8473827079913112,0.009674758059124412,0.013054020293952709,0.07777370963214246,-0.269796478895357,-0.006196979674757895,0.0002164493460471469,0.006857040619194813,0.27736364582715883,0.005654067802840926,0.1821485008730991,0.03317807637031739,0.05517088214650584,7.5346021410728685,1.266894,-1.253631,0.022596340412243877,0.030482000000000002,0.09113120608475721,-0.294894,-0.009789,0.005875,0.020693,0.3124055,0.00799491926203929,0.2314906830661437,0.0535879363464298,-0.23861382995557845,8.047471559790754,1.4492852338311233,-1.5124638211541532,0.030768329848113715,0.041596332996507425,0.11619105476826573,-0.36773583165872625,-0.012580964335740815,0.008598016141290434,0.029015368660766608,0.3975133168623129,-0.0002187886236155308,0.11297050029807201,0.01276233393759669,0.08927621828522897,10.405481040138069,0.9544080823063112,-0.8656651571690721,0.007709921340933607,0.010403641404068386,0.05008840790004531,-0.17965026909143916,-0.0052695496988353525,-7.836080418835716e-05,0.005134091705233034,0.17779860609347756,0.011303144601809222,0.3214357148422394,0.10332091877614141,-0.30902657442300047,8.236120117923845,1.8880271094751693,-2.0295832839327033,0.04273931342974982,0.05772894174662244,0.16148828908577698,-0.5002819511929464,-0.01707369184661374,0.012258105949964746,0.040655249900008704,0.5376483406104663,-0.0010991597377220097,0.061926713572394876,0.0038349178538774355,0.02028106837483828,10.32988420261285,0.4883353027572682,-0.40953024889170664,0.007012590606290546,0.009442758953486867,0.028461516979339938,-0.09848223081834623,-0.004841802625778352,-8.125297254533227e-05,0.004600956327708515,0.09198334244548384,-0.00030908799491860545,0.13750022810588144,0.018906312729169428,0.04711686964555134,9.426391375276022,0.9742939083762739,-1.048691308884712,0.008444920966769572,0.011409337413184242,0.061712284133699634,-0.2268828465806882,-0.00571561819365554,-8.973063013678403e-05,0.005693719219528702,0.2224051631847151,-0.0010779560965821667,0.08131846195970846,0.0066126922554925515,-0.27793884779808953,11.714233482679987,0.6495193797686284,-0.6778835807338072,0.006738985968913678,0.009104942290631364,0.03497313976627679,-0.12047645014648688,-0.004663804270584865,-1.969648403983581e-05,0.0044411380200465,0.11726973986277509,0.00016802401258712453,0.9366076399587437,0.8772338712290878,-0.0010520355334717939,1.9293794587471442,3.162906,-3.168264,0.6916443131483928,0.933077,0.6543162486692351,-1.76436125,-0.4658565,0.0002895,0.46722050000000004,1.762121,0.0002098524567024379,1.3244159144986176,1.7540775145772096,-0.000980401428653632,1.9336949053046917,4.4544734312213645,-4.474927699704681,0.9744173686046057,1.3141898260802047,0.9247611038123572,-2.4989663430596702,-0.6558065135647246,0.0015443195541523192,0.6583833125154801,2.4924288772750636,3.5730362690864525e-06,0.01574460618862867,0.00024789262403500416,0.14563936261015092,18.389627215216763,0.3926762130417421,-0.3014772687537243,0.01567677776631995,0.02106199764546309,0.01246887277595149,-0.02243885543843906,-0.0103841498166657,-0.00016528311102259868,0.01067784782879739,0.02245591046851014,0.00021577233941103615,1.8721181774842421,3.5048264704669205,-0.0008087805985552808,1.9482803088053249,6.29035743730915,-6.257126955600705,1.3525794162425158,1.8238892562679268,1.30529654368615,-3.5135979884366924,-0.909414168707588,-0.0019687408878599436,0.9144750875603389,3.515273622950053,4.704143300139729e-05,0.05254143842112173,0.0027606027513605268,0.0726241774984649,0.7966020209478821,0.5458316739317286,-0.2052374129910493,0.03744772158083969,0.05054459381639215,0.03932053734334945,-0.09674694304247003,-0.02513670543344036,-0.0002575996717778667,0.025407888382951785,0.09716696254684822,5.497980321712356e-06,0.007454032891176271,5.556260634273768e-05,1.3634434783642957,116.45914508312792,0.25952849514904813,-0.17335104650980324,0.006388238093492205,0.008626108918063188,0.005362810656351783,-0.011151589011186954,-0.0043360964164182066,3.0362581265187816e-05,0.004290012501644981,0.011201958265922695,9.614101649688e-06,0.020990719471914682,0.0004406103039486182,0.13413363756497662,2.537148187724033,0.2437047079445612,-0.18555300340529998,0.02248423465749765,0.030321482084500685,0.016890033456436547,-0.034054438542929256,-0.015217396143512259,-2.0514057658287935e-05,0.015104085940988426,0.03403935352658167
-5.585654008438819,7.9058866130038705,62.50304313767381,0.9706617771644596,0.043309987365149905,14.7,-21.3,5.633888430321289,7.0,8.977637130801687,-14.9,-11.0,-8.6,-4.0,9.664999999999997,-7.857703886167259,11.220569757020275,125.90118567215802,0.9957871190903156,0.06493562322599278,20.79199050902561,-31.00846979621179,8.238712986114603,9.88405293563726,12.729833785030314,-20.61499015223353,-15.482562457454812,-12.341416879147653,-5.59850952181755,13.857875660077562,-0.0019414896264938308,0.8530863712113143,0.7277563567464883,-1.374675828903348,31.12985498109947,5.606631982961441,-8.59820181890101,0.28077195126302157,0.3831821933546151,0.4103253281978863,-0.9711425643356606,-0.18079856932853544,0.0043340632824279135,0.20238362402607968,0.8662446515951572,-11.022929309636407,16.00720084322563,256.2304788353633,1.0116118406570536,0.07293831003640916,29.252960013201964,-40.55922977620422,12.055253466542737,13.76000310083668,18.079401098177147,-29.28967747002757,-21.716444108725153,-17.663529631984503,-7.956441007888472,20.25796538726953,0.03752691335162936,1.3112603557653664,1.719403720601915,4.744980714168492,43.53643877501576,12.735335588303995,-5.404501194103387,0.37370614948966707,0.5140216267823094,0.5831561154042455,-1.597410721753424,-0.2693538360074858,0.045373784793303784,0.2446677907748236,1.2014344325143795,-0.002625375459362079,0.7678870308173181,0.5896504920974368,-0.7307430681959054,9.929084458652289,3.6417717424470437,-4.038087139437102,0.2854903005407561,0.37961709626649565,0.4089015961708436,-0.9455105637350012,-0.17454591354972648,0.02002774695929072,0.2050711827167692,0.8431671964318905,0.038478374309784465,0.918563891757224,0.8437596232401771,1.929845761021926,17.925470576223642,7.152908852440095,-3.5017098622921217,0.30474022243016347,0.3981881387300432,0.4676416128289377,-0.9865677509866448,-0.18556515417387637,0.005278554764851473,0.21262298455616685,1.1318397193225587,-148.43818565400846,13.12617274966851,172.29641105414018,-0.37043941967430216,-0.2871141402341313,-110.9,-193.7,14.381241519504322,19.400000000000006,148.43818565400846,-171.6,-157.4,-148.0,-138.0,-130.0,-209.8237750943807,17.887660276659926,319.9683901731974,-0.27855782456805445,-0.5653594453526565,-157.76736464558647,-261.4039528161951,20.365441457112986,27.482148890375242,209.8237750943807,-240.07200307332621,-223.17505273725948,-208.53942264854896,-195.69290384688424,-184.97592219994493,-0.06349662076324285,4.946740656595306,24.470243123612963,0.3809034117481729,1.4523166176550752,19.33252406395124,-15.155928714378202,3.991829088706104,5.484552922750428,3.6739305871536567,-7.9569708380989725,-2.9027787667988267,0.053233519939061225,2.581774155951601,7.980989409278101,-296.41465825111857,23.893409474265333,570.8950163049124,-0.20658837668708038,-0.92666588357066,-228.4919053323654,-348.4487189357638,32.74987816973841,44.419471092355025,296.41465825111857,-336.51592184590163,-317.3774855404309,-294.9602418459283,-272.95801444807586,-264.7951305425507,0.027763409621835072,8.279098677971039,68.54347491958181,0.09407862206618094,-0.028544010464526703,25.33118962922774,-21.842651638451724,8.146715090380892,11.282510488722382,6.559908323093832,-13.421798034859524,-5.6383885490527135,0.28421775740867794,5.6441219396696685,13.417036240437785,-0.08592474472495794,4.216785357938692,17.781278754926138,0.15567439377067294,2.5289852243723763,18.50246766761588,-13.831662097483445,3.3814483556883657,4.54102508970559,3.0358817882499864,-6.5493746513009095,-2.3095610767781696,-0.05070295475813019,2.231464012927421,5.887223905350376,0.11322374733788738,5.519169947962149,30.46123691448852,-0.002944126839078152,0.847906705644017,18.225310458121292,-19.778522469212167,4.989759601154196,6.561502935209353,4.175080738597475,-8.275336734463481,-3.106508211939302,-0.0972274839371186,3.4549947232700506,8.826848198104772,-1.3565400843881856,8.966855839189025,80.4045036407983,-1.8371339352655756,3.7639376099489947,13.7,-44.6,6.226929317723527,8.7,6.030590717299578,-23.06,-4.1,0.9,4.6,7.8649999999999975,-1.9425092461239641,11.908603146155345,141.81482889262097,-1.6397156628811596,2.6780615923199766,14.910783978095886,-46.187382381837615,9.000854454369609,12.306918441738766,8.230542643448917,-32.436127912478824,-6.126339269826957,0.950918720595495,6.180579171911809,10.856924431437404,-0.15595593472134103,4.2710629864974266,18.241979034628315,-0.3476830471266635,7.917584891250186,23.828629853771382,-24.02103169814118,1.6316203036208703,2.2189012961855177,2.4134969177940286,-6.936696200655522,-1.2002663670447604,-0.06956367928728568,1.0186349291407575,7.053149737729241,-2.8078786703565686,13.04540641274409,170.1826284736646,-0.5707313812157181,-0.6043818471973079,16.479479101318322,-45.45426699767965,15.024951910078107,21.593626540561928,10.700016600587313,-26.438709044675083,-13.203833434140394,0.6424144841659941,8.389793106421532,13.805843745800685,-0.018322961916352843,10.514224947194823,110.54892624021396,-0.28549408104295787,5.534562343619724,35.96134940700588,-40.22699294013066,2.7529041469627376,3.8195941565987024,5.371133656053653,-20.22207156131167,-1.757575825889538,-0.015706148175721614,2.062018330709164,21.7437603593881,-0.21636973212574356,2.951512204873797,8.711424295518984,-0.7248398607485438,5.451486330799851,10.245264343642615,-15.384623607200158,1.5496373449060274,2.092777052409028,1.831452715012948,-5.397361315264526,-1.122480325069608,-0.05787231082227011,0.9702967273394199,4.2047396230696545,-0.14218698587665687,5.218285193943745,27.230500365332514,-0.3573671611444241,4.943967996798584,19.05145840213674,-21.90089539390856,1.988603709943645,2.702527865560171,3.0374693824883776,-9.126348853958609,-1.3055956496338643,0.02741361029393513,1.3969322159263067,7.274023068801424,-0.7098101265822786,4.220094431450746,17.80919701036159,0.016297000592307338,-1.4499080609158117,6.8,-7.0,6.523449761424649,8.4,3.826898734177215,-6.6,-4.9,-1.1,3.5,5.3,-1.0038334565243194,5.987855738571162,35.8544163459396,0.02678434010953072,-1.4507218214955055,9.5940990454779,-9.819703257148038,9.190619017981488,11.920343005133322,5.434134812977786,-9.324337847798226,-6.973021682012183,-1.5081296824414119,4.94732132312114,7.601842732141224,-0.007801417221027315,0.1862088897612157,0.034673750626104574,-13.943250048178474,253.37308114233906,0.5902531316742963,-3.4817569582988614,0.06376898112093576,0.0845730498579349,0.06228661123837223,-0.09240379805941333,-0.04233892281529972,0.001390708650189032,0.04223412704263518,0.09871032467846193,-1.4419924876726795,8.528001834597218,72.7268152908935,0.04089693723992266,-1.444315174815666,13.528448000004092,-13.700217772190014,13.045500077891571,17.312266818821993,7.740372156819361,-13.23919424732019,-10.23124320752158,-2.2195427640474494,7.081023611300414,11.140463516948929,0.022210519575383943,0.36819747924845925,0.13556938372491958,12.260191310901503,175.64524619503058,5.328261021483403,-1.0762540358002461,0.08463528551553424,0.11468947457907813,0.10531631794298253,-0.1646064977714586,-0.05631795216511544,-0.00085178760322774,0.05837152241396269,0.16145374652795702,-0.01126236990105628,0.15473804174527703,0.0239438615631631,-6.59894997916982,56.965615209184804,0.43530155031475776,-1.4808565337624962,0.05991477860189189,0.08061251861468102,0.0655451623245745,-0.09414279347327748,-0.039431273750144484,0.005697934292188328,0.041181244864536545,0.10979425249603077,0.0028309698915401607,0.2108580720413571,0.04446112654499814,10.255180894375322,142.13353081504968,2.8852892082553834,-0.6262207645341769,0.05738626525892049,0.07642207010131916,0.07102973652758746,-0.12076755901238952,-0.04064275132831743,0.0005628378288164088,0.03577931877300173,0.1046575618120102,-0.1862869198312236,3.3041786818449856,10.917596761558867,-2.2902721980097107,5.218934048561225,3.7,-15.3,1.1119516638792015,1.9,2.2080168776371307,-8.0,-0.2,1.05,1.7,2.3,-0.2523729951980122,3.7370972668073983,13.965895981579328,-1.6221195271031108,2.2252696050973544,3.5258056111031717,-17.963282746556725,1.599989116858634,3.89235705229078,2.8401899417970067,-8.649842937809364,-1.7175809306570322,1.4261894205768313,2.174776121633748,3.0144581520998344,0.16636119045398184,2.779848345484655,7.7275568238937735,0.9082364567504748,4.357699676033973,12.85522296316462,-9.781108956960862,0.5693742833492,0.8003368148584076,1.527886282017875,-4.765279796755478,-0.35565425714055204,-0.005841892249617203,0.4446825577178555,5.314328957786375,-0.3189359453268241,4.619475961035167,21.339558154581784,-1.096288294163492,0.11951222360764957,4.889316974984631,-17.07450275172792,1.663223107605306,7.177820646129318,3.9041351834172198,-9.042245720018732,-4.226746250078069,2.200766145139691,2.951074396051249,3.8452876753774223,-0.018208993896072452,2.510598150538993,6.3031030734898135,0.365730697328589,2.823075713136917,9.800008099168906,-7.246436475685491,0.93135338047565,1.262910749246834,1.5278756829338613,-4.6314574298027065,-0.6747066122769358,-0.03834803521190464,0.5882041369698984,4.7889692094507055,0.231405435439204,2.1787145483236348,4.746797083077059,0.48340370308248837,6.60198083864031,11.218971444854192,-9.652509739070243,0.2830539591698327,0.49909900660021284,1.104210156831581,-3.5440055787006957,-0.16023481925791155,0.013944741785446003,0.3388641873423013,3.7610800026192237,-0.03900748629615653,3.2379538195580735,10.484344937590716,-0.5985867819040797,3.1679034508564765,11.00050946429535,-13.127642717060965,0.7093130030594739,0.9211965405772413,1.8425795848128594,-6.205856733184493,-0.401684842004099,0.014102497778099937,0.5195116985731423,5.8375732707930235,3.208016877637131,3.024244347458199,9.146053873132868,-1.6808574091957997,2.508604378288025,6.5,-7.9,1.1860817748044825,3.7,3.9970464135021095,-3.8649999999999998,1.5,4.6,5.2,5.9,4.5386082161511805,4.234548322314926,17.93139949402015,-1.6695173567388895,2.556673805868611,9.764378693923794,-11.90507377314431,1.680192249206473,5.159024388726749,5.619809199323158,-5.328027363864424,2.1560360280580375,6.458213794977644,7.315060416784786,8.307806711287627,0.01239342383329284,0.5199789443417461,0.2703781025587567,6.662569026470022,93.05303205550186,6.317019288596771,-4.0829296689777586,0.09716535855226474,0.12937977039259102,0.15476594575658323,-0.23949937175315786,-0.06553703841955316,-1.9234058790118524e-12,0.06384273197303786,0.2574344693329431,6.4310015343129585,5.91334867694539,34.967692575131785,-1.6389858108208768,2.3463641623023532,12.853042090961274,-15.384951697108688,2.3023437993718043,7.237751873496762,7.911971421644406,-6.736538377213541,3.0853441312429,9.144928106129244,10.323096004739662,11.769846651059531,0.018736136197674988,0.7075845231349537,0.5006758573801198,4.0418853011953395,37.22182429591457,6.111688618336022,-2.7745728456318943,0.21454510566089544,0.2773076274561827,0.30040679975624385,-0.7428532058698815,-0.12714428905368486,0.018771029242877546,0.15016333840249785,0.415827964932666,0.01696394065073312,0.4543774163506511,0.20645883648949293,5.6253193926842044,52.498429976353314,4.292886688729704,-1.7338290709113489,0.09481366800902047,0.13037338954682737,0.16041371028182314,-0.22783172779776734,-0.057607399737791894,-0.0015481627784167302,0.07276598980903547,0.24004117738735045,0.022343944584169426,0.5709915806222573,0.3260313851415037,2.0622194935586924,32.79697350160657,3.922286636837917,-4.258680953998224,0.13116745761496115,0.183534434519033,0.2082800759667748,-0.3609948386571605,-0.10830244010219006,-0.0009044351326807051,0.07523199441684296,0.2532222282393044,5.6727033803582974e-05,0.34356084192984526,0.11803405210754411,-0.6309267141053745,6.778275676000266,1.45412,-2.23625,0.058242545551774064,0.078627,0.17231056200344377,-0.5751525,-0.038074,0.002458,0.040553,0.582282,7.539036770577555e-05,0.47100391665561286,0.22184468950492753,-0.4536071524605439,6.369448322093344,1.9795827130080685,-2.681963634179498,0.08205584071634911,0.1104478000480248,0.2386068209287679,-0.7374117486421141,-0.053967161546289305,0.0025986208091729815,0.0564806385017355,0.7960915460389733,-0.00022050926279210565,0.1191732058778411,0.0142022529992023,0.049720988535455764,14.29657085177622,1.0229310546527082,-0.9980179131103609,0.007692937800337105,0.01036398223966387,0.04949150047210717,-0.16645331263604526,-0.005094663201906192,1.814576188288085e-05,0.005269319037757678,0.16489015922511174,9.289060545667999e-05,0.6604658373979704,0.4362151223698023,-0.429531758209704,6.354642397370483,2.7117134157716194,-3.6098303620761443,0.11536867164461027,0.1557557697910532,0.33456475168849786,-1.0327968154893812,-0.07620828039037561,0.004078361300514432,0.0795474894006776,1.1083623011660058,0.0015350258543178207,0.08598035420854432,0.007392621309826744,0.02040976678368849,14.253610483749583,0.7539518946670544,-0.7843963349140125,0.006929598866897608,0.00934632571653443,0.03716984811451387,-0.11787679894604954,-0.004532561460067709,0.0001415356490161384,0.004813764256466721,0.13008340808043659,-0.0003117645309809807,0.07802905610165041,0.006088533596114507,-0.2053266805814885,14.480449400886016,0.7412148817292421,-0.7615524262773278,0.007712532256305416,0.010398446159638341,0.034039234228156835,-0.11088993890760838,-0.00518673232066824,-6.663148466438276e-05,0.0052117138389701015,0.1120811089506478,-4.8630253943484385e-05,0.14936808394061377,0.022310824500090243,0.302277645361109,14.32245928662325,1.3263472568270318,-1.3169398638102663,0.007631572067876271,0.010310532452733858,0.06152047309127526,-0.21260258171201923,-0.005233809901910222,-2.069770557090376e-05,0.005076722550823636,0.20430689230945562,0.006445155635440897,0.5213275076644786,0.27178237024765695,0.5389747234100634,5.954555116973676,3.007269,-2.960117,0.07652303090594814,0.10333200000000001,0.26714706105186836,-0.911564,-0.048,0.003838,0.055332,0.93921875,0.009116842600845429,0.7115876270139806,0.506356950919388,0.643656347467525,5.618561958253279,3.9482495043323347,-3.5557948970766753,0.10819788551411118,0.14577762281388879,0.3671161651715597,-1.2318340356830593,-0.06856745322829441,0.004023898179159022,0.07721016958559439,1.3146243761378658,-0.00048118458303083624,0.1927652047253996,0.03715842415282522,0.07706372056444838,13.388979720473962,1.8220018759770817,-1.7087826537113133,0.008786165488386751,0.011855558830624781,0.0800202542776586,-0.2692824047080079,-0.006003010148987777,-5.463428599461278e-05,0.005852548681637005,0.26108016617641816,0.012899136234075632,0.9731032022589765,0.9469298422466746,0.6962908805363338,5.196949054275837,5.251932536442669,-4.225175834000711,0.15072424193700146,0.20371408885089828,0.5088769903604807,-1.696452627364681,-0.09588696905526703,0.004686450213442828,0.10782711979563125,1.8745448149124069,0.001931100599707996,0.2561194805237825,0.0655971883037722,0.20635091351320367,9.04124886379496,1.7524317486908212,-1.9266047744869719,0.023995517910838395,0.032392676810297436,0.118353984700781,-0.39685943275008384,-0.01629884686389178,-0.0001525725534321043,0.01609382994640566,0.4200607025324023,-0.0006803558450316352,0.19161863976147986,0.036717703104039795,0.1942141910693557,12.619149767484027,1.9232920436403311,-1.5191443379611063,0.007794516244427462,0.01051801698815726,0.08161163767801392,-0.28989713120289556,-0.005343531901079035,-7.066495154830518e-05,0.005174485087078226,0.27876556724230084,0.0002675366835644883,0.19387008728063215,0.03758561074219993,0.10190703281555623,16.322733483416297,1.9260715947871159,-1.5680615513113556,0.009466432198514795,0.012772509426562825,0.07854144476033896,-0.2563811163759352,-0.006362267286499505,2.1998714504349192e-05,0.0064102421400633195,0.2567479908958571,0.005588820288191402,0.20160688327962034,0.040645335385722466,0.3536850193538415,8.699556129433628,1.674472,-1.258893,0.021699366070047993,0.029333,0.09812100824698666,-0.318784,-0.009003,0.005875,0.02033,0.324305,0.00790585510873122,0.26238536818743025,0.06884608143885333,-0.11391859499899314,7.869773781918802,1.7116211207226957,-1.5853504061493675,0.029014206696212703,0.03915198785368622,0.1283435751092166,-0.40633938983787754,-0.011031698053307733,0.00859960536414593,0.028120289800378485,0.424059129963974,0.00013272879128314153,0.11152246170656807,0.01243725946509294,0.08276713207363864,16.37567391655357,1.4217099233537958,-1.116171876939904,0.007841399292407281,0.010575203612085329,0.04761687929659544,-0.15841014499699635,-0.005383606114709107,-7.716669009020762e-05,0.005191597497376221,0.16170744838317355,0.0111864857343014,0.3654457246872715,0.13355057769220505,-0.2090815671419585,7.8724685468963695,2.236330960527442,-2.1541658966539843,0.04031051345571891,0.05426266505216249,0.17882879776188673,-0.5526090745893588,-0.014750879053822746,0.012577532081054062,0.039511785998339745,0.5822081118577133,-0.0007748136049237623,0.06415798050465424,0.004116246462435594,0.26578391991805156,14.958279240371226,0.6535450425640096,-0.6135004862544747,0.006999745689656443,0.009473093261270691,0.02852521115197893,-0.09507044400527684,-0.004894528027478252,-4.983234711309595e-05,0.004578565233792439,0.08675622891011778,0.00018743879590130125,0.13040314991592653,0.017004981507995606,0.1332042552051059,14.039289763090306,1.346959479414166,-1.2429338027893055,0.00878120654215318,0.011835116483746303,0.05645914114023853,-0.18724334639948712,-0.006019832532359608,-8.382945743904132e-05,0.005815283951386696,0.19431930959009525,1.20261497315245e-05,0.08868505670506945,0.007865039282781384,-0.42023365117406775,16.71152054742871,0.8383270717658431,-0.7596555479152385,0.00675802348467567,0.009119065000561904,0.03639413603385977,-0.11470364883735895,-0.004414155297483659,0.0001382089135616515,0.004704909703078244,0.11718078250439405,0.00023093082197988134,0.8808549541028737,0.7759054501675757,-0.001573256831879005,1.567340781635977,2.947503,-2.930183,0.6978208339906872,0.9412499999999999,0.63243094979307,-1.6374819999999999,-0.46935725,0.00036550000000000005,0.47189274999999997,1.63777825,0.00033915465065476107,1.2455674455870596,1.5514382615062725,-0.0015921148470181218,1.5710854761304347,4.129224216968627,-4.133705825796355,0.9842802333934773,1.3276885020918452,0.8937685058977104,-2.3141608361000876,-0.6616477464833604,0.001711315441391503,0.6660407556084846,2.3181364848160966,9.237075455544988e-06,0.015440921676627683,0.00023842206222375064,0.1410599836809341,12.128943327691301,0.3341108560598783,-0.3077141400233093,0.014509756209353693,0.019533753192554792,0.012184186525383695,-0.022564548706503672,-0.009732193637656934,-0.00021549261456254784,0.009801559554897858,0.022646279567107415,0.0005129539647963426,1.7606006547597137,3.0997146655403327,-0.0015804568863158363,1.584130479663565,5.703217167962969,-5.83847814490659,1.367567041872163,1.8444845969156916,1.2613630329404633,-3.273543868304629,-0.9204024142437681,0.0022156097521264986,0.9240821826719234,3.2801390903725984,-9.048355558576482e-06,0.05121919908558575,0.0026234063549688677,-0.004975850883874969,0.5250578290241417,0.3625443307211533,-0.4304561465992851,0.03567954048406006,0.048281100023388604,0.038167559796818615,-0.09377593485284307,-0.023758035165135152,-0.0001262639141085299,0.024523064858253455,0.09449143025608925,1.4271065289492108e-05,0.00708333608035017,5.017365002719051e-05,-1.543648161994091,96.66159085291632,0.1306787669065333,-0.24219911414806122,0.006225802238690854,0.00839838458279633,0.005259475083136229,-0.010848994798682433,-0.0042135576171872325,4.8757423825357616e-05,0.004184826965609098,0.010818334358472684,-2.2283490560018693e-05,0.02065600822558886,0.00042667067581559465,-0.23347629124543245,3.300927206341594,0.0948940167176216,-0.31488573729896707,0.020764907174368505,0.02806450315683187,0.016451155155190206,-0.03407784290766536,-0.014142593649585523,0.00018843939546497152,0.013921909507246349,0.03426184642892234
-5.6853360488798375,7.706908903466937,59.39644484633794,0.9710970118824325,0.13060678996731134,13.8,-21.2,5.633888430321286,6.5,8.883095723014257,-15.1,-10.4,-8.7,-3.9,9.5,-7.998159767855701,10.943679333592094,119.76411735649071,0.9895105164670759,0.13596727839120382,19.533433894495083,-28.71138155368677,8.169541357512582,9.200011372174592,12.588559813771628,-21.445271469513308,-14.718698872882017,-12.414842718326273,-5.518687500707426,13.512636149705353,-0.03333611405324823,0.647675275504172,0.4194832624994052,-4.278937205725135,56.8305658540588,4.356511071045132,-8.013604585218477,0.27144506108446637,0.3617870624476591,0.3192900847106938,-0.6648287760788035,-0.1734935819557971,0.002591408262696382,0.18829348049186206,0.5475503913239207,-11.19387292198522,15.610486603947265,243.68729201201705,1.0005417391421052,0.11927229696240227,27.642080871922428,-39.88525263407835,11.729505632969447,12.993031847943923,17.85355239551726,-30.087930467315942,-20.816058002772674,-17.502906093026958,-7.823026154828751,19.112341422871374,0.06175086961116975,1.14071815780232,1.3012379155399185,5.6915549675887105,62.26151243127005,12.326720753005096,-6.155477743124664,0.33382337101027454,0.44731362179498724,0.42060270243856174,-0.6456723119641715,-0.2201202245421616,-0.0064485936348728234,0.22719339725282567,0.5956068363509931,-0.046855251732308305,0.622698394628531,0.3877532906729498,-1.5109551476885072,8.989793472683814,2.3732561338835407,-3.354483636872032,0.32575571425799155,0.43346261325859475,0.36158681744324395,-0.958357679929663,-0.2111565724426309,0.015358670478303818,0.22230604081596386,0.5990630712594079,0.006890857680545995,0.6645000612956289,0.4415603314618945,3.9731018379976364,49.030720316495575,6.75339562652127,-3.941117799192298,0.2633865496342084,0.3538497870138074,0.30653032227548466,-0.5737678509357603,-0.2029279730933635,-0.027469509839247907,0.1509218139204439,0.5299290344178526,-149.10081466395113,13.678825391900679,187.11026410210675,-0.2999113609335681,-0.6184990527500358,-111.4,-190.3,15.493193183383566,21.174999999999983,149.10081466395113,-172.395,-159.7,-147.55,-138.525,-129.8,-210.77080290436692,18.427301934577056,339.56545658806726,-0.10983546207160053,-1.0024959100508675,-159.60264340254724,-249.60744319438714,23.77386397851931,33.12070781389292,210.77080290436692,-239.89658344757927,-228.4277385142672,-208.96030099679388,-195.30703070037427,-183.88579350058194,0.06071209591330803,5.831585046195732,34.00738415101368,-0.13040209016338913,2.1562047508925293,19.713833105064115,-22.97947146321104,4.730543199684437,6.321799327270207,4.2142568591169205,-8.814651096156656,-3.2885393814992656,0.031219121154074436,3.0332599457709413,10.205980048718141,-297.8229572643349,25.207913969094538,635.4389266732715,-0.19676738713547717,-1.0968276478950394,-230.7049218536972,-347.151985607634,35.40327435869824,50.721147556287804,297.8229572643349,-337.7046862103284,-322.7589712071882,-294.09957837251466,-272.0378236509004,-265.31532200862455,-0.2967749517283494,6.473366231753024,41.90447037040035,-0.08259855520686625,-0.4148653249796994,15.702296323999967,-15.077186475356184,6.220395689021203,8.234789121456814,5.1890647157925125,-12.15182487732526,-4.164949819566217,-0.46929698067946113,4.069839301890598,9.62225564185866,0.07805869796307763,6.031789159450438,36.38248046406382,-0.3447417536184902,5.477317016002242,22.821063432989103,-28.47339332441965,2.5006104937103166,3.44800265912815,3.589939107107169,-9.198463122072768,-1.4829444803737861,-0.1414062127546933,1.9650581787543637,10.334264393143807,0.19989694181835452,5.549855715264329,30.80089846025213,0.0682601820994208,0.6272992757795683,20.032143115191193,-15.058555124504753,5.708870293379751,7.52055139889023,4.325639726363349,-9.844820121789844,-3.8625504385331353,0.690873692756433,3.6580009603570947,8.98714912504263,-1.6479633401221998,7.453323246729921,55.55202742024465,-0.9230227450416106,0.5823715791140787,10.9,-32.0,7.26475087067745,10.6,5.828004073319756,-15.495,-6.6,0.2,4.0,7.5,-2.353858057029853,10.030296111029227,100.60684007492804,-0.6234627682610122,-0.48879645450712905,14.161418039697447,-33.014907080477116,10.664007277010802,16.831484765905962,8.18610540430892,-20.121125469973723,-10.922502414084938,0.1943012616435083,5.908982351821022,10.56152727658557,0.0499332999426453,3.1746154139504807,10.078183026491981,0.5389887447595062,7.316742876077461,17.72278347587951,-17.24164302215667,1.4320546730927093,1.8945692692961837,1.915328718897974,-4.815942576300776,-0.9558094074280874,-0.034044674135592166,0.9387598618680965,4.707085445039053,-3.3952691132919246,13.474346093739364,181.55800265386924,-0.41550927947923905,-1.0941343930763174,16.176354911425246,-34.01721839493422,15.460512841410397,25.097963844462864,11.325517113659103,-25.338630003461244,-16.52003646856872,0.7853611348957795,8.577927375894145,14.0730054802195,0.40852847701285633,4.253557466208392,18.092751118337155,-0.7015217527909208,12.869572029238643,18.02683349366922,-29.517625471493993,2.6499351625312273,3.440002962339071,2.6966918523780437,-4.180457042883732,-1.5920489857886353,0.4219465390520071,1.8479539765504356,6.990279900873586,0.0709295892068194,3.0142806523420074,9.085887851083356,0.29857187076344405,5.308075819190403,13.060703210229752,-10.588723297751924,1.2911968260777476,1.6567975163044852,1.7871632466498273,-4.158585337037907,-0.8565080454521052,0.040435785351598155,0.80028947085238,4.446748723865189,-0.06646181481824985,3.2900892385003777,10.824687197295995,-0.5003684856617076,12.184270861436897,17.664631313919056,-21.935777841625324,1.584506065058248,2.12511109144644,1.955006043772796,-4.211412564637643,-1.132411940313996,-0.015103298606091595,0.9926991511324441,4.5262408388619555,-0.7142566191446029,4.198450447269707,17.626986158179204,-0.07659498456219502,-1.4658231847830416,6.7,-7.1,5.633888430321287,8.4,3.7737270875763747,-6.7,-5.2,0.0,3.2,5.2,-1.0113752564688219,5.957659591235053,35.49370780503502,-0.06663012650368948,-1.4676250921649447,9.4214159877444,-9.977523428913498,8.048236269104345,11.862450068210112,5.360270112847529,-9.401772996476469,-7.321451013786336,0.021549660919392595,4.540999054423777,7.403932885916916,-0.010499535622614747,0.15440585131808482,0.023841166921262518,-15.511933819961161,304.7316083079188,0.46681890058770825,-3.058179705536716,0.0587769413832936,0.07953139254289819,0.05663811496278964,-0.09987924938372827,-0.04411634327485098,-0.004547862750726134,0.03541504926804721,0.09457423699758831,-1.4336444594777362,8.480210101138068,71.91396335944411,-0.053534111563523244,-1.4621697088308512,13.223322295206469,-14.11651488151511,11.412913149909391,16.921179723609406,7.625871282491553,-13.307942357090601,-10.499301057508818,0.08821497575375252,6.4218786661005876,10.705673624665183,0.02000957482143631,0.3204201935274801,0.10266910042018779,12.654381034150658,183.94542459983907,4.7291705091013005,-0.8495732326010911,0.07844913801238433,0.10382867571641043,0.09266837056239967,-0.14096681605079692,-0.049476957885919326,-0.004019795071086303,0.0543517178304911,0.1487154483031269,-0.015213145465347234,0.12630838272806277,0.015953807547378785,-6.7886168666187805,63.8583759186691,0.3268762572243733,-1.2295970831381167,0.0649138262695904,0.08653496473119225,0.060249849804332616,-0.1044961841197106,-0.05375119225918626,-0.009673014574869125,0.03278377247200599,0.10799410097881564,0.012295424621016633,0.17617222894769927,0.03103665425240057,11.58385895384329,163.93014394903844,2.529009267620304,-0.41332042043214473,0.056129113667825754,0.07678609104791276,0.061605285169510006,-0.09552775911604104,-0.03601764807397889,0.003254003251557421,0.040768442973933866,0.11327499468733705,-0.3733197556008147,3.8198512699633045,14.59126372464027,-2.1495681551122114,3.990504998827558,3.8,-17.8,1.0378215529539212,2.1,2.5120162932790224,-10.0,-0.4,1.2,1.7,2.4,-0.5159138386974992,4.201626657254098,17.653666566948246,-1.3275879714179648,0.6809378117096307,3.7791940173473395,-17.74377895408459,1.5890068107339506,4.955133222866809,3.260873052501472,-9.79373718949614,-2.662557855076421,1.572105052383449,2.2925753677903877,3.07924436955739,0.057143501749869145,3.372667003196183,11.374882714448322,0.473809450042394,2.6335654721897637,13.331592530788138,-10.038319381629762,0.53762450989257,0.7311658269121879,1.894660131622209,-6.631302244094713,-0.3476687509605291,0.012344318001512818,0.3834970759516588,6.329817228062342,-0.6963509489886198,5.582372401570095,31.16288162981147,-1.1523053736802267,-0.014700535914272006,5.128798835026278,-16.005789085578975,1.6304877469442123,7.51798754223115,4.54437138473603,-12.71597547036153,-4.394122131376372,2.446551767955283,3.1238654108547776,4.1258331898323615,0.04003122269840131,1.9546588898124675,3.820691375522908,1.2763611885887378,8.174345206459499,12.474235311381383,-6.530900938534833,0.8235960870777187,1.0804300230645558,1.1456364936412236,-3.144627959553976,-0.6054411067536547,-0.048784198820028435,0.47498891631090123,3.0936957140449692,0.0795200184129909,3.7808401837316072,14.294752494919654,0.7457577370575504,5.639757495940586,15.31789555847195,-12.494258570406304,0.21130493313619791,0.28584626098501403,1.7614449383537878,-6.9074614663101315,-0.13429134588918107,0.0034271639066652056,0.15155491509583296,6.4925179291166035,0.10725374381193907,2.858461306459455,8.170801040525895,-0.24920075560212795,4.760489103614777,9.486979340353663,-11.855725972845537,0.6055734941824038,0.8012144997441467,1.523726534844695,-4.7315097533951995,-0.2964730036031288,0.0247244852640645,0.5047414961410179,5.673712914150435,3.0718940936863546,3.2405847133039947,10.501389284099535,-1.7224968604212585,2.3522474028113143,6.4,-8.3,1.334341996655041,3.3000000000000003,4.090224032586558,-4.9,1.9,4.6,5.2,5.8,4.344758091010164,4.545441202583616,20.66103572614479,-1.6888310453352855,2.2306235646284973,9.724045856919401,-11.486494078572239,1.8644598802749297,4.544359888377841,5.762294191148941,-6.856707123067068,2.7215329748552075,6.407740097828074,7.265892863233049,8.165398317053505,-0.024759976036884616,0.46859195873978704,0.21957842379559028,-1.384007296668843,93.42722650266596,5.785156932926469,-5.031819245857801,0.10681529015841404,0.1444798690133472,0.14517815324688496,-0.24220145289806716,-0.07195994101884996,0.00306851552529544,0.07251992799449722,0.21733103717296368,6.145276734716151,6.323187639555344,39.98270192502548,-1.6811169163625241,2.2848005606021964,13.88874893173129,-16.203880628965962,2.6386612696976512,6.295279643289075,8.056571061300563,-9.266230506532494,3.9741550068002125,9.07383933749973,10.269434650089288,11.452648779387648,0.06425986980582976,0.9284030145707015,0.8619321574639662,1.2551475481139955,37.92893944897198,6.6115679099207725,-7.430830291178105,0.1745688262333967,0.25775428055693206,0.31964246056945955,-0.4253719525405046,-0.08009570311631066,0.012241266610603013,0.17765857744062138,0.4988459411234929,-0.03451443341162867,0.40264035799195635,0.16211925788389078,-4.430412110482954,51.00522129553114,2.3979379895438164,-4.166308021863258,0.10528834352209351,0.1412112172858049,0.1553484208104453,-0.2482127191143535,-0.07329657160041214,-0.006751084818035855,0.06791464568539277,0.23327547178415173,-0.010249987442931313,0.5212750061025669,0.27172763198723116,-2.3154987395088265,55.31909633294723,3.5199599907530734,-5.299359426479091,0.1297457777869579,0.1687359560309884,0.18023340804225524,-0.28753210314360184,-0.09947923336306123,0.0007373267725381883,0.06925672266792718,0.24005260442859294,-0.0005940817592619624,0.2866755742396474,0.08218288486563159,-0.39446015556070524,4.985986225672934,1.24528,-1.669337,0.056215828319076906,0.07583400000000001,0.15200714262984263,-0.526285,-0.037539,0.001269,0.038295,0.5367872499999999,-0.0008380403288792584,0.38798611067787603,0.15053322207894507,-0.25389005253433444,4.561621861445717,1.723857726343433,-2.0190323327504314,0.07896600189269949,0.1065952522215686,0.20837483419428932,-0.7306233997843251,-0.053063104750743745,0.0018599145385658792,0.053532147470824853,0.7347866895984236,-5.8799940877179184e-05,0.11755092943487017,0.013818221011001827,-0.10199257285813139,8.985576108197113,0.8260124710083098,-0.7674494826784432,0.007788314550358795,0.010497523921852646,0.052383164321185983,-0.1874374870122976,-0.0052289568673432405,-2.768687923864724e-05,0.005268567054509406,0.1901232602745951,-0.0011790139063554254,0.5407410315227532,0.29240086317229114,-0.21209212079381884,4.422675435574104,2.4110914027524477,-2.613794649280847,0.11152719661276027,0.15063250192551775,0.2916087889911399,-1.007076542122847,-0.07471216963249999,0.002850442495812096,0.07592033229301774,1.0187375569717996,-0.00017391035075950263,0.09280685315391947,0.008613111992333172,0.009851683788259482,9.401047589804895,0.6322815403265091,-0.6804192178869863,0.00688547804810922,0.009274564653912309,0.04172978362538853,-0.1442933791838752,-0.00475421775429226,-8.170281544622954e-05,0.004520346899620048,0.14699515044389966,-8.316636631302898e-05,0.08312970594417622,0.006910548010365208,0.04545866704644559,11.174088360809852,0.6129478278557858,-0.5887303858716579,0.007913742666500629,0.01067685857662692,0.0370290269722516,-0.12497220273113371,-0.005282789882805481,-2.0154225548596656e-05,0.00539406869382144,0.12097470991905365,8.890034252609152e-05,0.14394810314266893,0.02072105639837245,0.020195603194295024,8.0857451706573,0.938650901774234,-1.0280191586691323,0.007571930196972761,0.010213795807872827,0.06418277654605682,-0.23927200196643472,-0.005092670395394593,7.060998686410686e-06,0.0051211254124782345,0.23567644007503194,0.005954539602370595,0.5044260142775251,0.25444560387991,0.5540860620897899,4.952732002073832,2.806224,-2.609218,0.07411676750531354,0.099802,0.26178859772866614,-0.896662,-0.047054,0.002336,0.052748,0.95792,0.008423690138162252,0.6854901977850552,0.469896811259394,0.5732697841897494,4.836901729933754,3.918070387166283,-3.218231512009933,0.10454607272813377,0.14096923442851492,0.3590308485464307,-1.2127205559999366,-0.06701366017700036,0.0024612052738778247,0.07395557425151456,1.3385603353029667,-0.0002925025746734685,0.1973571276222301,0.03894983582329722,0.1046439184059253,9.789023752301032,1.391633515738661,-1.466394082358774,0.009131209027430788,0.012310776142233784,0.0873264301718297,-0.3132321901409653,-0.006187198277360412,-2.6498068864316203e-05,0.006123577864873372,0.3096394769769645,0.011920774400744598,0.9247329885611565,0.8551311001332479,0.5730826916782407,4.268553021792321,5.004934112383421,-3.933193058241523,0.1465194046229992,0.19731316328555754,0.49281845705911115,-1.6426700838047688,-0.0945761018935288,0.0019068197062308122,0.10273706139202873,1.8864391476416404,0.0002987375797081161,0.29068586308294003,0.08449827099627377,-0.030865938439031747,8.24153640651105,1.8850403880281643,-1.9963571142716316,0.02577963861994779,0.03472260977473182,0.1357117333341538,-0.4777060982153859,-0.017258959582435913,-0.00010105414476556992,0.017463650192295913,0.4886370561517124,-0.0004133071489919203,0.1830621890725687,0.03351176506804089,0.014867194832583436,7.58840255468319,1.3707188812334883,-1.1553140165878655,0.007928120932215496,0.010697660133565339,0.08374732791796494,-0.3135820960918411,-0.005362948506315773,3.681267550745837e-05,0.0053347116272495654,0.3123704825911766,-0.000215388503444977,0.21065190242328416,0.044374223994548836,-0.12078675515842731,9.30101482661064,1.4915104198644675,-1.4123239952684545,0.010087708354986832,0.01362296550632343,0.09139187370654468,-0.3344351396409157,-0.006749907475409732,2.440916682287244e-05,0.006873058030913698,0.3298464140735887,0.005231679838262342,0.14872616681019357,0.022119472694053524,0.12400368021466028,7.263625756287508,1.048498,-0.989513,0.018471741040361294,0.024918000000000003,0.07364602529705427,-0.24778,-0.00737,0.005149,0.017548,0.25782174999999996,0.00739977488857256,0.17989320798039002,0.03236156627747586,-0.017300823855482105,8.404781836369319,1.3632243442457068,-1.317215952689279,0.024591933696828695,0.03316431370170421,0.08865184233611881,-0.2871546284477436,-0.009360435363258689,0.007320689379429064,0.02380387833844552,0.3108568620018532,-0.000267494425075327,0.10896541076086688,0.011873460742284445,0.0021328914173818453,8.035516765776451,0.7168494617966485,-0.745654020702495,0.007970307981957773,0.010747716483972828,0.049900712263403035,-0.18165786004752255,-0.005391703252151682,-7.4292419466989354e-06,0.005356013231821145,0.17889830317672206,0.010467788629454244,0.2454257297905294,0.060233788843213946,-0.09474019413831382,8.779137859548898,1.8062431148207105,-1.7539943462080037,0.033962424513218285,0.0458146537280659,0.12060033217351196,-0.3855658659967569,-0.012508149943095037,0.010587862702483835,0.03330650378497087,0.4126259641764874,0.0002524918485474104,0.06691823879536854,0.004478050683473967,-0.22566722321756302,10.695562221763982,0.49048570120754525,-0.5350873738204619,0.007150530842112739,0.009661614971028467,0.030737003379857068,-0.1019155059603009,-0.004637929316103014,0.00015236895523158258,0.005023685654925452,0.10741394418801692,-0.0003779515033133692,0.13287814124905278,0.017656600421803226,-0.0776793830146687,7.156134269237754,0.8026801835965094,-0.8626666324480585,0.008931834122360545,0.012028789584403047,0.06154635280282595,-0.22692056330736174,-0.005996386015414754,7.015569488682763e-05,0.006032403568988293,0.22304504347822038,-5.398174886263256e-05,0.07801385369603461,0.006086161368506293,0.034064840146671264,10.466776158927722,0.6024672602959328,-0.5714524037068524,0.006765187783441444,0.009113768440764638,0.03468550129512576,-0.1231308780646239,-0.004572517183993138,-2.8255899667114278e-05,0.0045412512567714995,0.12075800894357538,0.0001487230023647562,1.0763439351734088,1.158516266784579,-0.0011718578448474694,1.943424781583647,3.804127,-3.805695,0.7129441179205535,0.9618935,0.7340262485913641,-2.0879564999999998,-0.47981925000000003,-0.0003375,0.48207425,2.08586075,0.0001822177676565221,1.5220333284525582,2.316585452920373,-0.0011164996216456741,1.947628954498323,5.323076655472591,-5.368278660696565,1.0010539307953081,1.3513815531893534,1.0374571581391299,-2.9448416864534828,-0.6734563193022223,0.0005497428987818551,0.6779252338871311,2.9592594765934153,2.5899394807451215e-05,0.015936494513478457,0.00025397185737812897,1.1824424958168551,30.150719577421377,0.45129013063912116,-0.06908114799188071,0.015152299314348885,0.02038596595314492,0.012481184838457705,-0.022933691876953457,-0.010091257659307303,-0.0002555894194895703,0.010294708293837617,0.02298824668556801,0.00018005105149405945,2.1516296242044883,4.629510039754347,-0.0009770474515401605,1.960971549292319,7.52307379450846,-7.517905918799384,1.3839147106760012,1.8660038016046108,1.4643287203842397,-4.1730924422590565,-0.9309455219387874,-0.0018863042930422555,0.9350582796658233,4.169343695349383,-4.927776941572697e-06,0.05371842715607535,0.0028856694161225743,0.05043413870825044,1.4133056482730781,0.6064396772642018,-0.4731025352872581,0.03762524113203313,0.05095829318823649,0.03989361964223933,-0.09752807728661594,-0.025287085478922063,-0.0002532759666943052,0.025671207709314428,0.09843998143278321,3.770621183016933e-05,0.007810007325746275,6.099621442821048e-05,6.775711800875488,257.2889626820498,0.31904161057573227,-0.07353194042998554,0.006712793356078944,0.00905561284918518,0.005641600702504466,-0.011551152920588592,-0.004539733700674094,-1.21908266645449e-05,0.004515879148511086,0.011567153637510333,2.4864419627492013e-05,0.021143283970728215,0.0004470384570668527,0.16945315915093662,2.9025255847962397,0.27762347552836514,-0.21574945584428848,0.021838294635795424,0.02944225730744855,0.016847745097850142,-0.0341042291538202,-0.014799715008702594,0.0003189311497223562,0.014642542298745955,0.03410869817432005
-5.63770325203252,7.9435477222715605,63.09995041600569,0.8602949971483581,0.17182852765056467,14.8,-23.6,5.189107764769607,6.500000000000001,8.940142276422764,-16.285,-10.3,-8.1,-3.8,9.784999999999991,-7.913827694505884,11.268406198057702,126.97697824442525,0.8845788649968845,0.18222609536818624,20.933672489118358,-31.934731534320623,7.354645704504658,8.954627025458846,12.65728902999697,-23.20902002464387,-14.42110268968344,-11.537099098916087,-5.466475664224594,13.785632881134456,-0.031873014209333465,0.7654524246741998,0.5859174144396115,-4.3344274641076685,40.66162514560755,2.9123520404321055,-8.595254323818217,0.3083532043502479,0.42013029033852767,0.37869091383919595,-0.7566122012531988,-0.18649473115228155,0.016355709135769447,0.23363555918624612,0.7193845094596678,-11.038860824463317,16.044966540246794,257.4409512776392,0.9006944291149932,0.19939315830777504,29.57695957823153,-46.174424563793785,10.599835838708909,12.412159360118398,17.917449232748023,-32.20558700193307,-20.213130767043193,-16.370749583937307,-7.800971406924795,19.623295211110417,0.1375471458964945,1.1707580780846334,1.3706744774004245,6.659855997660828,55.07592807938294,12.06175899727494,-2.1664710765509287,0.3513143769601928,0.47252532102751893,0.4414964510765591,-0.5760936902655096,-0.22733561656692863,0.0029923581974063973,0.2451897044605903,0.7600594196190161,-0.045112374307588125,0.7462995243653926,0.5569629800680111,-1.1126527309662653,10.54378822169906,3.622308198472585,-4.333979867652671,0.3304301312368014,0.44436397616969203,0.4187065201643869,-1.0813741241906965,-0.2300863851269536,0.015323476766677542,0.21427759104273847,0.6926270167058974,0.06361397338866981,0.7711289014973811,0.5946397827245576,4.35718809674827,32.71067878223067,7.098628199719183,-2.2149062242461897,0.3057418523001709,0.4139700711473824,0.3858892500558837,-0.8595393123121122,-0.20257027495990976,-0.008831285669439005,0.21139979618747262,0.9709302793694061,-148.76087398373983,13.406729276246272,179.74038988655892,-0.2539095566283589,-0.5224543908813803,-111.5,-189.0,14.900152295981316,20.299999999999983,148.76087398373983,-171.285,-158.7,-147.75,-138.4,-128.81500000000003,-210.27826318570484,18.248122239352757,332.99396526236063,-0.1279067468017681,-0.8846780236643101,-158.47094886820324,-250.64573629055423,21.715261071791605,31.235881610277403,210.27826318570484,-240.0194740949274,-226.90292598838693,-208.6140925123908,-195.66704437810952,-183.28447444698898,0.21541382167776488,5.120205947107051,26.21650894079041,0.38430750035950884,1.6872211550055756,20.81896671074041,-17.69500913084516,4.532814225393995,6.095492545856585,3.8370022162740316,-7.337006911398442,-2.961459653292664,-0.10142968271338226,3.134032892563921,8.489479667817005,-297.04789736223097,24.84162322032035,617.1062442203593,-0.2036027913503809,-1.0421408728825323,-228.7583891963356,-346.25774958722,34.48580277776508,48.339408904787774,297.04789736223097,-337.7713119147654,-320.96697025348055,-294.6521864242392,-272.6275613486928,-264.6543071979973,-0.39680842841269354,6.94453233515269,48.22652935398127,0.015981198362836284,-0.5947810900146728,19.849297288210177,-16.00764024211262,7.616317640894004,10.041524019464179,5.697123459187646,-11.752329149326501,-5.637539733403598,-0.3434661615989185,4.403984286060581,10.799253300293863,0.3014421581830554,4.700003230560011,22.090030367274537,0.21004037821843913,2.3705307458810827,18.056631010280796,-15.630664889003405,3.7672574949827444,4.742536028754755,3.351235223812932,-7.169910430807452,-2.2564664789902595,0.4885739595433381,2.486069549764496,7.258736798308092,-0.2875009209317733,5.434846066048452,29.537551761642334,0.018474600373014675,0.42972180756480416,19.07351024655776,-16.070048322979762,5.353984029974743,7.388199403784948,4.318882887783287,-8.633282923027483,-3.929106491927877,-0.49268178774239346,3.459092911857071,8.04811707577625,-1.5403455284552843,7.777180783389355,60.484540937520656,-1.1664730780248278,1.2220813150985528,10.3,-30.2,6.745840094200489,10.225000000000001,5.859451219512195,-17.085,-6.025,0.45,4.2,7.6,-2.197424430106031,10.38753889321781,107.90096425811268,-0.9204506906099986,0.3515061744950132,13.971583487562901,-38.22702827038581,9.924364475753034,15.674796736667574,8.067559227294238,-21.309771984953606,-9.864386869183942,0.3701817101854742,5.8104098674836315,10.368491943861704,-0.12733575506159,3.5451698927669604,12.5682295685813,0.14570254703080804,4.4677305815838375,14.900753895791727,-15.541171131622244,1.877608908073278,2.5479009202546146,2.2653555742120473,-5.47422468093917,-1.4453837524657085,-0.15049712220384293,1.102517167788906,5.748450621705098,-3.151299362409485,13.218909889575887,174.7395786687272,-0.41314735862980934,-1.1266123994252626,16.81648247643121,-30.596982356537325,15.479475249877213,25.100457174399786,11.050344681197315,-25.786520356234615,-16.6541381473169,0.5341906170759589,8.446319027082886,13.930201011261229,0.06306313370489913,6.257168519549626,39.15215788204285,-0.12981070455137753,10.981915250724448,32.85745539948134,-32.73075156942699,2.703028446482333,3.5950601954872052,3.390050542303706,-6.488080536665991,-1.6580731814895864,0.08945339949965136,1.9369870139976189,6.051264282536694,-0.17905413588124985,2.914529349832037,8.494481331032356,-0.0928138952737224,4.537870497991877,12.051101465349458,-12.26706694981015,1.504517830288614,1.974759237674574,1.8210745029550097,-5.054028251153737,-1.1506879329133328,-0.1243347147940086,0.8240713047612411,4.5471838077011375,0.22345960786784608,4.030732638800975,16.24680560549547,0.19302325468662537,3.489472525896619,16.805818344838308,-15.302969990769402,2.216025622829239,3.1459470693852003,2.637837805090963,-6.0311084626963005,-1.375327769652295,-0.04613335532657656,1.7706192997329055,6.948231917394301,-0.7018292682926829,4.246215041920604,18.030342182232797,-0.05933587718230352,-1.493018610827522,6.9,-6.9,5.7821486521718475,8.5,3.841056910569106,-6.7,-5.2,0.0,3.3,5.2,-0.9928635670999677,6.025240245336294,36.30352001402016,-0.048785314034973645,-1.4928266046764436,9.743968300696817,-9.766910548579485,8.300588793552818,12.0623377286954,5.454855455534396,-9.415568107303113,-7.395783731168187,-0.21279103673394673,4.666553997527214,7.425384951127755,-0.014146976191046155,0.16643097054823383,0.027699267957627074,-16.66780961465004,333.39194266170625,0.41466919396174173,-3.3752068162816458,0.05428657111687618,0.07611727730131787,0.05596393937300602,-0.10534440319230284,-0.04626634177028671,-0.0044827067903421836,0.02985093553103116,0.09230929443003341,-1.4269587870376224,8.581926334072936,73.64945960345455,-0.03216631089091337,-1.4867107592832434,13.676290632778114,-13.790199107193171,11.898266596328996,17.482380109900284,7.767513030206037,-13.324583996302716,-10.884375154402145,0.009060063634627927,6.598004955498139,10.750672281548342,0.015822092636715496,0.3399380066066021,0.11555784833567026,12.89622056726426,189.51281087104954,5.053287090040005,-0.9745592045065238,0.07328772068614817,0.09771045235734624,0.08937043254312209,-0.13267452075321587,-0.051859725469960344,-0.0020516317969525577,0.045850726887385895,0.14260282181833,-0.01987953235192821,0.13933498009865622,0.019414236679092926,-7.4737548004453105,71.36414117585664,0.2947320133953754,-1.3992229732293249,0.05938440161474381,0.08045899886303512,0.06134551468521545,-0.12210331050206077,-0.05109617364913163,-0.00865490951781996,0.02936282521390348,0.09821446512754434,0.010105467075333645,0.18759948636441623,0.03519356728419279,12.580161724673552,182.90186467278707,2.7665727672546803,-0.45289548207331554,0.06111110718554715,0.08274852328338769,0.062009331616551915,-0.09881096619526629,-0.04278902170228101,-0.004020445732940414,0.03995950158110668,0.09594315010155322,-0.24847560975609756,3.513787841248751,12.346704993307556,-2.1322464266496723,4.116594130526114,3.8,-16.6,1.0378215529539212,1.8,2.3614837398373987,-8.7,-0.1,1.1,1.7,2.4,-0.3398373587041064,3.897110072392743,15.18746691634497,-1.3227139561748078,0.6887477446544144,4.027078498737577,-13.498095049434017,1.500976278408162,4.801624196049187,3.0837494288121237,-8.88893716055812,-2.4936598281765683,1.5597823719495953,2.3079643678726187,3.0562122323597265,-0.08779961473906742,3.0614956583995965,9.372755666399579,0.19476111703321022,2.9388232369556944,12.196958351340623,-9.600943853496984,0.504755990748254,0.6760977790353029,1.687522874032977,-6.6037854763213675,-0.3768342144721167,0.006960268150972698,0.29926356456318626,5.6169714989106785,-0.44121575658860873,5.062452437992143,25.628424686932593,-1.0729512454170995,-0.2457007379216951,5.457572429973328,-14.383939793535353,1.7573829899770026,7.347813405333007,4.212269172443876,-10.208725559841687,-4.274776979655041,2.339296554695811,3.073036425677966,4.038213868870206,-0.07753795458038948,2.1063744028845752,4.436813125127351,0.126937516517118,2.1301915553659345,8.073394228221431,-6.662519483900452,0.9267408973714971,1.2361819135821743,1.349075862808837,-4.062691301763826,-0.6630027452841312,-0.03451685820592856,0.5731791682980432,3.7843036087265225,-0.12232120511778556,2.8468553650385577,8.10458546944882,-0.502519814223986,6.364605840540596,12.262523937633564,-11.048049339902795,0.25452108731100404,0.3433465501841315,1.3550116374462045,-4.140531264298591,-0.18777661418559466,0.0013652823680697715,0.15556993599853688,4.0372044401619265,-0.01963572628186464,3.2217206788864163,10.379484132764352,-0.401941606519138,3.8844576521628946,10.237907065237533,-12.906780043325838,0.6225324572733488,0.8417910649170184,1.748003173496549,-6.660485120498781,-0.44574208712938157,-0.0035918584363785165,0.39604897778763676,6.202206858962022,3.1541666666666663,3.15800423827616,9.97299076897019,-1.6814947728843261,2.1480466386919312,6.3,-8.3,1.1860817748044825,3.2,4.105589430894309,-5.0,2.0,4.6,5.2,5.8,4.463209199684656,4.432279849516195,19.6451046644273,-1.6289733879160126,1.922846253979909,10.046805461146365,-11.15856293302032,1.8624458675578148,4.503612150416177,5.791486889125396,-6.87846742879497,2.852910693546365,6.43347287574648,7.356522843962542,8.20439569662144,-0.035357370118551626,0.43134282845667654,0.1860566356610059,-8.58063399090055,83.35842129172948,0.6462631662795892,-4.748595671753433,0.10078890645789026,0.13582171833634932,0.13800742834442567,-0.2447837488742328,-0.063014456393791,0.0023472494337036243,0.07280726194255832,0.2258853817297201,6.32307706467497,6.159482322141128,37.939222476769054,-1.702502770288612,2.321743858881751,13.049090851678065,-16.76115269299975,2.609553479648079,5.926016336707619,8.114306929147356,-9.845964291731857,4.400727800820114,9.00181854593256,10.326744137527733,11.607570550203546,0.0878503348218221,0.9122725523977868,0.8322412098583727,6.060721181262724,40.79456468637333,7.290802056918515,-1.353577365837371,0.17740023446757855,0.23395928859513743,0.3044842558129849,-0.3862641204113011,-0.14147077648560877,-0.010322044035053518,0.09248851210952866,0.4660903531225602,-0.04906824090816915,0.3439651869818728,0.1183120498554747,-4.178775237777551,18.302728557425727,0.480289575979049,-2.0488262495103813,0.09613472080102374,0.13180283129924503,0.1430764166799239,-0.2660321128346965,-0.058978112163455367,0.00983243784748866,0.07282471913578965,0.18352366010037388,0.06322671885802286,0.49466225729825664,0.24469074879540664,6.1286208541928024,41.52622293750286,3.942545422641453,-0.46694327185633433,0.11832369135591125,0.15897435991616,0.1820512281111187,-0.2970092303609073,-0.06530927931182712,0.01619256232456818,0.09366508060433286,0.3044242654627848,-0.0011444733551001372,0.2958098874621448,0.08750348952036678,-0.35346105747005113,5.925126723926066,1.461371,-1.942006,0.059299640933568556,0.079875,0.15468739581086202,-0.526359,-0.040332,0.000675,0.039543,0.531855,-0.0016201955901413347,0.39950308034590576,0.15960271120586722,-0.17136404725769241,5.586384307245231,1.9001734299643236,-2.2567150946388366,0.08337910201339771,0.11249014686090153,0.21102004888292503,-0.7034783257697297,-0.057232573582737443,5.680703388391778e-05,0.05525757327816408,0.722040516499691,-0.0004567981287606179,0.12405167832225326,0.0153888188945678,-0.014668584698789129,10.725988760990452,0.9275096602591776,-0.9298737955431471,0.007749080620022852,0.010462429383677035,0.053414122604154915,-0.18794781615036826,-0.005288601904413686,-2.2632478514737243e-05,0.005173827479263349,0.18807399763592342,-0.0022962357810442035,0.5574697635469673,0.31077253726911164,-0.12449787979956013,5.4794332185995955,2.601763762145902,-2.8542219012462797,0.11758622411691133,0.15841392316030695,0.2951502270532561,-0.9862258288506169,-0.08076883507302267,0.00043104046356809607,0.07764508808728428,1.0100494802597033,-2.5019549582175547e-05,0.09152775031545501,0.008377329077808277,-0.07786212476092691,11.17135138518854,0.7013042725944213,-0.7979108124818601,0.0070576261197275916,0.009523093566841199,0.04028688814271926,-0.13486309578128228,-0.004770504427429865,6.321432309343462e-05,0.004752589139411335,0.14345148699588428,-0.0006457875890312355,0.08103443069071363,0.006566578957368071,-0.1344174298480372,10.39420045632129,0.5840966216132955,-0.5703994790338508,0.00774101820484003,0.010451952181141333,0.03656284622587154,-0.12723477009644063,-0.005295799251426252,-5.063766739165067e-05,0.005156152929715082,0.12782623473948335,0.0004668141766389763,0.1555810705532175,0.024205469514485236,-0.07070986053335239,9.472009005926413,1.0575865641982336,-1.0969502910540931,0.007600502159032403,0.010259482232440838,0.066826491657052,-0.2284061438296493,-0.0051608424647066045,-1.2093358272435652e-05,0.005098639767734232,0.2506917357581234,0.004427668527534036,0.5200953595781758,0.2704991830547519,0.5425753216411177,5.69222938228574,3.522562,-2.608497,0.07767946063638251,0.10442799999999999,0.26779969654257646,-0.909686,-0.050058,0.000714,0.05437,0.953789,0.006266267542366413,0.7065131246473225,0.4991607952989231,0.5773397599624623,5.510121011133418,4.709943679348855,-3.4477435408527297,0.10972234091811231,0.14747753958026588,0.36689399009157614,-1.2364441394410317,-0.07122251761624594,4.589438602930481e-05,0.07625502196401995,1.3171465523782988,8.08603448867923e-05,0.20442732287227988,0.04179053033672737,0.0956417352321269,12.544841294196074,1.8226427256993416,-1.8295325598163812,0.008987259318835997,0.012117063582351033,0.08614551120229778,-0.3007004803725736,-0.0060547749697974695,-2.5715239998945136e-06,0.006062288612553563,0.29439771236264856,0.008875159335436788,0.9559987583468368,0.9139336259606936,0.5711781602857076,4.98099172109333,5.871856563230807,-4.759286149559538,0.15321898159987785,0.20655071752328974,0.5038587825600459,-1.6715661140460296,-0.09895801554815017,0.0008696944372581631,0.10759270197513958,1.8464742570186905,1.9778255383986852e-05,0.2901973496852869,0.08421450176436468,0.16523434548829635,8.748260376052741,2.3969870303361973,-2.144296276491123,0.025523815002260513,0.03443247824141939,0.13505272670071036,-0.4849766404766107,-0.017536093104450617,-0.0002696960072279568,0.016896385136968773,0.496445749141861,0.00011419155676215501,0.2062172360052826,0.04252554842565842,0.17789808827280126,9.585996171551928,1.7403249086361479,-1.3593892872994182,0.007841832299612541,0.01059241314576347,0.09008963292969684,-0.33429956748845086,-0.005307815484699078,2.8655164322314777e-05,0.005284597661064391,0.331523029333303,0.0010451853140226333,0.20258283884280398,0.041039806593609486,-0.14312677732113638,12.013775053539717,1.810048715768489,-1.6970140185940548,0.00978648494672718,0.013206703009992498,0.08508172671920738,-0.2892052788672082,-0.0065811248360863545,1.596969991706705e-05,0.006625578173906144,0.31192945709495357,0.00515358879689823,0.1687937967129789,0.02849134580878244,0.11456178954057367,9.182398742214163,1.54341,-1.376165,0.02080387433007061,0.028123000000000002,0.0819984132728916,-0.271791,-0.008882,0.005452,0.019241,0.274348,0.007290177801984173,0.21042628639423186,0.044279222005667286,-0.10926877086767131,9.30631913942325,1.5215777446789966,-1.3774186103485537,0.028188507064846827,0.03802166942678952,0.10173679829779297,-0.31763282984279606,-0.01163944297387778,0.007772906150364699,0.02638222645291174,0.33887435284641065,-0.0003371324022967957,0.11268725887104519,0.012698418311869953,-0.03652500710723785,9.968967112731619,0.9045073319617303,-0.8869177017068975,0.00790168587537237,0.010651442144495472,0.050290011089388874,-0.1813124885222834,-0.005386227326146326,-1.6380121716731504e-05,0.005265214818349146,0.17815544646730708,0.010315286554893936,0.28965701746751177,0.08390118776817442,-0.21457171420369006,9.065768744486792,1.9235467829659219,-1.8844145637026535,0.03914668764528624,0.052689974366623815,0.14014934259094852,-0.44943026946129094,-0.015850332170005654,0.011134148423898272,0.036839642196618165,0.4666713169292126,4.819768430576924e-05,0.06813184582984741,0.004641948416182096,-0.11336709754163835,12.47692314898949,0.5368109621554376,-0.6269168415909193,0.007063776521859762,0.009526330812542075,0.030709856795816507,-0.09951721076787139,-0.004868077660211035,-5.769162600713644e-05,0.004658253152331039,0.10665558489574076,-0.0004768029245092868,0.13538821871631387,0.018329969767176445,0.0715871442831215,9.016631876669505,1.0052147614359856,-0.9108662728951382,0.008825638069511097,0.011910504571088632,0.061322482795396996,-0.22142479296921702,-0.006039022421648162,5.501990539975923e-05,0.0058714821494404695,0.21684723125650285,-9.716129582096377e-05,0.08403819127349725,0.007062417592520909,0.037355748672787056,11.179462048596129,0.6039629598888819,-0.688167441394651,0.006665394089158379,0.008994832978879248,0.03633507060854231,-0.1257627157096554,-0.00447049910610426,6.113067187973298e-05,0.004524333872774988,0.1259576727753631,0.0001708261522315835,0.9409213529647765,0.8853329924650655,-0.0011638849149606888,1.5456459446009863,2.906122,-2.903634,0.7031626497839629,0.9485712500000001,0.6662214202110602,-1.81623225,-0.4733645,-0.000464,0.47520675,1.82065225,0.0002633139528838258,1.3305244659562192,1.7702953545080824,-0.0011978968270547558,1.5489589298780189,4.104816710356785,-4.086931145248567,0.989164914329285,1.3333760580596918,0.9415241605088481,-2.574402432299383,-0.6647613317062783,-0.0006453365077813255,0.6686147263534136,2.56867067156097,7.700724530243241e-06,0.015446606801244416,0.00023859766167225028,0.004065363474778992,19.564316048554932,0.3438510391693195,-0.384278053519656,0.015387298438405396,0.0207017226511408,0.012419056088507876,-0.02270731313659605,-0.010118350940552337,-0.00016916139921700941,0.010583371710588464,0.02278649096485889,0.00043173545994373754,1.8808221967042391,3.5374921356153592,-0.00123689567187129,1.560173791557883,5.763572115096838,-5.757969490461879,1.3761228560829772,1.8559512927360666,1.3288198680775873,-3.636644207989969,-0.9249869139525755,-0.0021686856276728252,0.9309643787834911,3.605924906888436,-1.4893829084819076e-05,0.050691239287465176,0.002569601740499053,-0.025267130956889528,0.4585562566329311,0.30490549351414425,-0.47514533483882765,0.03808318281888456,0.05140109883615375,0.03859268692410155,-0.09022736822828628,-0.025410011448962072,-0.00015650627245764048,0.025991087387191674,0.09161346331844729,1.1370298182132712e-05,0.006457435111762921,4.169846822262861e-05,3.2271042749318855,167.75074827314424,0.23890370426240348,-0.16692096240816903,0.00560351548694794,0.007547174531719132,0.004645867696074186,-0.009387931832485126,-0.0037817741937746993,3.0565470722585507e-05,0.0037654003379444323,0.009370558853174058,5.271854056270633e-05,0.020866801063039342,0.0004354233866044598,0.3589362158875711,4.637151320032416,0.34624118053481057,-0.05053704477963419,0.022406386390071933,0.03028537512051714,0.016973708655503805,-0.03397473877374492,-0.015283652578244787,0.0002349348079657296,0.015001722542272354,0.034007856388872444
-5.740996948118005,7.8293821366633525,61.2992246419032,1.1594883487932297,0.4053873105605583,15.2,-20.4,4.447806655516807,5.8999999999999995,9.149542217700915,-14.39,-10.6,-8.3,-4.7,10.2,-8.079521022117191,11.111311567173258,123.46124474279826,1.176054960484532,0.41567541300705946,21.419156841545686,-28.065088403547367,6.399108225110662,8.271063890597697,12.954096007681015,-20.49276937447324,-14.981937047559644,-11.920805813407803,-6.710873156961947,14.344388955226968,-0.022805190357375067,0.8216030742356606,0.6750316115934885,4.495390063848963,73.38460870524275,11.140081785782243,-4.595359477725,0.2884110081333865,0.38257452990350305,0.36146906180780825,-0.6697278605965454,-0.2262106858355849,-0.012566311345324044,0.15636384406791815,0.527857609071392,-11.316213381965278,15.856244050625683,251.42047539300236,1.1981330781970805,0.44823363209117595,30.023041159676477,-40.235639096180904,8.916582845766042,11.593082257666243,18.37648904563437,-28.731559098057225,-21.141645111483264,-16.939486004700445,-9.548562853817021,20.67264609053053,0.07747420057447489,1.2365612867429585,1.529083815871401,4.558785272456494,43.756103873204275,12.152166059377983,-6.351576650811502,0.33549975687098393,0.4543628478873738,0.4979022191190019,-0.991205539665036,-0.2305975655591252,-0.0025001118064422734,0.2237652823282486,0.9047180882673178,-0.03144788925632148,0.7712450459804558,0.5948189209493955,0.8793450148860834,13.762791365567406,4.826106152381824,-3.6605667291449384,0.2818883434190402,0.3828586873450864,0.39511426589405774,-1.232143253079672,-0.21505361087823083,-0.011269297533971004,0.16780507646685555,0.7077975871872919,0.01263658055587523,0.8587670502792242,0.7374808466452795,-5.7365619121833,75.34149664489831,3.836352194724449,-10.043134586342804,0.29429330707950874,0.39642066866177206,0.3680666857851384,-0.54173116510473,-0.19182545116931893,0.01299429868714086,0.20459521749245313,0.619448830412854,-148.7769074262462,13.18655739105722,173.8852958276458,-0.36622763162186084,-0.27821688467532546,-110.2,-193.1,14.82602218505602,20.200000000000045,148.7769074262462,-172.09,-158.35000000000002,-147.8,-138.14999999999998,-130.4,-210.30890860433138,17.998839793480663,323.958233911383,-0.2738340375377713,-0.6017938471835369,-153.6379224476717,-259.4030447743042,20.90963837673705,29.926145832556074,210.30890860433138,-240.90281091610538,-225.4477601281065,-208.71376142926164,-195.52161429555042,-185.74820088262513,0.16237015042450467,4.792338428957322,22.966507617661136,0.07234880502848752,1.7784854068128633,19.591857607833894,-18.46196223271705,3.7853184154012904,5.10627770028303,3.5651292626512396,-7.275644061442696,-2.4381941435002243,0.2287275965751956,2.668083556782806,7.769927602166971,-297.1590666184615,24.214418421346164,586.3380594840285,-0.26123964186645204,-0.9348940706699387,-236.74712735161785,-351.2178908891481,31.916542689114358,45.41986713679995,297.1590666184615,-338.0018276205201,-319.7115340930616,-294.77948791231665,-274.2916669562616,-265.5034656406659,-0.13138585588938448,7.686029187991215,59.0750446786529,0.1266618831606224,0.15655679667822575,22.24600476514684,-21.873099103634473,7.075869749993539,9.474063802215944,5.968121098762909,-12.855592029267484,-5.04750029076661,-0.45786887243830066,4.426563511449335,12.922289532977139,0.22430761662578705,3.814094175409782,14.547314378894827,0.029382458101417118,2.702097663485664,14.937182037834543,-13.12165801411625,2.746983409044399,3.6810258880634117,2.7034832936555837,-5.3419764281983415,-1.5672716343844662,0.2690961104789901,2.1137542536789455,5.840900686206829,-0.36211617205817637,5.534409062901885,30.62968367553052,0.062429017000331266,0.6198239266439569,17.268990358900417,-16.93216396033462,5.0324754256030335,6.766235264452031,4.267933835379055,-9.131237113071059,-3.674622279267017,-0.048132936720396785,3.091612985185014,7.712419847998708,-1.2572736520854528,7.920768988980368,62.73858137679307,-1.5069805120494633,2.60991005569207,11.3,-36.9,6.2269293177235285,8.75,5.651373346897253,-18.6,-4.55,0.6,4.2,7.7,-1.7965187498626134,10.443485496752219,109.06638932087392,-1.2457086175409116,1.4294665021165098,12.915795772573409,-42.12424937701337,9.234528810965022,13.80185706720011,7.754977907505574,-25.2545881896006,-7.910437477637339,0.6099055251294206,5.891419589562771,10.255244710395253,0.15930273555222035,3.97199998552477,15.776783885008774,0.5593074131689618,6.272658699083079,19.68935565551802,-19.431705757383003,1.7890965707719213,2.4574354025274925,2.360853659758528,-6.094331926997843,-1.2318045779514581,0.1085608069829318,1.2256308245760343,6.4101598022686845,-2.5932823246867356,12.485834854631157,155.89607201712224,-0.41372808402725836,-1.0037094814116647,16.160425212646032,-32.474770175835005,15.052587106881983,21.605354990833764,10.382199509897928,-23.969848450052687,-13.615971113692465,0.7586926833784013,7.989383877141299,13.728971484803774,-0.2691622414602817,7.7631804848627,60.26697124055307,0.15577581713898234,6.3498795161994614,33.380928001337445,-30.173115871523912,2.7907368090054105,3.602706938824328,4.204671337863941,-12.657857039449558,-2.034070854993509,-0.49826128984651336,1.5686360838308189,9.61029585109041,0.21964429352011855,2.8000696641729292,7.840390124221501,1.2290277961536686,8.068758513438798,15.352135468815986,-9.965965770502285,1.368506780347918,1.8429090500860426,1.657494513569282,-3.3737606076934106,-0.8357409172422995,-0.027836050384768697,1.0071681328437432,4.19397476915299,0.10424853257032682,4.823446710888007,23.265638172776335,0.51645400719729,5.707592674712545,24.230214159666186,-18.547635462449744,2.0399461948886453,2.7047655896828213,2.835812618368015,-7.805148135250022,-1.237261507506946,-0.13402095759086702,1.4675040821758754,8.269994461190764,-0.7504577822990843,4.251134405959906,18.07214373753608,0.029678258388572916,-1.4391600959435045,6.9,-6.9,6.2269293177235285,8.5,3.849135300101729,-6.7,-5.1,-0.8,3.4,5.5,-1.0686560803210725,6.032874721950794,36.39557741075287,0.038369744379158736,-1.4346125613573542,9.781953703444806,-10.311847397922698,8.955107168654637,12.219860967007381,5.461254070001793,-9.4165919676884,-7.3530625870292585,-1.117151872508247,4.866798379978123,7.84606835393095,0.007153941675504432,0.22191562433056491,0.04924654432202442,16.823341350954585,343.26875160374715,4.520533977996717,-0.860144434176332,0.0682351490944813,0.08967859292786304,0.06965751811976324,-0.13313652172823257,-0.0430115241381133,0.0030919981363692894,0.046667068789749744,0.11764313344639271,-1.5316987397771855,8.591770318166004,73.81851720011836,0.05876229727993616,-1.430458002964749,13.855334144896256,-13.709359072516133,13.027155566058983,17.344873994553943,7.782080916320323,-13.304735206969738,-10.46150623006153,-2.0629070960935327,6.883367764492414,11.380848196337142,0.015165138764093044,0.3836214880346363,0.1471654460819086,9.003868491294545,143.84905013146465,5.256946675893584,-2.5437266890471157,0.06690451212646335,0.08740165342877834,0.09780280146820362,-0.12132181651766377,-0.046566927387355544,-0.006093152330788443,0.0408347260414228,0.13679539402274807,0.009648065704760862,0.15584442105183854,0.024287483572982736,8.159032299299522,99.53941371601974,1.9727901620423,-0.39132660593277857,0.06721738353313486,0.0907843364975349,0.0694453376754739,-0.1086844244617523,-0.047379272645764164,-0.000174238988564637,0.04340506385177073,0.129912947343398,-0.018742368587800894,0.2694409364679894,0.0725984182447471,-14.121324688051791,212.70646450486117,0.33729151133976254,-4.1286727703628125,0.06585577873756769,0.08654753177743729,0.07105359386880244,-0.11546299927219048,-0.04626669150315717,-0.0005396663915457193,0.04028084027428012,0.10312442798659321,0.04343845371312312,3.2703257788674778,10.695030699925177,-2.2695977895632877,5.061062040229908,4.1,-15.3,1.0378215529539212,1.6,2.2987792472024413,-7.390000000000001,0.2,1.3,1.8,2.4,0.07482430541983384,3.684360611241353,13.574513113666756,-1.4886930719356146,1.4031326400808863,3.9206403210806133,-13.154711646804309,1.501153400157481,4.282560843975702,2.9663318390518625,-7.924118838712767,-1.7367531854883693,1.7655783915839611,2.545807658487333,3.2647090950443185,-0.15116908725639056,2.7696968085389044,7.671220411230593,0.2370293120344784,3.813930099838018,12.392895056719276,-8.953022191889623,0.5256608891379915,0.6950534526390912,1.5304108868436945,-5.198661513710987,-0.41180628766000443,-0.00649345188864589,0.2832471649790868,4.6358451990239065,0.14305480919076763,4.601438651082856,21.17323765967921,-1.0128700958276722,-0.4185556614344952,5.222704558615968,-11.294806971568375,1.8992933788607655,7.163973164960975,4.036114755217323,-9.300393933160347,-3.735127936152959,2.502769970751603,3.4288452288080156,4.4117491198017715,0.08260673028014359,2.3887990566742,5.706360933167549,0.2581423763795976,2.77378717061074,9.576741726684281,-7.1214112344680025,0.9644306481941516,1.2592072252121493,1.4584254208312135,-4.471380849927877,-0.5512447375024043,0.048206114779104636,0.7079624877097451,4.199286351494584,-0.21102905725585624,2.2848096657983277,5.220355208925467,0.6111521074270145,10.229062611404723,13.31375759499397,-10.866378591717586,0.2709661579116527,0.37000377730869727,1.1075520522780318,-3.9514420997234305,-0.22558890331568882,-0.020437876476951108,0.14441487399300848,2.080595263938484,-0.05636763551549094,3.1473062062651094,9.905536355994874,-0.2929007285809643,2.771526480250052,10.389741925633896,-10.764799299671873,0.6216401759772664,0.8561471569221075,1.743905208513814,-6.512968713027948,-0.3496743847032524,0.021035189575961302,0.5064727722188551,5.840552298179523,2.804781281790438,3.6780102553457996,13.527759438428875,-1.6034756565662176,1.6165125478546818,6.5,-8.2,1.334341996655041,3.9000000000000004,4.227568667344863,-6.8,1.3,4.6,5.2,5.8,3.9707689509557986,5.1638635996874305,26.665487276176826,-1.5739329090177228,1.5394959759994036,10.223662871750339,-12.040920938470371,1.8941204251557933,5.457191245388872,5.955083479478453,-9.238127234206866,1.9141885188322516,6.415420069953378,7.371379764221124,8.262328204098129,-0.04098030780943036,0.46404371352541746,0.21533656806245968,-5.714317261318806,77.38811363074825,4.007243527612214,-4.881874110155733,0.09449250574753894,0.12819108608594515,0.14693061205441313,-0.2971276310397772,-0.07148564605163808,-0.004533405117566447,0.05670544003430708,0.21402075073873716,5.626969945538591,7.1932219403597655,51.74244188327311,-1.6315219515456616,1.7808993147127818,13.28691215156547,-16.93332152361832,2.859611120912503,7.176129071714845,8.34752164945581,-12.985295232137844,3.0811875440642567,8.872118279236233,10.257316615779102,11.655054843239657,0.09054365481417986,0.9522451744868837,0.9067708723335556,5.4713774262129915,36.11560188976621,7.158804374023111,-2.7983355039293887,0.1918510961370537,0.24789387766905363,0.33613976853244326,-0.46071433532497236,-0.11121956062864286,0.020372983794207246,0.13667431704041078,0.4685067371859572,-0.05743450476491869,0.358153702886226,0.12827407489111503,-3.3389803880095084,17.870987614858063,1.581795224366809,-2.1105344023832506,0.11057158814113635,0.1423547156344221,0.15280447838649602,-0.3513806350606774,-0.08150597313653929,0.00011259110542169003,0.060848742497882816,0.19282447862034802,0.034847772280961024,0.543355573964078,0.2952352797578326,3.5304021007584017,39.79652371687299,4.0090738680463085,-3.7351386814313896,0.13865015379425236,0.18663379290176146,0.19082720830326982,-0.29124601684464746,-0.09334743162513065,-0.0028456048056257717,0.0932863612766308,0.2614531254079062,-0.001195993900829839,0.30417324814155816,0.0925213648849859,-0.44620261614134393,6.560082901398102,1.330563,-2.038938,0.05797715975466156,0.07827,0.15601884391402512,-0.52824625,-0.039619,0.000318,0.038651,0.53005725,-0.0016963576038745555,0.4127370919377628,0.17035190706124126,-0.24992601508834647,6.142796077735742,1.849615409115758,-2.432628965798779,0.0820312003674512,0.11065924249234049,0.21399469374804106,-0.6724971926773354,-0.05660721051690825,-6.532661633099247e-05,0.054052031975432235,0.7367819034837332,-0.0009316661453564697,0.12113612941100735,0.01467396184868032,-0.012124074258870257,12.915761528202813,1.057181505361135,-0.9687986731117713,0.007595866862605525,0.010243369910790435,0.050853609607189126,-0.1784686436718681,-0.005227397955117618,-7.396894173785501e-05,0.005015971955672818,0.16943455056810555,-0.0024130745627673803,0.5770304247039103,0.33296411103397505,-0.21330949486036965,6.161415491235287,2.512061955939229,-3.158029758180909,0.11614298760745413,0.1566235458438922,0.2990981055286692,-0.9242234962216472,-0.07987889739501308,-2.5722427917742848e-05,0.07674464844887914,1.0208796734012888,0.0011015210414164697,0.08763385968165634,0.0076796933627042326,0.1602213051327946,13.136355409427583,0.6839929881557011,-0.7416289610176022,0.006929980972007733,0.009347165957017635,0.03805547472976116,-0.12413684862401463,-0.004624495512276351,4.9298274253982075e-05,0.004722670444741284,0.13345851352746252,-0.0013172684821459513,0.0810786263942638,0.00657374365798061,-0.18586254594968474,11.723804142651717,0.6701991276458955,-0.6247558173956802,0.007621618688775096,0.010287123740523417,0.03609848933041506,-0.1273049648324826,-0.005242742635499223,-5.111101273264547e-05,0.005044381105024195,0.12048362117301382,0.0009728281547847965,0.15089095166203628,0.022768079293474974,0.2666202800509508,12.77401840799171,1.1052548785099057,-1.142489891966799,0.007449593178587619,0.010068071869659998,0.06264600539005478,-0.22043933893679096,-0.005077261692660757,-7.49686903800425e-05,0.004990810176999242,0.22193322531688064,0.005209327654458552,0.5088711031734494,0.2589497996449634,0.5167044785526691,6.05694312325118,3.596287,-2.839645,0.07598781150506762,0.10244500000000001,0.25941020523121133,-0.893147,-0.048015,0.001615,0.05443,0.92023175,0.007371077971198579,0.6858513018860747,0.4703920082988235,0.6087542165683694,5.763251962598437,4.119767644443311,-3.3818561792780546,0.10735394202621878,0.14464943717436618,0.3524171634190082,-1.210329692658493,-0.0683935267898467,0.000970044271669992,0.07625591038451948,1.2628369982750163,-0.0004624331000386326,0.21785792318487543,0.04746207469442708,-0.057949098094036,14.338893763032416,2.1052750227426618,-2.0914669615247923,0.008919648331988486,0.012042073552895487,0.08884753608110732,-0.31103674714419044,-0.0060073708150224885,4.2753932052990535e-05,0.006034702737872997,0.2981970630057474,0.010435730343295757,0.9331643569674672,0.8707957171145065,0.6370453328117108,5.327395254793672,5.25149561904421,-4.267073890854769,0.15018107925554366,0.20168607380020787,0.4863600069809297,-1.6617822592033513,-0.09493395057045348,0.0007080156958011753,0.10675212322975439,1.7681427876651103,0.0008800680109122664,0.2642404419265349,0.06982301114953048,0.27956949235110845,7.848067343039835,1.6522476199223415,-1.6014636888850369,0.025459540527509705,0.034405726272068074,0.12276927432273035,-0.44591978183187686,-0.01750394172886892,-0.00018956190859643592,0.01690178454319916,0.4464449312506486,-0.0006541548194392122,0.2322720111163086,0.05395028714801459,0.03582720960907931,15.002241493797698,2.3109819113734753,-2.192903253886658,0.007861900052033957,0.010590023199223666,0.09560720384465796,-0.3478342462837835,-0.005322792451791469,4.08217226226993e-05,0.005267230747432198,0.3361732081676081,0.0011432878571577183,0.20237557957118998,0.040955875206775044,0.07903559125952882,12.72197910856249,1.96739131929559,-1.7042486153564291,0.00966730362083673,0.013057263331149472,0.08353169483545246,-0.2824894897721003,-0.00645166825633955,-3.35450446588511e-05,0.006605595074809923,0.294304968767928,0.006283475925871624,0.1816689558208557,0.03300360950904003,0.3210028025144969,9.24410961518266,1.469019,-1.199743,0.022507384279133544,0.030301,0.08931907528663169,-0.288967,-0.009003,0.006601,0.021298,0.293762,0.008888355706943284,0.22884917458630502,0.05237194470883312,-0.1559376275581103,9.244056057789301,1.611285837272302,-1.636513096895713,0.030345626373600734,0.041045782614923226,0.11276802413354481,-0.34293100133600113,-0.011504832899308074,0.0095436391891856,0.02954094971561515,0.37199180986472824,0.00018498791652406542,0.11674543366166623,0.013629496280850511,0.023910889199245288,12.122077169636288,1.150425400761928,-1.051042889522718,0.00776056891566762,0.010470992693488841,0.0506363917142055,-0.18043162220864115,-0.005166976526489844,2.678515236934385e-05,0.005304016166998998,0.18110731517670417,0.01257626656282353,0.3174213723491482,0.10075632762401658,-0.25464093398647003,9.411181041064212,1.9805945404246605,-2.2479766940823946,0.04224058920203525,0.05707417474958326,0.15624452567579858,-0.4613229093862443,-0.015669505339120104,0.013405261388682494,0.041404669410463155,0.5172732282830002,-0.0006211091996491489,0.0630000095426504,0.003969001202374042,-0.3985638762904228,11.90507991669495,0.5425040883028102,-0.4575880999331035,0.007033340040413848,0.009488916872673794,0.02840986616284613,-0.09745255280958234,-0.004734877214796127,6.260899440254161e-05,0.004754039657877668,0.09398403807185338,0.00026109376731264463,0.14249881265106157,0.02030591160696234,0.11896869339001795,10.780668384377336,1.2592975679095109,-1.1351859017436794,0.008527514603513926,0.011491515518021272,0.062264911664770474,-0.22464865993694394,-0.005764229156679849,9.379374631813777e-07,0.005727286361341424,0.22686846138542616,-0.00048621113184260195,0.08335501243703514,0.006948058098378283,-0.44644363739032944,17.23180240811228,0.740775726433716,-0.8961551323050094,0.006671164583043797,0.008992610513989282,0.034605502967429584,-0.11749494712375763,-0.004419244271059459,2.8624104713606698e-05,0.004573366242929823,0.11616463758747518,0.00015645123596164584,0.8877189917502281,0.7880450083140415,-0.0003648395382575589,1.5426385333166017,2.889867,-2.887591,0.6977170518353918,0.9416089999999999,0.6370353019529074,-1.6819925,-0.46977925,-0.000617,0.47182975,1.681807,0.00021347009117436027,1.2552895114422717,1.5757517575369773,-0.0003413375468951724,1.5458519398322297,4.067952783737133,-4.093090679873581,0.9849745832686748,1.3286809480502664,0.900310530789559,-2.3790234718019034,-0.6631817503617282,0.0004690252198675743,0.6654991976885382,2.3784509334755066,-1.5000857155470773e-05,0.014894436920964765,0.00022184425119259836,-0.2399915890447879,3.524986933062287,0.05630798250899894,-0.25355611891145713,0.014782013197707982,0.01982714220494511,0.012026265103378394,-0.02235658408873448,-0.009733009266045195,-0.00017463668077021856,0.010094132938899911,0.022306139924492825,0.00027866795902906793,1.7744300843627134,3.1486021242914664,-0.00028906442801036804,1.5570024085057206,5.7461360850839345,-5.645975877797892,1.3701398554115995,1.8491155505382855,1.2705546866776405,-3.3546574001921687,-0.9218768841462791,-0.000525954169372414,0.9272386663920062,3.3632808750248526,1.736488610497706e-05,0.04930186835084478,0.00243067422288403,0.0011375485252468325,0.061840087243099084,0.2049792530107269,-0.2725543877365755,0.03631238620497717,0.0490562921422021,0.03734235368186491,-0.08939199807530197,-0.024200374076002035,-0.00021609556827049438,0.024855918066200064,0.09015580840532539,-2.1980513343880472e-05,0.005953412405315575,3.544311926776538e-05,-2.1052862903352474,53.07515946389042,0.039189628806195934,-0.16561300871969462,0.005413083230350491,0.00729069188938789,0.004488720035589082,-0.009219485543208441,-0.0036556242748418157,1.7971511983397817e-05,0.0036350676145460743,0.009164579433193352,-1.7699924595372047e-05,0.020218556089910276,0.00040879001036084794,-0.016154635408025114,0.07666288567524715,0.15928723244538223,-0.15993328465071768,0.021290278761731243,0.028689219581877305,0.016477472232121305,-0.03340006551804584,-0.014501116053134387,0.0001838091230782267,0.014188103528742918,0.0335370961374318
-6.259152016546019,7.986577189664355,63.78541520646698,0.8201916976052066,0.2500809755008526,14.8,-24.7,6.226929317723527,6.749999999999999,9.298448810754913,-16.74,-10.7,-9.3,-3.95,9.269999999999994,-8.80469856762279,11.330289087373277,128.37545080344998,0.8498774206605428,0.28224769373690206,20.898186838131362,-35.332639182484975,9.086860361976486,9.51734347813817,13.176329765422414,-23.23817597011077,-15.031352810668091,-13.426011605442213,-5.514009332529921,13.231176195422774,0.03508848159196782,0.8329662879384262,0.6938328368419212,0.3713736188622733,41.40757428705744,6.748687917338446,-8.573807580350381,0.2658953862050005,0.3595652345864202,0.3696061099894206,-0.68048152596064,-0.15332590670213606,0.0210619169096411,0.20623932788428412,0.6523435986292253,-12.32158292170971,16.156243376756663,261.0242000489936,0.8791210054793748,0.282969684153632,29.506944685047355,-49.70601507359544,12.899718963665093,13.455196312722448,18.678080215976852,-32.899694930875185,-21.196233567312483,-18.997755405015187,-7.741037254590035,18.920825321509767,0.1078570438087289,1.2541497078738202,1.5728914897599886,5.710153208508189,51.41515356853137,12.89791780657022,-3.9868037283298343,0.33570819637795485,0.4482175174678199,0.47945855737115667,-0.707658519541059,-0.21203362750314136,0.008859447240705531,0.23618388996467854,0.8042897602367791,0.047919877638421815,0.7238602180567452,0.5239736152851586,0.31534166118660717,10.491157676349365,3.5235795163623087,-3.3421077669296273,0.2639198096294863,0.3601438427230339,0.38033567287573883,-0.6063611065125707,-0.15775844945330503,0.027150689186274352,0.2023853932697289,1.0044746645377527,-0.051522134157389925,0.9182522378058539,0.8431871722354585,-0.701394787061851,30.9498868381923,7.282352051560695,-6.078858217261673,0.2656850670293151,0.3557820610388476,0.38918561095390414,-0.6400152556993254,-0.17819771978512072,0.0077942596277807575,0.17758434125372688,0.5315391554040948,-148.24715615305064,12.78229246663551,163.3870007026069,-0.2493371526175105,-0.5828699768172751,-111.6,-184.2,14.23298129765377,19.30000000000001,148.24715615305064,-170.6,-157.45,-147.6,-138.14999999999998,-129.53,-209.56516627467738,17.336912073115563,300.56852023094024,-0.14664227362604387,-0.8762306154308583,-161.3384607637643,-250.60092130102746,20.104249951237794,28.10035580969148,209.56516627467738,-237.4136007141571,-223.6500411659853,-208.63070466394197,-195.54968535629382,-184.5577412582748,-0.09591264606136116,5.008987398601611,25.089954759349727,0.0932639597044134,0.7858396233317335,19.72396118618337,-17.243164603272984,4.565530119618876,6.187531764136101,3.8562370479930475,-8.362590312094683,-3.2755829979507824,-0.13948959898859847,2.9119487661853185,8.204488675540302,-296.1253136343539,23.549508251971154,554.5793389096575,-0.22621115669679603,-0.9058101132546028,-232.31438852558162,-350.97975564321797,31.03287371392245,41.88801488226659,296.1253136343539,-334.0137426103444,-315.8553726595177,-293.52046889234146,-273.9673577772511,-265.86996733863066,-0.30854641992616555,6.543828198597733,42.821687492762855,0.010892623224421165,-0.4220006982598492,16.42130706756495,-15.056529473699278,7.058642377075844,9.376572068369345,5.372894009954233,-11.142499576168479,-4.908781364757928,0.0568767312153291,4.467790703611417,10.519958054692484,-0.12577468282719204,4.274260414558583,18.26930209146251,-0.3468397659788228,2.9988334625693662,14.306685233374477,-17.4403540205544,3.014464279390501,4.090694275238169,2.933581712530263,-5.924704161941934,-2.1758330495520575,-0.015329076981529854,1.9148612256861113,6.693864021602987,-0.2614761738665466,5.581881467304778,31.15740071504054,0.0885724244167794,0.5540342802179401,21.618978902560386,-15.731831397723624,5.453012212663858,7.315832237791987,4.4341739527888615,-8.643951580539444,-3.7600799708921913,-0.26706100513005737,3.5557522668997956,8.107102722077542,-1.4066184074457084,7.014484765654799,49.202996527603254,-0.8448518919171958,0.4828640080211022,10.4,-29.7,7.116490648826891,10.1,5.525956566701138,-13.8,-6.2,0.1,3.9,7.4,-2.018296275129357,9.52562117323935,90.7374587360658,-0.6973296588385727,0.11964052252083102,14.819833304764428,-38.60711173322495,10.506643555131063,15.318562621747343,7.686332606069122,-17.654298341396526,-10.006736463397008,0.041903842003744404,5.3118261583503354,10.316738350342721,0.06433841943055513,2.6981298301971988,7.279904580599966,0.12287811436148217,3.12798292745639,10.142456720671253,-10.781406742872308,1.5106635361426393,2.0344144801387642,1.7796467913357927,-4.2389813609416125,-0.9385897492678421,0.006868588141113574,1.095824730870922,4.255947966612575,-2.934467207354692,12.442706893802514,154.8209548450806,-0.24705598150638175,-1.293984010153183,15.726510145938954,-31.078717242646228,16.501279814734648,23.062963992106425,10.653154816335281,-21.970656949358197,-15.540112892575701,0.5652559005590123,7.522851099530726,13.836293569921516,-0.34316674942051983,5.026586027044188,25.26656708727588,0.09334986768518748,10.481951135684955,28.856862185074107,-24.102337777258747,2.7679849221338144,3.7047607193800762,3.047466679901388,-6.319533339346297,-2.1653052469958443,-0.41361720440570215,1.539455472384232,5.218711192355782,0.08969877140572591,2.2674377662645804,5.14127402388291,-0.028916415353109726,3.3618029891351586,9.31752106324044,-9.331569705786837,1.4420888304747916,1.8874436606585097,1.504924370269208,-3.606123035722958,-0.8347232890769924,0.004664251106296709,1.0527203715815172,4.026634138868402,0.05659830862987158,3.0350619674572967,9.211601146305757,0.18440108445258266,3.2204058199379473,10.736457491925938,-11.110177596658733,1.7098245567224497,2.2063092277924294,1.9964640819234976,-4.393351590987287,-1.1146040852268184,-0.13914566824935307,1.0917051425656108,5.747602200147953,-0.541158221302999,4.332513606410641,18.770674149733342,-0.07573232488003953,-1.4516297800201516,7.0,-6.9,5.7821486521718475,8.7,3.8677352637021722,-6.7,-5.1,0.0,3.6,5.6,-0.7737603395538504,6.148053231002985,37.798558531246236,-0.0626194241196262,-1.4549616076228535,9.92100561984884,-9.765774864102035,8.343431362995895,12.395349834432242,5.4954204987214075,-9.431466744158813,-7.252045907329977,-0.04385395986520038,5.143303927102264,7.992158468830014,-0.005122727599388716,0.18485809253928107,0.034172514377261404,-14.365908801232615,283.68786953400934,0.9492577603909378,-3.572181233205385,0.06203957556438216,0.08263814856929882,0.062379722172445064,-0.10568966009655585,-0.04386783139672906,5.190514684727532e-12,0.038770317172569756,0.10351277430496107,-1.1176154346789429,8.751593347026446,76.59038611171755,-0.046349675603243816,-1.4523143255827973,14.00147382324625,-13.875023216493403,12.027324524686726,17.752023200030084,7.824377780588951,-13.309608656070743,-10.396336880609832,-0.10732670744997602,7.355686319420252,11.646428413719248,0.016368327267760076,0.37950462475544233,0.1440237602107691,11.98314690855635,169.23173076642678,5.461602724489757,-1.017032082305791,0.07369259624280476,0.09762952592844484,0.10357093366118818,-0.16519362862264694,-0.05916474803468941,-0.005305683813630363,0.038464777893755436,0.14381972996571116,-0.007225531623040432,0.1455996815944033,0.021199267280391624,-6.988384446348198,66.30608777040838,0.3745278551750893,-1.4377693421150224,0.062277050665242195,0.08777767823706577,0.06558504266669996,-0.10734296151121045,-0.04203620136518178,-0.001974211344691513,0.045741476871883985,0.12177592405701608,0.007336840070530611,0.21487572306567382,0.04617157636299615,10.325811248787726,147.39443119291604,2.982614848413764,-0.892109594120111,0.057663371453650115,0.07813602447621068,0.06991934532921655,-0.11032051381668696,-0.03517602053550844,4.592731557922765e-05,0.042960003940702235,0.11039165770568646,0.05356773526370218,3.2065059882772156,10.281680652857643,-2.0735601361233233,3.7349401113698892,3.7,-14.7,1.0378215529539212,1.8,2.300103412616339,-7.9399999999999995,0.0,1.3,1.8,2.5,0.08612278583207389,3.428744601262359,11.756289540685772,-1.210968777655454,0.3714204799229459,4.281414838344432,-11.508817587136008,1.6534475086540437,4.428559499859152,2.8638020259573485,-6.943175880381438,-1.9541145042940793,1.7063300188377786,2.474444995565073,3.2833495519977616,0.029471180640504288,2.945406917589414,8.675421910183573,0.4863363684747664,2.6137720270110396,10.191849991562274,-9.070908407628497,0.5119157873687302,0.6810111807056294,1.6555722918141729,-5.490634546346406,-0.3954617661402438,-0.011971073221397413,0.2855494145653856,6.332236702503049,0.1506755960372971,4.49053125343247,20.164870938053795,-1.013747209744714,-0.30785573264562016,5.570224459163811,-14.18171419887686,1.9726832093424633,6.642133993226873,3.9194648798229967,-8.670741075462612,-3.26014788009646,2.573550585296721,3.3819861131304125,4.405959340701302,-0.1035009419457144,1.7521679288140228,3.070092450764423,-0.28177355245487584,2.135622530121789,4.773852595650226,-5.515462938318968,0.9300133435358752,1.1705606198010328,1.1253401934633418,-3.716441444881743,-0.7135818663206246,0.0051341300239605425,0.4569787534804082,3.296756155844512,0.04160981992649331,2.728844886886267,7.446594416685325,0.466654122296889,7.190702434027775,12.52540805945115,-11.925508751271721,0.23752424494199564,0.30674262143265074,1.2530577362567354,-5.517152932117683,-0.1276252901512004,0.011218351378050053,0.17911733128145038,3.2810149941882933,-0.20203481309820392,3.101233422746534,9.617648742360181,-0.4271679368320485,2.4017596640550414,9.825069351240048,-10.801107610986437,0.6853459895619032,0.931390638694512,1.7841601319475995,-6.4981503731295485,-0.571931518848575,-0.015895791752252458,0.35945911984593704,5.143482710759788,3.356049638055843,3.0139904920659735,9.084138686264088,-1.600474279615027,2.008885255531923,6.5,-8.2,1.334341996655041,3.1999999999999997,4.113650465356773,-3.7699999999999996,2.1,4.7,5.3,5.9699999999999935,4.744579549332965,4.213094984820973,17.75016935112364,-1.6056475770212018,2.139784345677189,10.312142290516716,-12.651669844615455,1.8189302369225744,4.501432942370926,5.778602277345861,-5.060669062093971,3.0306034795627683,6.608176646599871,7.532036421933694,8.401559604781554,0.033733571381844185,0.541594670313845,0.29332478691236247,9.31340705883087,98.48275584065783,6.658912594142016,-1.2439460386895118,0.09356198252956008,0.12119058936158454,0.15083665663408227,-0.27725702750694303,-0.057498969409690945,-2.7153557180525922e-12,0.0636916199518936,0.21548644053275895,6.704744068392734,5.835546642944001,34.053604621975,-1.5279112475885446,1.9611196143812553,15.227313202280168,-16.563804173877045,2.639727223818972,6.772178602096999,8.040276655202153,-6.419307737116056,3.7237937205078113,9.304222883653082,10.49597232260481,11.87091306051714,0.03577916793639455,0.9835814254104532,0.967432420412459,4.043787127793365,31.75087396372936,7.7369618517210235,-3.9434635641275677,0.1714809678653658,0.2392690927374575,0.3549214532778008,-0.6601909476405003,-0.14175481871173484,-0.0018172935117064526,0.09751427402572266,0.5602213095390359,0.047378547693323635,0.3530359618957692,0.12463439039167101,5.428327679741821,34.47354112827321,2.8301687315721034,-0.5586136880009627,0.09899194389037304,0.13456168542468094,0.1378848304208751,-0.20221551262886397,-0.06352674685100367,0.0047849228007702145,0.07103493857367726,0.19790499746743542,-0.06988701258124755,0.6699816661730064,0.44887543300795774,-7.181009246728979,53.81767853267629,1.0518689842606233,-6.068492150449449,0.12787618977229287,0.17422896021529127,0.19350908982299334,-0.23840281220394727,-0.08458552450529151,0.005379162876236543,0.08964343570999975,0.26086427717253974,-0.0022218961128906587,0.2510475869597978,0.06302489091833723,-0.49049185055611433,5.994848142785955,1.133847,-1.748321,0.057009020505977406,0.07688924999999999,0.13372814997258536,-0.44513225,-0.03956,-0.000157,0.03732925,0.43527925,-0.003144047272889234,0.3393767878479179,0.11517660412997069,-0.34465945191239694,5.395919701810335,1.5235969146214987,-2.067475086710621,0.08068287858612751,0.10899247865243865,0.18371173849210712,-0.592247294619463,-0.05666630269939986,-0.0010880118384162876,0.05232617595303879,0.5923617594166228,9.045260851288992e-05,0.10422276194496781,0.01086238410743743,-0.03764913336116331,13.065387941222504,0.9447060250552809,-1.033553816436466,0.007766456271995616,0.010478068689015062,0.04565760538510305,-0.15759888561224103,-0.0052606794416947995,8.09197280630952e-06,0.005217389247320263,0.16504842024278524,-0.004451189722063542,0.47374208962266057,0.22443156748004495,-0.2911319614723774,5.240021423323526,2.1465283609881687,-2.58324526405631,0.11363776342203982,0.15340288540786298,0.25736053858292895,-0.8428999333491186,-0.07960077095659959,-0.0006458312428031699,0.07380211445126339,0.8171072634838755,-0.0013623021070826428,0.07668374054516863,0.005880396063998739,-0.35432986235144104,12.469381414361415,0.7018188842628603,-0.7273148294781653,0.0075518025317626285,0.010209047664961727,0.034727271284441266,-0.12416704459096764,-0.005183596397912193,-4.344099945567236e-05,0.005025451267049534,0.11444517910866457,0.00012768057807443576,0.07297185022792664,0.005324890925686956,0.15939409690427153,10.297681617813867,0.5723980577758686,-0.5347235057766212,0.0078008293001063655,0.010520961022210607,0.03356704383942656,-0.1145995558509743,-0.005303261204278431,-9.657903518799883e-06,0.005217699817932176,0.1163477905113271,1.0015055539120447e-05,0.128047386743763,0.01639613325190681,-0.204551588267469,13.097847597190661,1.1083356324458182,-1.2127499418667766,0.007763535385336254,0.010493629665922436,0.05563658841457079,-0.1965412346573841,-0.005174230472275464,-2.9414221798638117e-05,0.0053193991936469716,0.1990505460252076,0.004375317519406689,0.45901033167986693,0.21069048458886147,0.5515226995001642,5.470838447818389,3.012437,-2.577312,0.0803525924363481,0.108454,0.24103262906530457,-0.821075,-0.051741,0.001195,0.056713,0.83947675,0.006188308404219968,0.6204310650525867,0.38493470648228706,0.6209615112295384,5.193965205625682,3.7119017864940096,-2.928615283941028,0.11307274999148656,0.15255099769049513,0.3288124828375753,-1.1013210174326422,-0.07382685795531482,-0.00042985706854267513,0.07872413973518032,1.174091626326735,0.00012858159798922713,0.19081497297878713,0.03641035391289526,0.03296136816437599,12.834789025686682,1.939223611654306,-1.715894453288871,0.00873242721652333,0.011779540678597121,0.08041287949278689,-0.28269443986849024,-0.0058671963668875836,2.6726212533262448e-05,0.0059123443117095375,0.2865846669326322,0.00875413410569838,0.8400227759727186,0.7056382641529122,0.6298563176584946,4.737945340383111,4.769325916790876,-3.7723026221355656,0.1590015784625417,0.21433605968196962,0.45156303046387763,-1.495418843421501,-0.10414333811081061,-0.002480473686818163,0.110192721571159,1.6780773003430483,-0.0002378834317829678,0.25318012087405944,0.06410017360580336,-0.06837451763214493,8.359283558490542,1.5021646801564532,-1.568169120911507,0.023645906351705024,0.03192129987999645,0.11657331563099582,-0.4050301321272654,-0.015943835439557755,-0.00013102231631191845,0.015977464440438696,0.41197045223784623,0.00018166228527316243,0.21261073733151736,0.04520332562865147,0.14315117837245225,12.405684082899567,2.238999751863272,-1.6329252902003888,0.007757784019875248,0.010461568030007964,0.09066942845574628,-0.33060551078958456,-0.0052287126639606624,-1.365143497528338e-05,0.005232855366047302,0.3312421112845353,-0.0007563628137315249,0.1661451819666282,0.027604221490723994,-0.21809993389089918,11.643377130356239,1.3613847701858046,-1.2400164393203725,0.009462378642359043,0.012763129498437182,0.07068935064318124,-0.24520144583713688,-0.006345738255559019,2.621262896061124e-05,0.0064173912428781635,0.24195899912281962,0.004930560066949471,0.14899858071494496,0.022200577055067967,0.279964686319046,7.911156936245403,1.213247,-0.969494,0.021610409936937653,0.029152,0.07451333105358844,-0.243168,-0.009366,0.00521,0.019786,0.247918,0.006973267205232091,0.18224183242009018,0.033212085483832234,0.04673812854909541,8.028566006064766,1.1688816923922551,-1.1562492688937411,0.028935513678926304,0.03902885534405393,0.09118851569504281,-0.28962251092579505,-0.012197702578487204,0.007301733106545722,0.02683115276556673,0.3013761852716014,-5.20224326659527e-05,0.10576031988805927,0.011185245262824625,-0.046982692155154084,11.495321372736315,0.9400371279268444,-0.9731369827834037,0.007748053010866737,0.010450892133884915,0.04690460383660095,-0.16860055974187116,-0.005159652876790226,3.961008175759674e-05,0.005291239257094689,0.16635632698519237,0.009862777638014871,0.2508297898036736,0.06291558345295507,-0.033587230979619014,7.961872971317911,1.5921558246896461,-1.55030372186217,0.03991516016954964,0.05382542700355,0.12600910993480505,-0.3924848090301062,-0.016309452498297468,0.01065447021473421,0.037515974505252535,0.41148716036029587,0.0009920918658303695,0.05912854184918025,0.00349618446121026,0.26082629487102527,11.310743977739975,0.5039633610029415,-0.48018745456243156,0.006879914775054691,0.009292960916957324,0.0273042418792113,-0.08811762056621053,-0.004519184362263793,0.00010004123884136307,0.004773776554693531,0.0951512759939393,-7.406720843145505e-05,0.13121251107872442,0.017216723063584377,-0.14436298093383693,9.230515162956301,0.9888149307055203,-0.9813241620059694,0.00857428150875749,0.011577386705219272,0.058977221837265024,-0.21300655026666,-0.005695095909873986,5.018956215853412e-05,0.005882290795345286,0.20948903524326712,-0.00016172124645559682,0.07176269408978557,0.0051498842630241445,0.18678635812118619,17.213806550686176,0.696053280638039,-0.711750053775499,0.006583635301002293,0.00888876517546204,0.030657527263990157,-0.10020468343851789,-0.0043954986116669734,-3.604621656524314e-07,0.004493266563795067,0.10121693218185715,6.77732519550972e-05,0.897434808999372,0.8053892364037394,1.4718413208303733e-05,1.583626136853069,3.052589,-3.06132,0.6931951150689497,0.93487725,0.6400013221510404,-1.71753825,-0.46629075,0.0002525,0.4685865,1.718277,9.021243316720188e-05,1.2690383515369312,1.610458337671572,3.353448502853598e-05,1.5861314936063442,4.316379741984499,-4.3245243122479735,0.9799790117454956,1.3219847783061236,0.9045596252116429,-2.4318894522904118,-0.6594132494271958,0.0009790277011458518,0.6625715288789279,2.4272535785049327,-1.0055089348848745e-05,0.01408208285515221,0.00019830505753937183,-0.764224123290482,42.48296110931523,0.33773022226668753,-0.4214169840600162,0.011792185627574678,0.015933732793662194,0.010662409530149419,-0.022149192236304065,-0.007752295008034846,-0.0001709303611018148,0.008181437785627348,0.022375139701408447,0.00010881230539982922,1.7937424206746972,3.2175118717279227,6.213608670075292e-05,1.5948925386384802,6.072815602207248,-6.011174499505475,1.3579929239597504,1.8315250208791023,1.2763827095194467,-3.4290182233702975,-0.913474558656689,-0.0002581287455483139,0.9180504622224133,3.4245238659006008,-3.3800571461147095e-05,0.05403195914195814,0.0029194526087182333,-0.05503026399311935,0.3674792667546205,0.2997745066107154,-0.5053313849627992,0.0444448224947684,0.05988864727477258,0.04215292560027362,-0.09667172297560084,-0.029417024348129792,0.00047557858712930084,0.03047162292664279,0.09689465960111857,-1.4227328930347001e-05,0.006134104071704431,3.762723276250088e-05,-3.1953213293704295,145.90007556133983,0.11884220641888131,-0.2269147483620428,0.005007718859609449,0.006758309753289172,0.004424063065281079,-0.009574040529732632,-0.003377514200046879,2.2167651578502328e-05,0.003380795553242293,0.009636927303378656,-6.505443390779891e-06,0.01895573942756084,0.0003593200572455846,0.21058529474734053,16.52721836023166,0.4047012742279989,-0.30534909878984606,0.016002753385575056,0.021655236160732807,0.014512296703846702,-0.03232259383021696,-0.01101211406214771,0.00029783593930572693,0.010643122098585096,0.03206112347943866
-5.820081135902637,7.796830790700315,60.790570378812504,0.7814380395387398,0.16552123342605718,14.1,-24.8,5.040847542919046,6.8999999999999995,8.903448275862068,-16.175,-10.6,-7.8,-3.7,9.1,-8.172075488214993,11.057368212072134,122.26539177734332,0.8055701917596366,0.17883423578582303,19.86813680820924,-33.780053564126476,7.273111692263555,9.479363229089625,12.602530191798863,-22.611118698085264,-14.804154866488108,-11.153287449972998,-5.3247916373984845,12.912600940948494,-0.0037497302555720845,0.7499495140623068,0.5624242736422901,-1.7145579094844272,50.13293121671884,6.92393339221262,-8.331247873601633,0.26015990273040507,0.36082947346623495,0.34270586149924365,-0.7469680657088358,-0.16392871874011777,0.004188450157147999,0.19690075472611718,0.584938462716883,-11.393816080713972,15.757394734131429,248.29548880723289,0.8213775198437343,0.1567345914476177,27.88761505286574,-47.183737186626075,10.070675308025331,13.47632615013268,17.829579024666963,-32.10717346838643,-20.955703063265155,-15.727937016243454,-7.479376913132475,18.307835689837155,-0.0012528492652689983,1.0477268611707036,1.0977315756186148,5.280085594375016,81.85552425606792,12.213120755632826,-7.177525775595706,0.3019826226799932,0.41342286360597946,0.37750165622829335,-0.5835740076001898,-0.2146969953223714,0.0055092970799096586,0.19872586828360805,0.4759993632665882,-0.0049852531525889305,0.7255090786600963,0.5263634232182218,-0.6297476641101285,17.33500182573214,4.595113000643584,-4.2581788669741325,0.27862562235404276,0.3744611688458688,0.36229985577530754,-0.719604043242803,-0.14568129484302586,0.020020260389619148,0.2287798740028429,0.6494106928803691,0.030331742122924898,0.7645515485505013,0.5845390703909695,3.927696707533994,32.11471580568155,7.002132731887066,-2.481262100463563,0.2525772980277336,0.33697821305011405,0.36159451646247215,-0.7747866548790865,-0.1843574545227829,-0.01796844664992074,0.15262075852733115,0.7703168488453176,-148.32505070993915,12.788286636561146,163.5402750988484,-0.32043407266681606,-0.4758312157367337,-111.4,-187.7,14.010590964877922,19.275000000000006,148.32505070993915,-170.6,-157.475,-147.14999999999998,-138.2,-130.1,-209.67706348155593,17.298314889833144,299.2316980278231,-0.16354628991131703,-0.9035671059587091,-158.5379161979789,-249.50975397377348,20.951070254207178,30.026817960377485,209.67706348155593,-238.09111839298959,-224.92005534648158,-208.42186699002553,-194.8932373861041,-185.49260410260013,-0.2850198707687894,5.239228484237394,27.449515110044462,-0.07559362294974278,1.3941161732846377,21.19970420162498,-21.859599795239866,4.699517785417214,6.424079056940034,4.009712650468854,-8.870392609298058,-3.4013033260544705,-0.4375964964327874,3.022775730885563,7.810836097430617,-296.2861072606508,23.594322947302928,556.6920753416256,-0.2508003565851132,-0.8451853399352709,-224.98649365494026,-346.60296911210287,29.976073314488385,43.312651504543396,296.2861072606508,-336.3625735972155,-317.36781251461593,-293.85509554874835,-274.05516101007254,-265.92924782072544,0.20035218209240818,6.420973753598664,41.22890394440292,0.17980629555936029,-0.060231826704804536,18.017508483837837,-14.663834574699873,5.87006612290857,7.8464037263843025,4.953005631608213,-10.325579753511624,-3.6777681566506244,-0.13792646979232615,4.168635569733678,11.501836105276222,-0.40084914285706447,4.8309686444115405,23.338258043287478,-1.3111313823892408,6.5263371354443755,12.373235966224145,-25.8172619679179,2.5578320327473913,3.4795313043070575,2.980509556984851,-8.011623671715949,-1.8443845880202183,-0.16531563730211085,1.635146716286839,6.411855458713907,-0.08596979602392057,5.560508730177288,30.919257338377836,-0.04169291038709811,0.07944931884263395,18.966679253097354,-17.72237016221153,5.423917988746696,7.593487927449081,4.449014516772949,-9.350777223105895,-3.8480243467259427,0.42305967909734343,3.745463580723138,8.471035150688955,-1.2314401622718052,6.686769455839436,44.712885755547234,-0.5818422355490492,-0.4790479687598115,10.8,-22.4,7.116490648826889,10.3,5.4168356997971605,-13.4,-6.3,0.3,4.0,7.475,-1.767516987392734,9.085504098756257,82.54638472851673,-0.38516757285353354,-1.013767587402888,13.893285198527785,-24.02563868589945,10.923207020001884,16.242056316118948,7.573305237706944,-17.045050349485475,-10.652123883817538,0.3141129363005659,5.58993243230141,10.414847835621705,0.06482543470851827,2.5604001508528347,6.555648932487219,0.010142801548606577,1.8549680614208999,9.460425353343092,-8.968990156166823,1.6171316736770867,2.177282185720414,1.7808439798076388,-4.668444135853427,-0.9710790720831897,0.09338950639555899,1.2062031136372244,4.7542261337230185,-2.5733649524261764,12.535300021085801,157.1337466186337,-0.320708358962085,-1.220795185808414,17.448489332504742,-27.766955057793563,15.044855246524357,24.293723246454192,10.55338019853839,-21.983395698523395,-15.284677334221787,0.8453233046230558,9.009045912232406,14.152091804184355,-0.004320569678169151,2.634924789954772,6.9428286487182005,-0.30060708743218667,4.190670916521211,11.333609158058927,-14.11848296084333,2.6014830306109213,3.5437180632423315,1.9903670859228728,-3.637327222999061,-1.8009269833057422,0.011353116690109355,1.7427910799365895,3.628857671792434,0.09224037259235074,2.3666094756110905,5.6008404100522,-0.024783329709123857,4.626314414280013,9.646047195710972,-8.835460669896873,1.2671726745328207,1.6851452256121884,1.4671856045718024,-3.1934480029736756,-0.7197158257261804,0.07935513031567851,0.9654293998860081,3.3738023940932766,0.2703277528289594,2.6996249831958914,7.287975049895417,0.1450282189161267,2.40459880631167,9.654824662900682,-8.654825489013927,1.9943174629184652,2.673875109099182,1.9031187942773573,-4.629502541834986,-1.1352680860245863,0.2072576133608565,1.5386070230745958,4.892379837394882,-0.541480730223124,4.37284556494068,19.121778334821375,-0.07295521878830925,-1.5246196524544549,7.1,-7.1,5.930408874022408,9.0,3.9729208924949293,-6.675,-5.3,0.0,3.7,5.5,-0.7660098527784763,6.201966680458981,38.46439070552339,-0.06256813232999522,-1.5255858134182516,9.947261500288123,-10.047787614600571,8.507851622522244,12.63841394526283,5.638841915943691,-9.365024369461917,-7.439187560107466,0.027217644156337754,5.199226385155365,7.783745398553336,-0.012168140169004102,0.1785678157413692,0.03188646481864359,-16.2333150996574,323.5827443471322,0.5174069962078853,-3.593131911120366,0.061360227845619834,0.08109103088970354,0.06057988857219479,-0.10722133621979274,-0.04692432433523448,-0.004545996188184916,0.03416670655446906,0.1002797568796982,-1.0836804245269853,8.819934907832971,77.79125177841061,-0.0508596153565037,-1.5188581670512995,13.94403467136412,-14.028245386220648,12.095781104866811,18.022362825410084,8.016786067302188,-13.25992260626509,-10.63877441927786,0.03268259230380488,7.383588406132223,11.224012604334959,0.01602959325489202,0.3571357074412247,0.12754591352954403,13.397059743791662,200.07742336098096,5.37986594265149,-1.0495091532842509,0.07101008672008217,0.0922018214705031,0.08893334643484753,-0.14548218043585623,-0.0474796219214447,0.00046240739046193857,0.0447221995490584,0.11579948898019868,-0.017593621441942486,0.1522614134110054,0.023183538013917097,-7.213920107151197,68.97662352679166,0.34764075178961756,-1.57118150594307,0.06916087439542977,0.09322412518936188,0.06827854913326444,-0.12063167569075953,-0.05560772649813651,-0.0069237138668360315,0.037616398691225364,0.10168395507073277,0.01817873006852113,0.19923595881649378,0.039694967285527606,12.298164213988004,177.23274569798326,2.923120322274928,-0.40919809968681053,0.06896175069782487,0.09287758642086469,0.06864515448930632,-0.09817152095253891,-0.039144746869546984,0.008719230560120153,0.0537328395513177,0.10710786339559267,0.02677484787018259,3.372179633522906,11.37159548074668,-2.039494727116476,3.3038151113359433,4.0,-13.5,1.0378215529539212,1.5999999999999999,2.4042596348884384,-8.6,0.3,1.3,1.9,2.5,0.046867289082409655,3.693860557325152,13.644605816962484,-1.222090307042018,0.21110226406505905,4.696693646762045,-11.922686203386005,1.630313300390086,4.451942991078459,3.060573282669259,-7.56789932348118,-1.8939638582035268,1.7815588781536675,2.557979132874933,3.384492601958467,0.13718206591508564,2.9927666477677946,8.956652207991281,0.38982298945479954,2.7108085573579634,9.68641963634953,-10.029379478838601,0.41591252871709167,0.541486471107817,1.633509313856965,-5.373795786086263,-0.2779059928343952,0.00802657892939778,0.2635804782734218,6.481518799688188,0.09129848529432404,4.887940663519106,23.891963930083598,-1.1024529968536343,-0.13401617459238624,5.351848884825957,-14.863067286307583,1.7893336689877772,7.276451960251196,4.232896763567986,-9.970812181949526,-3.8713983465146606,2.7129587689740307,3.4050536137365355,4.499281073512812,-0.07085573571978052,1.7669285896176727,3.122036640808298,0.007226770592620242,4.101320359814785,8.179619909651045,-6.377060825762086,0.9450598056013775,1.2420818545695584,1.111926574750123,-3.2725364147272975,-0.5766666968311829,-0.006575016298763059,0.6654151577383756,3.010670028136124,0.19173443104910298,3.3863114699170813,11.467105371291984,0.6517468362999284,4.920705450115993,13.818118747048109,-12.611971964032705,0.2157600393826774,0.3009832342781851,1.6083093078366206,-5.787750711154201,-0.15876031278587288,-0.0020485039812528096,0.1422229214923122,7.418545547425767,0.07597041063447443,2.4953535597712606,6.226789388263102,0.06251497013957386,3.7986091583429813,9.691836604830762,-9.969276313943219,0.5162758430210977,0.6797002663071425,1.3697542401368443,-4.226635800796538,-0.3617673897565866,-0.0071322755779767094,0.31793287655055585,4.916522751191977,3.0640973630831643,3.4624776632656764,11.988751568613738,-1.6651989541269592,2.1190176660679683,6.6,-8.5,1.334341996655041,3.9,4.1973630831643,-5.3500000000000005,1.4,4.7,5.3,5.9,4.331223555247586,4.858426404629831,23.604307129204347,-1.6469261924362126,2.063299798436055,9.98024945122772,-11.846539054491831,1.839692218278744,5.517516510436418,5.9105247704208965,-7.746060822880403,1.981983239375027,6.6109390970968605,7.499499749811445,8.453620950786004,-0.0012223262517852568,0.4872451015560361,0.23740778899035195,2.0292024153049595,93.06806932128832,5.585086784751391,-4.931503798430838,0.09723427076983862,0.1321964813203389,0.1481827676685601,-0.28039593953836645,-0.06130506178451911,0.002266702553695127,0.07089141953581977,0.2563745726734431,6.118836289903989,6.792982813303534,46.1446155018372,-1.6167460703021286,1.9817893360454457,13.76938603060175,-16.710962679282193,2.7435938665583937,7.680490434663062,8.296947102531306,-9.494188632909287,2.910557818233942,9.269544065219705,10.591048252897004,11.891413926043871,-0.0164697692110925,0.7303251451161931,0.5333748175889884,-1.2074681481970404,59.89381235536376,6.324369316866,-7.237023365820397,0.17448171905783944,0.22940288454442476,0.2713681906736942,-0.5222887960833988,-0.10939219901716996,0.009313438684975778,0.1200106855272548,0.46702878902943157,-0.0013350544218712337,0.47338563547806833,0.22409395987697459,0.696167654144804,50.14227220561044,3.7645347198321653,-4.100966520677069,0.1047039791082114,0.14098673056882288,0.16153843761021192,-0.2624251327560385,-0.06551032469429179,0.004262427982309468,0.07547640587453108,0.2425237622396061,0.052098785399842244,0.4923040073208326,0.24236323562415044,4.135387390968815,30.02094168177068,3.5440865466949463,-2.07107111649692,0.12021961877173702,0.16049865823139547,0.19284161741364378,-0.28131629685286885,-0.0681793735118971,0.011202431470043015,0.09231928471949837,0.30627245727461916,-0.0024578867353830794,0.24798452540310784,0.06149632483940464,-0.7192539224478383,6.165617025618284,1.137056,-1.586847,0.05603939865507474,0.075239,0.1312225592458814,-0.451536,-0.038252,0.00121,0.036987,0.41837125000000003,-0.0034769904304849586,0.3332551553764868,0.11105899858500637,-0.5900810489710275,5.488922696442502,1.563942732020521,-1.9016767479783911,0.07883268496924606,0.10619986774941204,0.18008431630487118,-0.6345060652784674,-0.05432510294513104,0.0013653513309505423,0.05187476480428099,0.5690480747864136,-1.0281696711931827e-05,0.1091929487341453,0.011923100053257682,-0.09455509387223156,9.007812129511402,0.8073757243581846,-0.8306870497845773,0.0076738296891890965,0.01035455666238442,0.04934773414234859,-0.1791422588097893,-0.0052018704031235995,-1.8495676545505048e-05,0.005152686259260821,0.18051806598160655,-0.004920238906678962,0.4643674770330564,0.21563715372604617,-0.5481769295668293,5.183433100234188,2.1990586272296526,-2.4224273174951847,0.11176544875745706,0.15016790573037775,0.2526574524870883,-0.9019187769995827,-0.07671885855119673,0.0025942274963934586,0.07344904717918102,0.7923964170043494,0.0002764805424387467,0.0802667133191972,0.006442745267066188,0.1295249718023946,8.474893908805536,0.5476448906378032,-0.5820673396224033,0.007411868163740928,0.010008455083131373,0.03725355599606564,-0.13037813735477438,-0.00496531915267746,-5.325653985714662e-05,0.0050431359304539125,0.13458249765563535,-1.4251089837402667e-05,0.07375760909727261,0.005440184899746072,-0.03745212531567872,7.839971648796588,0.4950598880518219,-0.49921013151320837,0.00761444529901728,0.010258033833310089,0.0348481928579463,-0.12260488987792231,-0.005105152734835649,2.139993771879255e-06,0.00515288109847444,0.12718793649163,-9.174217055505154e-05,0.13565330092233838,0.01840181805112649,-0.011822233049357622,8.320732048259595,1.0266979002657508,-1.0182261535953818,0.007773612195287916,0.010495887330387036,0.061364881441649255,-0.2249685413408007,-0.005321941841648245,-3.040792117327772e-05,0.00517394548873879,0.22345953413098496,0.004149512730155932,0.4679446864205276,0.21897222954920592,0.6796555822275042,4.828856440612664,2.594663,-2.188499,0.07955050463613658,0.10731299999999999,0.24633067917657772,-0.821105,-0.052582,-0.000548,0.054731,0.8913150000000001,0.005864151081652104,0.6301920654798695,0.3971420393937841,0.7114708901420106,4.4943468183153215,3.309972610180179,-2.7499570800111157,0.11262875252978427,0.15145995266793671,0.33624411531841564,-1.0952016641887647,-0.07570252828562372,-0.0030619729178547237,0.07575742438231298,1.2362681475902138,0.000502347539657087,0.20190160305673355,0.0407642573168788,0.12023828754967422,13.32733133976787,1.8996531140732418,-1.8351706079905503,0.008686784743467055,0.011714756524717838,0.08409106549336676,-0.28667743834473225,-0.005772890963836704,4.621735510115625e-05,0.005941865560881135,0.2847967650255498,0.008281149877366568,0.8481319891033194,0.7193278709403531,0.7004160583179129,3.84207599348644,4.04638600001425,-3.629747177613664,0.15780822777442552,0.21337958124848894,0.46086614634924267,-1.492642274408864,-0.10626629351795025,-0.006088992726585635,0.10711328773053869,1.7931884365734363,0.0004899614921413277,0.27353022647162467,0.0748187847936183,-0.12553625756362471,8.69569672060375,1.732770588528313,-1.9019535437910258,0.023604278168993013,0.03181030550888293,0.12596125269237568,-0.43728994192497045,-0.0158869540809252,-6.95379692061647e-05,0.015923351427957737,0.44992639623108943,0.0007105333054797757,0.21905370169297184,0.047984524225393496,0.15545694031161691,13.908653172932215,1.9475426996030174,-2.1586716846884273,0.007787107139857867,0.010503212083512245,0.09297913760527124,-0.32922440492631233,-0.005159177462399217,0.00014071448624190807,0.005344034621113028,0.329447140697118,0.00030613501390760556,0.18311074386537196,0.03352954451892986,-0.022230491609397197,9.164744302587394,1.1646374815040719,-1.305161721793662,0.009437715739850281,0.012724550828004411,0.07943207665900204,-0.2832321582422339,-0.006291185730101404,6.034388737168289e-05,0.006433365097903007,0.27725524229617116,0.004576709555692596,0.14903445275280985,0.022211268107329513,0.06758151466147543,9.165980300761888,1.192926,-1.126804,0.019457671515667522,0.026188000000000003,0.07131272197750566,-0.23160175,-0.008519,0.004424,0.017669,0.244713,0.006471261560154044,0.18237236530174153,0.03325967962575185,0.12461160907346343,9.349000835981581,1.366676781010258,-1.1216200665419176,0.02608793894626041,0.03519682961779952,0.08751559444980317,-0.2678997108821242,-0.01142911505515527,0.006087364284361768,0.02376771456264425,0.3031156566387252,0.00020093020220883655,0.10563592980207827,0.011158949665149609,-0.027390651020097995,10.29616034856755,0.9584485777504476,-0.8536244972134032,0.007807964372711603,0.010542152095647636,0.04746220617075937,-0.16456946213691329,-0.00516564212557151,4.551402049052883e-05,0.005376509970076127,0.16569536696204787,0.009148453288061544,0.25055705111532656,0.06277883586360837,0.07230733989016434,9.130939357244454,1.8413119843717065,-1.5305796894605113,0.03606985988908166,0.048662327026099864,0.1203306584324308,-0.3674725708447696,-0.015644617804731937,0.008628996694766336,0.03301770922136793,0.4117853652961395,-2.2292245241851084e-05,0.06106536045157797,0.003728978247081143,-0.23721182970469648,11.31033025466779,0.45644365898627814,-0.5330611359212679,0.006912233751213357,0.009339535230790905,0.027912752638623885,-0.09076699517781686,-0.004664101072527361,3.5891427908661764e-05,0.004675434158263544,0.09224427563612467,0.00028410806059921676,0.13292980034845703,0.017670331820680646,0.01423076039841049,9.27561300758446,1.0548551150265857,-1.0377714189621512,0.00855241649422151,0.011536793000279846,0.060219838082363045,-0.2147541065735213,-0.005641969563337705,6.948415545842782e-05,0.005894823436942141,0.21270598207621658,9.314012140786977e-05,0.06814424551745069,0.004643638197142598,0.16553752418388704,11.800386747552455,0.6215450428334625,-0.5760039477340472,0.006792704554333871,0.009161214441682705,0.030604722103013442,-0.10215518296793197,-0.004538802177847162,2.6047115904143735e-05,0.004622412263835543,0.10241531638358053,0.00022767044019616448,0.938926752025595,0.8815834456693331,-0.00035200940983937107,1.626684674208235,2.943447,-2.940949,0.7068150403492514,0.95317775,0.6638703803042317,-1.8224497499999999,-0.47520175,0.0006774999999999999,0.477976,1.82443275,0.00028134323875340076,1.327716325340895,1.7628306405767296,-0.00026177533850661933,1.6291346128879853,4.151597908800667,-4.170864690640165,0.997896339015694,1.3462731811190944,0.9383080113533373,-2.5769185543233575,-0.6708663249734715,0.0001957401536182195,0.6754068561456229,2.5762390132006985,8.020852643653472e-06,0.014278193238900184,0.00020386680216737495,0.33676146237783683,7.040346078193041,0.3167661359244451,-0.05935688409088266,0.013055590024507223,0.017596369563810575,0.011291262750010711,-0.022402984184550508,-0.008908591573575183,8.590003791463484e-05,0.008687777990235394,0.022564749114337496,0.0002845523391539446,1.8767798906248592,3.522302757853858,-0.00011557298703803084,1.6378504744941358,5.811473742571489,-5.832990074376412,1.3853718208217116,1.8678705234895396,1.324365492020938,-3.639313084931219,-0.931059229182072,-6.169133439617308e-05,0.9368112943074677,3.6355673444826575,-3.4779376054422736e-05,0.05316982174615207,0.0028270299445175852,-0.017135007562269326,-0.1311359889246586,0.15299374058374549,-0.23278307834952733,0.04479941172757773,0.06079682846003417,0.04097537492047808,-0.09488996513990912,-0.028986425187857386,6.869863013475586e-05,0.03181040327217678,0.09538899641729007,1.0980581458921232e-05,0.006122600126559189,3.7486232309742596e-05,2.7113847922388112,96.2754751564491,0.2188508482830771,-0.047034613560776754,0.00540353750392916,0.007295128074397569,0.004606772651969624,-0.010202933283005852,-0.0036421556778471705,-4.6196088942854034e-05,0.003652972396550399,0.010090452972442477,2.924078614721939e-05,0.019244666488856043,0.00037035718826729876,0.0789606634317405,0.48377589792737874,0.20427001253966626,-0.0470074165850724,0.018056947792204733,0.024313438959578503,0.015374783498587513,-0.033203864017121096,-0.012104275672842979,-9.943633998172756e-05,0.012209163286735525,0.03334620738579157
-5.820630081300813,7.673777491243238,58.88686098511137,0.947789716562572,0.023455272043559905,14.1,-20.7,6.152799206798247,7.2,8.904166666666667,-14.885,-10.9,-9.1,-3.7,9.1,-8.190257471316997,10.895373774283161,118.7091696813373,0.9712283969644188,0.03591819900536386,19.678688264439614,-28.746168710116677,8.751586882677703,10.087857919876344,12.621214693039082,-21.006215999626985,-15.279034359767062,-13.184169672008567,-5.191176439890718,12.899709723091547,-0.03889428775054894,0.7232878762956683,0.5231453519962979,-4.602581261453211,46.47456149063486,2.2286359038232457,-8.519001542265785,0.2790832949203995,0.37673032241423027,0.34959032377741944,-0.6934063975513461,-0.19102102894313605,0.010305423906880551,0.18570929347109422,0.5892799681256186,-11.49137269131379,15.545451719006195,241.66106914795265,0.983276990473234,0.049604321660594586,27.844167656788816,-41.22681839952474,12.1454845901989,14.21959859557576,17.911788956692135,-29.399491909965942,-21.57041155931605,-18.485880987033255,-7.350812963740289,18.46529217735474,0.10010408028927358,1.1089527987887056,1.229776309941303,7.613040726952443,72.1607596086282,12.493172069838137,-2.3005051448695513,0.26576076254259506,0.3530140555940073,0.3689057884158162,-0.5590023299480316,-0.17119723278311882,-0.021916806499930552,0.18181682281088846,0.44799118162254703,-0.05313071023147397,0.717391172033222,0.5146500937112,-0.877054064710448,7.203571135933418,2.8927146575110885,-3.4912952200690857,0.32207777877859517,0.4385138350815687,0.40596552219641435,-1.216330974412188,-0.2084972477682445,-0.008850510953299143,0.2300165873133242,0.5509968622164946,0.10127522078746935,0.7130033163523307,0.5083737291294218,5.633558026925379,46.55710588441101,7.254625408886414,-1.7478958230107415,0.27136258073180064,0.3694643197912495,0.32211484814155805,-0.5052411628849219,-0.144942996114955,0.01894225701914324,0.2245213236762945,0.707955688679648,-148.87205284552846,13.343987922356797,178.06201367200407,-0.29216434938551816,-0.6054853421602693,-111.1,-186.3,14.82602218505602,20.05000000000001,148.87205284552846,-172.285,-158.425,-148.0,-138.375,-129.9,-210.45141113021762,18.05142930758126,325.85410004660355,-0.1480988164212247,-0.9613953140046991,-158.87877131730386,-248.83126521549943,22.278759733043653,31.2598159722142,210.45141113021762,-239.58564450915722,-226.32852175630643,-208.3841296238656,-195.06870578409223,-185.21588756083443,0.026808383972833312,5.447933653719519,29.679981095329712,-0.06732404957813072,0.9541337019588418,17.662441703009407,-19.506294907975878,4.801858705068216,6.387707848731649,4.15282172266361,-8.61695588395235,-3.0649763571764996,0.01817995626742963,3.322731491555149,8.615070780328677,-297.321262817591,24.78793715780826,614.4418285394514,-0.2315483384487146,-1.0180237273893715,-230.45222144731878,-346.40602020756455,33.49076508195187,46.52605585076725,297.321262817591,-338.6931306695142,-320.17599744428367,-294.8553590923047,-273.6499415935164,-265.1790733252934,-0.19463066141804528,6.024540635392526,36.29508986749578,0.07710981591911875,-0.26774289137958673,15.46225032617341,-14.765731433780864,6.190202591887729,8.335375502010749,4.8778971243041935,-10.479505560524977,-4.483920552265694,-0.5684687176356,3.8514549497450545,10.171134960974573,0.020713537959459866,5.230613114019693,27.35931354855479,-0.7139986186787617,3.7026628606074796,17.296707515006876,-23.40523159105493,3.443525656862397,4.638866839242733,3.5475068466702093,-8.928014703468303,-1.9891458880956545,0.328097470908664,2.6497209511470787,7.057750477050245,-0.1842493600349163,5.585858106513158,31.201810786098765,-0.2545430363310456,1.0294081994917503,16.30165596315162,-24.771593234523674,5.394638592373011,7.129073739841992,4.361960799619892,-9.012330628730247,-3.8088269639770136,0.05643279539056659,3.3202467758649785,8.449405087368543,-1.6733739837398374,6.847989616446963,46.894961786965425,-0.5085683209933947,-0.7150528893555799,11.0,-20.8,7.635401425303851,11.2,5.658943089430894,-14.069999999999999,-7.2,-0.2,4.0,7.3,-2.388863681474057,9.317585990132583,86.817408683515,-0.3238945797201116,-1.1822124261466957,13.071558700520724,-23.350637614264073,11.610134060813085,16.96063364564175,7.894517063058815,-17.47592863728688,-11.480564147898157,-0.1308289473663985,5.480069497743592,10.073611302348716,-0.10068894796995491,2.575970779504683,6.6356254568619635,-0.3852731676808557,2.0563123168730923,8.699992120057676,-9.847987390644942,1.777998972623241,2.418236209649537,1.81378436118729,-4.505937937838814,-1.244416704704507,0.029728067905823385,1.17381950494503,4.161703138017862,-3.44042533345238,12.876088501734152,165.79365510449045,-0.2924409239231897,-1.2920788381680848,16.52010809003956,-27.660047717321493,15.692286352862348,24.150301664046737,10.93147119282664,-23.55789994078548,-17.393251425575777,0.46815029588078305,6.757050238470962,13.818452760640907,0.11236163452012818,2.526538619284854,6.383397394737817,-0.20157718131935617,0.7355137817114583,7.203642539812703,-8.380676605059286,2.4231662398155813,3.279570150301351,1.9528353099170561,-4.143479557703033,-1.5378690135240904,0.20000147839513194,1.7417011367772606,4.455582148775905,-0.13754986978200928,2.7112553371998818,7.350905503494844,-0.8672144663660875,5.039659558101826,8.317067122480095,-13.128286089568,1.4039225485394597,1.80525294571713,1.7031396897670763,-4.967661186366815,-0.9829086803733116,-0.024325043391632387,0.8223442653438184,4.343378055273537,0.02636868630840645,2.396323679428483,5.742367176589663,0.44730454157281185,1.3920704243721254,8.193932088482358,-6.991905722895427,1.9108632214748966,2.500489712045657,1.7643734944487406,-3.610652168669713,-1.234963872584351,-0.12955749592839916,1.265525839461306,4.0045076070095735,-0.6229674796747967,4.204916418714327,17.68132208837332,-0.06620632696150686,-1.4521646303555715,7.0,-7.1,5.7821486521718475,8.325000000000001,3.7806910569105687,-6.6,-4.925000000000001,-0.4,3.4,5.3,-0.8810279597502049,5.966944716581935,35.60442925074506,-0.054764857811263244,-1.4523685737574084,9.885389656934127,-10.057071075237225,8.282968919830491,11.787062921664084,5.368979172194553,-9.370435955628444,-6.991350046812582,-0.5526392549086963,4.795712874851501,7.5324001314481,-0.012564285044772135,0.17646794126880122,0.03114093429564908,-16.08546300971707,316.45495853204454,0.4718217636273953,-3.5301281164082514,0.058873541762507975,0.07911161190185662,0.059871624376365784,-0.11066210839391179,-0.04177367674041928,-0.00012844536504424964,0.03733793516143734,0.09168118767190088,-1.2680334896262804,8.499950270088743,72.2491545939817,-0.03785743909710449,-1.4470091224280435,13.87608976988401,-14.14509511836745,11.695955459823741,16.84378659770552,7.6491830794796,-13.273221115470964,-9.996068619451698,-0.7169805321851308,6.847717978253823,10.88404496776539,0.025719901080191496,0.36024881449782087,0.12977920834708534,12.42220808690722,180.61155671549696,5.300615110409845,-1.02801531218979,0.07167639878104672,0.09478301230030349,0.09716948939010747,-0.15889064361573246,-0.037355367389439495,0.00816096870300309,0.057427644910863995,0.14806589262019604,-0.01709632682117915,0.14753231728249644,0.021765784642743195,-7.136212320410886,67.36776247149474,0.3669306821480368,-1.528450653246626,0.07372014950920318,0.09985281765837634,0.06728832835263307,-0.12686739393457885,-0.05339167675564535,-0.0052038449114735616,0.04646114090273098,0.09758466333848118,0.011086889588531759,0.19919909293977506,0.03968027862802914,12.272750593175116,175.7361962181962,2.909243952555306,-0.38093511620316944,0.05997589520674548,0.08234658449353228,0.06532440178073919,-0.10236463400346918,-0.04134022097515137,-0.004798328810533738,0.04100636351838091,0.11561740597433931,-0.049796747967479675,3.4456523742089633,11.872520283891864,-2.0170566502834593,3.2003352406763668,3.8,-14.6,1.0378215529539212,1.7999999999999998,2.4254065040650405,-8.684999999999999,0.1,1.3,1.9,2.5,-0.061914480090429685,3.681796981033802,13.555629009549618,-1.1684940497105831,0.128327674558522,4.219656021845138,-10.901644867530091,1.6215525021687076,4.904177499831288,3.04979227855949,-7.669706827810949,-2.3897146445714017,1.7637094978930732,2.514462855259886,3.3262743309706995,0.0007281533570268163,3.1716664367390237,10.059467985936815,0.17239972220064306,2.3570887824112425,10.068610453532473,-9.909899703893714,0.4922332027980294,0.6550606956601903,1.759268183441162,-5.972179235913043,-0.36352033108299514,-0.00927786096017813,0.29154036457719523,6.556822596833428,-0.057788923483878,4.911854270280944,24.126312372477148,-1.0147166410291417,-0.44566814137699984,5.886255369076352,-13.005419149849065,1.686358478540277,7.501140355105466,4.242956894084368,-9.63937166412982,-4.145218513204359,2.650650395372117,3.3559218419011074,4.342106237064996,0.1454791746605028,1.6304256205101253,2.658287704015827,0.3573347402999879,1.7223093651890204,5.850175069970063,-4.523338268435773,0.9023610633435084,1.2228885246924461,1.1025094827908515,-2.8222034539150718,-0.4966490514345582,0.04143277840600254,0.7262394732578878,3.4106771461748,0.000603000496970795,3.555414240985166,12.640970425000123,-0.44608425529382284,5.7510269233125495,13.27765590024241,-14.417189165237517,0.2620749118637732,0.34808565739327124,1.6728729451731872,-7.3526434529131715,-0.15724577900432385,0.006559823874518312,0.19083987838894736,5.954690024524618,0.16927231673506563,2.6774611346074657,7.168798127333497,-0.10814043255296191,3.2336203206796963,9.14919982586804,-8.789372655563218,0.6593098375806827,0.8326611524313056,1.4874953163103501,-5.538504657859523,-0.26803735726942113,0.03473204338950636,0.5646237951618844,5.524181488431095,3.2040650406504065,3.238476088823806,10.487727377883536,-1.6175452503172367,1.9137862731579585,6.7,-8.0,1.334341996655041,3.5,4.170528455284552,-4.9,1.8,4.7,5.3,6.0,4.529422592691838,4.546843732969043,20.67378793203986,-1.5702835658823133,1.7315444653055785,9.939010006908363,-10.983917961952617,1.8056804388993375,4.902354663595591,5.878197329780091,-6.596216637156403,2.5911249445614795,6.627430383823795,7.49347960815707,8.423196912690027,-0.03393324176756504,0.4218693140950036,0.17797371817498883,-8.564601918848027,84.50861390469726,0.5890501327640861,-4.909520699248551,0.11194788182518373,0.14935432236789284,0.14619113014720778,-0.2725052705036762,-0.06558594816869917,0.006574932043634574,0.08376837419919367,0.2235254305059939,6.403953001118296,6.325122147758691,40.00717018406751,-1.6350566145996273,2.080771971695543,14.169921607391794,-16.431544230031736,2.6705561432305496,6.611743569488501,8.232376602660123,-9.15876110455911,3.9153941846509723,9.294563856342439,10.527137754139474,11.76347057072592,0.08606414173915672,0.883432788586972,0.7804534919505536,6.1629478637748045,42.29344667101286,7.346986346556089,-1.2889982815060637,0.1924993543179439,0.25424926750335997,0.3028092294663482,-0.4676777742562562,-0.1431740522624011,0.0023140281692735076,0.11107521524095886,0.44674133305032826,-0.04749845713581757,0.3390093881391446,0.1149273652464772,-4.130846055320039,18.599449122842007,0.435544924020637,-2.0977080460280204,0.10742814707824071,0.1462151784716792,0.14971742658847978,-0.2808536510631918,-0.06223471498685641,0.004525777311573387,0.08398046348482277,0.2152145528478923,0.06189979545193853,0.4819905169625515,0.23231485844182767,6.099674070630331,41.80636609336553,4.031082505030998,-0.5042355148733167,0.13158758049732933,0.17655214443227832,0.1835765842660814,-0.3040017261047028,-0.08131215270290026,0.006792784059193865,0.09523999172937805,0.3052636980469978,-0.0016374751296734924,0.24635432656072456,0.06069045421518812,-0.44258270152890006,4.8554246827714405,1.080537,-1.443915,0.055951925124182914,0.075299,0.13385105120978627,-0.46554625,-0.037658,0.001567,0.037641,0.431312,-0.0023111692125466383,0.33128171949009266,0.10974757766831243,-0.37452703122126263,4.531281893145653,1.448285534862199,-1.6812540779307135,0.07859313168811309,0.1062418793665031,0.18315682097847907,-0.6276644497354835,-0.05384225532701942,0.0012140511597123482,0.052399624039483686,0.5855911447825697,-0.0003227464388676033,0.1078079827170105,0.011622561137511237,-0.029856893230302942,7.8132216064824505,0.7788102823669224,-0.7253651490270148,0.007783306276345484,0.010516221577991612,0.05008938005321583,-0.18417280740856842,-0.00526422931187556,-5.890354984447021e-05,0.005251992266116053,0.18166595133732155,-0.003255667684614631,0.4619388813153809,0.21338753007090558,-0.3520152587795889,4.360383044967268,2.0020720835505177,-2.2502540391662484,0.1113087000517221,0.1499401055010026,0.2567106204133194,-0.8921617575273536,-0.07615600612242182,0.001966185360374034,0.07378409937858077,0.814229401204117,-0.0003247095941421808,0.07790388585741022,0.006069015431684399,0.20617466055050077,7.525281199462963,0.5335078199940458,-0.49252969720724504,0.0076066700794094,0.010268433733636777,0.037275014175211015,-0.1338770697506153,-0.0052987453793714645,-8.740533302572552e-05,0.004969688354265312,0.13467178786535944,-0.00045617226295787056,0.07824834766510917,0.0061228039123197965,-0.08492945164353376,7.997247367550639,0.5394735367559377,-0.5730813019842875,0.00761789065286274,0.010273631243639173,0.03694913829466157,-0.13417269263961307,-0.005199800235526795,-6.616884590995595e-05,0.005073831008112379,0.130148545778404,0.000499330060225687,0.13083536836403595,0.017117893614952976,0.10545974719014721,6.798159349552991,0.8199872493805261,-0.7708857859470217,0.00783978746107507,0.010545521334221195,0.061235486837193966,-0.22289679702584483,-0.0053276471254521,-1.463475072622253e-05,0.005217874208769096,0.22931981732131856,0.004892328845980872,0.4627816596353624,0.21416686449486041,0.6571065207112172,4.407098759312585,2.887159,-2.249005,0.07955050463613658,0.107073,0.2479895854945582,-0.81876175,-0.051741,-7e-06,0.055332,0.895311,0.006912347677932341,0.6236788319922402,0.3889752854752049,0.6866764150859996,4.035263999755765,3.45969127146232,-2.7080555491867284,0.11260377146115219,0.1514080834564842,0.33937374359540395,-1.108628429836986,-0.07402905635263762,-0.0020986051911536666,0.07737902710384659,1.2313236878200402,0.0006124676289346172,0.19829346804011133,0.03932029946737465,-0.019242752813468066,10.812312626227953,1.676694750762261,-1.595369991141448,0.009004463691242583,0.012151728299841189,0.08548967027656483,-0.2928245316371901,-0.0060945113923839694,-4.0500845824155245e-06,0.006057216907457219,0.29814988288835714,0.00975699190322843,0.8363511632892632,0.6994832683353038,0.6525121469103362,3.276060011429051,4.059759607044449,-2.9585321406153287,0.15766183545826848,0.21136791427711152,0.4640663538434539,-1.5140033774973045,-0.10353755759682756,-0.004267173689727073,0.10783035668028396,1.7748521240092066,-0.00033880483984565055,0.27987564563791756,0.0783303770212412,-0.0964561315217963,7.857138903330881,1.8117013925133623,-1.9160903331215227,0.024125406027670278,0.032524765717436746,0.1316073955338736,-0.4592147314557726,-0.016541405474419277,-7.368895497866009e-05,0.01598336024301747,0.47499232228235166,0.0008652912550479346,0.21686313116351127,0.0470296176580423,-0.03834377571626209,9.238342605707903,1.5510110396286767,-1.6288376694860787,0.00804458877236501,0.010867410533473489,0.09617697232392548,-0.34675712090866617,-0.005424238484054637,-6.568468382653434e-05,0.0054431720494188505,0.3494139621840321,0.0004391115748435984,0.1777545004312125,0.03159666242354992,0.06658800144648198,9.335278199943629,1.1196806358809246,-1.2871975232706308,0.009770522471284075,0.013168246715210656,0.07863058154554269,-0.2821870365364943,-0.006567302887323143,-8.787966531363211e-05,0.006600943827887514,0.2752654901030773,0.005759414760291428,0.15008649730693627,0.022525956673864988,-0.12168004878256433,8.016455762148265,1.139824,-1.029188,0.019995856120985055,0.027035,0.07375726355949988,-0.24186775,-0.007491,0.005996,0.019544,0.254994,0.008144503836947812,0.1821644536724286,0.03318388818177438,0.05595092084133247,7.767983590135508,1.1134802471806005,-1.0537148789624897,0.027004857279601554,0.0364371798894355,0.08960056741299616,-0.27647814108251445,-0.010102668312031982,0.008158483997882802,0.026334511577403512,0.2994470360434204,0.00013860976127428432,0.10892194160161804,0.011863989362266292,0.016870573383742295,8.91982934652725,0.9072091491202752,-0.8693854268871959,0.007947915052400428,0.010713654519423195,0.05033850539740274,-0.17587964462839512,-0.005293124954426213,-8.057756321228533e-06,0.005420529564996983,0.18092572039905247,0.01151656279784449,0.2501121046314639,0.06255606488318034,0.06763392258536101,7.539857102569492,1.3869942881514665,-1.2735752370578028,0.03735952300145681,0.050371365908494455,0.1229395215599791,-0.3789621992457328,-0.01366247438916815,0.011647740138964894,0.036708891519326305,0.41124983158553857,0.00018128960796373798,0.06164306462152212,0.0037998674159331527,0.3165294601171253,10.123638609633568,0.4958607840839723,-0.4555259535716835,0.0070152204231583686,0.009484514877472332,0.028697281820210148,-0.09380202612767947,-0.004947729445888543,-0.00011813158366253459,0.004536785431583789,0.09789965355043687,0.0001958434261286295,0.138423225637856,0.019160989395988797,0.019034075856979464,8.559887004446088,1.0456919087190062,-1.0091794453894838,0.008826465133724355,0.011902753722093207,0.06433543547915588,-0.22577550124103973,-0.005952760137209286,1.5857985896250917e-05,0.005949993584883921,0.23810235427549475,-0.00012320408244301178,0.06754789054909713,0.004562717517632805,-0.08859934377663156,9.056707457328205,0.48383111621135755,-0.47762648296348653,0.006892199500938377,0.00931562248697396,0.031532760219009255,-0.11026676720543716,-0.004603812010635319,-9.95706807594847e-06,0.0047118104763386424,0.10687562801323497,0.00015453328036458527,0.9772800764592465,0.9550763478441908,-0.0009176331204158505,1.499534679534074,3.122281,-3.129997,0.7136327866510495,0.962415,0.6899370517944412,-1.89607175,-0.48005475,0.00046100000000000004,0.48236025000000005,1.8931737499999999,0.0002778118688322537,1.3819581704755468,1.9098083849441203,-0.001039174984219841,1.5018044808994473,4.367159184765904,-4.4206645889550575,1.00747504676909,1.3588938848424506,0.9751769504213995,-2.6778765211197797,-0.6772844926175342,-0.0002163636975186069,0.6816093922249162,2.682687537978574,2.4380970492204022e-05,0.014582975735184293,0.00021266318129297386,0.8149749643461008,16.806196866990266,0.3241593947346084,-0.05616889310329071,0.013403196714117214,0.018055893973539704,0.011502287627449887,-0.02263125814686149,-0.009178416193734981,6.527578203310846e-05,0.008877477779804722,0.02279183859315731,0.0005593456192969821,1.9534806215131553,3.8160865386274234,-0.0013018611460491657,1.509793348382896,6.1691304245409295,-6.175895341903341,1.397308517795602,1.8849582040442634,1.376498018621218,-3.7786526137815937,-0.9406937775152502,-0.0025967600699718027,0.9442644265290132,3.7873986399432837,-8.642900511065018e-07,0.05478199153514187,0.0030010665965563557,-0.026680839826509792,0.3008634596022195,0.4089881132000263,-0.4774279068082076,0.04754342149643575,0.064247341147855,0.04202264609197765,-0.09650670457667056,-0.031205323026677917,-0.00013944047427640396,0.03304201812117709,0.09665373914751252,3.484824343314485e-05,0.006550269430875995,4.290602961706852e-05,6.602456235806202,236.36287705458227,0.25845015488499457,-0.053129827308668255,0.005550935849402344,0.007492990234277278,0.004666239905630271,-0.010052313120979027,-0.003744837006947733,-1.8390180660188976e-05,0.003748153227329545,0.009910145878392666,2.5132540834089935e-05,0.01955456646737813,0.0003823810697271093,0.02898195070847828,1.3751132402193607,0.20142301718243324,-0.21217191068915392,0.018502458331616782,0.024946799347336852,0.01568387036842017,-0.033236977210779756,-0.012424910885539289,-7.202296023948817e-05,0.012521888461797564,0.03328752323331813
-5.9427263479145465,8.03213063745853,64.51512257719997,0.7561800195698907,0.19269411656275715,14.5,-24.7,5.189107764769607,7.000000000000001,9.12177009155646,-16.5,-10.8,-7.8,-3.8,9.4,-8.343812244827367,11.38086087998746,129.52399436962898,0.7743011847683665,0.21397418966198023,20.540539809974902,-35.88131618996372,7.124723998111246,9.782414555422445,12.892646307803707,-23.256857001682906,-15.281079584574117,-10.89575687190622,-5.498665029151672,13.349943944466228,0.07552852092819405,0.8397669266592347,0.7052084911106965,6.392475709715455,66.93412764375401,10.761728238537525,-2.2528688207104812,0.2879331109747047,0.3755417437115247,0.3561638084228795,-0.5429710395248838,-0.17231724126842146,-0.0038949113842537963,0.20322450244310325,0.6519626955264005,-11.632499354710548,16.18944494043372,262.09812747933495,0.8099997482235949,0.2337984382128777,29.013001365807348,-49.80047014418125,10.005243773762146,13.78478634246705,18.23190823427859,-32.976076849429354,-21.48143835091666,-15.566109264235992,-7.696652008449611,19.097561526805094,0.06544694300182012,1.2837113624885963,1.6479148621823283,4.5574146253736725,43.65382257856852,12.449018214004758,-6.4567492655941825,0.30975797241754627,0.40944941739802587,0.4782527316102939,-0.827734451933098,-0.2057359206099748,0.0354748928527826,0.20371349678805106,0.6375412125211206,0.10545963789293426,0.6815864096022565,0.4645600337544949,1.7962665574935757,12.269469848211001,4.198499639327845,-3.0865326239586475,0.28882878881677015,0.37260576179719096,0.36758348677669533,-0.4808237442339487,-0.16415652808689485,0.040569111022472626,0.20844923371029608,1.2405647560492419,-0.11732636979810522,0.955474171751419,0.9129308928840603,-6.670570106478408,55.60595043478446,1.4166882618777092,-9.990825227349273,0.27618861498049374,0.3692729674252421,0.3603585599377138,-0.5695203854023838,-0.192721662422025,-0.01037318082300727,0.17655130500321714,0.5021008661031858,-149.0086469989827,13.582909812071843,184.49543896287756,-0.3410670319987151,-0.5530011026814878,-112.4,-188.5,15.122542628757124,20.799999999999983,149.0086469989827,-172.19,-159.2,-148.0,-138.4,-130.3,-210.62288249577642,18.496029259518284,342.10309836895647,-0.23731765982838915,-0.8576566720359731,-157.420066217631,-256.7905399984225,22.190386641474568,31.13179554373059,210.62288249577642,-241.19420958659742,-226.30652808717963,-208.40292866164057,-195.17473254344904,-185.2990295535013,-0.3973460251915674,5.0851048826973395,25.85829166803232,0.06789595962655733,1.00555083735492,17.273661011997117,-16.40990436040547,4.501896053202904,6.088283211046677,3.8841218529774526,-8.376141732081951,-3.4397464832494755,-0.2902536027887219,2.648536727797201,7.739327300727336,-297.56720743693154,25.364818419611645,643.3740134598702,-0.32654491135491664,-0.8821226216551219,-229.99988704621603,-358.2878333584263,31.501613066291643,45.8322747934028,297.56720743693154,-339.1701954001241,-320.05947070769105,-293.6600848517799,-274.22719591428825,-266.3137962990114,-0.35437687899624326,6.160935413539592,37.95712516980627,0.07070434771540421,-0.5852755087832002,14.763320267419317,-14.813109942683084,6.644412979402193,9.068142133394003,5.067317138873034,-10.254266939385909,-4.815491155884367,-0.5662892469924383,4.252650977509636,9.866188483101649,-0.5567149311221157,4.760722697791713,22.664480605269205,-0.44459166283731855,3.6898999555293983,16.602260482575335,-22.412118655790348,3.1692340881084373,4.2966050040839825,3.2357085116942,-9.132275105010963,-2.67912253418816,-0.12437610979352355,1.6174824698958226,6.403660972144383,-0.047024901308055,5.323459006926909,28.33921579843124,-0.14102438605106535,0.2378446817337978,15.790417450814827,-15.687181645649062,5.041513329894065,6.802362272961655,4.220757766679547,-8.53811234792358,-3.3022591271219346,0.14633605911800263,3.50010314583972,7.806761117874836,-1.7463886063072227,6.847054945285327,46.88216142375625,-0.5256329106164435,-0.7302264534475391,9.8,-21.3,7.709531536229129,11.100000000000001,5.657273652085453,-13.7,-7.4,0.1,3.7,7.3,-2.4840461991169,9.356437794843744,87.54292820878045,-0.36349540361062227,-1.1732135397048677,11.661934167558623,-22.24854448110739,11.225857485144722,16.56567985016457,7.897608301876047,-17.9384396976594,-11.543291128111356,-0.04497627610507214,5.022388722053216,9.908966005389923,-0.0865478559058884,2.415592024030385,5.8350848265592115,0.15921279855810952,2.433079389585658,10.402748185875135,-9.52416302268404,1.6014359466953185,2.146904753023402,1.6685274289835546,-4.496589640570664,-1.1364917737316242,-0.04608181079311102,1.010412979291778,3.970112377383983,-3.5543558710524144,12.960673623150624,167.97906076583232,-0.3294017141678732,-1.2774329029921363,15.845502472782375,-30.128954984200604,16.429520782201266,24.246704865971893,10.91307318476506,-24.762492181161328,-16.600297855361653,0.18657002943310186,7.646407010610238,13.709273500965146,0.0949789625077347,2.4012272309435034,5.765892214624604,0.4073770648697375,1.2505008559809037,10.32044480696494,-7.383481496613115,2.3019291540140334,3.0585525427730076,1.8742876606049483,-3.250808391541219,-1.6272435437248363,-0.01141188237891777,1.4313089990481713,3.812050339668634,-0.1212894002249607,2.556186931087953,6.534091626664845,-0.38957783583016964,4.302755917618815,10.342969450007582,-11.252201294684994,1.264365785120154,1.7077613672308234,1.5917824099204165,-5.345899384979534,-0.8203154320895472,0.058675351531509726,0.8874459351412762,3.3117864665190666,-0.0717132141036891,2.2304198432022666,4.974772676950423,-0.1467856666942558,1.1069103306480708,5.89103817541819,-7.245826358920287,1.7740967398700909,2.4241465505733153,1.650913140562515,-3.590687037614037,-1.3144670974938537,-0.007742378534083105,1.1096794530794614,3.768298112899588,-0.4559511698880978,4.353923019749959,18.956645661908603,-0.12277677493752923,-1.5208021492956738,7.0,-7.1,5.782148652171847,8.8,3.938758901322482,-6.7,-5.2,0.2,3.6,5.4,-0.6542452745057928,6.176552440380894,38.14980004877517,-0.11306455645015778,-1.518667951041998,9.881165707443323,-10.1878727439928,8.183622159512053,12.512971806405758,5.585255434330777,-9.438689540716934,-7.401869501300814,0.20334000347417014,5.111102305104945,7.696160552629334,0.011108607265704458,0.21921217035981044,0.048053975633858555,17.694442007348727,363.7381725432264,4.534699798332567,-0.6871256134596003,0.06564041547764383,0.0880011449814815,0.06339951159592094,-0.09971761085187474,-0.042931910533569456,-7.630895915156088e-12,0.04506923444791204,0.11196977253144877,-0.9513221095255535,8.78994787220335,77.26318359605219,-0.09084399426238858,-1.518946518191466,13.90458584370053,-14.016438429263502,11.720436592511602,17.698980106556508,7.959674916514739,-13.278946075007035,-10.469166307114467,0.3008957381648384,7.2298137994420415,11.113120824697923,0.007209953365969824,0.387212119092945,0.14993322517244903,8.736872369869348,140.52968077655325,5.263110865909771,-2.5983630297745095,0.08038071978158721,0.10616035528095502,0.10256261800158746,-0.1475716698521306,-0.06073760754620608,-0.0011844598150413388,0.045422747734748935,0.13327859766560124,0.015320343806545587,0.14689917160923893,0.021579366619480633,9.400233118218818,113.78960371788371,1.9194334009769776,-0.19989032365920062,0.056704406549130885,0.07685920991298682,0.06025515759853064,-0.09349984734229164,-0.037515345984997645,0.003764358440429394,0.03934386392798918,0.12003830765791235,-0.02247556144621283,0.2696651592338031,0.07271929810459236,-13.921609112144381,207.89772965353293,0.14421421526082387,-4.112543741953802,0.059540484983078144,0.07981695927106729,0.07149301740041167,-0.12148042363811122,-0.04455533011941418,-0.0014242148361150759,0.03526162915165311,0.09814793198112096,-0.17711088504577827,3.4681335250274987,12.027950147419665,-1.9619542552590552,2.912216015585689,4.1,-13.8,1.0378215529539212,1.8,2.4070193285859616,-8.99,0.0,1.2,1.8,2.4,-0.23993930797991608,3.8028866643835606,14.461946982146324,-1.2157533099669462,0.5071554386061585,4.4070850851341445,-17.11972352272236,1.646990927100135,4.882904996807013,3.1003623696740052,-8.208402987401092,-2.52379378865955,1.679735516126443,2.359111208147463,3.206305589444429,0.09346486949100319,3.071783437380649,9.435853486166074,0.3930369095086689,2.271325107761598,10.243283701669258,-9.814836192564012,0.5379354051779366,0.7217056326063097,1.7261810913948163,-5.540420530315188,-0.3724958437297,-0.008992054946013475,0.3492097888766097,6.609929288306574,-0.3102108341597447,5.130008099658494,26.316983102561753,-1.1432797543573863,0.026650762167784947,5.247685802753702,-17.327768262599992,1.791589272201527,7.37561001300362,4.254316259056184,-10.503451329472611,-4.218183725790889,2.5493432582486006,3.157426287212731,4.247796963916603,0.0043573590885228565,1.5110608522605633,2.2833048992344196,-0.06255031756267133,3.909976149537979,5.883469125512766,-7.019386775506479,0.8381233130460163,1.1928127090732528,0.993057854937977,-2.3970489215022925,-0.6780382479592901,0.01840635627515902,0.5147744611139626,2.4561753759222045,0.13062706900265664,3.4560686830835503,11.944410742190865,0.2969486048708464,4.871296587774415,13.983097055950468,-13.009743716298729,0.24758958537234158,0.33377406516979646,1.6660008944794757,-6.837014667702208,-0.15299138948651986,0.003981260474974446,0.1807826756832766,6.6288352875644705,0.20887046866093145,2.5730870005497346,6.62077671239803,-0.7129795715531603,4.88286534970193,10.818435683372025,-11.750876610413469,0.7547634371635322,0.9645184851638982,1.4616787533483906,-4.6456619625326265,-0.2757551328940201,0.04677891426775313,0.6887633522698781,4.77379161197258,2.9680569684638862,3.6421513586949827,13.26526651964371,-1.650406285195427,1.8639420314241333,6.7,-8.4,1.334341996655041,3.8,4.29766022380468,-6.09,1.5,4.7,5.3,5.9,4.201527639800163,5.10062736274688,26.01639949360219,-1.6658256816065118,1.9857980294815345,10.511207807497836,-12.317094381137668,1.9175882140224028,5.298806010952848,6.0364595039586595,-8.56601293155738,2.1944432436782586,6.569155728632695,7.493249254631107,8.379095342579461,0.045795503426617604,0.5848311653500942,0.3420274919647492,8.643756175661444,83.55341448106513,6.488418299996686,-1.0413947381211144,0.10525507444528724,0.14303986159710289,0.17153372500666292,-0.27037264863510757,-0.06084977593393262,0.006463795247176274,0.08219008566317026,0.23858301713084673,5.952742644294162,7.091922612245465,50.295366338078544,-1.636592053900237,1.9891241957274097,15.425484025088073,-17.24660610434023,2.6508027195707617,7.649687676581969,8.405140092582759,-11.908649628693912,2.8625814903942732,9.312923623359332,10.512269166976242,11.870247771052139,0.060207669386558846,1.037162679967435,1.0757064247172319,3.947327951357152,28.949363880076056,7.4390100119288824,-3.875433382383738,0.17073304858786956,0.22814498640032654,0.3561498860695991,-0.5582865285993858,-0.11508592761024707,-0.0014887013374130786,0.11305905879007949,0.5058155043268381,0.0640564359775098,0.37017182736838444,0.137027181777249,5.2274966585917415,30.727945207065737,2.810381759056122,-0.3478059679958819,0.09440274867628373,0.12683332729401856,0.14329054515842993,-0.1909218239791689,-0.06367893948906311,0.004089496636704327,0.06315438780495544,0.2536268478441178,-0.08500973704795227,0.7282314839346293,0.5303210941936323,-6.521319874012457,43.98130993329581,0.6780459680295521,-5.880600685840677,0.13433568476889807,0.18131141683349195,0.2238358551174594,-0.3041078436637743,-0.08512323572491158,0.011055137244720972,0.09618818110858035,0.3069232742234902,-0.0018865791584926654,0.24656209322269468,0.060792865814356785,-0.5282546130163074,5.11102122740329,1.227748,-1.3745,0.05524620646817425,0.074348,0.13302191666910668,-0.462649,-0.037539,0.001032,0.036809,0.436245,-0.002671904808426732,0.3321350847736494,0.11031371453759925,-0.4749954439361095,4.653869190225507,1.407664693012082,-1.781322155933547,0.07828771761010256,0.10531228438679996,0.18265813422960955,-0.6347331261801692,-0.05342074863607557,0.0012569934934258268,0.05189153575072439,0.5900904612458604,-0.00024853952753800746,0.10611997952471519,0.011261450054325972,-0.04453396585450247,8.38331884396002,0.8290859864829477,-0.7540433159376889,0.007657144530734986,0.010331648795834317,0.048896206713080786,-0.1815636352193816,-0.005119605265766982,1.8270378669828566e-05,0.005212043530067336,0.17978838196427321,-0.0037895619055080885,0.46311393577554133,0.21447451750951224,-0.4470615824413592,4.395955772076981,1.9888501977333914,-2.1915231627154466,0.11005533685563086,0.14828103851180197,0.2560632899504969,-0.8917396835243923,-0.07530426135537423,0.0017919181323283635,0.07297677715642774,0.8304384526209807,0.0001994004172529704,0.07819723573303408,0.006114807676287702,0.25512388731113755,7.282945147529825,0.5247440499591962,-0.507353641091167,0.007476979282669554,0.010105860863082003,0.03719266782383729,-0.1309757100969368,-0.005191989448318178,-0.00018515085854274105,0.004913871414763826,0.1357982118464358,-0.000351908814240632,0.07443161517215366,0.005540065337135574,0.005559243192702223,8.248477123893732,0.5944577532919413,-0.5278556949527263,0.007446198088607416,0.010060558726326106,0.035309522580571254,-0.12579680264388524,-0.0050531075343181455,-6.252482448086951e-05,0.00500745119200796,0.12291018631837879,0.0005277217755047623,0.1303019894187634,0.01697860844648753,0.018522666321715196,7.110174189052767,0.8840491294142444,-0.844398722873588,0.007715802952919518,0.010410369465188472,0.06056556438611649,-0.22542394262967017,-0.0052026825418326865,3.993778250219177e-05,0.0052076869233557855,0.23202276275484632,0.003982148200743712,0.4550830653408546,0.2071005963600285,0.6750656102374691,4.3101542696582555,2.433814,-2.303503,0.07848154843659404,0.10569,0.2433359824173572,-0.809944,-0.052101,-0.001269,0.053589,0.908605,0.0056348521090436015,0.6160130519064222,0.3794720801190644,0.6639464084598264,3.855248317623574,3.2406247533267245,-2.518626951019402,0.11125865601809494,0.14951289275276544,0.3353109096568411,-1.1003897429152831,-0.07474556492585506,-0.0033106626061517796,0.07476732782691038,1.2518413167137172,0.0018677227865100984,0.18625153936305627,0.0346896359151081,0.0589440613447456,11.291665505404014,1.600285263648566,-1.5655358081725521,0.00875700758779901,0.01180501385967899,0.07982650997794573,-0.266480876632879,-0.0058110154510433,4.0513448499351796e-05,0.00599399840863569,0.2848661884957502,0.00797829169837342,0.8287635332390382,0.6868489940268544,0.6559895996031796,3.205830375946947,3.9756328607662104,-2.9299859263134844,0.1554253424374543,0.20825949095259438,0.45863929753955845,-1.5100299083009932,-0.1034719877617404,-0.006320612773700561,0.10478750319085398,1.7955753979565154,-0.00010854913171225174,0.26826007607568997,0.07196346841613498,-0.13560839989630616,7.221606477747521,1.6703140023269658,-1.792814470272813,0.023668733692461336,0.03193134379596168,0.12665716223822496,-0.45567422341371955,-0.01591782271898858,6.983088466277435e-05,0.0160135210769731,0.45746443294668593,0.0026412538503575588,0.19135587047764338,0.03661706916625663,0.14793209277651198,10.203960678013496,1.5691131810001504,-1.8057211348977926,0.007698290096868263,0.010383696011814655,0.08482496936221463,-0.2943321103050944,-0.005138416044894406,3.584140738051166e-05,0.005245279966920248,0.3163060795500896,-7.639733851417792e-05,0.18096964904398913,0.032750013875104594,0.04004071662770314,9.675415890493472,1.3553776030422282,-1.311057107842099,0.00962715953881734,0.012984613857729942,0.07908877791696176,-0.28498360356310437,-0.006554297351787338,1.1933812693697368e-05,0.006430316505942603,0.2801212452089584,0.005088032237285159,0.14499816927497466,0.02102446909309421,-0.05039614221283433,8.159106708208592,1.045051,-1.084891,0.01972750511943554,0.026611,0.0712915304658449,-0.23589575,-0.008035,0.00521,0.018576,0.246633,0.007197603253028039,0.17886530873360124,0.03199279866836648,0.08153078187112353,7.913594251977447,1.1772211210775692,-1.0576541563738537,0.026468296678323042,0.03571261257438373,0.08805920901371113,-0.27706349336213093,-0.01061907496381993,0.0072510224494817446,0.025093537610563803,0.30174087133644656,0.0006195549025833831,0.10026036079433306,0.010052139946609837,-0.0656634814689031,10.094551286974289,0.8462506615148685,-0.8425958068838074,0.007778077028403798,0.010483285007578658,0.046120053834589655,-0.15922755000232558,-0.005198305635511538,-2.400122470786251e-05,0.0052849793720671214,0.1665018728354793,0.010184717817336174,0.2456642669117637,0.06035093203729429,0.0784863268756785,7.731734424461687,1.4888584944649421,-1.357622283239823,0.0368765568363286,0.04975693637716904,0.12056685910840034,-0.3792489882192252,-0.014846348923103192,0.010087282677801878,0.03491058745406585,0.41343318716015887,-0.00016207594837340083,0.060197189984782615,0.003623701682064012,0.14130142409485055,9.961660060533427,0.419241622953889,-0.43496226445742553,0.006942988154862749,0.009363033122526234,0.02777242314711798,-0.09068479787119622,-0.004826889262313392,-5.564905569407767e-06,0.004536143860212841,0.0900418626497452,0.0008761619175723653,0.1256888738807936,0.015797693017422045,-0.046361060781603285,9.700802198861366,1.13366917600058,-1.0935926627915644,0.00851623340691326,0.011492399434206473,0.05791025433778032,-0.2065082649987043,-0.005686913037301875,-1.0567499794288538e-05,0.005805486396904598,0.21399175287859634,-0.00038177945256248646,0.06559660169756285,0.004302914154268704,0.11259077614470075,11.001103239724328,0.5998551851767958,-0.47492362845258673,0.0068486344593877225,0.009238525821419163,0.029952013270743733,-0.10462966357299333,-0.004665212371714233,-4.602029599177353e-05,0.0045733134497049285,0.09803719926137028,0.00012493422246947578,1.000796128378815,1.0015928905780256,0.00025849765031814894,1.5732661745536216,3.165188,-3.162024,0.7117713795657156,0.96008725,0.7012492667847627,-1.96376675,-0.47880875,0.00063,0.4812785,1.9634067499999999,0.00018393232201138833,1.4152139968155084,2.002830656782526,0.0002490011266665063,1.5756755111773035,4.468583515864559,-4.443840520026601,1.0046386963317824,1.3558266147497475,0.9912244279635134,-2.7732875239127353,-0.6756855243500246,-0.0014473648414604044,0.680141090399723,2.777080318740263,6.508884234913685e-06,0.014376615521553143,0.00020668707385456273,0.5706410989225795,17.215841135854028,0.3671820638136576,-0.22117697266446001,0.013731205933316247,0.018630769048761757,0.011541974409017459,-0.02219633128291391,-0.009649898872940132,0.00018404680949497473,0.008980870175821627,0.02238348626061655,0.00028163433184447584,2.000536290035469,4.002145447748878,0.00020204625622704725,1.5839903390735488,6.244296102866727,-6.265194317286793,1.3990666752912728,1.886480350382993,1.399078772443946,-3.9189652296446247,-0.940770073987864,-0.004036339186863497,0.945710276395129,3.9204592042752675,-3.870918072518905e-05,0.05401972185133569,0.0029181303488956746,-0.03676048446514897,-0.12823909465685146,0.16112650740903683,-0.318650532222763,0.04721964059483939,0.06354302693353431,0.04139462922702208,-0.09483418168031799,-0.030456946520431245,-0.0009867321561168856,0.03308608041310307,0.09414009756104631,9.439320285956965e-06,0.006431433510580508,4.1363337001017915e-05,2.4695352602888985,183.43251078723597,0.25063193441560666,-0.18552439677065374,0.005649443557435077,0.007596919073038522,0.00465854307011978,-0.010157638732560587,-0.0038134352632215895,-7.543209341471304e-05,0.003783483809816933,0.010208539445726191,-2.47478014612948e-06,0.019292288611485384,0.0003721923998688486,0.014428167412826081,1.8511979591799292,0.22669270243580986,-0.22339643078974059,0.01907484967651151,0.025769532296254317,0.015685899513147524,-0.032680241047416646,-0.012649919764265138,-0.00022337740393655323,0.013119612531989178,0.03261335645708931
-6.112028542303771,7.73566992956164,59.84058925912418,1.0988234136915167,0.25306217152882393,14.4,-21.0,4.7443270992179265,6.4,9.280835881753314,-14.7,-10.9,-9.4,-4.5,9.4,-8.6035901120282,10.983650706105282,120.64058283372704,1.1209976135762245,0.27447810234677217,20.31534499136347,-30.14373721573522,6.946979324431157,8.83996728305399,13.153042917928445,-20.77063090804601,-15.317051816613233,-13.445551146707693,-6.477084533559242,13.09213980378619,-0.04079367023259021,0.7216472518045336,0.5207747560370359,-2.445723055168849,42.97722301799674,4.788962236849601,-8.205177595299219,0.2897297750140937,0.394931068940175,0.36344617263184764,-0.8610307978104705,-0.21686555381477468,-0.003154354244923663,0.1780655151254003,0.7328285663176987,-12.03502531025545,15.69214543241759,246.24342827214423,1.128782913432033,0.25790711036339076,28.719789208097016,-39.81407787558002,9.986280285868533,12.387081668445092,18.645550094116327,-29.901094847310873,-21.565332201695835,-19.14573816569674,-9.178250533250743,18.59522443510609,0.007720799789761749,1.0603274066668706,1.1242942093288912,6.301048127846439,89.4880340892376,12.760184940952072,-6.584155702156077,0.28048523469565595,0.3883211966330225,0.3659292813759645,-0.696852854453217,-0.1901928729136686,0.014724379134254117,0.1981283237193539,0.48649528642893647,-0.05770279080533596,0.7457198689965363,0.5560981230162113,-1.2491876277515417,9.917429579743137,2.9706348920322903,-4.071544078845543,0.3024469972387269,0.38866107204245015,0.4009809361263227,-1.0766148255245251,-0.23053646420778487,-0.015005334637835925,0.15812460783466525,0.9403071510823914,0.05805866708773836,0.6859996809250823,0.4705955622293148,3.4773798652407666,39.59667303513279,6.654287292290746,-3.7963306186536023,0.2659291623346902,0.37873550973002745,0.32707051135107906,-0.45800910845764325,-0.16137773541179123,0.042607375540987175,0.21735777431823625,0.5254404687343357,-148.9031600407747,13.654077150719182,186.43382283779167,-0.4702201746672351,-0.34117125426811645,-112.7,-187.3,14.084721075803218,19.5,148.9031600407747,-174.4,-158.0,-147.7,-138.5,-130.2,-210.4774387272014,18.300617526314856,334.9126018444624,-0.27467978955759986,-0.8358317289893149,-159.55113712175503,-250.2057293255368,20.97489035465182,30.421281940883688,210.4774387272014,-242.1689714219091,-226.29040105167192,-208.21699453880174,-195.86911911078823,-185.21402124247805,0.07991385726795046,6.086327051850539,37.04337698208767,-0.002263691427219014,1.4104098373403868,20.47522735945882,-19.90657910196507,5.324837640753997,7.240821506071288,4.5204987256875,-9.504531664883169,-3.5302561764855187,0.029523619460210426,3.7105653295857692,10.36659063462825,-297.4197343058847,25.150347752432292,632.539992068276,-0.36614381472842455,-0.8275292182366702,-229.95680279327377,-351.44506903821053,32.587597390336754,46.38689503061477,297.4197343058847,-340.9712389441966,-318.6828795021381,-294.0444900188413,-272.29598447152335,-266.18280060647754,0.34477870626735513,5.895484983835056,34.75674319462463,0.10984249134352193,-0.4585432774798677,14.166195614152455,-14.066881490587342,6.087456047030916,8.49641319625475,4.775372106148941,-9.111720768037522,-3.8142303624054383,-0.10591624506566788,4.682182833849311,10.397224571156073,0.11173985673799604,6.617520705410527,43.79158028653704,0.023874875583452134,5.697197700168882,28.27312942700148,-25.85935094458367,2.0496973211999387,2.7611797753396856,3.6026230978296327,-9.343786986893615,-1.3195608439465554,0.016886228010156705,1.4416189313931302,12.026646192609503,-0.224267205381325,5.419461520497362,29.370563172151577,-0.055155611178218156,0.3371555193824096,16.087904976778642,-18.763231563466764,5.604169226874468,7.521973719248507,4.299832003963504,-8.825513434135313,-3.9512694130089843,-0.27207556228282137,3.570704306239523,8.108255850725172,-1.5168195718654434,7.090420270311734,50.27405960964752,-0.6403435484683938,-0.46157019760959805,11.3,-23.1,7.26475087067745,10.899999999999999,5.720693170234455,-15.0,-6.6,0.2,4.3,7.6,-2.165590626536399,9.583434345631593,91.84221385703125,-0.42018268692561556,-1.0418946556142044,14.68274890960003,-24.761357590005307,10.664113227167674,17.38461962780802,7.980132262588681,-18.302625995836852,-11.277119990640662,0.4940606875556286,6.1074996371673596,10.355054268586828,-0.024864910292413597,2.8674610374199037,8.22233280112123,-0.20293844912226605,2.925005426609232,11.54069979179477,-12.271544421252795,1.5665486822740204,2.0934862783355017,1.9046470526292987,-5.144970212129299,-1.0232026525050937,-0.05337301619789122,1.0702836258304083,5.09168550333462,-3.123873840056266,13.26375819126712,175.92728135640564,-0.37768357503008804,-1.1840114647106776,17.011751507995722,-30.407899618170948,15.945412339573595,25.67242971644594,11.090376374229203,-25.05790216021548,-16.52810513163062,0.569947879842842,9.144324584815319,14.112320930468549,0.06566574589851715,2.5373398747338625,6.438093639914453,0.3204971690561231,1.0417954362453479,10.741933323080133,-7.5473574029673465,2.4830838594077944,3.420006310876645,1.9972066634937018,-3.664264826818846,-1.5963674634124914,-0.22551177647731663,1.8236388474641538,4.0619092122263245,-0.0343302374025061,3.1799172016414254,10.111873409295033,-0.647701953841725,5.031558236407751,9.646039767164115,-14.867621078524296,1.314645062306471,1.7734214211493484,1.8689808473668195,-5.1275725067942775,-0.8856089540576335,0.07533625943166106,0.8878124670917149,5.658653968041921,0.014774364776509301,2.4773827690180235,6.137425384227409,-0.7915406859057283,5.3495134863605,10.54679348581122,-10.833201784372019,1.8548266917014253,2.41903671648383,1.6774990435524486,-3.229595952718419,-1.1154490626672198,0.21250999637606616,1.30358765381661,3.084231854072663,-0.45993883792048934,4.420879428327196,19.5441749198066,-0.10246957157187807,-1.5276753881699285,7.0,-7.2,5.930408874022408,9.0,4.012640163098879,-6.6,-5.3,0.2,3.7,5.6,-0.6590174075464739,6.271485929943453,39.3315357694787,-0.09029700396565613,-1.530324536807296,9.912427408939513,-10.057403846456998,8.454817640970285,12.743621606941257,5.698145285430304,-9.348084830981108,-7.536426842750089,0.24633043182288977,5.207194764191169,7.999750080157052,-0.005453116310937938,0.1665977335328421,0.027754804818279865,-16.544682089043267,333.2742545926299,0.49424124734181674,-3.3675017994351357,0.057828486508142374,0.07763528127176172,0.05510346269925512,-0.08820920394940351,-0.03939450129188974,0.0011051063101638753,0.03824077997987198,0.09763971872987878,-0.9337053079886902,8.917104064294815,79.51474489346312,-0.07819646829487775,-1.525123914374796,14.0092723881254,-14.066996899271356,11.723392051382026,18.22259926511021,8.10197495808827,-13.273149520387113,-10.824536608458187,0.561293384877317,7.398062656652023,11.530406883216616,0.019990031599870842,0.35491458168007783,0.12596436028914465,13.313805619576476,198.13476666324559,5.332055683390618,-1.0602162942467501,0.07262943484782322,0.09775875064590146,0.08725934165923895,-0.1093970021923414,-0.04903951638473282,0.0008712095000861231,0.04871923426116864,0.1284038307936526,-0.0076131307960349325,0.1412144256321898,0.019941514006629267,-7.951204013783281,78.32598817617873,0.3064934754890917,-1.4600456934382895,0.06024695645183949,0.07986009995276286,0.05792257294298243,-0.09321151327141486,-0.03609148366025738,-0.006300197510013964,0.04376861629250548,0.10216426668629716,0.005944833029036396,0.1870322386192625,0.03498105828293274,12.273456545534287,177.31095051113766,2.7301003671375055,-0.4753256065765114,0.05721006479431754,0.07509789598902192,0.05965925658338908,-0.10035541063005748,-0.041062915733322616,7.37851663791902e-06,0.034034980255699294,0.08867825112837047,0.04984709480122326,3.1982494697583554,10.228799670809602,-2.1432360418485463,3.9500192804624126,3.5,-13.1,0.8895613311033613,1.7,2.26493374108053,-7.7,0.1,1.3,1.8,2.4,0.08004897125644461,3.4417117197242444,11.845379561687215,-1.2167216870142716,0.27586102043362626,4.185307474670371,-10.56702734631592,1.4636209403115799,4.377698549094002,2.8803152455111722,-7.248942249082266,-1.9140299113661812,1.754327677396018,2.4636686377278205,3.260248825471953,-0.003865906168734186,2.9128618036737133,8.484763887301279,0.33811278830130237,2.835049179345633,9.597748715896351,-9.208654991486151,0.5543600561861837,0.7238351384847717,1.6190749873438983,-5.7359813348002575,-0.41373650279021723,-0.02887147474072845,0.3100986356945544,5.7012450331718085,0.13397791559927527,4.6236437112926385,21.378081168975964,-1.1309021049915267,-0.052389332680641054,5.149055066759878,-12.476362378138067,1.6809885918054526,6.423558060810085,3.979943460808882,-9.744883901284272,-3.0849522613926883,2.6653051242000854,3.3386057994173965,4.242236113732723,0.09043622012612414,1.4393555108619969,2.0717442866488,0.1660041074017276,4.28624373334639,5.6684779467774495,-5.095805403377636,0.6008972855926026,0.8060954332685513,0.8597973830121928,-2.0130720218817713,-0.3703574153271836,0.025676191276483372,0.43573801794136763,2.5557159279958763,-0.00543345099019308,3.301214642769018,10.898018117632574,0.5278130038546762,6.6054070984892554,13.920960534564411,-12.722230426449961,0.20958813440180762,0.28061182804844986,1.4866434002131184,-5.205525078219264,-0.14431151233926257,-0.005424650120164877,0.13630031570918727,5.562836522456064,0.18173632185230007,2.415563333414825,5.834946217738143,-0.5121474865844374,5.653712249274124,7.964092651032105,-11.17919550066387,0.44450763286783024,0.7288599296644119,1.2628051199326629,-3.4229113029099985,-0.24259402859407003,0.01768472940440038,0.4862659010703419,4.967045773997571,2.9487257900101933,3.674391488483456,13.501152810639667,-1.6486370417255019,1.729965062481286,6.5,-8.3,1.334341996655041,3.8,4.341794087665647,-6.4,1.5,4.7,5.3,6.0,4.173215531178057,5.1478787449064525,26.500655572259635,-1.653787529427558,1.8026366851560471,9.927718875566264,-12.756715788586861,1.9427303301107792,5.052704973635751,6.102939697089183,-8.589413800756429,2.3468281625382836,6.543286401912929,7.399533136174035,8.42943248928206,0.016539072668010146,0.5590722369877165,0.3125617661704494,6.770753632152803,95.08786728559093,6.4261611205390015,-4.491174635087758,0.09831561822959525,0.13156843080188513,0.16001331498842164,-0.2994587861386845,-0.061330481356632265,0.008078324468937581,0.07023794944525287,0.25730019223362566,5.907026897048043,7.191705055870009,51.720621610626246,-1.6180146435324072,1.692850421220073,14.53205383270444,-17.683309987287554,2.6373977475489325,7.663329385565364,8.567292016671374,-12.047168627040485,2.848481373649531,9.270107618134624,10.511810759214894,11.84756041129442,-0.02276439800800507,0.8054579749854787,0.648762549467708,0.6283426418533778,50.18970480001827,7.490033202292479,-6.683032004380064,0.19457212905928736,0.2605120605943852,0.29708784834620733,-0.4357215034596733,-0.1288550384419126,0.0016649513426445633,0.1316570221524726,0.5091915124570932,0.02342857145777134,0.49845482753148707,0.24845721508944452,3.03982774853454,48.48819049332144,4.20969915519087,-3.7645187773977695,0.09835401146321922,0.1344933364254402,0.16171460985463823,-0.2078735121004109,-0.06712627120591522,0.009366347634095239,0.06736706521952499,0.22311363092974562,0.009475418918272681,0.6075512632800438,0.3691185375131772,-1.3552712233172257,47.995096068848575,3.9103051465508187,-5.910640572874881,0.1348120355953881,0.19100252457256628,0.2145296816439777,-0.3139701595413768,-0.10720277349825134,-0.0011561900211783838,0.08379975107431492,0.3399247946410073,-0.0026254151621358936,0.2476608542933214,0.061335898749297776,-0.6308213427378324,4.9992676148630935,1.160769,-1.476602,0.054541970414384085,0.073501,0.13313968309133214,-0.475769,-0.037762,0.000616,0.035739,0.446096,-0.0037148803285360003,0.3297778995383301,0.10875346302391294,-0.5676382143665792,4.513099889384576,1.5066896683223225,-2.023808174228497,0.07693120595066433,0.10374616060183384,0.18173386581019613,-0.6510938695126666,-0.053533887914370165,0.0006700700311913616,0.05021227268746367,0.6040409543450237,0.0002649757007179141,0.11793000700199245,0.013907486551489988,-0.010803716343510975,7.708122505832968,0.8102809237719799,-0.8051646024857181,0.007711630627704623,0.010405781099949728,0.05385368334181764,-0.19651539539183333,-0.00523726287906845,-5.6991227245070035e-06,0.005168518220881277,0.20098442109216227,-0.005259315332180257,0.4554857873112684,0.207467302442566,-0.5561098796279309,4.23388251410241,1.9819837868999703,-2.5511466670428544,0.10895298225729168,0.14655855599972023,0.253610315675132,-0.9075877995292154,-0.07539163982788041,0.0006128163718422495,0.0711669161718398,0.8402032968128471,-0.002435847875336988,0.09997736679934849,0.009995473872131469,-0.20921822901109535,8.235018118992617,0.6157398079595996,-0.6737533954039295,0.007379852426311089,0.009928936648719678,0.045375911428947514,-0.17005265814236337,-0.005228263010723322,-0.00018920288741989361,0.004700673637996357,0.1562063275551661,0.00037518947598353357,0.07674707038537167,0.005890112812737192,0.12101349411356534,7.668242203885036,0.5505820012177879,-0.4991585010749211,0.007506098785680398,0.010110648626888083,0.036136570455919684,-0.12706141405643281,-0.005023633280007986,7.677969255378653e-05,0.005087015346880097,0.13017554284626298,0.0014019684088201448,0.14804732123792502,0.021918009325725366,0.06526670307374753,6.768470110854182,0.870519793143736,-0.9376380374891539,0.00780360773229315,0.010524692707788812,0.06789848252119267,-0.2510341768391943,-0.005166939226296737,0.00010112891985644692,0.005357753481492075,0.2610765066363041,0.0031706492504344234,0.44972623466516387,0.20225368614610603,0.8204279976447054,5.350176486141125,2.88836,-2.056311,0.07678841670306064,0.103467,0.23506611109474865,-0.789815,-0.052041,-0.001629,0.051426,0.84897,0.0044861897947153055,0.6041790868656733,0.3650323690058389,0.7855348443553949,4.956869848103217,3.577915033745266,-2.450753715339662,0.10847132980756029,0.14595937113696775,0.3207906521264821,-1.0607545483790548,-0.07402971261858313,-0.0033993161047797247,0.07192965851838462,1.1784384305437738,-0.00017747879343634198,0.1985939979690725,0.03943957602933997,-0.06093512043371522,11.066704307981793,1.6011712461067593,-1.8260088912944485,0.008853412585175814,0.011935369334999058,0.08629788631078758,-0.30826533069910145,-0.0059949568924509535,1.2284225939325727e-05,0.005940412442548103,0.3112403571485415,0.0063509823644881105,0.7927151814313889,0.6283973588717998,0.8087159293204107,4.157819962584799,3.8654364960170526,-3.242868400494788,0.15271808509084892,0.20512833010044507,0.4293179245889584,-1.3781731570144966,-0.1052496666795414,-0.008553014131797034,0.09987866342090368,1.6447848305058836,-0.002554781837841823,0.31864265461794183,0.10153314134196897,-0.7108183168373993,9.632622057967929,1.926918065586595,-2.7422423897033426,0.024107513229057333,0.03250125107873958,0.14583762538427872,-0.5180631088234401,-0.01572349713797027,0.0003079868305929205,0.016777753940769306,0.5277220910902459,-0.0002513959017685067,0.19963011610123058,0.0398521832545908,-0.12142432088726503,10.803235760190224,1.5125893674749638,-1.676874783500377,0.007593522635281009,0.010271050683555251,0.08732684365165652,-0.31709672918538434,-0.005146345484207951,2.9386039629688667e-05,0.0051247051993473,0.3109770811026417,-0.0007567091126321616,0.1975157313226934,0.0390124641199384,0.12731094493898223,7.713163132914904,1.2749727326208686,-1.3019443917107394,0.009733670631183607,0.01311172091199531,0.08868903853537041,-0.3408658888961247,-0.006451760889611294,2.5902877219634562e-05,0.006659960022384014,0.3340592253847016,0.00457318786263364,0.12890009919486556,0.016615235572446183,0.05413416082459362,8.56496596906396,1.074868,-1.220548,0.01856069717347163,0.025039,0.0635087165051689,-0.207258,-0.008096,0.004545,0.016943,0.220082,0.00646946794185238,0.14274678561262846,0.020376644802737716,0.13335373079347565,8.978710799368777,1.2258349899736583,-1.032954183009463,0.024825941434969283,0.03346744573116461,0.07114756129087099,-0.21857215525782178,-0.010872038099964372,0.006089000062131089,0.022595407631200243,0.24798941801067367,-8.694374049146117e-05,0.1133619666234626,0.012850935476739048,-0.03276644596545929,9.00337631055932,0.800348811116637,-0.9319339032317088,0.007814753540478815,0.01055155112678227,0.05156397560579492,-0.18347031377984582,-0.005284909348972319,-4.840703765546136e-05,0.005266641777809951,0.17959980086236108,0.009154887818262033,0.1890509880616476,0.03574027608708523,0.09676993504006505,9.770592201286528,1.3951581133177462,-1.261866526124022,0.034504734824328503,0.046566365151545525,0.09399228354502619,-0.2788762623025218,-0.014603616304019684,0.008738360928453119,0.03196274884752584,0.31547450704818486,0.0011690072080508037,0.0707434282671374,0.005004632642987616,0.7593059368326492,10.748589765379124,0.5612175913401127,-0.5144628828254304,0.006961122045667676,0.009395260980380479,0.03208348343699178,-0.1079366333947491,-0.004740747630817881,1.332269647157081e-05,0.004654513349562598,0.1128264469248118,-0.00012378247779000048,0.14146630708071015,0.02001271603905378,-0.029794162887091188,9.386735475288615,0.9912174795605397,-1.1435249002466485,0.008490281328376963,0.01144951158387882,0.06421482440376637,-0.22648124009508094,-0.005811850404153292,-5.1643955162176776e-05,0.005637661179725528,0.22793488428104525,-0.001026234558539575,0.07538956127622351,0.00568358594942146,-0.06957767626374235,8.262019117438676,0.4878300074606885,-0.5150616483575243,0.006897890426426146,0.009315401360502917,0.03449549187682364,-0.12802023370336152,-0.004802137718466071,-3.207324287126797e-05,0.004513263642036846,0.12323719557316686,8.910862074044189e-06,1.1483832463732686,1.3187840805508073,-0.0002971074052001777,2.373418470134915,4.080798,-4.079287,0.7046949191767883,0.950389,0.7609269398433129,-2.20184725,-0.47401025,-9.9e-05,0.47637875,2.2057605,4.4588963533724935e-05,1.623941949362876,2.637187454900497,-0.00035673412963340204,2.3766790590557028,5.765095168577124,-5.756271333790832,0.9957997070230232,1.3432972707208548,1.0755989397587664,-3.1101159626217454,-0.6706563817378555,0.0011250560603219047,0.6726408889829993,3.111149870206797,2.0152960043806964e-05,0.012782390419037911,0.00016338950482471217,0.6458557003475269,15.519020878429444,0.3315807681944204,-0.05152761235711493,0.010544545805667055,0.014255057470317002,0.009610789919413379,-0.0206854564561946,-0.006967931224145921,-0.00013767103246764903,0.0072871262461710815,0.020733138941016034,0.00015179890558408886,2.295871396766365,5.271025470489939,-0.0004827960361083888,2.3860301923256957,8.077758227747099,-8.060433583440016,1.3676975289358269,1.8447865467158648,1.518583672917837,-4.400033116690337,-0.9212389882433301,0.0012900635549579417,0.9235475584725348,4.393361096743812,6.920235275108538e-07,0.04977572771831317,0.0024776230698876503,-0.0700508894307679,0.9432530508931491,0.19429149742744145,-0.5170177623922427,0.04356971687167121,0.0588019304465775,0.03851910199419677,-0.08752523547404825,-0.02970739282178057,0.0006299124124303779,0.029094537624796926,0.08872929199215136,2.8398617061331575e-05,0.005440688551290396,2.9601091912142394e-05,2.864242896644791,70.12866004512628,0.14078624806477338,-0.023244953759376356,0.00435765903698092,0.0058770707195213105,0.003905771983367248,-0.008933857046465859,-0.0029385261087352165,-2.062109890617038e-05,0.0029385446107860944,0.008864825127954178,2.0183917979490355e-05,0.01724195696635113,0.0002972850800295043,-0.2016426637682762,4.062994541050489,0.15076194608387525,-0.27547772892962347,0.014315986625938764,0.019390135530637145,0.01316367097273737,-0.03000518858044102,-0.009707719320882798,0.0002724305447487941,0.009682416209754347,0.03014046825854129
-5.71869918699187,7.702009552929286,59.32095115341397,0.8982711416671584,0.05204444700259048,14.9,-21.9,6.671709983275209,7.0,8.814024390243903,-15.385,-10.6,-9.0,-3.6,9.1,-8.042203598189264,10.947707868627964,119.85230757681865,0.921432193817574,0.06371654678211014,20.933020929479973,-30.18222497880329,9.609767620527515,10.035861744187,12.495324560033447,-21.77853079404661,-15.035095243235485,-12.81924159503391,-4.999233499048485,12.940067296187143,-0.041820636416079755,0.5962043747394206,0.35545965645842337,-7.9171740322896005,93.03558133447434,1.3604639115346067,-8.402788639382823,0.2689985746259782,0.36079895326209,0.2702495290544222,-0.46457074238405127,-0.16968088621815483,-0.010394370298589195,0.19111806704393514,0.4500991535499564,-11.27016103339981,15.629322116873606,244.27570983299444,0.9407894017153958,0.093533878539525,29.392924271428694,-43.48564241699606,12.962695427422021,14.428149956172923,17.737647971531317,-30.036645290026115,-21.475420084981096,-18.152319570386535,-7.047270128808172,18.322660246375328,0.13971523460176594,1.1477880948146904,1.3174175105983366,7.219578526525813,63.92702266433449,12.441681385616688,-2.4382657570697233,0.2695990504433661,0.3564953765362586,0.3840509226601028,-0.4490373821712186,-0.17045477336337322,0.0175911630737125,0.1860406031728854,0.6218358590383142,-0.058256480218916336,0.4776007757319457,0.22810250097975632,-3.5845669672415497,19.481816860832712,0.7293033137797048,-3.6029886523677894,0.26524338605173264,0.35936699425400254,0.2714876226683565,-0.6001829626901908,-0.16939040243387427,0.011549080284337017,0.18997659182012827,0.40399301199661525,0.07908578275572543,0.6838703557347655,0.46767866345279474,5.973031305343644,50.4347840499793,7.0687634068868235,-1.3293428123008295,0.27815885932110507,0.3749501841951045,0.313821283287325,-0.4970197631681359,-0.17039045988397003,0.011691830988537892,0.2045597243111345,0.5152770496693788,-147.65914634146344,11.533399611057456,133.01930658834027,-0.374169461054037,-0.46208319983342694,-113.3,-178.6,13.49168018840097,17.625,147.65914634146344,-168.17,-155.0,-146.9,-137.375,-132.31500000000003,-208.7651787251412,15.67764129506504,245.78843657672863,-0.20995677346903796,-0.8114904682493393,-163.3239692169418,-244.36086010853717,20.65841143454705,28.255527519968155,208.7651787251412,-236.125991081722,-222.0273698902961,-207.51823466466084,-193.77184237032793,-187.68739953489066,0.21194495157628668,4.405738713753659,19.410533613867745,0.3353186228488839,1.4019221461541367,15.897468458125935,-12.773436983449956,2.9077826621882563,3.953310567443045,3.1275634281935885,-7.175526559212185,-1.9087681727399657,-0.08591862943275785,2.0445423947030794,8.267614336437283,-295.0350028968242,21.710436099228513,471.3430356186845,-0.2193256910336804,-0.9610179265632448,-237.68667479466293,-338.72125897912696,30.443744820415613,41.344519905618995,295.0350028968242,-332.1522387745234,-314.9446864572167,-293.4415893406749,-273.6001665515977,-266.0616540240266,-0.360508264249075,4.186960740430622,17.530640241907342,-0.24862018050524637,0.0832307594368622,9.82982341143239,-14.067971835014763,4.05920849892974,5.890014751567217,3.3112008048503956,-7.562544763046748,-3.3022166412264804,-0.03872665748838244,2.587798110340737,6.010689358188425,0.2900318147535221,2.323610777165549,5.399167043759888,0.6335293736011225,0.8295190563250885,7.52964887110648,-5.46714975065878,1.803596308161524,2.439950560230078,1.7303103050802298,-3.231742452559581,-1.133020209529764,0.023862891926752283,1.3069303507003143,4.985790034538167,-0.4432814510069844,5.719409956113807,32.71165024609375,-0.010503098889387767,1.2523179141624983,18.59788615914342,-18.05295667921251,4.062586006197993,5.366603557425869,4.114205757900603,-10.415750522922105,-3.0322257213784423,-0.4925574777306595,2.3343778360474268,9.88220224937714,-0.7867886178861789,5.701132772552921,32.50291489027695,-0.38383174083257643,-0.945610924406945,9.9,-15.1,6.597579872349929,9.7,4.722357723577236,-10.584999999999999,-5.9,0.5,3.8,6.9849999999999905,-1.144732459930134,7.917944214743032,62.69384058778264,-0.31499812762540336,-1.1438803928674277,11.912521631714236,-17.702622993303834,9.461799299523975,14.275682216728676,6.642027291466659,-13.972832013372209,-8.785092413602484,0.656158748133077,5.490589803126191,9.608948448541986,-0.09669977451846504,1.5081999391038343,2.2746670563128095,-0.2502150269490715,1.2758288561540176,4.72042006104692,-5.556307308447678,1.1089726256097092,1.4891094741862074,1.1009935063828329,-2.890942739493932,-0.7597179548372623,0.01823731450402244,0.7293915193489451,2.1736655036223347,-1.7077781289829377,10.99306163818036,120.84740418083264,-0.2583697597188978,-1.2561647401919385,15.797585829995242,-21.977667863017118,14.197068489421945,21.81619278589373,9.304558709678854,-19.116768297714042,-13.362977185361753,0.760026830545548,8.453215600531976,13.352279749556736,0.0701986653333506,2.0729313605998705,4.29704442575843,0.35847598485227694,1.6296032594926801,7.450664903081564,-6.270908991242817,1.5721784100058542,2.1304204858769547,1.50894506359309,-3.19578873072792,-1.0367437023566262,-0.011745973128226783,1.0936767835203287,3.5587368301046802,-0.1364245463340465,0.987821767477166,0.9757918443017123,-0.19908273050636863,1.4042927851404547,3.0724773735452424,-4.146729982477188,0.8242090227580323,1.1123604096284678,0.7440883394337461,-1.7263919918509434,-0.6623212504393978,-0.1136243983281997,0.4500391591890699,1.528671094445591,0.07043588038504624,1.872803640689657,3.5073934765804347,0.5814658718689923,1.4647844031191912,7.578997176312679,-4.336732536276723,1.1981310221537218,1.5613982301876894,1.3223491760172614,-3.2740401493781928,-0.8151985126419776,-0.11858837281174829,0.7461997175457118,3.385442369382332,-0.1829268292682928,4.58062963537052,20.98216785643466,-0.22241447534162267,-1.5344504726289168,7.2,-7.2,5.114977653844327,9.3,4.180894308943089,-6.8,-5.3,1.25,4.0,5.9,-0.26276803440200924,6.496116559178785,42.19953035043681,-0.21192360955889875,-1.5378746672260202,10.168362681336463,-10.03808417721592,7.473587205036656,13.178730505099402,5.931987635480213,-9.607303337455706,-7.509052733931292,1.8236777445044665,5.669677771168111,8.338141144928812,-0.0020964710709420837,0.18363486220079156,0.033721762615503706,-16.998854357680763,344.8763513695636,0.5796333938156573,-3.741476412639085,0.05667794732046415,0.07702577875639943,0.056457391635822855,-0.09203592334718756,-0.03516080444754441,0.004361727657364894,0.041864974308855024,0.10186127778045294,-0.4071647702430947,9.242873176543778,85.43070455767246,-0.1957572076960361,-1.5397520507119125,14.32077847595959,-14.099309818573598,10.693405771098123,18.8037785870699,8.439962996897346,-13.578520264010262,-10.786514588195153,2.4459014342851977,8.017263998874746,12.029830430976993,0.026087218992116083,0.3831180508363695,0.14677944087665903,13.296154439103994,198.27372669763523,5.76688859188259,-1.1708495894361342,0.06776860173175159,0.08941753863606514,0.09370142672760745,-0.12915958962869326,-0.041405759861314784,0.005163457755719525,0.04801177877475035,0.15099337238912258,-0.0029123162631483836,0.14943462078892,0.02233070589032832,-7.658561919934497,74.43048517570341,0.3094413433834384,-1.5519805352152587,0.05944811582451901,0.07863858143797514,0.0628654342301091,-0.11300658398105884,-0.029360990467765226,0.008150355956331573,0.04927759097020991,0.11063496989521603,0.00825162229727373,0.2101014760990724,0.044142630259009094,12.930037009194393,189.87587371230222,3.124052365784974,-0.4242226352916357,0.05795227585968125,0.08133295879531245,0.06358323130835836,-0.09889714897141827,-0.04081292952150749,-0.003172627044132874,0.040520029273804964,0.10439656111073542,0.27367886178861794,2.431397830274875,5.911695409065371,-2.0433149187914594,3.605628205243411,3.3,-9.6,0.889561331103361,1.325,1.8413617886178864,-5.9,0.375,1.1,1.7,2.3,0.3941303155401281,2.6093415397872817,6.808663271259462,-1.3174643822957084,0.9084227167033738,4.326005954978098,-8.747069585811639,1.3490831828134835,3.105218563675588,2.2363331540603104,-5.154668375096044,-0.9829717168046884,1.465619785388576,2.1222468468708993,3.0127829518598155,-0.03347490679909736,2.22527795964443,4.951861997679277,0.05613126573343328,3.167567717964812,8.012540505545253,-7.183794029788116,0.428989467038243,0.5785096253060263,1.2254927598924614,-4.335849553235438,-0.31740604297253133,-0.0038664034616871373,0.261103582333495,4.2493931518670625,0.5821839807142718,3.289704845217458,10.82215796864722,-0.9014382208020231,-0.6126146009733104,5.683627693872793,-7.440681807901979,1.3731055313366949,4.894665010787406,3.0499347128738945,-5.80946517748867,-2.0049276584803906,2.2661911938530412,2.889737352307016,3.9967184035762133,0.02547112875166642,1.6296875775371582,2.655881600378931,0.2923035650722987,1.5947400138472325,5.641153689213958,-4.941569826152691,0.9411158833320249,1.2641161769495268,1.099425381458393,-3.123461912041379,-0.6249746255858935,0.01219708036662967,0.6391415513636334,2.968604209648989,-0.04686024221537673,0.698635070071226,0.48809096113342687,-0.32980196773630155,6.945609096256245,3.497903778157418,-3.0087545085855774,0.1866362887501071,0.2537007703055866,0.37579148445471117,-1.267902330381943,-0.14579967817914735,-0.004082686323061538,0.1079010921264392,0.9878227511708224,0.08979711995908149,3.044597476818604,9.26957379585021,-0.18789458734487124,3.3923024044729697,9.732301034797569,-10.941084682591796,0.5268020954003475,0.728892512503893,1.6462209617836372,-5.787770193167314,-0.3251123979968653,-0.0066058284602457835,0.4037801145070276,6.037299613091248,3.303048780487805,3.15971061851278,9.983771192742415,-1.793095851711042,2.562854025982869,6.5,-8.6,1.1860817748044812,2.9250000000000003,4.246138211382115,-4.8,2.275,4.7,5.2,5.9,4.671037556298231,4.434077377943125,19.661042193586976,-1.7434076861069439,2.3483961058154144,10.349825190405285,-11.741532099952359,1.607115831322298,4.0932801706141175,5.988066622634744,-6.4918391264872355,3.3768744863915545,6.6665320640972165,7.470154657005672,8.311767995066003,-0.04568716726469388,0.43006658467236,0.1849572672517482,-8.536962490277974,84.79253479802071,0.5544617327932895,-5.200546953730267,0.10841113792472606,0.14356102028918308,0.14578145938207995,-0.32777590033045767,-0.07762618038350635,0.001703156034661979,0.06593483990567672,0.24555058490905016,6.606465887272506,6.161613510737371,37.96548105570131,-1.820938067805339,2.7695741708480313,13.651184449675839,-17.611940845138736,2.3814296189444217,5.063426962883967,8.396088967999614,-8.83214010137768,5.314294785226347,9.286483609720394,10.377721748110314,11.712043780394822,0.09558703708380067,0.8978017295732322,0.8060479456246873,5.993585427897248,41.61569708712153,7.785645792086577,-1.498106267513509,0.18429933689622985,0.24675930105066968,0.3126525119991025,-0.46127292340437387,-0.11539335344362514,0.006994512469143871,0.13136594760704454,0.5254145763000286,-0.06348987851276093,0.3416000177292869,0.11669057211264912,-4.301418261412988,19.91491548459899,0.3704907174943187,-2.194502266064381,0.09496517956072381,0.1253050386716757,0.14182994712970493,-0.26770995333059977,-0.07176575404118202,0.0018912210061307736,0.053539284630493685,0.18655488329656428,0.026155934891511527,0.4976096402767866,0.24761535409639296,5.948684832926801,40.73459867945273,4.236715887336006,-0.5866239873878225,0.14062075357758688,0.20961236853311546,0.1959119141542261,-0.3507870762912535,-0.13827805379945657,-0.010862417151888066,0.0713343147336589,0.2709238741370511,0.0024546904661208956,0.17634093909361512,0.03109612680041808,-0.443134091988262,5.648757683902591,0.972967,-1.065102,0.019032164678956413,0.025615,0.08802595989789445,-0.31759325,-0.009844,0.002815,0.015771,0.320473,0.0034716973370723992,0.20276772562442855,0.04111475055490354,-0.2652346827104924,4.475479685937183,0.9068708427121173,-0.9548506835694851,0.0254768132976737,0.034391694116874524,0.10336237462477918,-0.3973130027145374,-0.012810292899880641,0.0041947874359507965,0.021581401216993885,0.37852752520935645,0.0004556741501569359,0.1451609302058603,0.02107169565823064,0.12737905335927527,11.967207305017688,1.2100543714222123,-1.411461896887045,0.007797589414596728,0.010516569743059888,0.06373960167540815,-0.22505944536247058,-0.005274305121444247,1.3373642456438806e-05,0.005242264621615642,0.2266850285636388,0.004910505322566906,0.2691746924799652,0.07245501507168384,-0.1157948965562842,4.216183370648347,1.142524206308352,-1.1313420253107842,0.03539676210620829,0.047712954694738706,0.13777994159629328,-0.5480978474468079,-0.018005861952306766,0.005954728259637349,0.02970709274243194,0.5145894819964587,-0.0024346160170100337,0.09876129216588725,0.009753792830275741,-0.05820237509244388,8.057204713614516,0.7068456092443768,-0.6930211974987324,0.006309952354628843,0.008509328618107638,0.04546830734421213,-0.1719600219825301,-0.004545214609199468,-0.00019233591220445693,0.0039641140089081706,0.16354681288152836,0.0006441164523441682,0.09953555748195396,0.00990732720324336,0.16680507494073754,12.173263924231009,0.9009626958695129,-0.8657142257774615,0.007886378224840037,0.010640216905305318,0.04442147221661791,-0.1490772090590488,-0.005344795866237572,-2.9755774460495817e-05,0.005295421039067746,0.15030322412910113,0.0020533793989037335,0.17951106708105388,0.03222422320457863,0.1359451803998178,9.42687734019108,1.3446997128325353,-1.439205638791432,0.007712007445302633,0.010392768051477076,0.08093867904450143,-0.29029703698593984,-0.00515939661978163,6.699790705395512e-06,0.005233371431695446,0.3014506991317333,0.006878642932664714,0.3751180324687555,0.14071353828323033,-0.4356226223788198,7.162104431905531,2.168176,-2.653741,0.029130168389198064,0.039356,0.17874809388877141,-0.656711,-0.011844,0.007744,0.027512,0.647759,0.009729574901770939,0.48412165434501847,0.23437377620575753,-0.04970233130927541,5.979960468175269,2.7178803428730447,-2.682354444746916,0.04051911050259246,0.054600102802281836,0.23453333201107587,-0.8937452676391817,-0.01622000045960677,0.010934301346268903,0.03838010234267506,0.8421130408725265,-0.001381450014915772,0.21685466399920408,0.0470259452982077,0.0884531037481794,11.709296313942007,1.7854298037381966,-1.8560999199933255,0.008575297699599504,0.011549787051404794,0.09380559269151839,-0.33409825456381004,-0.0059744111648508125,-0.00014017121530116884,0.005575375886553982,0.3189645730510296,0.013764465547302433,0.6272720902323636,0.3934702751844785,0.0683747053265199,4.7735857879827215,3.3682919385149614,-3.0947040653538993,0.052966363603934,0.07157727447219117,0.3135541301032862,-1.2679032553890444,-0.021845439034910513,0.014718538381649545,0.04973183543728065,1.1091248728606304,-0.0038818351955986876,0.2741850914391507,0.07517746436749542,-0.3865115176346486,6.947988674962405,1.424590970173294,-1.7943709641277388,0.021484140158459356,0.029062012560771913,0.1293240813835198,-0.486521553247907,-0.01501021780134507,-5.466490055002567e-05,0.014051794759426842,0.4801000725225785,-0.001953170432292997,0.19660544625786294,0.03865370149825344,-0.02027222668085275,7.825526784214189,1.3452431821939088,-1.278654088385934,0.007191435069982813,0.009704424872634398,0.08929048178643498,-0.34093592012991913,-0.004935379441547017,-7.828183969555802e-05,0.004769045431087382,0.3188987580528011,0.0010787112501332843,0.23532953284533378,0.05537998902920303,-0.0562085826436905,11.55432959139716,2.0222394159856103,-1.9076823533555707,0.009562638867761026,0.012891202798831401,0.101466454521452,-0.36596891055276765,-0.006394939594331192,8.458840076779637e-06,0.006496263204500208,0.37415973338770936,0.007295052155393772,0.1139595725833564,0.012986784183381275,0.20089970738579258,7.714986525140139,0.922155,-0.700416,0.012194403247208576,0.016451,0.05675523618705254,-0.188812,-0.000717,0.007569,0.015734,0.19558775,0.01031624806380682,0.09947964906347165,0.009896200577791475,-0.45212600316952917,5.969979557459014,0.5586291982210458,-0.63519791648576,0.015109666018164353,0.02035933111502862,0.05360916169471972,-0.17260540086412032,0.0009476340715362308,0.010947403921632709,0.02130696518656485,0.1864691453600792,-0.0004974852529429625,0.12678641278658068,0.01607479446728923,-0.1328332112311131,10.32686619189651,1.1138316176686094,-1.0805205190754887,0.007707875604154632,0.010412568409035303,0.057941258670925685,-0.2088663619533921,-0.00521059513729614,-5.851064166408765e-05,0.005201973271739162,0.20529200278352722,0.014587775860044382,0.12456228976558692,0.01551576403164604,-0.360892964039165,4.82896642784101,0.5726227646821052,-0.6456872619232131,0.020256124557175546,0.027307432616793685,0.0686340599762965,-0.2152690183616665,0.0015086688098867385,0.015105620688565049,0.028816101426680424,0.24877495411493675,0.0009925601357789855,0.06536186162989818,0.004272172955725956,0.7278478363955296,9.020246190184487,0.616752480090295,-0.44719200355845934,0.0065683473801708275,0.008859220670570794,0.03095226493617019,-0.10229057426937442,-0.004504316344608621,-3.123986195934937e-05,0.004354904325962173,0.11433710371720888,-0.0007030808418170309,0.14573967900983187,0.021240054037888825,-0.03356107735542788,7.624006208245667,1.0391892285947018,-1.0981947605013194,0.008398016251321132,0.011320712144028813,0.06850759051267011,-0.2563848965884119,-0.005706458121113295,-7.33286026432787e-05,0.005614254022915519,0.2495780740347176,-0.0011237553642210333,0.10441481526607103,0.010902453647047741,-0.33622593262102424,10.898601446739198,0.911501011751459,-0.774331065658473,0.006808279935435764,0.009187491145420633,0.04643613872942094,-0.16479403894819106,-0.0046509613426350144,-0.00011052733251898063,0.0045365298027856184,0.16666086005393213,0.00021995122798537897,0.7394098670150184,0.5467269514391672,-0.0019921614504911887,0.7075691738704801,2.140988,-2.135702,0.6803972927188093,0.9180567500000001,0.5592856628251216,-1.4160255,-0.45757975,0.0008455,0.460477,1.4149302499999998,0.0002888141813706926,1.0455275573971243,1.093127873276797,-0.0019377982727257577,0.7102422122239513,3.024973991323193,-3.0150927758570316,0.9598572821282523,1.2948642036082687,0.7903087391313555,-2.0022653299664626,-0.6453292241537383,0.0003584681183596179,0.6495349794545304,2.0011828999757593,1.3770317886964898e-05,0.01612099481416282,0.00025988647379826454,-0.034634050103321004,17.607982173208296,0.3202246386793468,-0.3926456215332266,0.016289565607274962,0.021939577933019837,0.012811888420916653,-0.023867556092804994,-0.010981731715433062,-0.00012311790256074083,0.010957846217586775,0.023774537176144285,0.00034368567687030626,1.4776426956785276,2.1834279360921056,-0.0017852101354579107,0.7207416338128421,4.23645273989364,-4.234242194164565,1.3271619912645756,1.7890789123308082,1.1152982752998033,-2.8310057991966544,-0.8926962344666364,0.0005208251252031403,0.8963826778641717,2.8310912344262302,2.974760950028204e-06,0.05065021279326251,0.0025654440560027737,0.004739666047493392,0.7866427331502308,0.4247737152370282,-0.46199170646306403,0.03900126156799382,0.052686841375084933,0.03839589291783174,-0.09360079225605222,-0.026677824794572088,-4.754943115761051e-05,0.026009016580512842,0.09458082538942894,2.061107436153429e-05,0.0065452783793976165,4.284066906380989e-05,3.1913052517070986,157.12960499890454,0.2158419357721019,-0.16270041119640435,0.0055651618971360485,0.007507563981326461,0.004713432637584236,-0.009618427459750407,-0.0037470394188693634,5.790806571247497e-05,0.0037605245624570977,0.009688679372315557,5.114629168109845e-05,0.02184160755302146,0.0004770558205002041,0.3273464222124723,4.940659266364493,0.36021615553533964,-0.15929413425731725,0.022846194262315458,0.03075633248904002,0.017589747412213464,-0.03671031118438378,-0.015519031868679329,0.00017292305669429874,0.015237300620360694,0.03641377240233549
-6.526016260162601,8.223197036169726,67.62096949567056,0.7919979180725866,0.16815359323578205,14.2,-25.1,5.782148652171848,6.825,9.661585365853659,-17.6,-11.0,-9.5,-4.175,9.3,-9.17074469446452,11.67169388921468,136.22843824353131,0.8124952468226593,0.17076671688480038,20.11614542933525,-35.10544013919639,8.353341601530158,9.660588406941491,13.677142539021109,-24.768900262923538,-15.48737644549825,-13.51382913225898,-5.826788038556758,13.22421262636172,-0.042149838898782634,0.6306047153877493,0.3976623070692643,-6.908737199333567,72.79940103895296,1.8481752633226,-8.137382786882254,0.25591214190594147,0.3465451860394241,0.2878908214867857,-0.536973846248027,-0.1642772159535423,0.013253970860934494,0.1822679700858818,0.5691978200258373,-12.819409158038825,16.612986411227112,275.9913174996166,0.8279122918949134,0.1850709373848045,28.362884461733568,-50.51364698180679,11.584221995130026,13.71451485430284,19.351575716507252,-34.82902160887407,-21.92428995000268,-19.044898030040493,-8.209775095699841,18.779920678988077,0.12224635402979597,1.169023128286734,1.366615074469302,7.0534227068161925,59.50238515789598,12.330981586709015,-2.0630935294512556,0.26098196125280204,0.34698388200132096,0.3867656959689177,-0.5250292445975617,-0.17011747120651188,0.001266246122248682,0.17686641079480908,0.52867063108583,-0.05844986143143993,0.5352770769268091,0.2865215490833091,-2.9788630955560627,14.232026028828841,1.6296309001818436,-3.4758580835551753,0.24297232752162284,0.3338225708648096,0.2947174605678788,-0.7504543625202049,-0.15997098298586981,0.021168379020951027,0.17385158787893978,0.4685389484256487,0.07956235785529055,0.7016209509765666,0.4922719588492618,5.379185027143733,40.23260061802858,6.696628367438869,-1.073778782755561,0.289515644317478,0.3905629653847833,0.3248961654861309,-0.5674632243442841,-0.1947094669640978,-0.0009025820273041996,0.19585349842068553,0.7677481020349513,-148.3253048780488,12.299557956418985,151.27912592330955,-0.37800213891597223,-0.5410225945936942,-112.1,-182.5,14.603631852280213,19.725000000000023,148.3253048780488,-170.37,-156.925,-147.45,-137.2,-132.2,-209.68984836839232,16.74223131346281,280.30230935349465,-0.19180641973953405,-0.9227250518090759,-161.3438158086448,-245.14785950864197,22.17616910733556,30.200832963457913,209.68984836839232,-237.2504011396161,-223.9698664904598,-208.5817437253753,-193.76903352700188,-187.19281105203459,-0.003955406865459293,4.67244833423304,21.83177343607711,0.0010888005317971506,2.4845720335890125,18.209436372737922,-15.246950143351013,2.784969181986337,3.734866193917745,3.128862245948558,-8.2110047305039,-1.8489758546386073,0.04880424682210105,1.885890339279138,7.225034385559911,-296.2910000568829,23.332081216093957,544.3860138744045,-0.20902337120468384,-1.0005309846221508,-231.140295317315,-341.02167643683333,32.264859952185446,44.889853269880234,296.2910000568829,-334.6149922137988,-317.46570111196513,-293.94305264824413,-272.5758478420849,-266.03427835307025,0.013461729600414078,3.890279535391785,15.134274863488125,0.025026362593772434,-0.13816286823441404,10.194064188048916,-12.192179640858273,4.111416124929928,5.224883307620022,3.146571786979437,-6.418364818089702,-2.734289987803516,0.14859597379560086,2.4905933198165062,6.408151743051199,-0.0053564248531509685,3.9592540242443133,15.675692428494788,-0.0527544724393822,4.0783381281709605,16.558076450960233,-14.06943415916092,2.218398059470174,2.9843744971418285,2.565968757936395,-6.696638659962792,-1.3105866997590911,-0.07254252101226624,1.6737877973827373,5.293514281834391,-0.28286336160840836,5.226531558504175,27.316632132040084,0.3689259312870223,2.3540081197703353,18.612721103044237,-18.246432793419945,3.278279980693959,4.434113595587697,3.6004174084902067,-9.13358093499781,-2.6701048434292645,-0.43718701217487865,1.7640087521584327,9.40908318183839,-1.414430894308943,6.199420957200276,38.43282020457399,-0.41040491466550927,-0.9673829914668732,11.1,-18.4,7.26475087067745,10.8,5.135365853658537,-12.2,-7.2,0.1,3.6,6.8,-2.030724988217851,8.594445703332028,73.86449694752234,-0.32517604916387055,-1.1928146283897125,12.713561105467862,-20.36064049873938,10.631664433653484,15.620847929235516,7.203769228697057,-15.863512059341074,-10.54031303664974,0.2940430429898654,5.080534892585775,9.454498178319998,-0.1473014585614482,1.6941504533083145,2.870145758444768,-0.21810545299420403,1.8546572473635745,6.187379221547486,-6.5105049372453765,1.203864461109916,1.6566184033274045,1.1935966542432206,-3.3200786751933586,-0.9424542267195382,-0.046430006250581246,0.7141641766078664,2.3117281414697515,-2.9530584964948154,11.98559030500072,143.65437495932724,-0.29713155181384104,-1.2767169888394476,16.190839311859285,-25.08911156208941,14.898867257186872,22.510533010592,10.12985820017205,-22.124100311992716,-15.615252434783272,0.4193910240225284,6.895280575808728,13.084498317411816,0.10442074154103329,1.8650562342683505,3.4784347569832406,0.6398573441289188,1.8663035348378694,7.632747910556858,-5.267317707391923,1.4503673182055896,1.9925769785553429,1.369278837832479,-2.82144701192162,-0.95738732181973,-0.04697385443646482,1.035189656735613,3.1584904229011848,-0.20403845948233126,1.5035983944942326,2.260808131925634,0.007143677092523617,2.0388401389145976,5.881350919087204,-4.632044877071993,1.031822363014837,1.5069787310562277,1.059304434523912,-3.056860856942315,-0.9925235697900088,-0.042884406284593043,0.5144551612662189,2.1111065647485265,0.048265934954281726,1.84398012687266,3.4002627083013115,0.22590315798789276,1.5856735114631277,6.379925068553632,-6.031881173932121,1.265434969603245,1.6424470131509161,1.2990998848021957,-2.8774465985517788,-0.9248774963668964,0.007317173368990144,0.7175695167840196,3.2551454489506093,-0.4031504065040652,4.403555501018309,19.391301050548616,-0.17558942893649954,-1.530324768293032,7.0,-7.0,5.337367986620168,8.9,4.002337398373984,-6.7,-5.3,0.8,3.6,5.4849999999999905,-0.5725587861193119,6.2461790436269276,39.0147526450442,-0.16486749216476765,-1.5323477033717494,9.881165707443323,-9.89459091955199,7.628946154265582,12.647909106398911,5.681181015534837,-9.468848001245343,-7.541484234616425,1.0517592168064909,5.106424871782487,7.74202459750103,-0.004425897891921875,0.17688211957340566,0.03128728422478058,-17.18120624902464,347.47133311862297,0.38477536130354517,-3.6135421661924942,0.0578390063940493,0.07792166297292268,0.05618011450354559,-0.09531437697893894,-0.037362351034098115,0.002963552772293432,0.04055931193882456,0.10821328362472336,-0.8394021766054865,8.8907507391152,79.04544870507748,-0.1477877722832821,-1.5310605800296522,13.907077646416711,-13.924973253249462,10.70112343387791,18.13425769967152,8.087756876885237,-13.426744689095411,-10.9210332640103,1.5967904800433277,7.213224435661219,11.2586521611984,0.02061112658465157,0.35315629336157706,0.12471936754088826,13.29422724248921,197.77708115522444,5.309696751949342,-1.0122268808384758,0.07226026730230493,0.0969667785580092,0.08784816830548046,-0.13074807753882295,-0.04857193405975721,0.00019896566363719614,0.048394844498251995,0.15197137070087838,-0.005893878288946149,0.14845163846768714,0.022037888963740888,-8.22141794385088,80.96436408404675,0.2808876764844689,-1.5101162050417436,0.05737334631256268,0.07358188084057082,0.05871014898932452,-0.09982258174001901,-0.02996102090226862,0.0037781779015855035,0.043620859938302205,0.1036617210027008,0.007481096888421127,0.1993257380513626,0.03973074984972042,12.40696768768339,179.77252224129307,2.9238625777120815,-0.4103170823202507,0.06481757854878183,0.08743840654268062,0.06619303938817758,-0.11534036594707725,-0.04528745325306176,-0.0013618118632149545,0.04215095328961886,0.1023405748689822,0.016260162601626032,2.8389566096547534,8.059674631502412,-1.9702194404147269,3.096628364341308,3.3,-11.1,1.0378215529539212,1.4000000000000001,2.0369918699186993,-7.2,0.2,1.0,1.6,2.3,0.031722884900227254,3.0913007400484096,9.556140265423844,-1.1893389221400072,0.33375014182028817,4.373393523584865,-10.44332169257012,1.4802654666530506,4.143776967771466,2.5725297965438934,-6.4539582408046074,-2.0150482420588682,1.4049890076560088,2.128728725712598,3.073558779460056,0.018879601444454917,2.5453671330314105,6.478893841916542,0.07069261731410435,3.1550751564442265,9.044427692653393,-9.601613787452148,0.4790328303853657,0.640806037214641,1.3844488732451536,-4.729005986838873,-0.3456108238955512,-0.008846301003925625,0.2951952133190898,5.064965691720595,0.07472183478955334,4.096437521918274,16.78080037097993,-1.0317689020423064,-0.26371189495129643,5.79155000671586,-11.855823785019695,1.5425666089393164,5.943247026690084,3.5461143557336525,-8.230374952827212,-3.0400107073002163,2.2818722850219593,2.903236319389868,3.8694894665452493,0.09527494199494813,1.4576772265712732,2.124822896864519,0.636628820468027,2.1394054853331497,5.800567905584025,-4.221557719699958,0.9311178035010395,1.2470403131580863,0.981893248069145,-1.9073954026924365,-0.5539742425250453,-0.02400188327817325,0.693066070633041,2.955390308031261,0.02563422486136565,1.9648702586430353,3.8607151332999483,-0.5995113393554276,7.566953845292147,8.609299515986379,-8.637360775735644,0.18858835397591167,0.25304563844605343,0.9117554713832647,-3.00637462877629,-0.11997616265952699,0.006600508746344692,0.13306947578652645,3.5172716432756053,-0.018542716470588295,2.986038439480186,8.916425562053265,-0.5180637425068523,3.420362826873415,9.419072200925633,-10.87493459583195,0.5990652546617913,0.8005001330100101,1.6214863233887626,-6.224340177727174,-0.377980841392395,0.03134670585127206,0.4225192916176151,5.341271844438216,3.1458333333333335,3.2965926787056046,10.867523289295393,-1.6241568590553597,1.8787693373538206,6.5,-8.0,1.1860817748044812,3.5999999999999996,4.180792682926829,-5.185,1.7,4.7,5.3,5.9,4.4474041590411035,4.6276865796527735,21.415483079498383,-1.576359826862361,1.6973232014291781,10.521934432702052,-11.072770134103838,1.6598525123134478,5.0214248608760546,5.8926898626493145,-6.871848144319455,2.4254921546672783,6.643304242021269,7.446917015543333,8.326889807935217,-0.045145547977660544,0.43811881703737443,0.19194809784222835,-8.391908627209931,80.70607920322755,0.6283236988130705,-4.956756172880377,0.10700297359875238,0.14325316132180532,0.1463228910526913,-0.30309688016552894,-0.07304460687775499,-0.00031804706929511317,0.07020855444405034,0.2374001071915271,6.288156872240751,6.434841512953063,41.40718529682406,-1.6466070961712365,2.0435906427323465,13.95898936998853,-16.471549417143425,2.349422553912514,6.564569965856435,8.251198001541493,-9.881061547153749,3.8147618542032675,9.311387924105981,10.379331820059702,11.736723248880846,0.11103204005191311,0.9175652549577318,0.8419259971056473,5.894449466380099,39.2752864266784,7.317914486304757,-1.4099908141795663,0.14955028772221698,0.20410954243801488,0.31054006401869283,-0.47581895837230037,-0.08352033406065404,0.00898942680333703,0.12058920837736084,0.520941740708415,-0.06348106020895423,0.34640216487741227,0.11999445983175791,-4.088491336526682,17.721407794472054,0.3267896501237554,-2.013520244949455,0.09737385022418332,0.13073415882909123,0.14917065198436824,-0.2807909767434814,-0.06931505265602067,-0.003723055889865551,0.06141910617307056,0.20261624832763264,0.046265186111536356,0.5064440240483085,0.2564855494942436,5.977150484219723,39.95330524483931,4.119122691921559,-0.5194467843725655,0.15311379447862028,0.20478090399968907,0.19327597344291958,-0.3248154461120152,-0.11233051559053951,-0.01175453711777325,0.09245038840914954,0.2802000663653915,0.0008481372779178621,0.1921516427703251,0.03692225381933462,-0.41422829852178195,6.050773405374732,1.010646,-1.158052,0.019207111740740076,0.025972000000000002,0.09379361787380806,-0.341291,-0.011568,0.001151,0.014404,0.346965,0.0011992316751718807,0.23125943186173553,0.0534809248250127,-0.44586858580619854,5.351398340097161,1.1217859096059335,-1.1970383188566889,0.025841954468271214,0.034940260701080056,0.11406208055740036,-0.44894693438623307,-0.014740709938565973,0.002123637319344374,0.020199550762514083,0.4055412504818383,4.623354309114945e-05,0.1426785455058967,0.020357167347678236,-0.039694798003669984,11.700274247670443,1.18798292155322,-1.4215673663887836,0.0077259395640925585,0.01041393553366962,0.06272369057867261,-0.22546061239619736,-0.0052448749091207145,1.2294226649081598e-05,0.005169060624548905,0.22537752647741846,0.001695299059489351,0.3096312157737128,0.09587148978150747,-0.4131412193454491,5.0802997632010545,1.3456580192673737,-1.483592793666789,0.035714939362901536,0.048422844312367264,0.15279416434602505,-0.6208298176895749,-0.020611234347499688,0.0028306753305493994,0.027811609964867576,0.5489244003488875,-0.0007547800186302911,0.10521984935838954,0.011071216699002188,0.029133911978710295,7.991826434073998,0.7347231085318118,-0.7322994425557766,0.00619344592528228,0.008367553507588374,0.04743667139900829,-0.17650978156414482,-0.00434369834750248,-2.3702949471646933e-06,0.004023855160085895,0.17825455588704467,6.540477541959774e-05,0.09219166911667767,0.00849930385451898,-0.08366738692152259,12.679578858863433,0.7916682911183855,-0.9289228229720133,0.007803497681769473,0.010517900220459522,0.04139083447384455,-0.14215565328200525,-0.005192669887171768,-6.796520314210794e-05,0.005325230333287755,0.14356744879161687,-0.0004043031454982585,0.17946530650028727,0.032207796237242056,0.0008797033669851169,9.09997386382245,1.3085905823797592,-1.4121323079194374,0.007461173389505438,0.010089754994879373,0.07998045454352652,-0.30701878762166274,-0.005111701425591525,2.991995344993286e-05,0.004978053569287847,0.2927473836423646,0.005325855244471496,0.4004501813089457,0.1603603477103675,-0.295005414771938,7.041126531229471,2.337978,-2.887233,0.028952256122977395,0.039116,0.18859047284294123,-0.694415,-0.013166,0.006061,0.02595,0.6936490000000001,0.0075308379214786255,0.5174325935086431,0.26773648882508067,-0.08025624357789056,6.163925596831493,3.185411121112092,-2.9844352338593345,0.040011096991486486,0.05396991149285934,0.24751036367628823,-0.9657839690270652,-0.01795751682443946,0.008765608071747182,0.03601239466841988,0.8989793798265037,0.0007577458977629808,0.23012125135445846,0.052955790324941854,0.0483118028177279,11.836972781928374,1.704129298685645,-1.9085311865013754,0.008635519839106617,0.011651639814398708,0.09694275965479658,-0.3284556555560225,-0.005888364142238288,-1.354667158169154e-05,0.00576327567216042,0.34031977583835143,0.010647242928175333,0.673237289421058,0.4532484478670134,-0.06748496469597293,4.916702288502983,3.8157911401950853,-3.309739999098054,0.05244679585365529,0.070766332780347,0.3323065586046593,-1.3485178939025924,-0.02305608506038856,0.011977556312171341,0.04771024771995844,1.184929601398577,0.00024547954795289204,0.2865859493856984,0.0821315063853021,-0.0744575584213589,6.729169958132788,1.5877536489481006,-1.8959376061335977,0.020521826725493554,0.027715632761327266,0.13423089375982097,-0.5023241770601716,-0.013795887389051797,9.068635213170138e-05,0.013919745372275468,0.5087732712639803,0.0010713828674887669,0.20985360138967138,0.04403853401621509,0.0215624095702578,8.632840662825627,1.3390909904142574,-1.4304487084368214,0.007736723024527607,0.010437632224447529,0.0922481500425258,-0.3400416047331206,-0.0052751338799122,1.7290241060818956e-05,0.005162498344535328,0.3402840997319887,-0.0009990468728990922,0.2487039415199778,0.06185365052757253,0.020203740417200643,10.942976562362915,1.9500006973031485,-1.8395762646423546,0.009236854534358742,0.01248071433918254,0.10574620275287515,-0.3928519404078182,-0.00647293865717651,-0.00012394843554482818,0.00600777568200603,0.38248723875903495,0.005679733907196475,0.12355467209354996,0.015265756996144653,4.718160409463199e-05,7.804133213401988,0.886229,-0.837465,0.012732587852526107,0.017176,0.05991605173463176,-0.208528,-0.00235,0.006299,0.014826,0.209679,0.008033317042772402,0.1254208439592405,0.015730388099448156,-0.48613727755197816,7.196114582672177,0.8149620235663386,-0.8691608146118837,0.01602810759066781,0.02161636927951551,0.06315592008635068,-0.20892488047761035,-0.0017425948691958953,0.009095636930232291,0.019873774410319615,0.22195922921876912,0.0005160051416278653,0.12164795201187589,0.014798224228683661,0.1270661441010781,10.383657576966142,1.147967598961714,-0.951670873480561,0.007823915833250046,0.010568058590099419,0.054412136483515484,-0.1930899729303826,-0.0053248305886397455,2.8212233328413428e-05,0.005243228001459674,0.19554886413401656,0.011363715174044673,0.16339089339407303,0.026696584044113337,-0.41969942322538634,6.039239467976222,0.8451405671026619,-0.8659798449152322,0.02163335714409219,0.02925548621216802,0.08345453718718623,-0.2705473546521843,-0.0023499628591742,0.012631743205296786,0.02690552335299382,0.30384657210514565,0.0005368851435578136,0.06898196441378361,0.004758511414384509,0.5467401762657411,8.48739294869726,0.522688771522675,-0.40798343330039455,0.006568645570762717,0.008847177251822338,0.03222495615570579,-0.10996099267698756,-0.004620860331014215,-6.165843937578956e-05,0.004226316920808123,0.12037997882224882,0.0007295165243440527,0.14245978260584227,0.020294789660103837,0.12239319750650608,8.092234912511946,1.085383091486476,-1.0050360658463067,0.008756069506770898,0.011814431820809917,0.0652579302361879,-0.2406361252757267,-0.005838592324284152,8.033330442139714e-05,0.005975839496525766,0.24416889980433645,0.00015002373450207084,0.09641833068234704,0.009296494491570424,-0.026237841689354148,9.39204775946075,0.7802481178888931,-0.7331374820694451,0.0066156272379847446,0.008939037863218076,0.04318028277350745,-0.15362093342879976,-0.004424625532925563,2.482886951414889e-05,0.004514412330292513,0.1574354347087078,-1.010348375503588e-05,0.8452464504212749,0.7144415619497647,-0.0018881512891848152,1.210941284658623,2.565091,-2.58058,0.690799971184954,0.93198675,0.6124981871286553,-1.6450974999999999,-0.46489975,0.0004035,0.467087,1.643578,1.5996100588461077e-05,1.195187423070959,1.4284729762669994,-0.0019652208022129048,1.2145363853855917,3.607358081287004,-3.6521620200220815,0.9722627162636425,1.3110612120497125,0.865531417779433,-2.327464491398147,-0.6538616255230033,0.00029267974068878603,0.6571995865267093,2.3221108814221774,9.189408879706492e-06,0.01724680891748917,0.00029745241783638395,0.5222898399061279,20.619207758217595,0.42418665686517976,-0.30395247692633764,0.017860437069137158,0.024106275860137978,0.013722882356458254,-0.024588708865424046,-0.012054319726122587,-0.00019614747563749015,0.012051956134015392,0.024628577711386386,0.00010698583507990688,1.6893047744823162,2.8537506210887496,-0.002063341894099312,1.2273974347825325,5.069687825000029,-5.080410359737564,1.3376353516589894,1.805721367523116,1.221457805954422,-3.2776901241699563,-0.901350463972224,-0.0010934410208204778,0.904370903550892,3.2727660503827383,4.420796358830603e-05,0.052369134404784135,0.0027425262383063455,0.11958978388131265,1.3912262680131198,0.6461555214804768,-0.18335981101567186,0.04287245099861547,0.057897672891496325,0.04021010414246349,-0.09605064247346148,-0.029362626780877487,0.00014800818520383993,0.02853504611061884,0.09704838873630962,1.2292008960052572e-05,0.007401634118961457,5.478418763097434e-05,6.347767440858639,309.7028815278194,0.330483575654416,-0.1474444388597097,0.006057832743541372,0.008181293568217552,0.005197940071280764,-0.01063293504842748,-0.004093433781097127,2.506768997843911e-05,0.004087859787120425,0.010478125544116786,4.198094964556273e-05,0.023240987120049277,0.0005401434823142963,0.20353551873336273,2.023339166953135,0.2675304177632935,-0.15168294215636058,0.025350185786143137,0.034089550897701715,0.018892859822762943,-0.03813047456247258,-0.017173113364472605,0.0003195085629928044,0.01691643753322911,0.03777493378312623
-5.576093916755602,7.712570267560276,59.48374013205478,0.8783276617521634,0.017639565733401863,14.4,-22.5,5.633888430321289,6.800000000000001,8.787193169690502,-15.3,-10.3,-8.8,-3.5,9.0,-7.841391544334438,10.946931352586745,119.83530603824664,0.9044304585333269,0.040687062601348245,20.288958798996475,-31.30666310593368,8.187233549108624,9.672217026484727,12.453932682936486,-21.11127425954553,-14.563369072647056,-12.695896375866358,-4.891152046162328,12.749256500820717,0.003657197505495684,0.7165288475000424,0.5134135892997391,0.2904257445571066,67.56412963438987,6.545275605177722,-8.347534857975846,0.21930697033975102,0.30085321189844094,0.2873745485424093,-0.5808568201734815,-0.1634048071403795,-0.0015175055545504912,0.13744840475806142,0.5092267260684971,-10.947941199090055,15.620996653338294,244.01553644360615,0.9255361757893193,0.040530658513767914,28.702719443541255,-43.766885643360254,11.752446300341177,13.595486515377697,17.65220857009832,-30.42900126966927,-20.543059803752264,-18.01154505725909,-6.947573288374567,18.226797026200977,0.046043023552976466,1.1831116901104661,1.3997532712760439,6.019555249921307,55.33512993478012,12.287271579400675,-3.9304158879865314,0.2818550495529745,0.3821718472818571,0.43463373113752957,-0.7561209762044182,-0.22498953725811766,-0.0141442206851069,0.15718231002373945,0.6992123253916923,0.005515366363195542,0.6017537301694077,0.3621075517727963,-0.2812917546252467,13.771528810827128,3.036101674553495,-3.4771381927690923,0.26996809642592834,0.35134297162843225,0.3199305452546569,-0.6243460746145498,-0.17587021611420062,-0.010590650652666758,0.17547275551423164,0.6197061177782771,-0.023600604632884246,0.807404326234411,0.6519017460220433,-0.8247135981170464,41.72639716353709,6.784369605985375,-5.7935199142333635,0.24537177782984065,0.32078311810606996,0.31541553866565514,-0.5115303525068348,-0.14790726317942496,-0.000296211021114625,0.172875854926645,0.4208045506481914,-148.40618996798295,12.38301432856546,153.3390438614575,-0.35215569048069195,-0.5165260111489487,-110.7,-181.2,14.82602218505602,19.900000000000006,148.40618996798295,-170.6,-157.0,-147.5,-137.1,-132.4,-209.79212679896585,16.88752967021473,285.18865836238274,-0.19278461458492846,-0.8389661856523447,-158.75574347648433,-248.67109348720552,22.348509213651845,30.545147828775697,209.79212679896585,-236.54773383823846,-224.35634406599203,-208.56666943686236,-193.81119623721634,-187.19844164960168,0.040946827034959485,4.544811941844888,20.6553155867359,0.3284025868130827,2.4706431131246553,21.023447273422335,-15.783790797021867,2.8981480131617334,3.8264802009951637,3.1130382202499884,-8.183966378946705,-1.96727614430461,-0.147937479589193,1.8592040566905537,8.149270581718682,-296.50222364487036,23.50259761380258,552.3720945963187,-0.19003975248817054,-0.9079462178395201,-227.38563518952344,-344.9683153706221,32.477104274732895,44.23501023005167,296.50222364487036,-334.70734630886426,-317.0631550759018,-294.3182326324276,-272.82814484585015,-265.91450503300564,0.021758512461230346,3.9089390453148107,15.279804459986662,0.19154739991247668,0.9108961740032564,11.558030710836217,-12.403346089884595,3.4016025141926995,4.573622883282523,2.9991009213534223,-5.68204625675615,-2.2662942939134263,-0.2167609986945056,2.3073285893690967,6.821169576821208,0.05823683192949034,3.827555888490044,14.650184079514812,0.6299780464410565,5.668161778316881,18.063139794581925,-15.817702471276352,1.8042147266856048,2.3899562146180457,2.3922627023804672,-6.486473795850017,-1.2088938514912853,-0.05065219083548428,1.1810623631267603,5.559738768370601,-0.1526500652855791,5.111240497569908,26.12477942399869,-0.18368008585847778,2.845470372675586,18.21561154673638,-19.012893724351393,3.0187828050785273,4.171957944178054,3.4473172794797864,-9.736432706410893,-2.2090124924570436,0.09848802803553697,1.96294545172101,8.794636970347213,-1.2493062966915687,6.084580126341212,37.022115313866436,-0.3578714643577414,-1.041739740837032,9.4,-15.1,7.41301109252801,10.2,5.06744930629669,-11.5,-6.7,0.1,3.5,7.0,-1.7967861162003655,8.447745831743946,71.3644096377472,-0.2959885464623743,-1.1794070719274026,13.171385467099897,-19.311804944495048,10.753404581963752,15.110333734811402,7.107794765053392,-15.38392671137025,-9.96048259124269,0.38595627634692853,5.1498511435687115,9.486962889843863,0.05111282356384042,1.60242710902061,2.56777263972415,0.37612777878582987,2.019822045356211,5.9160410864922675,-5.688640198978438,1.1604039998390445,1.553011248536892,1.1452207903345255,-2.3176255439132074,-0.7648027894000256,-0.11283132343041552,0.7882084591368665,3.0209797744968085,-2.630669557364489,11.75796201991703,138.24967086181138,-0.2383444743716325,-1.3254090877027962,16.00325564001168,-25.33283299575252,15.703539865497456,21.904641574979724,9.972406800689289,-20.819087792573175,-14.96823233039694,0.5832123806313073,6.936409244582784,13.182058659859122,-0.028530874896449,2.1159524754178527,4.477254878226939,0.33653806048169477,1.9582369709760918,8.908809786494194,-6.850105964788325,1.5524022467076277,2.132261238195227,1.541073677210091,-3.5858086786510173,-1.1275189809191701,0.07008234290484355,1.0047422572760567,3.388899370936534,0.06926259811782004,1.4389751387290777,2.070649449880368,0.7794807261343695,3.993046329133998,6.466300940725498,-5.137422938258968,1.1430890717765054,1.542329717404955,1.0229877781968504,-1.7043148036411726,-0.7623913260310248,-0.14432670804955486,0.7799383913739304,2.3960480503714043,0.06483249774781566,1.732083530750872,3.000113357498407,-0.10885302757928982,1.6277119748017244,5.399569961477337,-5.872500283993817,1.263240691440803,1.748933736114854,1.246664498919335,-3.247808557308697,-0.7913456542626608,-0.016023905841305086,0.9575880818521931,2.965816075648284,-0.40309498399146215,4.388271579353129,19.256927454158404,-0.14168597202292552,-1.4967413217343815,7.1,-6.9,5.337367986620166,8.8,3.971077908217716,-6.7,-5.2,0.8,3.6,5.619999999999993,-0.5808982590728453,6.22914153490666,38.8022042618993,-0.12826790869871288,-1.5000988699078794,10.062426976086149,-9.723848326113563,7.623783702015425,12.455735815421532,5.641363466866874,-9.474086911956642,-7.385728660862354,1.0122287160300778,5.070007154559178,8.17015176746528,0.0002814394330871039,0.18251898490204557,0.03331317984967314,-15.095251704316896,289.78100304697676,0.541865790197053,-3.516981985430691,0.05967839278399651,0.07965289039434453,0.06412329232310338,-0.10867941248688151,-0.03308956978065853,0.002874914194555704,0.046563320613685996,0.11669797041955647,-0.8269929668086339,8.865524174479262,78.5975188882762,-0.11483458936984875,-1.4949879028577642,14.196710864898646,-13.725444596040687,10.87361345055964,17.848843149383416,8.025320291329342,-13.382560125071622,-10.612874269620598,1.4610102410459433,7.23596887976282,11.942713952600368,0.01906940741223148,0.3716566400040426,0.13812865805909452,12.508193370268284,179.70369521251692,5.388838193658661,-1.0833657797692877,0.08378525021065511,0.11248439588240303,0.10348583637163326,-0.17900345002776505,-0.056876559566478385,-0.0008622720687864738,0.05560783631592464,0.15134118881496478,0.0005074633774370532,0.1513663739599564,0.02291177916578536,-6.835891928797312,62.887653995945485,0.3309217545374064,-1.4961583919733792,0.07400723395944149,0.10230870037004379,0.07139433216283703,-0.11723511164153089,-0.03777078792738177,0.010938955725845289,0.06453791244266202,0.1312727851405902,0.004432766605283664,0.20730607991561295,0.04297581076997851,11.491052839623512,159.4806802176483,2.9132116470057685,-0.4380195798570788,0.06087661598847076,0.08236763050160298,0.06994043168658183,-0.11964724170310825,-0.04435034623365003,-0.0045933147014425415,0.03801728426795295,0.1173230431258034,0.052508004268943455,2.8036294144339324,7.860337893479156,-1.9454517148239465,3.044976972286011,3.4,-11.9,0.8895613311033613,1.4000000000000001,2.046958377801494,-6.72,0.2,1.1,1.6,2.2,0.0868879695648875,3.032856372612972,9.198217776899114,-1.2397633869723024,0.695979370971243,3.9785137149610192,-12.721848182977542,1.4764870727787458,4.072668233998632,2.5300993214283745,-6.179273746152162,-1.8834296622580977,1.4539290564744625,2.189238571740535,2.9995440800601267,0.04586661422954974,2.5351509944590953,6.426990564706939,0.37590942942788386,2.6299998431710243,9.147606761416853,-7.605173229945517,0.4664581070873839,0.6408012027396173,1.4183844674777046,-4.6888766458054825,-0.3641518365946065,-0.019678456386580518,0.2766493661450108,5.361976272227871,0.15134754660027558,3.9576690782895105,15.663144533248943,-0.9886566173404966,-0.22458957380673672,4.858881059601259,-14.407137481389455,1.5818066705433236,6.730837848673165,3.518796965389464,-7.167016791131672,-3.776774139347899,2.2302746593101324,2.9540637093252653,4.009980894036091,-0.03146328736642711,1.6035018880972502,2.5712183051314463,-0.7052490855382075,5.343765114880982,5.164270747744639,-8.988779300727751,0.8800498441427165,1.1729922583710848,1.0413910514839886,-2.704180719799833,-0.562556381919387,0.007616499470411736,0.610435876451698,2.305315790321994,0.06428977090063898,2.3208479765863457,5.386335330424935,0.2443987130569513,5.863904368145093,10.190566384047669,-9.652502140291732,0.2652367956576355,0.3646151370874242,1.1598049389040337,-4.087370745657655,-0.1769725282495342,-0.005616861256229479,0.18764260883789002,4.132622659575996,0.03506831155528471,2.7027995211488927,7.305125251522683,-0.39538637476533955,4.246964440169638,9.23274249796343,-11.198616423304152,0.47123971175831814,0.6319616321751289,1.4783331108062607,-4.38994172910363,-0.31143754432433723,0.0032072623537745103,0.3205240878507917,4.763266175273921,3.072358591248666,3.318480012264127,11.012309591796521,-1.5366756790316558,1.5591168897171208,6.5,-7.4,1.1860817748044812,4.0,4.109284951974386,-5.52,1.3,4.7,5.3,5.9,4.344543575417983,4.642559573969133,21.55335939785246,-1.5466958064892848,1.6761035609949158,10.027800364007248,-11.272210769282847,1.7742721769931513,5.579743940849985,5.7677554879416695,-7.537002644983719,1.8854577992393566,6.634187451329582,7.465201740089341,8.33515749119964,0.03626030731032689,0.5664759168066775,0.3208949643219658,8.760580438593278,88.24937804910212,6.106423332985603,-1.8057607113920746,0.11811817135117392,0.15806566471937566,0.17015890559066393,-0.2788658285443147,-0.08019516671083261,0.00890399072301018,0.07787049800854307,0.24823774414057082,6.137449875105372,6.463718070780588,41.77965129853552,-1.493738548864294,1.5516625352485436,13.874413865682639,-14.8283241036821,2.682693049031056,7.847203518276951,8.033191175114927,-10.12711252461127,2.6003029955084394,9.298181178622949,10.44750651378539,11.616962679340997,0.03344338147380268,0.9102833012893389,0.8286156886062173,3.9346817618046765,32.62580536296366,6.867664210385055,-3.633215931979856,0.20179771883590578,0.2711586002441033,0.34378979266381465,-0.6516044353114075,-0.11813320321316609,0.014355499637238534,0.1530253970309372,0.4359363361982714,0.050290888268362234,0.424096619326794,0.17985794252441561,6.071798782373433,47.99370825040992,4.194588298855798,-0.9106123777875267,0.1027892218004776,0.13623578415588672,0.15774302140003488,-0.2186467506076522,-0.07025008825254508,-0.005028441331127983,0.06598569590334162,0.23883363245112832,-0.051244691052559986,0.6718777531420989,0.4514197151672751,-4.576188559582412,45.008248573784016,3.7300900351139274,-5.4964898138067495,0.14211180360396625,0.19171074617943018,0.21748429171211292,-0.2901891510425636,-0.11819681278017088,-0.021472314424835843,0.0735139333992593,0.265022032036683,0.001641106943999067,0.18884108948089728,0.03566095707633225,-0.4009532014724127,5.413568816484968,0.979742,-1.073065,0.019737883334965078,0.026685,0.09385151454683265,-0.341351,-0.011033,0.002339,0.015652,0.34940125,0.0023208201549463296,0.23103127908836887,0.053375451917207786,-0.44053363642745713,5.017218101815763,1.048573470886484,-1.2522423396844318,0.026655063024837992,0.035950668215188865,0.11517191541872647,-0.44617106262423084,-0.014078503203628905,0.003645715650823205,0.02187216501155996,0.4198890623603557,5.452953066274438e-05,0.13394120184408004,0.01794024555143659,-0.004086444698134822,10.14752202536651,1.0945107700054324,-1.189598761627203,0.007765799663566985,0.010474865819857695,0.05939176395707419,-0.2191560011265251,-0.005218474304552739,1.9887380183978626e-05,0.005256391515304956,0.2114658367777286,0.0032817768017946807,0.3108140197510886,0.09660535487383008,-0.4424532263155368,4.8670297965500975,1.3187322205680954,-1.5119285883006157,0.03688453635127424,0.04971821729615879,0.15509851617898623,-0.6136922417010642,-0.019449957219434814,0.00532276344892684,0.030268260076723973,0.5693547596495756,-0.0013441809631984311,0.10062387480469168,0.010125164180710263,-0.027501264054118728,7.515586060585942,0.6298546447233505,-0.6552269303952032,0.006224497763387356,0.008389317968124033,0.04617383325723736,-0.16973280149192543,-0.004447135989054449,-0.00019618111996788624,0.003942181979069583,0.17479380030353325,7.660934009562157e-05,0.09226401875249657,0.00851264915636104,-0.05370956342938027,10.855623301940076,0.7448135930681559,-0.7574280600733642,0.008006149213070851,0.010791047124215192,0.04171321118761499,-0.1462364348441018,-0.005381144961751517,3.686895840760465e-07,0.005409902162463675,0.14542097099910029,0.0008046189626286736,0.1654114029072215,0.02736093221173517,-0.021626895655686287,8.232333986973316,1.1281743641264383,-1.1660959119973315,0.0074313811925030065,0.010008748474479308,0.07484229440364468,-0.2694237062261474,-0.004943102427651228,-1.9497976177239892e-05,0.00506564604682808,0.2767086199131249,0.005866915605049121,0.3957201981538319,0.156594475226908,-0.16859118117738559,6.776111015369663,2.378656,-2.955791,0.029397036788529073,0.039596,0.18873129291898666,-0.69728375,-0.013226,0.006422,0.02637,0.688812,0.008298672654528442,0.5111094051617597,0.2612328240448079,-0.05380122730758338,5.585829956299591,2.8551507472180115,-3.0585191902514506,0.04055660323970343,0.0547070051025495,0.248550751996258,-0.9672769067077424,-0.017692843964842393,0.009272936083742436,0.037014161137707106,0.9116298069814699,-0.0004409429660965262,0.22787844141200955,0.05192858406036667,-0.027097208925565854,11.013142885784148,1.8594055823632576,-1.9491678995006871,0.00858440741397189,0.011571766566857,0.0975540696985983,-0.34766726744416276,-0.005762303295556442,-2.5897096726403565e-05,0.0058094632713005575,0.3492627003933467,0.01174054953313764,0.6704551406038575,0.4495100955621383,-0.020499009065176134,4.46544785412255,3.362682744668158,-3.2120353848192797,0.05373205370533475,0.07241638608538754,0.3346694511437662,-1.3606203737684681,-0.02347375872077592,0.013089828780012601,0.04894262736461163,1.2123330412145046,-0.001361443479989201,0.2699305112270641,0.07286248089130418,-0.11184020416467438,6.39249869292221,1.6326155015163226,-1.7481586464517256,0.020567455385092918,0.02773851531521536,0.12699829002343324,-0.47076651810938486,-0.013905682506024943,-0.00010838206695766819,0.013832832809190418,0.47970908155901776,-0.000623019646661691,0.2123827539289265,0.04510643416643494,-0.006535130412146204,8.280595305034844,1.5880670752030563,-1.508822862157717,0.007938780189428972,0.010696529633866605,0.09488104050356193,-0.35601610475754986,-0.005463336070892962,-8.462620012093154e-05,0.005233193562973642,0.34829131479117187,-0.001046924774311484,0.24234580928106514,0.058731491276094394,-0.07247250770388057,11.166567917247145,1.8899376707753004,-1.8648504894331486,0.0089638480207304,0.012101194834096446,0.1022484430134905,-0.3812992405883029,-0.006090261476085258,2.3564894929456455e-05,0.006010933358011188,0.37342081070595823,0.005743070168789901,0.12394486510064483,0.015362329584817045,0.23526685202284178,7.2725807242069695,0.854114,-0.780129,0.012911982720965286,0.017463,0.060664345479987176,-0.21081100000000003,-0.003,0.005996,0.014463,0.21766275000000002,0.008123093115675181,0.12761884902682208,0.016286570626930806,-0.3955999860873483,6.569596066765154,0.7489157583436323,-0.7550499836365234,0.016324223006417147,0.02201137777726597,0.0645499142309619,-0.22117030647670016,-0.002264058990623684,0.008883742107970216,0.019747318786642286,0.2270971883013222,-0.0003442191145932764,0.12014702510839592,0.014435307642397519,0.026745273582141786,9.620723364586178,0.9082627638630161,-0.9198691766457691,0.007702517736480542,0.010401559859251515,0.054413377520952134,-0.19505242224421343,-0.005251213788410351,2.53180319455366e-05,0.005150346070841165,0.19074908113932512,0.011491059140482282,0.1680516387499307,0.028241353286537214,-0.3174316214213211,5.746963948352404,0.8531190417372788,-0.8376049954144185,0.02222306211783021,0.02996410196767941,0.08579235636370412,-0.28293166676966086,-0.0028709856291508074,0.01230168103717208,0.0270931163385286,0.3092005499460998,0.0007369375895680682,0.0657694782777731,0.004325624272930467,0.5343291556464467,7.560846490901405,0.5098884808428337,-0.36875844355037357,0.0065147045642041535,0.008771450436686371,0.031112847942532246,-0.10847973722810719,-0.004519339614891231,-8.854869871031089e-06,0.004252110821795141,0.11890670146911309,-0.0004864122749481941,0.14498789338646512,0.021021489228644975,0.049828335654094356,7.570949329873018,0.9014044613171205,-0.919244365368985,0.008687119916049557,0.011706603586329686,0.06709389672207186,-0.24335931483566503,-0.005984127281976671,3.970094212392391e-05,0.005722476304353016,0.24363400337305383,-0.000658440770525469,0.08856446509749143,0.007843664478004778,0.0056655723599163725,9.24557498891058,0.7483530296727028,-0.6291233459646665,0.006605263180404027,0.008907418463979608,0.04024663382694771,-0.14894368053506532,-0.004424870611253698,3.371297858383943e-05,0.004482547852725911,0.14164246039085135,0.00016441133428563096,0.8559722174397938,0.7326884370287976,-0.002271962797947791,1.3118366935455699,2.705943,-2.711936,0.6903789121548983,0.93104225,0.6169759602367141,-1.668118,-0.464152,0.000729,0.46689024999999995,1.6658024999999999,0.0002562877282602256,1.2103570874785008,1.464964279209439,-0.0023208448902872283,1.3154939221072386,3.827530492598383,-3.8228482931228935,0.9731709396496655,1.3128926359948,0.8718784678835065,-2.3580752369350186,-0.6559633728457469,0.0016508171678088733,0.6569292631490531,2.3518044529493642,-1.2826270652874897e-05,0.017121434567467855,0.00029314352164808323,-0.3397340242512198,32.049708886550846,0.4284152627340712,-0.4774474810279472,0.01723497345592871,0.023255316652746286,0.013399953087976804,-0.025386035482045065,-0.011799582394076377,-0.0003401496095682783,0.011455734258669907,0.02519300130195119,0.0004276262017943907,1.71075956224548,2.9266982798143464,-0.0024013893794089867,1.3284433956829034,5.365293235783387,-5.354420504236285,1.3363858287617871,1.8028308273753018,1.2304032398828988,-3.330441206790689,-0.898316023925725,0.001623060643824668,0.9045148034495767,3.3258152975159936,-4.5268169389504235e-05,0.052440780100517254,0.0027500354175508065,-0.05616405586523052,1.1522322095896644,0.38294522326007924,-0.5474930218602088,0.042509463762987,0.05738160606460839,0.03963227219304319,-0.09668272550544552,-0.028868126912269212,0.0004460450661127151,0.028513479152339177,0.09812593103864056,-1.7428994476845162e-05,0.007221404063039435,5.214867664168245e-05,-0.39462292629686846,286.14175525967346,0.289860876420803,-0.2575744952457057,0.0059966996776188684,0.008105425604314473,0.005069319812645627,-0.010246576362339256,-0.004055457623440294,5.419868931227131e-05,0.004049967980874179,0.010244238513734832,3.5605714821264737e-05,0.023113299258314585,0.0005342246026044055,0.46133000629268317,7.700128708267499,0.4274102679138505,-0.14287825049602076,0.02403049935071609,0.032085745922119845,0.018445985959829787,-0.03905283371897983,-0.016065398204166706,0.0004968806441122948,0.01602034771795314,0.038976057537755876
-5.965040650406505,7.703806563475828,59.34863556745324,0.9709834301125138,0.20647053465384024,14.6,-21.9,5.930408874022406,6.4,9.06260162601626,-15.485,-10.5,-9.2,-4.1,9.2,-8.38684406715374,10.948266134622077,119.86453135451264,0.9931407032682271,0.21545393947968483,20.720628271268037,-30.290821122231804,8.56422852529781,8.967568615160934,12.842083985609937,-21.867764000604097,-14.778218079617423,-13.145973602375026,-5.810649464456489,13.032364128679513,-0.06274677882421077,0.6068566281160532,0.36827496708838575,-7.4716983679007365,87.29530064564207,1.851374510596932,-8.465866345830806,0.2502825977311019,0.3371972328093924,0.27310490650177865,-0.5189380004982254,-0.1859085573143567,-0.033005097848435305,0.15128867549503572,0.4520048746072833,-11.743697191291087,15.624676469050577,244.13051476250283,1.0096577936092541,0.23855195115729444,29.164643028920846,-43.74011159455056,11.537729788792205,12.683850517252829,18.21196063939395,-30.469406522923418,-20.898169663279695,-18.80417378665134,-8.214319146026867,18.67100086617129,0.0956356051934748,1.1375429552359333,1.2940039750069003,7.23565135405559,62.79397490837778,12.155799402872928,-2.385406161200497,0.29420654385930217,0.39535394925455786,0.3861003864045205,-0.6073204835910431,-0.22031746134269986,-0.02244939315158473,0.175036487911858,0.46065201558653784,-0.08690869511968717,0.4998277841429431,0.24982781380124452,-3.100819012295319,17.189291501704616,1.4760353637276282,-3.46829030564878,0.24945262696860046,0.3354377056848772,0.27730757853648486,-0.7178505655989478,-0.1937246347547263,-0.030701534256766742,0.14171307093015087,0.39680699954749266,0.06965851179327907,0.6873478099228816,0.4724470118057817,5.504464665417303,44.23504346059799,6.866819805652883,-1.2349479119935398,0.27690794272031427,0.3633595717823559,0.3185737115707806,-0.49704047477605506,-0.18392926027228282,0.011937626634563839,0.1794303115100731,0.5374016162765447,-148.20111788617885,11.828985035146193,139.9248869617126,-0.2978279725330017,-0.6457781003986676,-111.5,-179.3,14.974282406906614,20.5,148.20111788617885,-168.8,-157.8,-147.3,-137.3,-132.6,-209.54089134898817,16.20677312013169,262.6594949674231,-0.1751497543464455,-0.8710623239407096,-160.55075118876138,-242.93244462119966,21.209393807196463,28.888979895589245,209.54089134898817,-236.73249134564065,-222.94299814553213,-208.1180759626988,-194.05401824994289,-187.8066887508036,0.21218785019807637,4.056806032552128,16.457675185751338,-0.018915197431308886,2.571158279141115,18.282334329183378,-16.290873052523963,2.497297999757537,3.42864923174103,2.7808333601970814,-6.476030811910656,-1.5354993047312595,0.09845570504624668,1.8931499270097705,7.108519599802638,-296.1620618874268,22.55421420662569,508.69257847835615,-0.17552492548568724,-0.9034639954740653,-228.13334957351057,-339.46525053316685,31.12109841515813,42.06305177129968,296.1620618874268,-333.5003878522423,-315.80781326935823,-294.5519493133898,-273.74476149805855,-266.76664060604236,-0.1805311350617831,3.7552524692761904,14.101921108004927,0.22165730296181055,0.7845148372925284,12.257871174021975,-12.571680548020392,3.4323538584841518,4.599468991863803,2.8919992158702725,-6.249347861607127,-2.518588717014257,-0.19595914001321368,2.0808802748495463,6.14609567857286,0.3003968100691157,2.6781242035605493,7.172349249696826,-0.23411178965919005,2.032249374084004,9.874505333953682,-9.483515095744814,2.020810236521512,2.73249106281191,1.9288287324553708,-4.136020289768234,-1.0592199110452452,0.36133339247688656,1.6732711517666647,4.810459275750681,-0.22854358122535573,5.024394441474931,25.244539503524184,0.5994966809881991,1.8473632674614633,17.308510097929855,-13.474315476840484,3.287213976674751,4.511028691999446,3.499376204411712,-8.745878474612983,-2.6341730943008597,-0.29426368831843264,1.8768555976985866,9.418179829007105,-0.9203252032520327,5.7085634482074665,32.587696642210325,-0.3412029218075599,-0.9913286242628749,9.2,-15.1,7.116490648826889,9.725000000000001,4.7524390243902435,-10.6,-6.025,0.2,3.7,6.9,-1.3342206071545442,7.928090981386301,62.8546266091388,-0.2587022057525188,-1.1938795982717991,12.018770473357911,-17.54442393794876,10.31021620827056,14.250138197057499,6.677614616719865,-14.21561788596825,-9.031706338132977,0.43268035902399715,5.2184318589245215,9.735997351233925,0.07628776687570323,1.5278325445110819,2.334272284067207,0.38744649937461123,2.7312388979798587,6.676895045764762,-5.134400237544378,1.046220245277172,1.420243965973506,1.0581456833131955,-2.210980323873356,-0.6610397897848725,-0.025855893516719824,0.7592041761886335,2.7277786870551624,-1.975735055591729,11.05515385988419,122.21642686571228,-0.22429726677117914,-1.2800481493421705,15.817434473415508,-22.104816928927534,14.810512003564327,21.696335984799468,9.411323399605475,-19.16058210737664,-13.5899216013236,0.7573432094358677,8.106414383475867,13.028257480279628,0.027940945920920064,1.8521837766344644,3.4305847424279072,0.5309429050928816,1.0322546568580027,6.389330381448872,-4.484392000957973,1.638853071206978,2.120682447295917,1.3822869686850665,-2.9243946164617727,-1.1772112859260002,0.019479169288979303,0.9434711613699172,3.514616319849214,0.10414543708930832,1.181306575820366,1.395485226076438,0.6901492250338834,1.6730306713110359,4.96715971226123,-3.352729803873639,0.9323940357933237,1.2811351564080165,0.8647051046137179,-1.7276280847109695,-0.6055398184416886,0.017126142494139386,0.6755953379663279,2.2012499388226163,0.22432410690717386,1.7777891623453057,3.160534305752424,-0.2893816977335946,2.683483718953406,6.273344078343173,-7.362653281157744,1.2260222525365887,1.6620153396279544,1.2591175356522737,-2.5616433219787087,-0.5756842301433788,0.18778099953440666,1.0863311094845756,3.13502850560778,-0.2655487804878051,4.381001354664443,19.193172869571683,-0.24075702980260053,-1.5270472530373969,6.9,-7.0,4.892587321068487,8.825,3.98770325203252,-6.7,-5.125,1.1,3.7,5.3,-0.3798512630161083,6.214470067845673,38.619638224149796,-0.22992110462382528,-1.5303852131224251,9.735390089787492,-9.84816135094161,7.083504958592812,12.46333202612446,5.660143218059189,-9.453713191687466,-7.25339101289822,1.5107288905136198,5.20994101322624,7.545975685137859,-0.008306683407577871,0.1783425439173564,0.0318060629709142,-16.64725334113845,333.82472927451823,0.37527512456776535,-3.611274530357037,0.05478824054213528,0.07426949252030643,0.057640524827957076,-0.11403730787367687,-0.036850077198368025,0.0008769271894540909,0.03741941532193841,0.09567152623619851,-0.5728398945605919,8.84760103742139,78.28004411738004,-0.2124485685499241,-1.5315902528055885,13.690684151263547,-13.877371385539707,10.088861134709239,17.977291145074553,8.051313492134735,-13.344686609350969,-10.587541078574539,2.135365175899906,7.389750066500014,10.914228526187875,0.019057093095676395,0.3559868613769619,0.1267266454730203,13.215341698177673,195.66113123291854,5.336705864830801,-0.9692741352962768,0.06946434869102101,0.09341952193327363,0.09203409230528059,-0.12486095935854502,-0.050583504648742506,-0.003678592466314412,0.042836017284531125,0.14377671344357335,-0.01147300573270497,0.1517162042376408,0.02301780662827753,-7.279411356591928,69.67683892196195,0.42003218584171537,-1.5159054515481014,0.06156092992236427,0.08218065787293508,0.06338152494486686,-0.10297756866858737,-0.04483756441536534,0.0032070855624179153,0.03734309345756974,0.10117696884162705,0.007600947205050421,0.19924372369381593,0.03969806143137767,12.745057247747221,185.67433137539635,2.94636612115959,-0.3349868387541283,0.055444741315416005,0.07654633698466308,0.06433027658070438,-0.10369987871441919,-0.038894748645708105,-0.004205090334891167,0.037651588338954975,0.09314598405627651,0.18973577235772357,2.6800956957380895,7.182912938313833,-2.0164593868510354,3.2026281696363093,3.3,-10.1,0.8895613311033611,1.2999999999999998,1.9879065040650408,-6.9,0.4,1.2,1.7,2.3,0.2766252640086748,2.882698405790522,8.309950098747217,-1.2725305552925064,0.6174503241179252,4.104985870243671,-9.53798883802299,1.371852113547057,3.630481769072712,2.448317546244594,-5.747239867927277,-1.373350803630783,1.5271904761163482,2.2571309654419287,3.0324682529680453,0.030448933641352274,2.445753476957627,5.9817100700503225,0.19884961150690814,3.7277703487783356,9.293456580662829,-8.986368178477848,0.4608046512944482,0.6156355082375715,1.2914188251673893,-4.4835606926491165,-0.3044393850479258,0.0048766343322642625,0.3111961231896458,4.877788397424152,0.42013986158647815,3.767831461073263,14.196553919053478,-1.0959597958011411,-0.038516650250227435,5.6927196965149465,-9.76535878009325,1.5979622024204463,5.585918356605427,3.345512624451324,-7.5361302071672025,-2.548967033260142,2.319755819121987,3.036951323345286,3.9561892700520813,-0.20706507459217308,1.4897949856549215,2.219489099282548,-0.004335727261982396,2.7406355465640146,6.219486280333302,-5.185022781890802,0.8481347872365452,1.1282038754069919,0.9903781691762349,-2.8833096472945097,-0.6927616512789876,-0.08099032145460024,0.4354422241280044,2.1180594506047794,0.04231461704949976,1.4559486675114253,2.119786522428295,0.2813608672098858,5.6480329868212,6.204183045382049,-6.082025699040797,0.21811614079771535,0.28766117848628986,0.7603694512560619,-2.210310196880326,-0.11629391937635394,0.004126136915600957,0.17136725910993592,2.735528753575388,0.09815959846820095,3.109218179921617,9.667237690355092,-0.4377775078876022,3.5203091460064257,9.424885904020437,-11.347054083193694,0.5581391624678338,0.744524571635777,1.6535358219587357,-6.323490596685405,-0.29462771492976236,0.014686559313670267,0.44989685670601465,6.009584599489056,3.2122967479674798,3.3227506618344287,11.040671960721133,-1.7770683852853733,2.5069446393542902,6.4,-7.9,1.1860817748044812,3.2249999999999996,4.232012195121952,-5.3,2.075,4.7,5.3,5.9,4.542615506401322,4.662521364146035,21.7391054711182,-1.7247945034864942,2.287655335349907,10.036990145610172,-11.115593923109254,1.6068169153665222,4.7423732850743345,5.966041735163667,-7.2578503848878375,2.7541906395535647,6.681001207340597,7.4965639246279,8.3029938705322,-0.0442846089358818,0.4555984779673902,0.20756997312620254,-8.87485470111037,88.31259395250235,0.7037307423676475,-4.851115606441982,0.10050890170432648,0.1335804277764365,0.141572913457102,-0.26838145707503086,-0.06842485152405087,0.002041526930862514,0.06515557625238563,0.20369828248488686,6.426110266652843,6.479536105410343,41.98438814131624,-1.8016259986689225,2.714212061410291,13.09967874632204,-16.208576814834423,2.392012049847793,6.006979689755459,8.358076383993843,-9.557595980768081,4.54759552817641,9.373343262488705,10.55457521793187,11.634849126412998,0.10216796420445672,0.9407744633759536,0.8850565909403135,6.340545959758629,43.891989081946406,7.3610628713227255,-1.4641503935384867,0.16934340335488438,0.22134866826240196,0.2991258561887506,-0.38960628983481843,-0.10268377061570592,0.0007669460781674631,0.11866489764669602,0.47746316455881843,-0.06126088292976817,0.3592628669725042,0.12906980758530326,-4.130102325151212,18.19457088178174,0.5006634632377122,-2.0172230529132666,0.09044302721859494,0.12717098923733067,0.14754301679426227,-0.3953289080755984,-0.06101168483145765,-0.002823539953815668,0.066159304405873,0.18294429541502555,0.06605229838269093,0.525533815295274,0.2761857910188072,6.455462996728293,44.92310101751989,4.052840845007479,-0.49977941958499306,0.11255001929893216,0.1529553668696968,0.18182202359798608,-0.2955444738421019,-0.06925373338780072,0.005986885503768093,0.08370163348189608,0.30145625351360034,0.0013812715170188645,0.17064466390764638,0.029119601320153586,-0.2573782006594584,5.290263799980995,0.993708,-1.078117,0.01947398014007108,0.026313249999999996,0.0855573960991774,-0.31231825,-0.011374249999999999,0.001685,0.014939,0.32004225,0.001952808384950106,0.20643805244375657,0.04261666949677119,-0.16625823114059385,4.47972469120315,1.0850145169120051,-0.9727627253816475,0.02609636911395566,0.03516876022331171,0.10442412023495312,-0.4050277068734628,-0.014746594657831666,0.0025251582382297523,0.020422165565480044,0.39373681346793654,4.709095232587468e-05,0.12496983337357334,0.015617459253418684,0.02681238515926995,11.138717893587096,1.0287702787467115,-1.2362141111053244,0.007730217664449966,0.010423743983838551,0.05544903702293637,-0.19765378532754058,-0.005220841902845343,3.217602296077678e-05,0.0052029020809932075,0.19602124285030775,0.002759931387482624,0.27791146681241774,0.07723478338582956,-0.11514965011388346,4.29119270249822,1.2074860652679893,-1.185684245247387,0.03666224536392485,0.04941149414123304,0.14129235647902239,-0.5426289144805807,-0.02063719008944258,0.003501635352990264,0.028774304051790458,0.5358215041127096,0.0011602005655249443,0.08934410145130488,0.007982368464141057,0.054114097199568605,8.23032834028066,0.6471385815288174,-0.6419901254057158,0.006192039829482225,0.008355253208010852,0.041037963163827774,-0.14477895180425238,-0.004196556815101877,-3.1515615866664604e-05,0.004158696392908974,0.16042053697155204,6.618402707614203e-05,0.08587044571583081,0.007373733447435448,-0.09487668456046523,10.574844452948321,0.6394245311372103,-0.687095456667619,0.007820924776725087,0.010550177965415039,0.039294453068772,-0.1412984698747724,-0.005232990211795346,4.091369147909525e-05,0.005317187753619693,0.13819273951977687,-0.00010335735208835612,0.15445301341626227,0.023855733353364095,0.02863766333328588,9.2276852138732,1.3362579931163132,-1.1522175785287392,0.007557055676094121,0.010178732065197931,0.06954062693830525,-0.258336045117886,-0.005142614037028361,-7.558538453934007e-05,0.005036118028169571,0.2587746392011474,0.00641954749585792,0.3880996682193154,0.1506213524719427,-0.26728319451394983,6.69940507351148,2.288047,-2.985953,0.02859494898831754,0.038575,0.18416713523529923,-0.6951959999999999,-0.012084,0.007023,0.026491,0.68022,0.009080543505285182,0.5014454525778685,0.25144754191102336,-0.03498181239809039,5.444950354308759,2.9677592203849845,-2.7276478215845343,0.03957576688831073,0.053384763573945074,0.24224729138605924,-0.9617085315542397,-0.01644016873873981,0.009986959022582582,0.03694459483520526,0.8895581974005834,-1.8034793729258082e-06,0.22308956627023366,0.04976895457864098,-0.017489040557090847,11.807578687582604,1.7000932163260336,-2.0123637351800325,0.008367910683139407,0.01128662619997767,0.09445011013787086,-0.3373673879568648,-0.00561942955465489,1.2326292493518355e-05,0.0056671966453227815,0.3302129704500923,0.012847612088371834,0.6580111583726771,0.4329786845429524,0.013171224641512743,4.3326796519532556,3.2092137381537404,-3.067150288264899,0.0517907794045426,0.06980203444971066,0.32769008659056087,-1.362023376883418,-0.020260022178816874,0.014026454171598958,0.04954201227089378,1.1938697821174127,0.0006081957946648933,0.26425098177945766,0.06982858137140725,0.018053762283182298,6.792115845380369,1.47587355135442,-1.8118501908142628,0.02078682834052901,0.028028134880404777,0.12363119670878545,-0.45311219616682014,-0.01403100005282492,9.407830087065233e-05,0.013997134827579857,0.45398639747465663,-2.608953514353369e-06,0.2228547073780884,0.04966422060057341,-0.04510519641161024,8.29469888591751,1.4558214889569234,-1.6015180562276712,0.0072534326200968495,0.009771899527082697,0.09881350211758329,-0.3788529285946964,-0.004904872617094125,4.4724403990054084e-05,0.0048670269099885715,0.36974895803790064,0.0017941976224708737,0.22327814830795387,0.049853131511828644,0.15374324522876687,12.99391483840997,2.0305983131652328,-1.9566178645225278,0.00923066597412334,0.012452137900942593,0.09302551632367739,-0.33146790486797645,-0.006099786940109028,0.00011913970680077528,0.006352350960833564,0.32921949173859844,0.005887183748510305,0.10834731762106446,0.011739141235679824,0.41158451096678117,7.87471144032844,0.921852,-0.674833,0.012643631719415774,0.017055999999999998,0.05350316543615382,-0.18117575,-0.00229,0.006359,0.014766,0.188103,0.008326080034700345,0.09974118821434347,0.009948304626409088,-0.4553918793519068,5.6810125020139015,0.5197444004008784,-0.6208745584984361,0.015900269771430258,0.021434137343850145,0.053040889080995274,-0.17439255729442832,-0.001222232213535791,0.009395050894966858,0.020211905130314355,0.18778493381797323,-3.3526945559893165e-05,0.11630967785639695,0.013527941163058837,0.02362716397466186,9.638312527774795,1.0072305618899544,-0.9592863396080555,0.007609050927934516,0.010263903711994704,0.0527785609975868,-0.1887723393849048,-0.005088770093043626,2.6233138323985584e-05,0.005175133618951078,0.18819529406212135,0.011775876616394067,0.12646730608540224,0.015993979508498818,-0.39060432386931393,5.023963325058789,0.594752629162819,-0.654755568719594,0.02141265886011826,0.02888828926972515,0.06846560846942494,-0.22378843853729918,-0.0013709833441416395,0.013234220971622796,0.02751730592558351,0.24610674956852366,-0.0007146234705406024,0.06243944652500519,0.0038986844823489827,0.366624105131169,9.147090311797905,0.5573560624051574,-0.3896835154239345,0.006638055082587934,0.008952212503493998,0.029105673354184642,-0.10597603401698472,-0.004668219735857663,-1.702537482164637e-05,0.004283992767636335,0.10179334903819856,-4.702283808283694e-05,0.14101525491334832,0.01988530211827661,0.08415073624034776,7.764190597718535,1.066169197361154,-0.9130576143300774,0.008330684400833012,0.01120795577328174,0.06461730084996542,-0.2348042587639954,-0.005640654313678645,4.969980087892867e-05,0.005567301459603095,0.23964880865788987,0.00039064698978815083,0.08465057873511601,0.007165720480190075,-0.00042381142370937245,10.543014131528398,0.7574486334698997,-0.7596594191075087,0.006693491648730013,0.009035004335684736,0.03827896889668195,-0.1360188785524685,-0.004397163203635431,0.0001007724869757776,0.004637841132049306,0.13557777164566662,0.0001679097462430601,0.7753140748425306,0.6011119146489291,-0.002012807366652358,0.92738021139919,2.330083,-2.332942,0.677384645010806,0.9140207499999999,0.5783532172775631,-1.4973355,-0.455084,0.0007715,0.45893675,1.495355,0.0002625213541388858,1.0962852014266027,1.2018412428669667,-0.0020729334024715018,0.9304830898289067,3.2947533357474375,-3.3086403806018834,0.9574411821024245,1.291811213035029,0.8172411394195872,-2.1118575193080416,-0.6426383469258156,0.0010264687531648048,0.6491728661092134,2.114365192930004,1.4355834066454077e-05,0.016892862942179666,0.00028536881838326706,0.10108165942256454,25.06608527475034,0.3634955736398244,-0.4369242760353007,0.01718163602076004,0.023092642953869716,0.01349887788010318,-0.024531780643969287,-0.011292608177508103,-0.0002415327807174291,0.011800034776361613,0.024421187805056796,0.00044378125053789433,1.5493176155935333,2.4003850739884314,-0.0021374354272726344,0.9419900511071182,4.636960676373987,-4.641729541641712,1.335831341849182,1.800970536372684,1.152896900794276,-2.9901044667338788,-0.8980801091142914,-0.0019923944752951814,0.9028904272583927,2.9797780034877066,-6.049205792379936e-07,0.05394837216075336,0.0029104268587951485,-0.05222615216840723,0.5526237631656867,0.2072024730613097,-0.5528699139039714,0.04038581685354737,0.05473433740912205,0.04110287524044429,-0.0978714162269702,-0.0265436147922059,-0.00039484870341156613,0.02819072261691615,0.09919648455349404,2.1345984934268943e-05,0.0071464348505645954,5.107153107336421e-05,-0.6206560388224541,245.89845255031187,0.23438940948764925,-0.28914584117446845,0.005780644740617746,0.00779735433606933,0.00494199057676618,-0.010303553536007289,-0.0039089914267739796,4.7742022187568004e-05,0.00388836290929535,0.010394299913709158,1.6910701380748018e-05,0.022798799626038212,0.0005197852643882401,-0.1915884137112635,3.5970532719261854,0.24391911651100065,-0.2902640236532599,0.024140159130171316,0.032516317634211325,0.018437392492005687,-0.03667619774968378,-0.01635175620035642,0.00029422775479059037,0.016164561433854908,0.037160251262550244
-5.814329268292682,7.709217898530922,59.432040607029535,0.9150443264422855,0.16693683488175814,15.0,-21.4,5.930408874022408,6.6000000000000005,8.906199186991868,-15.885,-10.4,-9.0,-3.8,8.9,-8.174670397444089,10.9552321714407,120.01711193016932,0.9396412837308887,0.1764603360122945,20.945823089880527,-29.737616567481552,8.500821348259212,9.26798169300176,12.623193772625454,-22.327933966183323,-14.613546515758433,-12.82610187590885,-5.345564822756673,12.635532546460174,-0.06046221552579926,0.6110310558936976,0.373358951266567,-7.301452294661726,82.01230511558255,1.739578226503591,-8.294655195253183,0.26502558763847384,0.37049248350546643,0.27806602829119514,-0.5138430975003782,-0.21013000639789642,-0.010103705960340936,0.16036247710757,0.4803104479555431,-11.447891081738845,15.630862061424452,244.32384878327824,0.957980140138042,0.20217190496931536,29.17855515136599,-42.83328823520167,11.60355709679124,13.240533930916783,17.904330422291373,-31.062337589340284,-20.78733138501663,-18.311057339693832,-7.5467974540998455,18.27682919263512,0.11692838585917557,1.1888302041191958,1.413317254226089,7.554978405020879,69.40218213146862,13.28748387903219,-2.5947152926895654,0.3039348051475244,0.4106764806689222,0.39252889746498887,-0.4479019066418032,-0.21609739284013607,-0.011580680577817137,0.19457908782878613,0.5035063560055675,-0.08449158932366156,0.546275564352036,0.2984169922081354,-2.5733811351646074,13.264021624255268,1.7144816144851753,-3.529412335689674,0.24708019004994883,0.3442052314296853,0.30644760108224456,-1.173167671419128,-0.19143465728011996,-0.03269575762192947,0.1527705741495653,0.4129095357835254,0.06298144525570551,0.6603482053459018,0.4360597523035532,5.981805425792113,49.7261304483789,6.74303514222233,-1.1537806489188704,0.2597996398124326,0.3497362260208827,0.29508004092138496,-0.5174272312998593,-0.17102078683086772,-0.0047789266210456075,0.17871543919001498,0.4858472865569975,-149.08932926829272,12.785480600441476,163.4685141842653,-0.42266811257244485,-0.4370352306394789,-112.0,-185.0,14.82602218505602,20.225000000000023,149.08932926829272,-172.27,-157.925,-147.7,-137.7,-132.4,-210.78998016815655,17.45562780010676,304.69894189585995,-0.2522899285563252,-0.8368032390552012,-159.2139746190219,-249.18006311574305,21.89587624330336,30.218602814729223,210.78998016815655,-240.27112568514218,-224.7317837374854,-209.1326352747588,-194.51318092275616,-187.9231737448452,-0.10783266105619135,4.6245073675500254,21.386068392524468,-0.16877144496928523,2.33429410001383,15.738781506191987,-16.63472020851766,2.679923380447049,3.5967998363937417,3.099412616439108,-8.637713319629807,-1.8641297876727991,0.015038546646632511,1.7326700487209425,8.324364849857961,-297.9008388609714,24.354601875678366,593.1466325227962,-0.2675820404129516,-0.84825566116975,-226.28989059900934,-349.7945735164781,30.893217553129777,42.00537494337925,297.9008388609714,-338.99498805651035,-316.4310290930212,-295.11510378339705,-274.42565414964196,-266.227753211616,0.1561018781633342,3.663062512981877,13.418026974013102,-0.10203204413535821,0.01688053464078365,10.225694743618687,-10.842737563219696,3.4778695565930233,4.694823108159988,2.9212120639917076,-6.061138586813565,-2.1230241203423725,0.2993911841442838,2.5717989878176155,6.149837488772956,-0.1536670049878032,5.004869841144258,25.048722126795347,0.02001492938325707,5.330858005626158,19.689680172876795,-19.260326541485195,1.8741271641371777,2.475123474360963,2.847583227063293,-8.064005432315621,-1.4376783124724488,-0.17308999039457829,1.037445161888514,8.616653226414408,-0.5719332672110968,4.099829417098169,16.80860124930351,-0.09463315517941057,2.6018914402691573,14.509869079441426,-16.818656727465527,3.0876310608199695,4.044511478722845,2.921808690303897,-7.402570395044204,-2.3871554439975817,-0.4762851672791965,1.6573560347252636,5.358688849826445,-1.4395325203252032,6.5353270911230466,42.71050018796682,-0.5093249152637431,-0.8617800900981609,9.4,-17.6,7.26475087067745,11.1,5.353556910569106,-12.985,-7.2,0.2,3.9,7.0,-2.0627077964825653,9.020606920448865,81.37134921324996,-0.3859220103984244,-1.1805461766130438,11.842781478618129,-20.714453943103784,10.446635097474008,16.407654667947334,7.545253971975738,-16.979797913862487,-10.98846322860759,0.4495646478936327,5.419191439339743,9.755217119912023,0.049674738378945475,1.9690873214032998,3.8773048793112217,-0.30601645663667554,2.6075016056615077,6.2301478979923,-7.646987413373601,1.1400853749892332,1.5524067206116103,1.323875062810028,-3.3509782970742656,-0.6931682800405699,0.09385552563530508,0.8592384405710405,3.4051628372982305,-2.9881255508049,12.588447742460989,158.4690165646712,-0.36694838519231965,-1.2311210238383272,15.3445801997487,-27.038733716263067,14.792640096587942,24.376724043070162,10.550178836522427,-23.258888867477417,-16.49674308181202,0.3567787928769832,7.879980961258143,13.431345233226446,0.10336585316859435,1.84423580360684,3.4012056993053674,0.6672740265755548,1.8083438995800751,7.037661334153139,-4.6823779423128915,1.5661667951450338,2.0741865709774325,1.3630373076365903,-2.789970843916495,-0.9857526762866984,-0.04574264934384342,1.0884338946907344,3.3377151406530614,0.07021781858857158,2.2790391844893003,5.1940196044376545,0.008923010345866518,3.376963973059718,8.174376284988206,-7.660460126302917,1.0957215792947987,1.4624554667816674,1.437708108332251,-3.506559409948613,-0.7549583286679024,0.10977350446151851,0.7074971381137651,4.0036079782052605,-0.028005634956421242,1.5660181802442101,2.452412940855387,0.4196544267498083,2.597076208247892,6.775960736981408,-4.811532112888333,1.0453571399692063,1.4530158811156464,1.098852658629321,-2.5532119225760197,-0.7955223871543093,-0.11233506602054258,0.6574934939613369,2.6809223701842853,-0.427439024390244,4.508061787917325,20.322621083680346,-0.10893891485707785,-1.557501659609104,7.1,-7.0,6.004538984947688,9.2,4.111788617886178,-6.7,-5.4,0.45,3.8,5.7,-0.6059150056684252,6.392618569965034,40.86557218106179,-0.09911540391767493,-1.559152654289693,10.018232802262109,-9.888827492203987,8.434433826353233,12.949618770558276,5.83328939520623,-9.468098504682363,-7.600876661794116,0.6743296587876815,5.34874210876416,8.086160315166145,-0.007184192177773139,0.17780835661517988,0.03161581168219098,-17.19324224503119,347.76835329082394,0.49581000823052074,-3.635803197803291,0.05899434443840011,0.08062889936208478,0.05688866267468974,-0.0978825532460507,-0.038768450611931175,0.0032711418215020105,0.0418604487501536,0.0923995311781469,-0.8833668919790798,9.092845417147029,82.67983778013172,-0.08375048493798028,-1.5565466248092967,14.085921192915938,-13.8757755214229,12.046436698072794,18.698439293779565,8.301667927376812,-13.386546184668461,-11.09578183890327,0.8805546962246182,7.6026574548762955,11.580033389128657,0.02353885548798958,0.3622269721239371,0.13120837933407553,13.347595545049739,198.15039800015978,5.451069528799443,-0.9973950721283857,0.06788141397850371,0.08941017736478223,0.08834842955367726,-0.10841347153624807,-0.047737360369065174,0.0006061448169722983,0.04167281699571705,0.1472738252865928,-0.009971805161089487,0.14805276491117403,0.021919621197843363,-7.981137135720147,78.06175227741235,0.2203582512591212,-1.5756139050886944,0.06199372340016757,0.08355019933087125,0.06371921031184136,-0.10814989702016775,-0.04094233631917217,0.006430085078562957,0.04260786301169908,0.09992067091260295,0.0054562287868254915,0.20121318866272325,0.04048674729182066,13.20208233916105,194.35361190135995,3.0069188983044275,-0.36492737130373476,0.05215259479184695,0.06991927613663985,0.060108612211327156,-0.10435435165631796,-0.04178789336300554,-0.006398562197368016,0.02813138277363431,0.09750331539550908,-0.034451219512195104,2.978350423230185,8.870571243555423,-2.1389781178278158,3.907037365688536,3.0,-12.7,0.889561331103361,1.3,2.0661585365853656,-7.5,0.3,1.1,1.6,2.2,-0.0400296190099132,3.1835754732537005,10.135152793902524,-1.2129363008572545,0.23751826360391792,3.681467291581732,-8.969215384497547,1.4164439752738929,3.9599289798745003,2.6205320971624935,-6.9996445361236015,-1.8146378646133035,1.416713264292898,2.145291115261197,2.9417037695253394,0.11361106921236246,2.7386661559600736,7.5002923138011255,0.06893081227093509,3.0249049782731925,9.321083629803649,-9.903900252310374,0.5256353829695853,0.721011827946455,1.5182675520027635,-5.040158804875505,-0.29296727034972014,-0.0001656153475620703,0.4280445575967348,5.477806079756845,-0.026493559460280935,4.313777200083304,18.60867373195855,-1.1894984172843743,0.1404613361272884,5.212443296808978,-12.17413176153801,1.2965096691628077,5.697049006396911,3.6345784390226235,-9.483812370263937,-2.849819580875533,2.2932292278588693,2.8472294255213777,3.735484839887918,-0.029231105414174778,1.205154494580932,1.4523973558086216,-0.5743305683652594,6.219292534191236,5.2558046362256094,-5.425536709671743,0.6698761346518448,0.9327133571516362,0.7498799193760717,-1.8057605041369584,-0.46882350728474775,-0.04752449097740874,0.4638898498668884,1.6795746337780417,0.1593493855931579,3.254425771304588,10.591287100931462,-0.08386025930305299,5.778164256755591,12.575789594993505,-12.321820776107149,0.21122925240157692,0.30562378718355004,1.4924432963943117,-5.130935470267437,-0.09225682195661877,0.038082545468650066,0.21336696522693127,6.538604726015741,0.03570271293352864,2.049198227907442,4.1992133772589995,-0.16833467211681347,2.5029387551136413,7.370437540580236,-6.487928045900563,0.6165357034674919,0.8198107678699675,1.2041526682017114,-4.33817839021345,-0.3840031910502975,0.028639806969609154,0.43580757681967003,3.739609866936309,3.253861788617886,3.3479342807733383,11.20866394837729,-1.8725878069097917,2.7131574135182994,6.4,-7.7,1.1860817748044812,3.0,4.347967479674797,-5.9,2.3,4.7,5.3,5.9,4.6032624798644495,4.700468451467679,22.094403663242957,-1.8301578902961622,2.535095582971336,10.278732548953071,-10.80350212079743,1.7554116236063906,4.324430272937628,6.133266906543551,-7.922619824299824,3.151900263729314,6.65917971145839,7.476330536666941,8.35110938862704,-0.03813607066323319,0.432733533817349,0.18725831129005074,-8.568649234303402,83.7832566023031,0.6470104740111351,-4.74532452992862,0.1032399430632974,0.1371640169946881,0.14353079809513727,-0.24700096028058535,-0.0732367005737476,-0.003093864695713544,0.06392731642094052,0.2509718000710923,6.515509411529351,6.538240362831366,42.748587042157226,-1.9013988588327608,2.933837996683269,13.469697018342961,-15.741339255771972,2.571404313035804,5.330556423907938,8.589496918608612,-11.261988436966037,5.144893066194262,9.347739581292192,10.4754494901022,11.710736476204978,0.08367761221552632,0.9077805245111262,0.8240654806816954,6.242956537881246,42.67332907768185,7.182257609600424,-1.3204521366206148,0.1647933623251648,0.21530824377698163,0.2904586529927832,-0.4568280411675434,-0.11711040249758128,-0.0037547543141936146,0.09819784127940034,0.4005061989861832,-0.05339843780515014,0.34496027120237005,0.11899758870801269,-4.049401570127275,17.817706138547173,0.4174311646944953,-1.9598203249711372,0.11457718167268993,0.15930155838539162,0.15410583044229112,-0.26857037812058815,-0.07951076235615546,-0.006364616387432554,0.07979079602923614,0.2380340323577233,0.07850570307192309,0.494175528335671,0.2442094528058396,6.173229804027148,41.95214202137417,3.960479769205186,-0.4795429338165257,0.11588488574591038,0.15471285881347896,0.18037667557257997,-0.2573759593345172,-0.055973617860654856,0.01697267984710227,0.0987392409528241,0.33518968772187085,0.00037265310312232293,0.20682940586359694,0.04277840312988851,-0.42239662544963774,5.9956310094100775,1.095989,-1.319585,0.01956145367096291,0.026387,0.10023943820340885,-0.37330925,-0.012281,0.000794,0.014106,0.372178,0.0005282630200797552,0.2552891670524942,0.06517255881435631,-0.7259098318073354,5.249162574306174,1.0812752844636275,-1.3630475930652473,0.026363708652670428,0.035659605198493205,0.12604134707484133,-0.48829361054731096,-0.015616600780737486,0.0017336058677750994,0.020043004417755715,0.4616222293772182,0.0003691851841117489,0.14274646761540022,0.020376554016674507,0.10453868291949099,9.852771603215475,1.096104623934478,-1.236071553089553,0.00794412374513445,0.010691261179423435,0.06389838294846795,-0.233611554224494,-0.005413669302201921,-2.1612950305405394e-05,0.005277591877221513,0.23064746849505438,0.0007507028304711228,0.3452067780060535,0.11916771958132068,-0.7865952102280653,4.982313001403016,1.3863697340226508,-1.826797334480177,0.03671291822908324,0.04965977125188255,0.17188654159078723,-0.6956060374771882,-0.021691012627711267,0.002437278048631005,0.02796875862417128,0.632208388869333,-0.00043587874806159943,0.10561346643463468,0.011154204292339707,-0.10810042194701548,8.4534951972906,0.7622651644312965,-0.7213520121740132,0.006168757214441034,0.008338533053271764,0.047595907783587424,-0.17678142903795085,-0.00402804528067878,5.7743236249913044e-05,0.004310487772592984,0.17402285070539453,0.0005224272213602323,0.09700259905669463,0.009409504223753855,0.015306334209937123,11.423594898762229,0.7815926468135937,-0.7567860702496021,0.008078703261905962,0.010885514093420479,0.04385207442197716,-0.1490089053273692,-0.005426237964000509,-4.0102198696399506e-05,0.005459276129419969,0.1522553506497623,0.0010066338956854534,0.17701800897582726,0.03133537550176606,-0.06852663972250207,8.466410585752344,1.1566342458612462,-1.2554270964989438,0.007725480178247819,0.010423369892444748,0.07934542980151753,-0.28552299914597223,-0.0050868001252142,9.358270008117731e-05,0.005336569767230549,0.2935385308458154,0.006438571869553659,0.4053652488571302,0.1643209849810031,-0.08312244892812053,6.548581890282268,2.273326,-2.424755,0.029130168389198064,0.039296,0.19237072399787317,-0.717337,-0.012505,0.006963,0.026791,0.698967,0.009103469152041792,0.528648955691744,0.27946971835397144,0.11816934278395526,6.1383756151915865,3.115223826419665,-2.6141524185177247,0.04051845676969991,0.05464134645746537,0.25414527271068177,-0.9756730663530815,-0.017392183347213493,0.009877622440442647,0.03724916311025188,0.9212403735145182,0.0001529268208341778,0.22168265639756016,0.04914320014747872,0.013216850941449221,9.288215044417255,1.6169237701514707,-1.7019888015409523,0.00848555013797847,0.011450796522593835,0.09744656900175389,-0.35892094063136526,-0.005702728298935326,-4.4166088900671977e-07,0.0057480682236585095,0.35410333159520757,0.012868552960906549,0.689482229941209,0.4753857454047022,0.13257204068480166,5.165091020907397,3.8702742711449507,-2.948245219524161,0.052499826480095595,0.07080708475287938,0.3385881945051975,-1.3455819872389267,-0.02147656285641782,0.013994306379346944,0.04933052189646156,1.2184988771758953,-0.0006332338749094336,0.288885077120689,0.08345458778302645,0.1567642108384039,7.09350548237566,1.7353722450565718,-1.8688677008755459,0.022368131595360677,0.0301854327869669,0.13554373711564546,-0.5082270048204375,-0.015279672579548566,-8.866410357593113e-05,0.014905760207418335,0.5036577108671136,0.00021588855311026133,0.20785622003571927,0.04320420820753734,-0.026007602641734677,6.653135844481861,1.1286898969819252,-1.3008295821898954,0.007279769601481163,0.009820922795774439,0.09427131469604726,-0.3640487498057635,-0.004870034071320292,3.4243579322704104e-05,0.004950888724454146,0.36524030636940885,-0.0007696098769148072,0.23465761378227348,0.05506419570599062,-0.07440242194144586,9.42647830495995,1.6338165415015495,-1.6854540654890384,0.009444940493024924,0.012735181026365788,0.10214878623525518,-0.38044789358479336,-0.006269300100026265,4.7164866769086854e-05,0.006465880926339523,0.3860798321026231,0.0052446772664165656,0.12562464789933728,0.015781552159832464,-0.3916664074287717,9.16606892561994,0.902317,-0.999069,0.012464236850976598,0.016874,0.06004521786843115,-0.19892675,-0.002592,0.0057540000000000004,0.014282,0.210299,0.007417155518375372,0.12513679872486666,0.01565921839510779,-0.07207068367371579,6.786053106337725,0.7445495850293735,-0.8254218969828025,0.015674566624241257,0.02117142780418403,0.06295635950132066,-0.21211515535662664,-0.0024043832179615377,0.008070814238079725,0.018767044586222494,0.22167924774336592,0.0005449335755782327,0.12609839881519264,0.015900806183755375,-0.06585126252306066,9.503528344006124,0.9886322338410369,-0.9411291674992764,0.007775955970429239,0.010497464157648736,0.056950653618291235,-0.2020544510838772,-0.0051551509618981035,1.9382020782275693e-05,0.005342313195750632,0.20669631710356562,0.010489673557706162,0.16251284299892604,0.02641042413959359,0.008437708275904938,6.45732673086553,0.9136559003920368,-0.8872268543829538,0.021170758288422038,0.028548848246785802,0.08203893108799598,-0.27554052522124384,-0.002905615952829489,0.011293165108203721,0.025643232293956313,0.2946963195207426,0.00024278327225924648,0.070017373302315,0.004902432564155733,0.0959966400554373,8.228180909324736,0.5196239836024348,-0.41917713869970663,0.006739783571337246,0.00911427944641837,0.03276201611330901,-0.11562310629191305,-0.0046351591014371744,-3.414325216539966e-05,0.004479120344981195,0.12303113253672604,0.0007701620624304588,0.15133531619706303,0.02290237792846505,0.025251615492609892,7.842578353259913,1.1389105648283806,-1.0088342389403584,0.008569032433723438,0.011566986297248658,0.06950083349909218,-0.24802129309653942,-0.005729010940201033,2.7709843671576694e-05,0.005837975357047625,0.25433711575568957,-0.0008868672178190522,0.09430180844313307,0.008892831075645364,0.11898464526084356,9.441895358438897,0.6960566826365772,-0.6213335975717067,0.006820162508811244,0.009167125748619004,0.042219129475075806,-0.15594379492097116,-0.004748583499875638,-7.143164083001378e-05,0.0044185422487433654,0.14832671929346747,0.0002073977343219216,0.9770837044681985,0.9546925655372979,-0.0011112342703220152,1.9130779089809993,3.245328,-3.241428,0.6956955237104594,0.93808475,0.6759968097509821,-1.887997,-0.4677485,0.000282,0.47033625,1.88920575,0.00032109944458715684,1.3816672965865153,1.9090045184566897,-0.0011596998274603812,1.916914081132835,4.596588727090145,-4.569634831700666,0.9805260359158617,1.3226889223246294,0.955350533539457,-2.6708929948343716,-0.6589875238493171,0.0003967194527362151,0.6637013984753124,2.671070433744228,-2.3619484952777415e-07,0.015284002688895517,0.00023360073819416537,0.2591982305612699,61.078391453712754,0.506985373871538,-0.41802169968444974,0.014495893768580187,0.01941871700320074,0.011851012044181007,-0.022110865393589627,-0.0095548925492411,-0.0002046237310318489,0.00986382445395964,0.022305144815547934,0.0005345678787955859,1.953172313767021,3.814882087266018,-0.0012544744631990722,1.929355180964862,6.431006767463898,-6.4119027993395195,1.3557852489676485,1.828206401118984,1.3484560491942357,-3.786783790529737,-0.9121137423161378,-0.0004940515307866183,0.9160926588028462,3.749003465988002,-4.2379272621133674e-06,0.050357306306336606,0.0025358582984302083,-0.06050625804693696,1.4728965319441931,0.3596976766284223,-0.5863304377664713,0.03491057137377271,0.04715944623926184,0.03737136497209186,-0.0924590852705375,-0.0223995098109195,-0.00026684860294762247,0.024759936428342344,0.0927651589670383,-1.0232025571020785e-07,0.006693188032315871,4.479876603593641e-05,4.492532126971107,489.3015363725007,0.32502677367331106,-0.24282480656665156,0.005043624403669512,0.006803070009824047,0.00433261810533048,-0.009272783861050765,-0.0034349402621504563,3.388485762023793e-05,0.0033681297476735915,0.009088853241863188,4.5656326062645415e-05,0.020551449703324114,0.0004223620849082608,0.704075835878431,13.582749529630977,0.4009654434047055,-0.20868312844503362,0.020301067403040118,0.027252954478175828,0.01628298532806079,-0.0332649035805927,-0.013761772518126322,0.000342551049116586,0.013491181960049507,0.03329349824377471
-6.059044715447155,7.957437558791496,63.320812502065564,1.0323005733054869,0.2808263518449179,14.8,-22.5,5.633888430321287,6.199999999999999,9.354573170731706,-15.584999999999999,-10.6,-9.4,-4.4,9.7,-8.51471456140987,11.30486349263467,127.79993858710414,1.0504086108949298,0.28524904670044204,20.85015965059947,-30.482475612474786,8.13424814820611,8.707837382464458,13.249006654802596,-22.03928416401832,-14.950931970281959,-13.426726363495137,-6.243094587817501,13.866575172016482,-0.048992196739356925,0.5840820847216316,0.3411518816927673,-8.852163164978004,112.80176910581548,1.2055648018018106,-8.75720016587534,0.24755008456006716,0.33273416156638913,0.25204436697867294,-0.45866237447329533,-0.168912654917042,-0.0034063120659026946,0.1638215066493471,0.41679436405217285,-11.908630273571973,16.115389144101638,259.70576726582897,1.061572811902166,0.2930021571930501,29.467555065064612,-43.87267553099187,11.218423932766957,12.300200622289527,18.769693563276086,-30.79026495781236,-21.16082499456233,-18.89806915184983,-8.860624372272802,19.770991929921305,0.1400998853788145,1.1697580175740128,1.3683338196786845,7.4480464880251125,67.88128568228774,12.97844579538116,-2.678745697784491,0.27350004281952855,0.36184765008987213,0.3772648536351949,-0.4511460123712939,-0.1437506563699451,0.010529392388042957,0.21809699371992702,0.4852724577495414,-0.06742395617665242,0.4817995669416586,0.23213082270516977,-4.084081775642173,24.843887631571693,0.79703228493491,-3.898778769070114,0.257163263432814,0.3361464764545465,0.2595390399547286,-0.5426930637529139,-0.17424800359812503,-0.013444044560009664,0.16189847285642145,0.4103405286049894,0.08284774247508278,0.658951612832338,0.4342172280543395,6.6814806455784055,60.85552818183778,7.225753422189779,-0.9841471906015901,0.23474794010162495,0.32602244218725396,0.2833772200527133,-0.46145668936787576,-0.15036587083104244,0.0219645687647771,0.1756565713562115,0.5492854102907205,-149.10772357723576,11.624508963351424,135.1292086390376,-0.2663603031185562,-0.5077339304620669,-112.2,-178.5,13.936460853952667,18.825000000000017,149.10772357723576,-169.4,-157.525,-148.3,-138.7,-133.4,-210.81287914409592,15.915549053555278,253.30470167612432,-0.12936867045508393,-0.7666690480287071,-160.62135582022685,-246.6613893900174,20.66043344442479,27.82230264474518,210.81287914409592,-236.80369827875253,-223.57390476499958,-209.65824646471268,-195.7516021202544,-189.0021138489709,0.014626103962318665,4.050650415811757,16.40776879111596,0.016910173604132047,1.874488245437088,13.453137448217483,-14.974259457363955,2.843116875695232,3.8354273800730416,2.866816375880307,-6.170004454141658,-1.9507498096390483,-0.045803979620876234,1.8846775704339933,7.332936724806402,-297.925455204364,22.0781116017304,487.44301189846243,-0.12994818175744882,-0.848220852457338,-228.2846678227455,-338.59811721447795,30.618157849892416,40.975385108480566,297.925455204364,-334.2507209805873,-316.96529117414235,-296.59751160874436,-275.9899060656618,-268.6996180780289,-0.25700335748824854,4.185647100635206,17.51964165105591,-0.06973101934957389,-0.02604578451867834,13.698501981478145,-12.077021027825113,4.431750100315956,5.852348456537008,3.3544144123501196,-6.646545381115638,-3.186649663761746,-0.147486465129246,2.6656987927752622,6.237077197509505,0.02243465368734787,2.5997506807904833,6.758703602270581,-0.3578687925300375,1.1186506971864993,8.802754119768057,-8.840667632216274,2.2434899536299664,2.9908704142576026,1.9587082993850107,-4.34746362244015,-1.3730679587295842,0.14830596894934944,1.6178024555280182,3.877898270460721,-0.4893881766825994,5.036966560503059,25.37103213162601,0.35035392017453615,2.7224477556677167,20.00141815586816,-15.538655933888297,3.2469125432067494,4.47335655601601,3.4727480282088408,-9.347646088392118,-2.72713507999073,-0.2889919549751941,1.74622147602528,7.549032355465785,-0.38434959349593495,5.396161216808148,29.118555877784384,-0.36659724508345715,-0.8419960819474346,9.7,-13.4,6.375189539574088,8.7,4.465853658536585,-9.985,-4.8,0.5,3.9,7.184999999999991,-0.5798894155980094,7.490070468009246,56.10115561574425,-0.2979270967015094,-1.0336495399023584,12.626403419185714,-16.833812739204962,9.692086729426542,12.972167062263907,6.2786961297634365,-13.107670488139238,-7.175843288393418,0.8544100588297598,5.796323773870489,9.87144617130589,0.04368504563823191,1.4903147172320315,2.22103795639839,0.3871077419601689,2.655390151810109,7.684401836566041,-4.531322327416003,1.0293499133361355,1.3803912358661146,1.0502029862744153,-2.326643350422092,-0.6466724461112818,-0.03808605803065512,0.7337187897548327,2.7446700638979937,-0.9208985278353814,10.428024558608973,108.74369619495187,-0.262313449453099,-1.104879223794238,16.23158923863634,-22.99387257251636,13.746409998162646,18.475568854009556,8.812324544471737,-17.712054367412982,-10.164113379518618,1.1308739456444488,8.311455474490938,13.586330173516203,0.0708452946074542,1.9129688554409394,3.6594498418870174,0.37692784807548746,1.4476145739810526,6.706973547437137,-5.755944262242819,1.5382452289768132,2.1433180561676357,1.409916726621728,-2.6598954401562147,-1.0531364392809526,-0.06604643401047172,1.090181616886683,3.5862746050368006,0.059119201909198685,1.0990611991704426,1.2079355195219716,0.4317552508344316,1.608880046581084,5.155557904962882,-3.444075029208931,0.9928618223363137,1.3123158993042479,0.8415155346227204,-1.632285087493331,-0.5834776060074022,-0.05157619027928481,0.7288382932968456,1.7678028509875885,-0.011102008981464632,1.781863991340293,3.1750392836351597,-0.5329013406550217,2.796082046870917,6.035330761660319,-8.640122943783206,1.2824954160568869,1.7800791769110893,1.2818772123924433,-2.6862530605514063,-0.8440473836799964,-0.0457369584939842,0.9360317932310929,2.7940167084089316,-0.3441056910569107,4.4925871433798505,20.183339240861923,-0.17293215261345737,-1.5216260577316312,7.1,-7.2,5.411498097545447,8.925,4.088211382113821,-6.8,-5.325,0.75,3.6,5.884999999999991,-0.4886328796545638,6.370637231550564,40.585018736018235,-0.1622862209323328,-1.5244858298442414,9.947913059926506,-10.085855215367355,7.826235690150773,12.670206211691426,5.800827000881582,-9.546500015653583,-7.520248683967338,0.992511813962872,5.149957527724086,8.338869938922112,-0.009854101265449581,0.18081816852068933,0.032695210067176406,-17.420615088742814,353.9501008040737,0.46684559920299695,-3.7163055183521307,0.05958687071037324,0.07967609168471748,0.05732238319720644,-0.1043729603510566,-0.03977382315612585,0.0006114449967420943,0.03990226852859164,0.08684945578969348,-0.719985794136268,9.062478965255384,82.12852499569628,-0.14604291332679542,-1.5243486057941922,14.078408960564072,-14.216933196829105,11.160209498584141,18.033255518341676,8.254131495029217,-13.49065912175746,-10.771701245279157,1.3338910301749942,7.261554273062518,11.876378742773976,0.01690397423545279,0.37156553278035276,0.13806094515034742,13.132771391863818,195.08979149671006,5.562212455945449,-1.1468267781636456,0.06961010437757825,0.09113297524591266,0.09133061029926738,-0.11903634114178702,-0.047815939378247775,-0.007654410242136422,0.04331703586766489,0.131456806967859,-0.0129749958551768,0.1497894758026415,0.022436887061230117,-7.607981842670441,74.05135634777014,0.4170506169210689,-1.552193077790862,0.06609743301980311,0.08796135146420635,0.06382082527256651,-0.11301094105294954,-0.047981884268932296,-0.000124816216164682,0.03997946719527405,0.10276548717099067,0.013600305004072905,0.20504162069059662,0.0420420662154265,13.169798559980403,194.14111134527369,3.0712659638828037,-0.3812046294627937,0.05560837487555118,0.07873273070478047,0.0605510930585085,-0.09700376502052853,-0.035297350499990804,0.0010262753773861944,0.04343538020478967,0.09433569494837749,0.25436991869918696,2.4922239246910443,6.211180090802432,-2.1420490021434877,4.019097373547577,4.0,-10.3,0.889561331103361,1.2000000000000002,1.8397357723577237,-6.084999999999999,0.4,1.1,1.6,2.2,0.36788293217288104,2.6757122486343783,7.159436037492041,-1.500779142534945,1.8766685264367924,4.1742177831186895,-11.150368301638974,1.3265372772190687,2.859124619009071,2.231662675006182,-5.153994093472502,-0.7495886839363026,1.4095368317635857,2.1095359350727683,2.9467026921172876,-0.015327675614479808,2.2800693930306415,5.1987164370351175,0.31977812806791633,2.944167146485891,8.65553254417243,-7.3221807409725645,0.500269278173186,0.6508463017460512,1.275618881604373,-4.320356222003333,-0.35427418524141974,-0.010493159040033964,0.29657211650463144,4.357587775634376,0.5473443102075427,3.3267747210722853,11.067430044765583,-1.0677944930828258,0.02783500318604304,5.540813387690694,-10.105981813062499,1.549680205516998,4.7368196348719644,3.0032310854113926,-5.888474876652943,-1.9947913780335247,2.1082849225706854,2.7420282568384398,3.9135875280541352,0.07510944374889919,1.760616012589104,3.0997687437851558,0.19324214466052642,2.760023981035877,6.916015061295398,-5.825489280456347,0.940884401345215,1.272710341792426,1.129867853218263,-2.7831099191094775,-0.5986547912850422,-0.023590376293442794,0.6740555505073837,3.4832701000241197,-0.021747206955871085,1.0060285904698794,1.0120935248428122,-0.28992275086160124,6.016526924877233,3.8890777532900103,-4.562551647335223,0.1819856299284522,0.24591985076091627,0.5302961398019047,-1.6735530903603917,-0.1436614358263394,-0.013304308254241427,0.10225841493457688,1.6339105216036898,-0.053821161569503395,3.039335200063165,9.237558458343,-0.3586318478638272,3.196881809915812,10.578644579048744,-11.63733948631005,0.6201807876236513,0.8118932637766196,1.6681998216856484,-6.48098523912207,-0.4035682351931863,0.022326728035461936,0.4083250285834333,5.77765930537455,3.1584349593495937,3.239750879624833,10.495985762029878,-1.5906976478716277,1.725367748815633,6.4,-7.3,1.1860817748044812,3.5,4.145426829268292,-4.9,1.7,4.7,5.2,5.9,4.470302409985087,4.550393223441593,20.70607848794317,-1.5466438524351709,1.561560451394839,10.144700386566438,-9.815026554135683,1.756971930630826,4.8885468931440075,5.846873713014768,-6.630333812581066,2.5106825862246156,6.550539952094925,7.399229479368623,8.337625058520846,-0.032605903450266656,0.4153454799212505,0.1725118676910139,-8.81188667627931,88.0024480919332,0.5607587577939808,-4.591282023543634,0.09265780259058251,0.1258682525256194,0.13305912592396993,-0.23307505941577739,-0.056906199775161065,0.005283012123242781,0.06896205275045833,0.22245039544452938,6.337206599167868,6.335292418882118,40.13593003274524,-1.617895542023807,1.9023947312816043,13.529839078141599,-14.791554031920654,2.352687751536001,6.715904890375079,8.214334431437221,-9.0149295316553,3.645393254745576,9.206484502304033,10.361298145120655,11.71537950616408,0.07716306035441382,0.8749855293187411,0.7655996765171975,6.2720954596879945,43.96440871068024,7.099534617733938,-1.4011689560299265,0.14643860000577028,0.19626963662939362,0.28107068159188114,-0.4459148505550182,-0.0922929800653391,0.002413305709484448,0.10397665656405453,0.3768102562938814,-0.045702173005632694,0.33356678104795234,0.11126679741869257,-4.338290111784946,19.87934300001541,0.36306012497609125,-2.006229277863075,0.08437563105419248,0.11296388189763511,0.13631647420174597,-0.21995191970251687,-0.054577538861672006,0.001851933496640775,0.0583863430359631,0.1965218815124264,0.059009356977728245,0.47492601107447585,0.22555471599511315,6.217217563191609,43.07286880483133,3.745683249038955,-0.4905177837445954,0.1384070282127589,0.1837266044062056,0.17811485865098178,-0.30238544665096234,-0.08057629154800736,0.006475320712475058,0.10315031285819826,0.2970708920155754,0.00237025355270733,0.17451208527745116,0.03045446790788438,-0.07938265572610778,5.208704342643642,1.10324,-0.966268,0.02343845847235506,0.031677,0.08879418895251948,-0.32301625,-0.013232,0.002755,0.018445,0.325525,0.0033512316307442247,0.21871887061494244,0.04783794436307593,-0.21312728021379881,4.031886681191581,1.1272659147721191,-1.0214534516369855,0.03216118602318521,0.043374403675167886,0.11510623170542723,-0.41495964516188955,-0.017918945234199315,0.004039475555897248,0.025455458440968567,0.4195909480539248,-0.00010752353516642824,0.11430424746097338,0.01306546098761944,0.02579079900997066,7.998649353080754,0.7228019475446186,-0.8045802772939977,0.00799894393840202,0.010790825720356827,0.05289100762622518,-0.1916169849089068,-0.0054146673633325105,-4.726338081167264e-07,0.005376158357024317,0.1927652444918181,0.0047369337702261325,0.2984134046245151,0.08905056005959457,-0.2956308639282378,3.7371568570414,1.1606837849653786,-1.282519219872166,0.04450653896657971,0.060035772799978473,0.15696466416570598,-0.5974333923528957,-0.023851116854941817,0.006312959768956666,0.036184655945036656,0.5624101067006017,-0.0002662404538838399,0.08128920109878641,0.006607934215278938,-0.21027628671558327,11.442332905510524,0.6557873603695027,-0.6973363392799428,0.006325456561331114,0.0085541424260478,0.03661545389496984,-0.12757986453995998,-0.0043340919311513305,1.908630259832029e-05,0.00422005049489647,0.13024238876412686,-0.00015234114559704937,0.07656719803643487,0.0058625358151506365,-0.058764772335033105,8.134614552642995,0.590671025865038,-0.5821911290772706,0.008191064119795389,0.011064601734562755,0.036798741488895455,-0.1309529620755854,-0.005491254959431739,1.0275765265968764e-05,0.005573346775131015,0.1326245034470743,-0.0004777409233453537,0.14234962110046614,0.020263414627446272,-0.158042450778188,8.411215840040184,1.0319309247449187,-0.9926020964243355,0.007722586077928181,0.010417806878827474,0.06506311726966019,-0.2448267983044608,-0.005172200008192268,5.381967729082329e-05,0.005245606870635206,0.24001829840260974,0.011109857012998818,0.37160851170357867,0.13809288597054875,0.3632409137156126,4.53044397464409,2.199961,-1.789051,0.032514949254046355,0.043923,0.1875276783019725,-0.67338475,-0.012385,0.010147,0.031538,0.735529,0.015713502529007845,0.4890320451621811,0.2391523411955055,0.4597674957196087,4.517320313897516,2.8351299985600362,-2.491671536544087,0.045136415421178265,0.0609813929768107,0.24669836393562503,-0.8938573067800066,-0.01714331302832645,0.014198965524930038,0.04383807994848425,1.0081950915166429,0.00014949106113325685,0.19237554045145977,0.03700834856399123,0.10144464273490222,10.364473093324852,1.5324848463045233,-1.3781122490165036,0.008463099224955157,0.011408953890836602,0.08422274139175613,-0.2932038895880459,-0.0057620917299811385,2.816161210219875e-05,0.005646862160855464,0.29105113712661024,0.022227082592703784,0.6498575325409283,0.42231481260018366,0.4704537624186442,4.184302376279292,3.5143709985884493,-2.7447159738917914,0.059152054532004124,0.07987356871046512,0.3277118295955298,-1.1937733170191946,-0.02125178415519888,0.02019137380757505,0.05862178455526624,1.3934801769058511,0.0003404665666029444,0.23643813978943892,0.05590299394709026,0.16824165313249123,6.506524020266639,1.4394568732855366,-1.50499445499096,0.02273002427875503,0.030670843799672477,0.1136207723037805,-0.41255562231203946,-0.015518439110351534,-0.00015897898670818374,0.015152404689320942,0.41491797496859895,0.00021124006550017342,0.1858250521523764,0.03453095000743341,-0.032047346411070744,7.945449976841047,1.2051425934549895,-1.4182554679108836,0.007787143574978813,0.01050603337746545,0.08513561452533766,-0.31001281103777767,-0.0052662786155107996,4.813046278661979e-05,0.00523975476195465,0.3121628367517058,-0.00025498766025738515,0.19867619683611645,0.03947223118926329,-0.0973983201835743,12.826130640411737,1.7071712646125417,-1.7799220045188615,0.008920955117044882,0.0120205212171994,0.0838504684445262,-0.3029419995603161,-0.005939851628439747,0.00012611879056253486,0.006080669588759654,0.2835956158328519,0.011550475865830377,0.10410160172492201,0.010837143481694286,0.23484731615871957,7.316461299463301,0.777243,-0.676708,0.012015008378769398,0.016209,0.05498244635336182,-0.16623700000000002,0.003395,0.011681,0.019604,0.187846,0.01633530932317982,0.10342092987806188,0.010695888736842992,0.05407775910696022,9.056242156341378,0.7537312211395424,-0.7331834869494112,0.014722477206375791,0.01987219866985712,0.057130285509894345,-0.1546209180978001,0.006627030557202918,0.016675001766441322,0.026499229227060037,0.1804314625817984,9.070304145095149e-05,0.10476844693540358,0.010976427473256474,-0.08579524340656657,7.076364455365384,0.6962038470557319,-0.7280279881836824,0.00793175230149822,0.010707217783195378,0.05010680677247604,-0.18244378016927526,-0.005275900161305237,1.7680504685833984e-05,0.00543131762189014,0.18241821523320859,0.0231028257787315,0.13464634049676616,0.018129637009171088,0.11770674760967584,9.441269983192527,0.9740854083312714,-0.8517570851225352,0.019471988204615646,0.026270315045170717,0.07503786816644635,-0.19539457605167715,0.010391398777071474,0.023686917949143772,0.03666171382224219,0.2251820161307206,0.00018659966736255638,0.05708091272057897,0.003258230597014354,0.3075519728328019,8.315913749497742,0.4109613637817303,-0.36602345904898964,0.006837984133665558,0.009209180207652136,0.027178243694299574,-0.09302089814307561,-0.004698853718090723,9.188784680429554e-06,0.0045103264895614125,0.09434656098595175,0.00012796661022320023,0.12114102048032525,0.014675146843014584,-0.015448027205236695,5.934488349787598,0.7624360145936988,-0.7028464551272903,0.008666650542028621,0.01172627624022905,0.05897824307658656,-0.2163899993847611,-0.0057820011887584595,-4.01167550898357e-05,0.0059442750514705905,0.21838097064610434,0.0002778496792257919,0.08528570429098933,0.007273651356410078,0.1093401987097287,7.06652038302256,0.6522273105219948,-0.5111097567497861,0.006761756314288977,0.009114974222785777,0.039876636715142966,-0.14728786921580297,-0.004601029216352758,-1.5201908911341365e-05,0.004513945006433019,0.14672798439608137,0.00014932871254128447,0.7069209551134903,0.49973723677856935,-0.0016791611768005089,0.5480265447565764,2.041346,-2.02803,0.6807664606712172,0.91840525,0.5425970692512802,-1.34004575,-0.4581225,0.0012355,0.46028275,1.33685575,0.00021044924782189276,0.9995526238166977,0.9991054477788448,-0.001665834226621374,0.5501779658940902,2.881957831274187,-2.857602398609764,0.9649894135299255,1.301870063605993,0.7666783356634241,-1.8908248083137273,-0.649885246484645,0.0009002577722259202,0.6519848171213479,1.8912357299233693,1.75735870361389e-05,0.016738272587479796,0.00028016976921277755,0.22801815499662262,3.9906006518159085,0.2720574480991509,-0.12177524511260437,0.016267016067723076,0.02196418023443974,0.013231529723667059,-0.02552700358185389,-0.010979494929927006,-6.980054675927508e-05,0.010984685304512734,0.02558950672666522,0.0002928018065602931,1.4123304294974077,1.9946772420843322,-0.0016374338533175525,0.5594318116824635,3.989928602639026,-4.000431137063828,1.3326945427263506,1.7986760665085737,1.0814396150796666,-2.6600978605951315,-0.8981744775992854,0.00032172002764825104,0.9005015889092883,2.673998056726533,1.640492018854257e-05,0.05636966087741286,0.00317753866743453,0.006410085033166579,0.054799789315937986,0.3714489816473781,-0.1543898977630755,0.0452649419392013,0.06114161134402124,0.04288466170899978,-0.10333837888218493,-0.03054275302049324,-0.0003113694130956017,0.030598858323528003,0.10391114768928865,2.51230232540343e-05,0.006920916317581643,4.7899082674967854e-05,3.0276265378142964,92.50178266466693,0.22613741818408375,-0.05069439371327311,0.005865738835697143,0.007916903195902616,0.005055954107552563,-0.010890515671408895,-0.003963396735550571,3.062276233437895e-05,0.003953506460352045,0.010782435591953035,-6.10096003008117e-06,0.022637437304587598,0.0005124535677191342,0.00037961044467336704,0.36070667677813706,0.11332305120955197,-0.17356339649873204,0.022000752620672647,0.0297060688586116,0.018045272163750785,-0.04008549165252277,-0.01499146010201282,4.2689579595742546e-05,0.014714608756598779,0.03968998436726656
-5.409664292980672,7.867007364432895,61.889804872041395,0.7431278196053458,0.13747092545106643,14.7,-22.2,4.151286211815686,6.699999999999999,8.660732451678536,-17.09,-10.6,-6.4,-3.9,9.6,-7.618390137868604,11.169975442015978,124.76835137524007,0.7720022671642798,0.13071454428059326,20.68078835886295,-30.731792214672012,5.920415378796473,9.595137670343842,12.283501989022636,-24.20271008246406,-15.035819271243238,-9.111756449126666,-5.440681600899396,13.56486417819354,-0.0651692046205197,0.6511425987744187,0.4239866839387036,-8.227802604138931,88.56491381465746,1.3977601222353195,-8.64065857989251,0.25287096362137,0.33835517391826336,0.26987550144911787,-0.4630696519495652,-0.17494243487604336,-0.01829583942801649,0.16341273904222,0.4103646001595979,-10.685247760036308,15.920239578656872,253.45402824183273,0.7925242661233218,0.14728876686054937,28.89532964427078,-44.20768769893379,8.191711449732237,13.554338014679153,17.444638527441487,-33.33439524510835,-21.252782997063022,-12.89132097941305,-7.69844498238387,19.239943063882265,0.11300738759048944,1.2787967226606425,1.6353210578876,6.849762197787769,55.40145152119437,12.995089619968185,-2.6328840374424676,0.2744837861247217,0.36589345238140863,0.41216630567697154,-0.5543279186861074,-0.17387016286288792,-0.02297108595195596,0.1920232895185207,0.4306893447007866,-0.09031631104886736,0.5317016885524327,0.2827066856095081,-3.6429650445471546,16.856610475928086,0.8838419841307338,-3.4738072325475806,0.23323577146118699,0.31159755536547995,0.27559198269167223,-0.6131936533501556,-0.1725166861585014,-0.010333141365652363,0.13908086920697854,0.41830278855511116,0.07634329619205729,0.7409910546616477,0.549067743088581,6.177496615259563,48.976707319327225,7.3897438822191965,-0.9996196184154454,0.3258700036409095,0.42492086652944927,0.32507728494656624,-0.5115425782404195,-0.20995996429599512,-0.007888962464350712,0.21496090223345418,0.5197442097367875,-147.66276703967446,11.322920213010669,128.20852215020557,-0.30878590130397393,-0.6010204952666016,-114.6,-178.9,13.49168018840097,18.25,147.66276703967446,-167.67999999999998,-155.7,-147.0,-137.45,-132.31,-208.75050626871788,15.402171159039035,237.22687641233384,-0.1675355644974723,-0.8313291951735522,-162.49482342088842,-245.51248792101575,19.966317912957706,26.221627365694957,208.75050626871788,-234.08270011833517,-220.43935128038805,-208.0860589870269,-194.2177239146931,-187.46870384553498,0.08231209022941983,4.302378745935201,18.510462873474953,0.03632487530000602,1.4290118911987042,13.06016029509071,-14.460062009367581,3.2054279249490487,4.277963700706544,3.107623118168644,-6.9317668359615565,-2.148734874952072,0.07017870733763232,2.1292288257544723,8.004526911460369,-295.0081530348999,21.29264659316249,453.3767989413143,-0.1806180119801464,-1.0104986311226096,-241.04040154821817,-337.08370237123495,29.49775092008914,39.092098733421096,295.0081530348999,-330.5054602745297,-312.709502285825,-293.5831742465556,-273.6174035524039,-266.2913550931105,-0.20468165261792365,4.332121409521146,18.767275906831475,0.16912502515026576,0.05528535059195505,13.275054883498171,-10.938787597190311,4.265647604398352,5.843202242211367,3.4242899039165744,-7.083247115729593,-3.068566459551712,-0.3731652834025496,2.7746357826596553,7.175614561916333,0.11745533370830713,2.3879016614266515,5.702074344644162,-0.03756148418713726,0.7967275279946331,7.587023206456583,-7.553128636037729,1.9446231282986244,2.5615519847519046,1.7879259310161773,-3.7936428123295354,-1.2414791928110445,0.08529692914225737,1.3200727919408601,4.219103685567565,-0.8920086146533217,5.478577381410058,30.014810124097885,0.18711638388403415,2.1278372796773226,19.191344939659277,-17.183476095438913,3.638741613197637,4.937438078517392,3.89065999679349,-10.212158550518762,-3.4341584132013585,-0.6463529423155703,1.5032796653160336,8.766018368222396,-0.8307222787385553,5.715036313825481,32.66164006834394,-0.3810612720042516,-0.8453893256483767,9.4,-16.2,6.523449761424649,9.5,4.72146490335707,-10.69,-5.7,0.3,3.8,7.089999999999997,-1.2058800698748204,7.9075521732060885,62.52938137197633,-0.29328512785901684,-1.0712836038114497,12.175740592906411,-20.560104649892065,9.8870889554325,13.86626550684794,6.621239165932677,-14.268338272058479,-8.735750985956475,0.41570138181769684,5.130514520891465,9.722797135582978,0.06303341571959625,1.6371704293229863,2.680327014649611,0.4143986968965432,2.4765566663996816,8.174086302620534,-5.300663572815575,1.121887951668368,1.4876109693222848,1.163998177778614,-2.619155890465348,-0.7076243025641187,0.0622562889105321,0.779986666758166,2.9010530568324064,-1.792047285011835,11.004078936107572,121.08975323208635,-0.26912833854387375,-1.1551301890493948,16.02447870344954,-24.068201106562764,13.715841921666815,20.71124780624151,9.299434729368834,-20.01473776620167,-12.507299706148508,0.7574503584754213,8.203948100093003,13.679486940018602,0.11350434693092398,1.9041433808676296,3.6257620149020067,0.311055352805341,1.3972956163086812,6.616805187954838,-6.777804436075768,1.357338374745921,1.8073360534583576,1.391743544341698,-2.5995134630967542,-0.9151583755789862,0.05151871555552182,0.8921776778793713,3.675739846174672,0.08597033432272672,1.143429736255005,1.30743156175219,-0.01827824884262734,0.7675966208131375,3.852128508413678,-3.8286948342654687,0.9828509995288544,1.3127525828722237,0.8799151543263591,-1.7162518125507797,-0.5903655562015127,0.06723116116294685,0.7223870266707111,2.038698186508487,0.04072839942959629,1.9947223883858085,3.9789174067275845,0.43036364416701833,2.3431739434160175,8.098138738570972,-5.551515023084244,1.1622418220986641,1.5636724766545065,1.3567699236795998,-3.485048178107829,-0.7750936494469551,-0.04362928111557224,0.7885788272075513,3.384582358634594,-0.2883011190233978,4.426379291775384,19.592833634657953,-0.20305989182562606,-1.5211063477483868,6.8,-7.0,5.337367986620166,8.8,4.02909460834181,-6.7,-5.2,1.0,3.6,5.5,-0.41936555095333006,6.279579585059252,39.433119765092925,-0.19106884038215619,-1.5266868431180214,9.632572306184013,-9.835659313363882,7.522318273533781,12.505645545285033,5.720523897231446,-9.450129232334358,-7.396675260493707,1.4412762270127517,5.108970284791326,7.906437541360797,-0.010576043951342987,0.15952786877707098,0.025449140916554376,-16.865913667009217,339.13286213350455,0.40222644615164915,-3.246188708887416,0.05829670688459061,0.07934259086540585,0.05429767708643086,-0.10178165893984918,-0.042995199941532364,0.0002587572922189141,0.036347390923873485,0.08555046387262337,-0.6253358332100214,8.934126419970756,79.81861488801948,-0.1739319899632068,-1.5286633066099848,13.636210549548268,-13.842408545735983,10.954115934427772,17.973970424038228,8.141029797640016,-13.325955741365954,-10.696476901152625,2.0063021601478686,7.277493522885601,11.402853241879939,0.02172220364501874,0.3349236324555485,0.11217383957721937,13.05369499857226,193.75980751538205,5.0112243300549135,-1.083453818165966,0.06902860043638233,0.09194333231787319,0.08487418385644072,-0.11900641355127471,-0.04476819534810328,0.0035880548055606254,0.04717513696976991,0.1350593813118014,-0.015320531521251327,0.1313217724794425,0.01724540792714246,-7.389307014324726,69.61890427455586,0.19139460935689512,-1.303522206977952,0.062350457008059995,0.08315546921266605,0.060226541469332436,-0.11812793971161731,-0.04451905378731961,-0.005923574107207244,0.03863641542534644,0.08966783355237705,0.011312919565386052,0.18141572860031635,0.03291166658358364,12.929015941913981,189.1186574799639,2.699259313792966,-0.3449138303036254,0.05866452953093899,0.07816932546311695,0.057433221902646776,-0.09064159623390286,-0.03813362769414569,0.0015944001681365196,0.04003569776897125,0.10384796325446702,0.11729399796541198,2.660514563703251,7.078337743677098,-2.0527771300895865,3.681077948495461,3.7,-11.2,0.8895613311033613,1.4000000000000001,1.9254323499491353,-6.7,0.2,1.1,1.6,2.2,0.17665345675776012,2.9450412750528225,8.673268111764754,-1.420538346299167,1.3455148439715376,3.9089805230427186,-11.526307328553203,1.3861562043644178,3.542097366809745,2.4106619307879384,-6.469832012127751,-1.4267380065411763,1.4685827694830393,2.1153593602685685,2.9890318112177603,0.06039946101729084,2.32310303424113,5.3968077077003445,0.3962625710243444,3.587460490031992,9.538824983856536,-7.597742559164031,0.5187872032375586,0.6944004414251382,1.2761179008362369,-4.345085118996825,-0.3017444221366554,0.018503898385021644,0.3926560192884828,4.805241844996176,0.27977438059633014,3.7865904092113554,14.33826692713142,-1.086316489959785,-0.031081446660853995,5.40884740993802,-11.481891521096033,1.5699186455412806,5.109094062573552,3.304708155999982,-7.312037838954537,-2.2923445069441195,2.162083603181335,2.8167495556294324,4.000590763618212,0.005387377535134122,1.6831179321015253,2.8328859733617144,0.21263561686892116,2.4299610090438586,5.929353515311494,-5.5116656824273615,0.8857782114689181,1.174221178891388,1.0907486618791609,-2.8547411390993442,-0.6110048814825464,-0.011371667863612961,0.5632162974088418,3.309548088160854,0.08384010954494477,1.1305282552272031,1.2780941358670639,-0.027887803435987412,6.70660487435914,5.66824307778786,-4.9763473414681725,0.20867336202069103,0.27999618552532496,0.5871641549130888,-1.5989524286988768,-0.09977301150156286,0.03797448593760622,0.1802231740237621,1.9293008960987117,-0.04174307891716258,3.0599904098908457,9.363541308623946,-0.17601709757194228,2.9472809494411463,9.612509788522317,-10.772505481384512,0.6112608462230104,0.8786250107560538,1.700319227032399,-6.05857632315615,-0.5023716417009105,0.004216487566866099,0.37625336905514334,5.949216763169153,3.1790437436419126,3.235416973433676,10.46792299198273,-1.6780227074661185,2.056507477536803,6.4,-7.6,1.1860817748044812,3.3000000000000003,4.163173957273652,-5.1,1.9,4.7,5.2,5.9,4.500964952561088,4.539955661044939,20.611197404253986,-1.635212756813059,1.8821281264941456,9.600583449069381,-10.444458784308237,1.6461826145470568,4.686067001582658,5.872903079333454,-6.975820034683175,2.673195139634699,6.578718654248633,7.359262141217357,8.299478275828012,-0.03701040197067433,0.4281669355062813,0.18332692466084005,-8.717438998483006,86.81632617946083,0.6422313775221076,-4.764345942905796,0.09929390329353005,0.13947875886429867,0.14097049350185792,-0.2591948833635027,-0.07480145300050196,0.0037379580904906146,0.06467730586379672,0.2357479387199624,6.378945265200371,6.316314185103565,39.89582488494051,-1.7091765514664203,2.259563038682229,13.209524284567294,-15.134636252990335,2.317340078932348,6.272545758219011,8.239959291334833,-9.588126660090175,4.047801346197153,9.268121830372674,10.320347104416165,11.649790666757237,0.0854459863113462,0.8795206276992069,0.7735565345484069,6.329875638334148,44.11178232623192,6.986627544572171,-1.2979390784960074,0.15467180264933192,0.21034748011457433,0.2847319545859598,-0.47472986364353187,-0.10700020294744153,-0.005902639871490201,0.1033472771671328,0.4020753067820062,-0.05187940148531215,0.33908391137338023,0.1149778989522704,-4.283446685111333,19.570009664520697,0.4207078585658131,-1.9582303451901475,0.08408921095166548,0.11442350349514288,0.13748905449746252,-0.2574701139580118,-0.0619080228427197,-0.0004992019845997371,0.05251548065242318,0.22231295935533502,0.05152134716132355,0.4939232901697992,0.24396021657215966,6.190896122995426,42.726110805738195,3.944363756723396,-0.5138043623661337,0.1513060601017283,0.20272398394575264,0.19168349103393142,-0.2904182810359749,-0.10757504963543436,-0.006017013686543348,0.09514893431031829,0.32748874544508993,-0.001397652815615364,0.1838095759076179,0.033785960195338346,-0.0016979645217631246,5.271093837059027,1.01124,-0.979461,0.02202702116033773,0.029716,0.09215022884172079,-0.3348875,-0.016144,-0.001167,0.013572,0.33652,-0.0019766749339452986,0.2331968997609199,0.05438079405810452,-0.10564466388955143,4.3751009599801485,1.0433738836404616,-1.078972292697232,0.030060376104385677,0.04057931718389609,0.12005649647910152,-0.43172452005808437,-0.02212513215229255,-0.0016131655840507463,0.01845418503160354,0.4410098100589545,1.700368011574851e-05,0.114826249392253,0.013185067549491883,-0.02978021236819717,7.887076182844128,0.7422846017025502,-0.829494198518831,0.007888673306626357,0.010630354173959702,0.05347009502160126,-0.19302533152880708,-0.005374818913661638,-2.6644482475284088e-05,0.005255535260298065,0.19382625101984316,-0.0027957881126047905,0.3188310676278579,0.1016532496847197,-0.2032639455776354,4.252850330996227,1.3174546535398814,-1.388091961316964,0.041691689776023,0.056221007166590495,0.163856740090235,-0.6103155064753781,-0.02942767160447447,-0.0012167043376816048,0.026793335562116022,0.5932370302312655,0.0005552978161541907,0.08419344694495473,0.0070885365084729065,0.003169664801995049,11.270460242404583,0.6642054918214073,-0.6814407369624382,0.00638638949062856,0.008611671951353025,0.03760544196955183,-0.12707654575495297,-0.0043690378767233026,-1.2779619817652966e-05,0.004242634074629723,0.13477319672166005,2.4039979023256624e-05,0.08076064921070344,0.006522282460934296,-0.034864522410878895,7.66370311816962,0.5487846336120735,-0.5853177848486998,0.008051740996488263,0.010868898439871516,0.03853427327126883,-0.13449294099287065,-0.005528655970559024,-0.00012198367787171769,0.005340242469312492,0.136858420671515,0.0004155700474511396,0.14086499732738084,0.019842947472043012,0.025625336487582494,8.787605750508158,0.9516426144391067,-0.9897566483439724,0.007678370253097099,0.010351104105371024,0.0640392350130781,-0.22989144775223114,-0.005148290053224902,1.4469840580852651e-05,0.005202814052146123,0.23571111298142922,0.007463339011466035,0.3852112223318699,0.1483876858104133,0.2528464691983381,4.436621402268678,1.98119,-1.892939,0.03135703692139348,0.042300000000000004,0.19307783052420444,-0.700964,-0.014608,0.006963,0.027692,0.76767475,0.01055365105700079,0.509288739537338,0.25937502021953046,0.36798221877159204,4.33616615172276,2.781332693114886,-2.3219803747419396,0.04317629337754553,0.05845014312180111,0.2561978717638998,-0.93893349911459,-0.020104270912519238,0.009855512881214397,0.038345872209281866,1.0332039001626212,4.922610159392658e-05,0.19332283838848457,0.03737371984258013,0.22512538208280292,10.434077030034645,1.6135015970268731,-1.4822093198063524,0.008429762361957908,0.011357536649627303,0.08493215478670886,-0.2972934710251738,-0.005825760654905359,-7.997162314652448e-05,0.005531775994721944,0.30941201880868696,0.01492164848668877,0.6752378998885323,0.45594622144587554,0.27856075771556604,3.9593734514157504,3.2274794969713585,-2.8928666086357158,0.05624464567995699,0.07608096362643114,0.3406777268567815,-1.2385824105220333,-0.02510926663753485,0.01372900408568466,0.050971696988896295,1.4143809357846648,0.0002024651670488193,0.2504210594625482,0.06271070702234512,0.2745574658595611,7.055630986658517,1.5740675374089454,-1.325838114234591,0.022620831804805154,0.030540431192385052,0.11907788774634963,-0.42234189088182345,-0.015757914929700086,-0.00014556770351007505,0.014782516262684968,0.43147758135177056,6.927537744789773e-05,0.18486079521871163,0.03417351360889443,0.0024407254018854203,8.807617869977744,1.3609775750559836,-1.4931259915709483,0.007286940706392632,0.00983153434250685,0.08456336553756731,-0.31455301472165376,-0.0049504609871447725,2.1596247348708242e-05,0.004881073355362078,0.30838824488201466,0.000920477371730024,0.2013943059870547,0.040559666484007426,-0.009546134886195986,12.438663784785694,1.8127258440269252,-1.877015371524761,0.009191425011378568,0.012469499218658312,0.08675114036759184,-0.2986469726286457,-0.005972262178843491,0.00010702619427384942,0.00649723703981482,0.2955599834053347,0.006382795108223814,0.11323879504787845,0.012823024703895422,0.120937170869319,6.42266884308523,0.780872,-0.784182,0.011656218641891041,0.015725,0.05708019168936922,-0.195162,-0.00108,0.006843,0.014645,0.20429675,0.009026707774099483,0.11598250863380781,0.013451942308991304,0.08132758874334577,6.742601014139936,0.7337481574400148,-0.6466251872289351,0.014405572860344001,0.01943630492218257,0.05927463343489394,-0.1921549521029441,3.918393740573773e-05,0.009728301644135216,0.01947548885958831,0.20710384958840738,-0.0001636209910576407,0.11041641854754886,0.012191785484867492,-0.06925316111287817,6.398255561121291,0.6993406486394732,-0.8099572694752374,0.007677747902129557,0.010341448270036628,0.05306496250758245,-0.19450133138102232,-0.005223324111612202,-4.8062973751072805e-06,0.005118124158424427,0.19464466578832518,0.01276597197057057,0.15272088814637308,0.023323669676216994,0.05881741610965198,6.398132978836285,0.9575771650846838,-0.8290777865682071,0.019031050414420093,0.025656565654216264,0.07891525270455597,-0.2603143026758816,0.0010174445511574213,0.01377646940327482,0.026674010205373685,0.2716433650571407,-0.000335716425194134,0.05979379761868669,0.003575298233664462,-0.06739384601385663,7.994875782725444,0.39532457590489756,-0.3720461976924374,0.006824104809738596,0.009226498984081809,0.028447551309389706,-0.09803291512466224,-0.004619502554422918,6.350364627059617e-05,0.0046069964296588896,0.09747540999546621,-0.00023126621791139449,0.13439313959015156,0.018061515968897962,-0.062387913564787345,6.321435771546108,0.8383434146905803,-0.9484831510599279,0.008449263899805954,0.01140068891223077,0.06423342775273833,-0.2347521102956619,-0.0057688174593637336,-0.00011821504692104106,0.005631871452867035,0.24005278386593965,-9.235403270237545e-05,0.07948377865097059,0.006317671068636488,0.014902474204854391,7.2572277405732954,0.5198751725023341,-0.5258755532297684,0.006669988814072622,0.008993477591733174,0.037220356291837474,-0.13764096662840983,-0.004480499126124507,3.6031323704396547e-06,0.004512978465608667,0.13958276601879094,0.00012401639074334636,0.7509525937117866,0.5639297980024596,-0.0015370710257403021,0.7198115254595145,2.166223,-2.170411,0.6895553266225185,0.9300174999999999,0.5667211751788761,-1.4372992500000001,-0.46457225,-4.4500000000000004e-05,0.46544525,1.4379279999999999,0.00023245961569646562,1.0618492464449447,1.1275238221756971,-0.0016850629612005642,0.722242637058673,3.014800595536961,-3.0673056628159987,0.9720570504126125,1.311393978056882,0.8008950929242119,-2.0336055461749467,-0.6544690617862072,-0.00011382085770449135,0.6569249162706746,2.0327088495561982,2.187856993108651e-05,0.016481150266658483,0.000271628314112177,0.442448485761031,9.441119276648951,0.3781461422855472,-0.07204776275898125,0.016299861566941583,0.021954086741337323,0.013067138909600623,-0.024410493903441716,-0.010917231289681943,-5.470387446005094e-05,0.011036855451655378,0.024625386078154177,0.0004898831956140076,1.500628870112753,2.251887005815878,-0.0019115995100306038,0.7323174039860487,4.255305021795936,-4.264024492968052,1.3410626192733222,1.8089220813084816,1.130034259169055,-2.8550614906532576,-0.9023769239197199,-0.0006086727915672104,0.9065451573887618,2.858984300022374,-8.47109093864151e-06,0.053879280362324034,0.002902976852361916,-0.04623089355318461,0.7208581145288324,0.18641763557963156,-0.5618175121144274,0.04451523304088318,0.06018109690852909,0.040831766764066656,-0.09949773469761797,-0.030659469547255132,-0.00018270201769440223,0.02952162736127396,0.10001555618292826,3.0420182497961723e-05,0.006731223778679841,4.530937355866492e-05,1.824247204007904,39.507493936909746,0.15567278875860224,-0.03523649622149219,0.005942860077432445,0.008024605735432708,0.004997530626763235,-0.010757440312413078,-0.003998435507590145,-2.2674082522791206e-06,0.004026170227842563,0.010582339748533464,3.394921471879476e-05,0.022317962956993623,0.0004980914705497396,-0.1607936721013088,2.59922479253225,0.15259311084409766,-0.323004761660202,0.022345189410550848,0.030137460827656032,0.017877943858655296,-0.03772522444007099,-0.015050971729062593,0.00014310695735845276,0.01508648909859344,0.0378107575069211
-5.528048780487804,7.990261212346121,63.84427424152291,0.9797932119793494,0.14771333386167962,15.2,-21.6,6.2269293177235285,6.6000000000000005,8.972764227642276,-15.469999999999999,-10.3,-9.0,-3.7,10.3,-7.77562904367237,11.353850201366587,128.9099143950721,0.9970120998562361,0.14791167117720283,21.36573289717351,-29.311999882218227,8.895732491699869,9.30343956566443,12.720655480285652,-21.857727165828738,-14.505783746420065,-12.835229634138086,-5.202344180755634,14.521707074082782,-0.041488710829125114,0.5978879364173877,0.3574699845134422,-7.702927031343848,92.53408473655136,1.666351738941618,-8.435286370143281,0.2698286534045533,0.3646763773019181,0.27407173447061073,-0.5308513646714689,-0.18567015341769655,-0.00470994087576615,0.17900622388422155,0.4853417298733378,-10.903580273231148,16.200115200452252,262.4437325079241,1.0082727868035304,0.1512223818119418,29.932132055149232,-42.488549386694594,12.51613261959978,13.30350845610204,18.066024852198883,-30.191047613907706,-20.6596805139991,-18.102508664726937,-7.356172057897058,20.69536713863286,0.1392913109124442,1.1583999760032742,1.341890504404386,7.541589409774829,67.70671792257887,12.762573193441732,-2.1577867360785,0.2426297787464783,0.3389348707110457,0.37154013239500006,-0.45848465127934224,-0.15228283433954176,0.034845343339443446,0.18665203637150396,0.48951267435656004,-0.05770358721514323,0.5110711270443433,0.26119369689837535,-2.496920388028443,12.864148636226906,1.140182844096043,-3.4568728832553517,0.27573067823348524,0.3759029338679929,0.30201927262557127,-0.7176853949440636,-0.2012082133963752,-0.026584041161057087,0.17469472047161766,0.539515608085963,0.06570550496936274,0.6633021738366784,0.43996977381646313,6.400523566354933,56.669208268091815,7.0556157525085865,-1.2569775216224899,0.2567813593113843,0.327197329374994,0.28691262619688046,-0.5119753446737287,-0.15770322292094308,0.02353387575641268,0.16949410645405094,0.4904916796173777,-149.00111788617886,12.801177726652922,163.87015118935486,-0.42525803277325697,-0.46987617699059214,-111.9,-183.5,15.122542628757124,20.200000000000017,149.00111788617886,-172.07,-157.8,-147.9,-137.6,-132.4,-210.6542618171165,17.37491462221121,301.88765812912897,-0.24142349060850507,-0.8506217246100931,-160.1398397304478,-249.43024669609596,22.483951624476514,30.294692693768184,210.6542618171165,-238.69023482440903,-224.37141165756117,-209.22553719435822,-194.07671896379298,-187.85581809670305,-0.00969199324901364,5.001067037342053,25.010671511989223,-0.07882724992517008,2.5977574981292113,19.362423779329703,-23.345290380784036,3.0948352962569317,4.015525871372444,3.405233527996733,-8.652624882166018,-1.9702322565358097,-0.1647122622351791,2.045293614836634,9.165620550943666,-297.680728127831,24.23006599785843,587.0960982605751,-0.26767949820613707,-0.8535566180042342,-226.9754778404145,-349.42322513820216,31.67673508678133,43.04466909226039,297.680728127831,-336.84553508782955,-316.97674952820125,-294.84326001058565,-273.93208043594086,-266.1368641649204,-0.13167344554084862,3.7220615055883175,13.853741851382372,-0.19408142760851335,0.10505964233416876,9.391350555402326,-12.156140729647447,3.565964438737948,4.7439550213698345,2.957647651193326,-6.128618533803155,-2.5884306613701806,-0.04505461555676149,2.155524359999654,5.789649360183694,-0.019303250999023906,5.427958426682716,29.462732681795902,-0.38272138746286166,6.177336294894101,20.70627486170425,-26.10955417474201,2.2858578871206436,3.1796590188942577,3.1299196698735097,-9.430516739147333,-1.5112240659661647,-0.0015206963333816437,1.6684349529280929,7.462433144582817,-0.7868534350395167,4.387711090745113,19.252008615847668,-0.24392936291210138,1.9182135700054994,12.875332277822027,-15.68951452692713,3.068466110607333,4.121056797911446,3.162045332240354,-7.946863529886979,-2.7503123593417387,-0.6035373350036732,1.3707444385697072,6.399755181114367,-1.566768292682927,6.695726045743289,44.832747279645055,-0.5723380280116424,-0.7296123332590021,10.2,-21.1,6.968230426976328,11.2,5.458841463414634,-13.7,-7.5,0.4,3.7,6.9,-2.2395266057018417,9.248078206709172,85.52695051740915,-0.45310759177368987,-1.0864497078128383,12.098043634799964,-24.64384607400756,10.348009915384479,16.54510660776876,7.6686556850301,-17.47546107202108,-11.45256547020438,0.43644867773741103,5.0925411375643765,9.55214821898636,0.005783067169282351,1.9815574651057093,3.926569987516164,-0.3094188042605747,3.3496484455629307,7.1668542228686265,-9.173888826163367,1.2241061708862544,1.646225065466675,1.330216709860332,-3.8908056097246515,-0.7596627307568001,0.061390421827138164,0.8865623347098748,3.2417830434285877,-3.2272614691512906,12.895245920575327,166.28736735211461,-0.435544445452873,-1.1619182667962087,15.767717187906646,-30.19190921121756,15.05947262761147,23.833520450409736,10.706550760586946,-24.29045106100117,-15.755013032486891,0.6730804780059526,8.078507417922843,13.201131047290161,0.062468782137028216,1.9363746272193436,3.749546696938852,-0.3732140821994406,2.5191893561690826,6.501193459295817,-9.264455609099572,1.5047180085479492,2.008940283275835,1.411675330499249,-3.0303087592342655,-0.8580264125603292,0.06566656769989132,1.150913870715506,3.0011800328696836,0.006424271151701275,2.254344337211618,5.082068390718088,-0.2064308897621136,5.06590521391608,9.253925680190498,-10.063976013022689,1.1879112905265539,1.6080730796503744,1.3861534512803257,-3.81815170365342,-0.7711849468160156,0.00830243248132817,0.8368881328343587,3.483491690212095,-0.06009929606986834,1.6310347229722213,2.6602742675410704,0.022749857286774783,3.7689129714214937,7.274925112491888,-7.845798799993945,1.2464661389094382,1.6717133115464762,1.1678917511618967,-2.178812297552649,-0.9828224062922498,-0.09959293172792337,0.6888909052542265,2.575001417466174,-0.4314024390243903,4.366283379888436,19.064430553489988,-0.16802417542566886,-1.4879473181718958,7.0,-7.1,5.2632378756948865,8.7,3.9381097560975613,-6.7,-5.3,0.95,3.4,5.6,-0.6118962870789404,6.194188520172378,38.36797142343527,-0.1579928532048721,-1.490890570440228,9.885389656934127,-9.864296958198036,7.650650504081435,12.495982203718299,5.591746514081597,-9.482566619634254,-7.602945200779397,1.3734458631381354,4.893037002938902,7.871362201837608,-0.0017136830565972299,0.14021700681000263,0.019660808998756323,-15.607388760231549,305.5412035866206,0.3895342738454308,-2.7727718423186554,0.05757340759080405,0.07775921415951434,0.05335592656681423,-0.09229282704681269,-0.03476308094071379,0.004482706786254426,0.04299613321880055,0.09582430904768913,-0.8930057679305639,8.818775266707167,77.77079720468606,-0.1387054164090568,-1.4914613945688577,13.879479677536338,-13.88638038022054,11.000464111563119,17.604690491506425,7.9620983143853605,-13.410835458101722,-10.703663893347544,1.84901695939157,6.9010265981588805,11.397768748819228,0.01796152915811213,0.2938813569435414,0.08636625195897718,12.774970046482027,186.5960501088517,4.356745663605232,-0.7817740706084384,0.07004913740629384,0.09419324351557344,0.08371893731055279,-0.11470040815880284,-0.04738177154445797,-0.0020989271695858736,0.04681147197111547,0.13338386644957062,-0.0019236868537345236,0.11738494564181293,0.013779225463331374,-6.883799650794546,63.40047242629292,0.2053411789674812,-1.1654586051838702,0.06388931812252677,0.08558399542445534,0.0575317264021822,-0.09806911480329436,-0.035055535461447684,0.00483786891710814,0.05052845996300766,0.10100607241336135,0.01276447895735108,0.15789822324052571,0.024931848902514892,12.107426612416456,173.57856402278713,2.303151601193258,-0.3593026505135355,0.05979491031287817,0.08052611779618822,0.05590891442675098,-0.08300261028589873,-0.03652987318094167,0.0011686549499519043,0.04399624461524655,0.11031839474364984,-0.0308943089430894,2.878290060392842,8.28455367175623,-2.0604554453938544,3.6208738828574036,3.3,-11.7,1.0378215529539212,1.5,2.018089430894309,-7.354999999999999,0.1,1.0,1.6,2.2,-0.03425322951619207,3.128759503891163,9.789136033189278,-1.173901340971989,0.2930073825686246,4.097896110207659,-11.734312150433727,1.4569824808392473,4.333316627523424,2.601421111811197,-6.557429470311431,-2.1775807147982063,1.394591496402737,2.155735912725218,3.0010781431871556,-0.0012983024503469952,2.5875371648656675,6.695348579561056,0.04622261439704914,3.36093483212629,9.426890474779722,-9.651840451121792,0.5117434299963386,0.6842195828715412,1.4151781172948303,-4.651007334436128,-0.3565410191647077,-0.0072708489790639305,0.3276785637068334,4.736090664977956,-0.016479808153157506,4.2435593959996165,18.007796347376633,-1.1312504335118538,0.033537773985218955,5.546611377824572,-12.555841989155809,1.5479458610029024,6.035073689369002,3.5938094717002143,-9.064621755230254,-3.179116652795037,2.159879659402866,2.8559570365739644,3.9911571013928633,0.08337451403059008,1.1696264602426472,1.3680260564997448,0.23194241305941732,2.2872275417264367,4.287736294960164,-3.76941654752694,0.7206352637072803,0.944492959545321,0.7833916041136235,-1.7968330787112128,-0.4152700136363513,-0.002693503001045955,0.5292229459089697,2.314706263732985,-0.002234727980240318,3.143863830993565,9.883879787829535,0.18521180484360106,5.996475691326793,12.362888871556128,-12.19862167272937,0.2217292403377941,0.31813507989426,1.4126087205938036,-5.826078641844496,-0.11501194632910262,0.005753729946021048,0.20312313356515738,4.991614343017568,0.024631943256816433,1.821981169935775,3.3196153836005355,-0.024455570564252606,4.995232573528448,7.536847793118499,-7.890585794400943,0.5232493774588469,0.7058930680631854,1.0165495346747355,-2.973473805329894,-0.3448561761205677,0.007171178066362733,0.3610368919426177,3.21421821889846,3.151117886178862,3.2460324078183374,10.536726392606914,-1.6598411677138254,2.038714452765417,6.2,-7.8,1.1860817748044818,3.4250000000000003,4.145833333333333,-4.984999999999999,1.775,4.7,5.2,5.9,4.457627735884215,4.557253289503866,20.76855754469381,-1.6152150241351764,1.8778678637312831,9.905231986434744,-10.470701807150775,1.9127507668357573,4.913552579704537,5.8453037934262,-6.82066485482329,2.487640406972301,6.529061917254532,7.401192986676838,8.32828961266333,-0.03811118574278759,0.423648381071658,0.17947795078463674,-8.898612258970829,89.72908460714144,0.6628058438096905,-4.858706494729804,0.09932957017631529,0.13466821377625635,0.1353749970155611,-0.2405793729658912,-0.0683022095157764,3.3941946475657403e-13,0.06636600426047995,0.21490128032204414,6.312438020629531,6.339742751345537,40.19233815323828,-1.6933845975265336,2.248163819632957,13.16714182516334,-15.80044416628317,2.609826277319581,6.280864726309076,8.206678725966357,-9.508069748258443,4.108044605672788,9.186575272748621,10.388909331981864,11.711186213217276,0.0828089507586752,0.8862862422543315,0.7855033032093035,6.285707931728912,44.05519826622098,7.276823972407186,-1.395044703485094,0.17031321557209478,0.2328554821160149,0.2891013537930434,-0.3981902347355363,-0.12307088373824367,0.0018069894484469828,0.10978459837777123,0.4061832840238093,-0.05294111663408853,0.33679643473284515,0.11343183844875562,-4.208345778986567,19.26085827720696,0.4251123284059438,-2.031376915861518,0.11721739138502511,0.1542813707240551,0.14756255262967238,-0.25390307337065887,-0.08174412990641389,-0.002109977391264752,0.07253724081764121,0.20505275148372468,0.04692314197682269,0.48832710606816593,0.2384633625209098,6.43357436253908,45.32623506724254,4.040051577588238,-0.5394675742153615,0.13410538910726946,0.17473674780271553,0.1740952406361288,-0.2839919091807664,-0.08768512935623468,-0.009351517606648443,0.08705161844648085,0.24178159304305563,-0.0017547402160045097,0.2061442213122201,0.04249543998042158,-0.22328307000477451,4.953288209179823,1.07186,-1.079603,0.021235311575655738,0.028645999999999998,0.10258990996350473,-0.394125,-0.015431,-0.001167,0.013215,0.37376824999999997,-0.002483634499227216,0.261497433799828,0.06838090788389542,-0.43514619114957676,4.487264793101428,1.1729960375595219,-1.3033667550856787,0.028602014562344156,0.03859066370619693,0.13213776841195732,-0.5043841208406853,-0.020884494073597885,-0.0016080829575885784,0.01770616963259905,0.48608482691533417,0.00023049944494085237,0.12885032006171296,0.016602404980005866,-0.03127873155808381,7.794034321404791,0.8617203837677749,-0.8089902084624933,0.008656318285849554,0.01167742146464697,0.05960972931590455,-0.21633667278291882,-0.005820131943763824,1.7315944572074887e-05,0.0058572895208831455,0.22105903498779705,-0.0035183200992510858,0.3548303995908786,0.12590461247382256,-0.5596591386242044,4.596599537544594,1.4337817462140297,-1.849578737284142,0.039698078214116396,0.05355164625870178,0.17896793955869217,-0.7030395365898429,-0.028377050152951173,-0.001851218352556552,0.025174596105750603,0.668640966353114,-8.500178272353553e-05,0.10408196713115071,0.010833055881889937,0.09188438581367929,7.975300932659275,0.7641602770363183,-0.7768799451999234,0.0063992389548053535,0.00863569625094289,0.04726262946218002,-0.170624628760137,-0.004415407416199276,-4.508196741692498e-05,0.004220288834743614,0.1740164664618558,0.00032578189951418295,0.07913506807296457,0.006262358998912736,-0.11746319799760319,7.585630204880738,0.5591645198829889,-0.6463358611621242,0.0092819092274919,0.012514146823310202,0.03880952361973041,-0.13951379828451047,-0.0060726830001091555,1.6502189894094717e-05,0.006441463823201045,0.13945031118736054,-0.0015602747990233466,0.1641161642151358,0.026934115356689426,-0.1123786577932905,8.09681083489414,1.0673436358338826,-1.2078864038575459,0.007968795175346379,0.010772173763413096,0.07379721425403722,-0.2783873703618888,-0.005476615274821161,-4.604439521950273e-05,0.005295558488591936,0.26584603819138525,0.006065156514256891,0.39157858061113543,0.1533337847934315,0.2859637693090546,5.428858823785012,2.710928,-2.120543,0.02877360255564747,0.038875,0.19072359009583717,-0.710608,-0.014548,0.005581,0.024327,0.747621,0.008578711952175093,0.5166988690576899,0.26697772128549574,0.29658707617697555,5.581314131045859,3.4443782874582682,-2.7690054188854303,0.03949734404084834,0.053504836721019716,0.2525220899871021,-0.9404501987872119,-0.01969872263517764,0.007827716345420125,0.033806114085842075,0.9840568890771422,-0.0005463604479165142,0.19915392547343735,0.039662286031479435,0.01864399437859903,9.625051795662817,1.594556946517632,-1.4328022190204284,0.008831020498410372,0.011913788608814447,0.08884737470492537,-0.31784174269865845,-0.005944081337531723,1.4447633758747554e-05,0.005969707271282723,0.31171521636102617,0.012135395444878206,0.651498180875859,0.42444987968455344,0.33454859841446605,4.461382334966705,3.662266017453968,-2.625600130674037,0.05154516487926282,0.06948308688299859,0.3247960758267236,-1.1992804616179313,-0.025059558955444303,0.011091934936906127,0.044423527927554295,1.2960850442780092,0.0014414634432984976,0.3307698193379258,0.10940867338484409,-0.04383620851133349,11.580587740388125,2.331251529648887,-2.67285062634108,0.0209657019730271,0.028293573390868344,0.14722407410864896,-0.514406334329906,-0.014481868761381285,-5.250222797089591e-05,0.013811704629487059,0.5389810930061304,-0.0007725927454962672,0.18239425683660462,0.03326766492697729,-0.12085300595119879,9.115195615199646,1.3998428371010205,-1.4774899562088586,0.008309696428241673,0.011224493397440246,0.08329724260721244,-0.3053972469663173,-0.0057001350151016025,-6.440935785371302e-05,0.0055243583823386426,0.30721292319871935,-0.0019640723935334813,0.2145668613167346,0.04603893797531482,0.10702348303185419,10.92697363800124,1.8697033693922867,-1.624035008419502,0.00919214935996669,0.012398523719057843,0.09275224629911054,-0.3321436133895779,-0.006350029692447146,-9.96149340629466e-05,0.006048494026610698,0.3226440770352344,0.006954271771058956,0.11746474858968389,0.013797967161237643,0.10921723050185708,7.0639689377960995,0.776034,-0.857665,0.012015008378769398,0.016209,0.0589840818473133,-0.19688575,-0.000717,0.007327,0.015492,0.206852,0.009836294848759355,0.12721291722176611,0.016183126308071914,0.1421906326432415,6.093965080447001,0.7782274365072511,-0.729951727422789,0.014337795380028929,0.01936005096527327,0.06597627462084218,-0.2183547735235248,0.000978815492658536,0.010440298850867757,0.020338866457931808,0.22930882072412906,-0.00026230379070753425,0.1068190564802113,0.011410310827322571,0.019573107680264382,6.541814224693104,0.7715407307580707,-0.6526370314883647,0.008641440455352553,0.011663551521908035,0.05148223722954162,-0.19165025231952748,-0.005887494597822418,-1.3256889953621603e-05,0.005776056924085617,0.18652546009218807,0.013914734010058518,0.16237972739199505,0.026367175867898628,0.09505044321112453,6.083487315907265,0.9072843560183581,-0.8617596443495109,0.019081441937415,0.025693591746132935,0.08545133150659522,-0.27142542425363636,0.002164100318301566,0.014560587883122613,0.0278576920644345,0.3000844062452971,0.0002906906338769995,0.07741664533348638,0.0059933369746908195,0.1122799640240703,11.859948369222163,0.6978198797646299,-0.5211215689572821,0.006588013737107447,0.008903214102850499,0.03475747118671974,-0.12113194507234072,-0.004294072101084095,8.442793279002131e-05,0.004609142001766403,0.11992157458557784,-0.0003709050302197682,0.123471064149713,0.015245103682262543,0.009831675748277759,6.302674383958845,0.8731366576127685,-0.7635089376717972,0.009921510570976674,0.013383745341830322,0.060035848384122646,-0.21987687757495228,-0.006800328977220785,-7.360979662095969e-05,0.006583416364609537,0.2218133149723599,0.0006102835616525334,0.08701200674427863,0.0075710893176663885,0.12233374258908225,7.529085098325266,0.5703582209150853,-0.5554810467807447,0.006983929428840866,0.009429616566050833,0.040464567329878263,-0.14304572578602556,-0.004817624462922618,-1.1793574516792525e-05,0.004611992103128215,0.15153059357694773,0.00025332888763611596,1.0333410848450457,1.0677937976287362,-0.00142117306838834,2.087888917944092,3.630142,-3.631549,0.7130693978080173,0.96115325,0.704174903910631,-1.97413625,-0.47870025,-0.0005055,0.482453,1.9740600000000001,0.0003922015253339041,1.4612149195149406,2.1351490410130545,-0.001498961817925475,2.091978820512902,5.1228955537837635,-5.126363215140853,1.0054126861228665,1.356196909831275,0.9952478603212459,-2.789279403525825,-0.6763163652438905,0.0011337438985237376,0.6798805445873843,2.7961885342843154,7.255987653874427e-07,0.016475993665237436,0.00027145836725694407,-0.30822270721462197,18.98287262123782,0.3145205486748748,-0.4344111227756498,0.01546032956048975,0.020852774452370396,0.012784549541973224,-0.024205421214348127,-0.010358068932262359,-3.981101134052471e-05,0.010494705520108038,0.02436618232922417,0.0006479672295524498,2.0655486317649863,4.266491150186206,-0.0016755552217090118,2.1057126002451465,7.161864623764432,-7.192416718546926,1.3739108334849361,1.8537580536498972,1.4048484379684303,-3.9404453839670683,-0.9221922424325899,0.0034540713878143878,0.9315658112173073,3.934436710730774,-3.445086901807137e-05,0.0559918366189174,0.0031350857679595394,-0.02708418202799417,0.593773519000913,0.2731658422580389,-0.4790113287334548,0.046432399446011026,0.06257491778959404,0.042166961802376036,-0.1018825854949845,-0.031787657778195866,-0.00017695159247665092,0.030787260011398178,0.10260670848768971,1.4913671425844547e-06,0.007039745103019856,4.955801111549204e-05,1.4855666176821387,101.26253861004601,0.23576044930354614,-0.17351202623390344,0.005831617536729152,0.007871421377521774,0.0050431290512196235,-0.01077701135111522,-0.0039762269857118735,1.2213659558604848e-08,0.0038951943918099003,0.010789838724222525,5.405522679962701e-05,0.022211684941781648,0.0004933589479529695,0.40375350694530676,6.7589265868056145,0.4053407319985444,-0.061736789132588364,0.020861254171465622,0.028191134301503207,0.017441276318993153,-0.037838163076479046,-0.014208221896440483,6.781559775765261e-05,0.013982912405062725,0.037933472767937106
-5.831027466937945,7.878873438214388,62.076646655400204,1.049996895872852,0.28139688691508535,14.6,-22.0,5.782148652171846,6.1000000000000005,9.169786368260427,-15.290000000000001,-10.4,-9.3,-4.3,9.9,-8.202451155156377,11.184937498036673,125.10282683498687,1.0695635533019283,0.29072180601736,20.597666456127214,-31.767345257115227,8.280651740372127,8.441796067350968,12.991081121202443,-21.349381798988723,-14.558770748003587,-13.321109446663433,-6.1169746806526195,14.089212493160238,-0.021812565758436053,0.6361753012480987,0.4047190139181092,-4.453832542714434,78.30322861785537,5.544202867888888,-8.3751371919674,0.28764885696124576,0.38573943116370457,0.2952828320688205,-0.5255589743060467,-0.197583728843646,-0.006872321256691127,0.18815570232005857,0.5262814297927528,-11.478465033010945,15.942280269989125,254.15630020688454,1.080547648812232,0.28550647797701156,28.922585599628718,-43.507197371186315,11.159241452318835,11.879390115819916,18.41062109512793,-30.303828808479153,-20.49624439988238,-18.82770065938321,-8.616854284062462,19.868899050388805,0.11356993196848521,1.1580695105199408,1.3411249911958951,7.302685158168923,68.5861556998021,12.974123662881953,-2.920397005426791,0.2761610509210902,0.37125588455050834,0.3760101438141361,-0.48629421153392133,-0.18295331187813435,0.007246754197166916,0.188302572672374,0.49086080138027427,-0.02904822434224627,0.5442596887615624,0.2962186088108328,-2.039222308556117,15.310615427679174,2.6557438564814166,-3.6675658854389668,0.29338554355362584,0.40536461097731047,0.3123862203961639,-0.5190884730014019,-0.20308614266613437,-0.006281255775005587,0.20227846831117607,0.5523544390629799,0.02448354260939664,0.7088948216763842,0.5025318681995925,3.263245381159806,45.2603747723173,6.849730885168034,-4.820776329686466,0.28038298099418185,0.3764305879328317,0.3280051457747697,-0.5644486156576012,-0.20509222783977768,-0.0024119650134512846,0.17133836009305398,0.5408692781874096,-148.80132248219738,12.362869303558126,152.84053741685977,-0.3111520917269201,-0.679046337142799,-111.6,-180.0,15.419063072458268,20.900000000000006,148.80132248219738,-170.79000000000002,-158.3,-147.8,-137.4,-132.6,-210.3711705895573,16.951754696978767,287.36198730654166,-0.19204564170230592,-0.9111073272381245,-159.94186510445743,-245.5001215878322,22.47591251340128,31.230289964753126,210.3711705895573,-238.140222484808,-225.67851391592995,-208.88288214940104,-194.44822395117683,-187.35335803845706,0.04219122827771655,4.147202209202874,17.199286164017195,0.08054845407556076,1.321889477621066,15.647002337587868,-14.813335661106333,2.972907502891858,3.974789028898,2.9871988248071895,-7.285559738844475,-1.9587446358701284,-0.07685403791979084,2.0160443930278715,7.429464530491569,-297.3281801014178,23.619608748061744,557.8859174115149,-0.19730542418685523,-0.947654702215531,-226.6212734874795,-344.72472355245736,32.56700359554535,44.758584188541306,297.3281801014178,-335.96550970569024,-318.5092011708216,-294.67313543589256,-273.7506169822803,-266.59081512261645,-0.3608027811295948,3.5718029176703188,12.757776082678202,-0.08758120617977522,0.34989360596269314,10.631363122119705,-13.244434899089661,3.560495543717173,4.782455737397715,2.842425472386696,-6.583793296448265,-2.622452824134502,-0.3083142715778848,2.160002913263213,4.972559893436618,0.061201226270738734,3.7980630770065886,14.425283136920756,-0.10695854592353954,3.291823784134454,14.955466216117074,-16.050093328242337,1.9337244617010774,2.6709358079677443,2.453864810780345,-7.252712862838367,-1.1911254839924847,0.1099196297405246,1.4798103239752596,6.082150846417884,-0.16792549647586733,4.413578013932366,19.47967088506717,0.13132711155285925,2.0972700457592435,15.597543007947763,-15.587347574821118,3.017226786723349,4.095351619518939,3.074496273209203,-8.12229952064552,-2.380592593512196,0.1169045716508623,1.7147590260067436,7.586330785975711,-1.4611393692777213,6.373037010439029,40.61560073642564,-0.41911584471593316,-0.9541658557616111,10.2,-17.8,7.41301109252801,10.95,5.26439471007121,-12.5,-7.25,0.2,3.7,7.0,-2.0922642089593477,8.806806434205164,77.55983956955747,-0.31908664765118183,-1.208362538283448,12.084967359131241,-20.45960484407608,11.0712182128988,16.26404870063453,7.406219444499751,-15.942342356949286,-11.069886624585596,0.31064047965935726,5.194162076048933,9.637537692387783,0.10674249199217516,1.8634755091851198,3.472540973332742,0.05573457285289223,2.111828755879933,7.752645517713373,-6.97745876234981,1.2016105840720448,1.6653768768986987,1.291389734413441,-2.9753202067042315,-0.6991309158899016,0.053867961363001225,0.9662459610087972,3.700457527990905,-3.0318004736589343,12.276598638180742,150.71487412298126,-0.28530883056896306,-1.283174092775876,15.718836959379054,-27.255891269766675,15.38625117957803,23.199077491936286,10.400400710090741,-21.4425610483001,-16.06895616200337,0.5492314868242216,7.130121329932915,13.42245959469473,-0.02197974022199579,1.946757837241065,3.7898660768595085,0.5267073436196879,1.9465487274135373,6.521556381231267,-6.044559441258515,1.3829127599084599,1.872076774305468,1.3872355307318198,-3.0180938251771376,-0.9559218197618123,-0.12608919942257252,0.9161549545436556,3.0799229212927126,0.14891176780654458,1.5840272705152458,2.50914239373598,0.19494579546930713,2.964961323752039,5.830571352437142,-7.35365456803746,1.1839768587675867,1.5924978945397563,1.1252204824218641,-2.2156034090771675,-0.6945266374035421,0.10293085122921684,0.8979712571362142,2.84120194146403,0.09342187426818488,2.0813804139540815,4.332144427591664,0.20711572512383955,2.0350793789600434,6.97555999835494,-7.65020540027254,1.2237894405756393,1.6256787100938765,1.4041937568744358,-3.3670621839836796,-0.761885605588567,0.0374240358174754,0.8637931045053096,4.080728504392184,-0.5551373346897254,4.284224481323087,18.354579406368075,-0.14654431718585428,-1.4773058212195667,6.9,-7.1,5.189107764769606,8.55,3.8564598168870803,-6.7,-5.25,0.6,3.3,5.4,-0.7938300973544256,6.079968304442713,36.966014583028,-0.13349048319704246,-1.480977358726568,9.735390089787492,-9.952961371714586,7.561429260062161,12.188043613072455,5.47918181045568,-9.424763169583331,-7.510108434128165,0.7229038562216981,4.67793517894429,7.668620836480725,-0.008781780520323787,0.15855833502191882,0.025140745604923045,-16.023100311031573,317.1805178317358,0.3900387225184815,-3.171559803778881,0.058487140274859614,0.0795874531192003,0.05636000947553157,-0.10718580382294546,-0.03977288987707643,-0.0028332408417456323,0.039814563242123874,0.09752844810257576,-1.1467374775818227,8.655995120799336,74.92625153130192,-0.11455194204306388,-1.4789385797894645,13.688522252276114,-13.936902326370797,10.543781788075254,17.363130280098886,7.799925381687293,-13.340011047885586,-10.80638696213093,1.2388722390412958,6.556743317967957,11.15397433991841,0.021571716389281882,0.33135219704110047,0.10979427848396428,12.99436216225472,191.56924162257658,4.944953424208812,-0.9342510128588803,0.06523104716598431,0.08752844295388107,0.08487097809466164,-0.11410134729028652,-0.04306793680455609,7.190530667156025e-05,0.04446050614932498,0.1307842908581018,-0.011740550883520034,0.13026584613669018,0.01696919066970784,-7.104971945808545,66.48966945319349,0.2161113731307146,-1.2715005086418285,0.05600851046643482,0.07708518975681095,0.05981540771183957,-0.11261591660215124,-0.04131284915539526,-0.004000697212900264,0.035772340601415695,0.10420854148825087,0.0102013922439911,0.18073048737168515,0.03266350906560685,12.144792263361547,174.12030677492572,2.6338974604110965,-0.3259322168223686,0.06208315870723104,0.08385599366270702,0.06143952186976419,-0.10611829189007335,-0.04067955084059991,0.0015274221934838583,0.0431764428221071,0.09975355147140941,0.02024415055951171,2.895600750168831,8.384503704378297,-1.8766286446501916,2.713669553745241,3.5,-11.3,1.0378215529539212,1.65,2.1164801627670395,-7.1,0.05,1.1,1.7,2.3,0.039597599151716484,3.165777170641812,10.022145094156878,-1.107983344303201,0.1306167918706933,4.4569393757611575,-10.481280753723077,1.574151409155575,4.580819561884791,2.6659253996000154,-6.512612004592233,-2.3318029566750558,1.5059402910474482,2.249016605209736,3.194898895962517,-0.010291856326589195,2.5779889490803183,6.6460270215802435,0.0015322678288313435,2.457912128671417,8.271802611984958,-8.746764805718337,0.48537100181546383,0.6499742221874099,1.4428368734011412,-5.410951430237046,-0.3103446902786165,-0.001341876890420729,0.3396295319087934,5.2464811804454055,0.08638692622154903,4.231516945398789,17.90573565919709,-0.967757421994014,-0.4694722431425178,5.754226917523759,-10.707904371121574,1.7599778653366593,6.314949885338824,3.698734714007092,-8.185037793174597,-3.3064451889198967,2.276532101188595,3.0085046964189273,4.285820663857866,-0.01707197729398016,1.388353328254395,1.9275249640750558,0.10428998050998149,1.780744900782934,4.711522537489738,-4.126536947672173,0.8845037796552383,1.1823509377124994,0.9564139138055365,-2.4063166344887823,-0.644168694654295,-0.007756479712137915,0.5381822430582044,2.4710261671791596,-0.014706468876157609,2.55172033053288,6.511276645254831,0.2404927602625661,4.4776565215031505,11.009648366940851,-8.719390823094455,0.2048703593171675,0.2835836245664638,1.2834268387142171,-4.763504571412569,-0.14736782894321215,0.02066690822177321,0.13621579562325165,4.705458157765113,-0.12209571422091502,2.5652636961376283,6.580577830721685,-0.31032979418552414,3.489797614155558,9.320235475201569,-9.955670894433771,0.6394017205211215,0.7832685161086362,1.4527461642723576,-4.3564880078261385,-0.5173987118544046,-0.006975189575324886,0.2658698042542317,4.35932900286732,3.118413021363174,3.3504007024613087,11.225184867053231,-1.667887396930255,2.056383823286171,6.4,-8.2,1.3343419966550423,3.75,4.183723296032554,-5.6,1.55,4.6,5.3,5.9,4.42320440999792,4.704235716240582,22.129833673953545,-1.6407838900325153,1.9906174379155077,10.139547662865729,-12.687271824729907,1.833671896428104,5.0663299090265435,5.90111972319691,-7.277272782935674,2.4114067403835566,6.576210926713631,7.4777366494101,8.326965951998405,-0.021051252295270603,0.4748056351602479,0.2254403911799264,0.18818421184186943,106.19743072205686,6.368204512411194,-4.543330716495255,0.09579430816304152,0.12803185888470717,0.14366869736566087,-0.2598089527357546,-0.06234675131045184,0.0031408298932669165,0.06568510757425533,0.21647011699058943,6.29158353019192,6.557924780762169,43.00637743013454,-1.6746025266588465,2.193730083461004,13.981088505020194,-17.167467433555515,2.587388916914143,6.914279064009932,8.2846694668678,-10.162970252827796,3.6283736134484883,9.238337418939484,10.54265267745842,11.802272770882652,0.08032020664180883,0.9374503005103761,0.8788130659269945,5.477620466505138,39.43402672147112,7.341144898130226,-3.761248292334729,0.173840718289458,0.22775937722287723,0.30843057291479864,-0.4838089678822389,-0.11536680433539451,-0.00846957486253308,0.11239257288748272,0.465511466649177,-0.029432313048547265,0.35720945848423424,0.12759859723059988,-1.018081362625586,26.06219780057056,2.7167171864350985,-1.8803144041636106,0.10491953554724867,0.13843486937897337,0.1467279455178755,-0.22676385993841908,-0.07151930718708009,0.00029228339846205546,0.06691556219189326,0.18382303272067596,0.03508325570646429,0.5620258305329521,0.3158730341862545,-1.4914617131645913,62.6211007837088,3.7280602147137967,-5.814079394227212,0.1430141312511371,0.19170245515713885,0.18783153321391577,-0.2356745730644146,-0.07544001308583896,0.01021734053042354,0.11626244207129989,0.2909228002046651,-0.0017711204485527212,0.2102765647777461,0.04421623369472965,-0.2203649268237337,5.10926480688814,1.236246,-1.151395,0.01982535686585691,0.026744,0.1045929992148846,-0.391436,-0.014777,-0.001583,0.011967,0.39003725,-0.0025052031325512344,0.2703772320316204,0.07310384760108068,-0.2762458162543289,4.7750770415232875,1.3867429836739027,-1.3328129170173653,0.026388057091847505,0.0356425823215134,0.13561190885420552,-0.49963885186235774,-0.01951945307838599,-0.0019542216115846925,0.016123129243127407,0.4943231739170586,-0.00015934691979240106,0.1237770077973431,0.015320747659263534,0.03771499412581668,8.360832385774266,0.8745210413593358,-0.8243534309938252,0.008358319199820144,0.01127195670736892,0.056522988706418316,-0.20073631515610554,-0.005671098640722127,-2.884357233794751e-05,0.0056008580666467925,0.20475448408207395,-0.003544160721142452,0.36972397421932846,0.13669581711253465,-0.37358585077698686,4.687905990408902,1.5552242057609436,-1.7215040940448774,0.03673796890636728,0.04964927651104805,0.18502719299029824,-0.706000147439217,-0.02656099072012986,-0.002443162208294871,0.02308828579091819,0.6590635163313927,0.00036548128733449075,0.09739510121035781,0.009485805739775841,0.04011418969344393,10.617358149260541,0.7732393874584094,-0.7561449944642272,0.006422963773463171,0.00865569180801682,0.04348210417218057,-0.14801273102468882,-0.00430623767506564,-9.388210807528049e-06,0.00434945413295118,0.1604510416889582,-0.00022528387497980728,0.08440148329169292,0.00712361038183792,-0.10919732321919638,6.922402046014918,0.5359699348314447,-0.5352327301299656,0.008597045703579923,0.011555837386636599,0.04088513541213451,-0.14462541359137343,-0.005724325581941894,-3.805145057359474e-05,0.005831511804694705,0.14248009550406224,0.001277882490143725,0.1533323546528261,0.02351081098338004,0.043561310258247145,8.672854176461472,1.0055852228616864,-1.0218546900345193,0.008021961386943197,0.010816349948468005,0.06849621862446226,-0.24034757459725817,-0.005339009249088296,3.6189274914358966e-05,0.005477340699379709,0.25097763449049815,0.005989556380173614,0.3930395085001776,0.15448005524206118,0.12671835788785651,4.183235619870447,2.049808,-1.890836,0.02761643152410385,0.037253,0.1971783905875033,-0.729535,-0.013226,0.00528,0.024027,0.7822450000000001,0.00847218494720117,0.5154940971957668,0.26573416424367863,0.20011099851964037,3.7544745261937518,2.661516187831069,-2.3720928479091374,0.03808932664525667,0.05138850512935509,0.26200178000229396,-0.9840242773710177,-0.018330069465544094,0.007305057890079576,0.033058435663810996,1.054976819490693,0.0005823323526901715,0.2078417243754249,0.043198182391350086,0.226858214437283,10.978331091692974,1.7151365508187635,-1.4852864310774112,0.008668756718850973,0.011685194514476974,0.090878392142622,-0.32026679633976696,-0.005824873725308109,-9.97249894081486e-06,0.005860320789168864,0.32499589740519214,0.011986221049556304,0.6811790584607774,0.4640049096855112,0.15448323173228468,3.5777130651596414,3.2526039463057215,-2.857260359339304,0.04943405847187292,0.0666670513775483,0.34561183790260125,-1.3038632902411433,-0.022984958426891775,0.010334377335551278,0.043682092950656524,1.4415164853200704,-0.0009573072267715791,0.2595538171602571,0.06736818400246017,0.25524129124065636,6.797877066879023,1.4951637626418695,-1.425241481268551,0.02005459438956841,0.027047481224727752,0.12195629248567441,-0.4486302774372296,-0.013884576071621888,-0.00021056304657131103,0.013162905153105864,0.44612075043122107,0.0008237188821039415,0.19712827950163683,0.03885955857927545,0.08651350888434221,9.90564620057153,1.6101822028908328,-1.476524247020447,0.007938509596661602,0.010727879616434115,0.08949552504618062,-0.31521803938187015,-0.005221802077276137,6.781300170305912e-05,0.0055060775391579785,0.3144811153815872,0.0010397259382512246,0.2179916868681382,0.04752037554361641,-0.07574577737195219,12.16755101911736,1.9052342647486233,-1.9119161302438756,0.009087180198939941,0.012248825554029103,0.09225625034589142,-0.3185840398942833,-0.005977366999438421,0.00011243533430858828,0.006271458554590682,0.323293684758869,0.00696700397001748,0.1354316449605623,0.018341730456723798,0.21618858709266878,6.9978994588120536,0.926751,-0.913549,0.011298911507231191,0.015300999999999999,0.06750739498711227,-0.22756475,-0.000596,0.007266,0.014705,0.24518175,0.00985275895718219,0.1532251454685575,0.023477945203860606,0.10732162147051487,5.369873336968345,0.8555459921372502,-0.7928979407719196,0.012983091940521992,0.017478848986318594,0.07922409866773794,-0.27411037637638114,0.001604307689654963,0.010519132604088868,0.01908315667597356,0.2843974322762556,0.000337717829631455,0.1149007157461679,0.013202174478981678,-0.04349251161520069,7.089318620483329,0.8324202881626463,-0.9223250018341629,0.008872393333607337,0.011983436895148823,0.05504224293450774,-0.19995548436284952,-0.005886054255406749,7.855770331640647e-05,0.006097382639742074,0.20180459597278336,0.013933461413046007,0.20674094659348277,0.04274181899836929,0.068376413335628,5.2821215060548194,1.0834656065965398,-0.9710261295599604,0.016836939491468018,0.02277071503974984,0.10712653646403274,-0.3663773676231962,0.0032621140242593185,0.01485301784058238,0.02603282906400916,0.38336736682129285,-0.0004472475335887688,0.06485093952721918,0.004205644357563039,-0.30869310383738624,8.73435043636401,0.43677520666760183,-0.4574256513603703,0.006673243359752469,0.00898819896797955,0.030404089246275648,-0.1055279729033286,-0.004461867933708953,-4.71305139445018e-05,0.004526331034270598,0.10256752575981737,0.00047777939910638244,0.13786588301762712,0.019007001700230047,0.07239825450334497,6.755301304216937,0.9792058226350195,-0.9969806922679693,0.009836180834826933,0.013261688850174095,0.06649599221285257,-0.2435980121764954,-0.006504128735167845,0.00011138305718631589,0.006757560115006251,0.24283580682949385,-0.0006728359016610142,0.08597797252536277,0.007392211759572034,0.05867068855347468,7.973938115037885,0.6086857804089806,-0.5445497641494557,0.0076179032896182145,0.010258801272419257,0.04023527333957083,-0.1435308883898297,-0.0052941091900814904,-0.00010647319198350041,0.0049646920823377665,0.14071892718869103,0.00016858132610434614,0.9023894470595969,0.814306714164525,-0.0007394198564939994,1.1892548100518434,2.693298,-2.688645,0.7091723778766753,0.9568767499999999,0.6466577736053092,-1.78084675,-0.47697,0.000161,0.47990675,1.7797874999999999,0.0002586151010780007,1.2760107459301597,1.6282034237292424,-0.0007829486269297026,1.1925212143625679,3.808488025591622,-3.81450096551197,0.998497554938987,1.347034462017899,0.9139360788076345,-2.519404891643088,-0.6720434217683481,0.0006672356997098122,0.6749910402495509,2.516993250339329,7.565173259563893e-06,0.01643711662511614,0.0002701788029476694,0.5922775214914987,23.684438488811384,0.47110367766054717,-0.28169540515152824,0.0152459019012424,0.02053712791498106,0.012746356587009051,-0.024325398780243302,-0.010146643460807158,-4.871651979212327e-05,0.010390484454173902,0.02432805526853892,0.00042426212115857223,1.803525147426168,3.252702957398581,-0.0008587274744617221,1.2043652562784306,5.32235128154738,-5.343374363606935,1.363788387268752,1.8392151275568493,1.2898712468544622,-3.5394316183592722,-0.9179982645127323,-0.0003470642169495046,0.9212168630441171,3.5438198477917537,1.6212280382225863e-05,0.05608477122733101,0.0031455015636220563,0.055436384256893144,0.8261487864203851,0.566534559955851,-0.32673693193133857,0.04905699517391203,0.06616592242888403,0.04248419761436474,-0.10203996170367478,-0.033490174269528925,0.0004567764922727702,0.0326757481593551,0.10237450939498749,1.0041186916730247e-05,0.006990219515197857,4.8863168870652965e-05,-0.07120025593591786,101.4750832646903,0.20041507494539634,-0.21840468098168317,0.005892125225637898,0.00794361918835134,0.00501921681803215,-0.010845978803148998,-0.003972160017977616,1.6128774171778244e-05,0.003971459170373724,0.010743318445765402,-5.294007340187561e-05,0.022170600279175775,0.0004915355167389889,-0.48401301940173086,8.898419117358058,0.058686204974059956,-0.4341979187991749,0.02058860246234778,0.02776401968388929,0.017322760727276558,-0.03804305903457911,-0.014133693655125259,3.6809972849607214e-05,0.013630326028764031,0.0378332234690632
-5.983943089430894,7.844990005849794,61.54386819188314,1.0787766675859696,0.2502445705526628,14.5,-20.7,5.782148652171847,6.199999999999999,9.25691056910569,-15.184999999999999,-10.7,-9.3,-4.5,9.7,-8.418728295692755,11.148840243278393,124.29663877014383,1.095440919200211,0.25167922936928466,20.52194995695112,-28.170456253387748,8.18012243765867,8.753387316464433,13.118971414804205,-21.49360521150467,-15.12040427159377,-13.154691074162391,-6.367016955129337,13.547261678023412,-0.03922150798466728,0.5902796170781304,0.3484300263379042,-8.38297821886934,104.0175058142206,1.035302717391089,-8.635501021367656,0.2591390867362204,0.34837213280142754,0.2686109304971935,-0.5523044835206813,-0.16086754144228166,-0.0010208145491517051,0.18750459135914588,0.46773874440275914,-11.807460044775576,15.90981824256863,253.12231651156955,1.1038183857511807,0.25074705071298453,28.835961422167045,-40.71705196356183,11.278765633778171,12.390623768837107,18.61512140110099,-30.17924532943597,-21.319470262329972,-18.585209343542527,-8.928846493492864,19.34340208294264,0.1315219226993718,1.1443420503750823,1.3095187282566476,7.671859159504305,71.76673718881344,12.85529588587562,-2.3430929290964873,0.2797881123498848,0.37900647862151304,0.3727941042236058,-0.4793984942569707,-0.16088750484508918,-0.0004367346931875016,0.21811897377642386,0.4690686921567199,-0.05573602429069116,0.5093832950798298,0.25947134130638494,-3.365744550766928,18.580133246311604,0.9661640579272264,-3.709181460469807,0.27678008019891265,0.3738395449940701,0.29403794031810243,-0.7309392510815904,-0.17434993922690578,-0.0029581351953460577,0.19948960576716432,0.48412368885571744,0.0698225508497307,0.6510899235241133,0.42391808851463575,6.662107774779294,59.51081148144347,7.012616094081475,-0.9205128481415844,0.2416883638868959,0.35601003722536095,0.2843582429822663,-0.5082723373623959,-0.16072991792272714,-0.01567422683196385,0.1952801193026338,0.47285981425655865,-149.0094512195122,13.01557939608964,169.40530701591314,-0.4930540202525858,-0.5018771491413618,-111.2,-181.1,14.23298129765377,19.724999999999994,149.0094512195122,-173.2,-157.5,-147.14999999999998,-137.775,-132.4,-210.66472720810995,17.626563213712856,310.6957307270153,-0.30716822021424384,-0.9043496310927082,-161.33268171467824,-248.85991411347183,21.96700597408452,31.484599862017348,210.66472720810995,-240.75327807069405,-225.8317728896504,-208.23885568612064,-194.34717302763306,-187.70661794245893,-0.4966495906295946,5.176599749535282,26.79718496688875,-0.5157623840164545,1.937829418428331,16.811632913102514,-21.250995228328634,3.3017795656584736,4.428954374127784,3.563367859410865,-10.537597354557601,-2.3558448944997625,-0.09272903269279986,2.0731094796280214,7.641600921089418,-297.6935581505549,24.556387289581732,603.0161567159312,-0.33731914125904106,-0.955289237345295,-231.16256549857826,-346.9345667305204,31.072485442988025,46.01398956614378,297.6935581505549,-338.6021989349531,-319.9458353336089,-294.0110611433028,-273.9318457674651,-266.5900072083899,-0.6576284503585395,3.7705726174345493,14.217217863347228,-0.45811861250945873,0.8849167361502235,9.773113160016544,-15.996952500127405,3.4432994238659007,4.812549014940489,2.924182596182776,-6.523881721302002,-3.0197482809368292,-0.41287537495667515,1.7928007340036594,4.98944671663533,-0.6943120344103315,6.025232648703071,36.30342847099742,-1.0603771564105866,4.9133147185730355,23.14037086910514,-27.24630423409622,2.308653036251487,2.9914616157767027,3.5325976191022597,-12.442869238732001,-1.3919175280756284,0.019777695982370447,1.599544087701074,6.783361581627844,-0.2660097104144579,4.062504319533863,16.503941346231294,0.5996088937437462,3.543816892463213,16.984967462752362,-13.162035524087102,2.8456590510379316,3.8215261386759414,2.8627609159491816,-6.53720242129034,-2.1429512622402096,-0.11989828124942428,1.6785748764357318,5.57774325355367,-1.4680894308943089,6.689603176472336,44.75079065866878,-0.56613862144841,-0.828271181422553,10.0,-18.9,7.116490648826889,11.3,5.477439024390243,-13.6,-7.3,0.55,4.0,6.9,-2.1023492362319285,9.24008972231435,85.37925807641929,-0.4483209264419498,-1.1580810840061344,12.474975311953235,-21.273997103054274,10.361447932772876,16.54747068066143,7.707199401437297,-17.444319418303753,-11.07654830890565,0.7911325978440882,5.470922371755779,9.432117830950133,-0.329126475201693,1.9499892511529149,3.8024580796119056,-0.34864315378584687,1.7490713454350582,6.519085003340593,-6.905825058258587,1.1843559016682754,1.6673520959332868,1.3481402944358656,-4.075427448449246,-1.1040977799084586,-0.1287600088080183,0.5632543160248282,2.70474885782932,-3.0398681265828627,12.88111689621506,165.9231724939571,-0.41243481280535155,-1.2387536885226462,15.783236727413383,-28.060746671693224,14.504024441277112,24.196448515930335,10.801742167690918,-23.889748592011166,-16.327247405040467,1.1538721022967016,7.869201110889868,13.30168081704118,-0.051874958154459694,1.9655722090156487,3.8634741088546565,0.9088769396915538,2.658939983397974,8.441341312650595,-4.872691467354882,1.4957696329615562,1.942340931185466,1.402252114743759,-3.0263938517188302,-1.0903574281136261,-0.18484904249812562,0.8519835030718399,3.3028193792673273,-0.4597963411298851,2.275199937146336,5.17653475399069,-0.6166571720703795,2.9465645613873406,8.72862888692272,-8.503929908729795,1.1754415762276536,1.7916411364477942,1.4667400879443095,-5.529580015217531,-1.2641746942736984,-0.12366165592694564,0.5274664421740958,2.55567973544934,-0.02583688624106111,1.525124012662185,2.3260032539988047,0.2516570991157137,3.2388764377707417,6.572199640422356,-6.100927092241048,1.1488736868566218,1.5445020816441213,1.0798907549700685,-2.4304312470216205,-0.8192461388914788,0.015860488663465636,0.7252559427526424,2.5761944087743167,-0.5105691056910568,4.4051671988816095,19.405498050102448,-0.16964069264621628,-1.5018439510238886,7.0,-7.2,5.337367986620166,8.7,3.9849593495934963,-6.8,-5.4,0.7,3.3,5.5,-0.7233245744088971,6.248932655609136,39.04915933433824,-0.15867840910491768,-1.5040741991859001,9.92100561984884,-10.085007203463384,7.532873014371979,12.37381186455432,5.65701959339582,-9.605863556398248,-7.689911472835217,1.0102416000449954,4.683900391719103,7.883743920050999,-0.009537160211977435,0.1619014895639278,0.02621209232301862,-16.517617444444387,328.9593863474476,0.330689539176415,-3.2685282288965083,0.057002107421611166,0.07660813876495945,0.05592967360597801,-0.10625253150022594,-0.040495089252713945,-0.0005156480328936744,0.036113049512245504,0.10131425493900982,-1.0490777808362661,8.894801638671597,79.11749619131491,-0.13995935578549948,-1.5026140234757672,13.996710864898645,-14.051340187596491,10.738537084805204,17.789378790736862,8.050598368160463,-13.580719290080406,-11.141558601809145,1.4044150531087067,6.6478201889277155,11.353857916729737,0.016076758948368693,0.3389365751527078,0.11487800197624713,12.969038658319331,191.29432732082424,5.050529843120084,-0.9775604135094784,0.07219329129421147,0.0960499803692173,0.0909997327243754,-0.139689721565548,-0.05079871520011908,-0.004596182990699971,0.04525126516909821,0.15516326457701268,-0.013423798753140646,0.14126559340087472,0.01995596787890126,-7.31401560568774,68.6606897167876,0.18777551501774303,-1.3966650726456216,0.06548489592343958,0.08431032256797041,0.06426516500667466,-0.12172007198876403,-0.042777001552345664,-0.004713283149351067,0.04153332101562474,0.11403779907169362,0.01179312663737505,0.17789575913458633,0.03164690111807075,12.896719478708059,188.2455319484702,2.6446207036141955,-0.28716065767069776,0.058805986006379284,0.07925747260118121,0.058357092213274155,-0.10820657543096979,-0.03930540779317446,0.0036079519028168593,0.039952064808006754,0.0907448986346608,-0.006808943089430882,2.830155627181368,8.009780874066363,-1.916973884893492,2.9343491187444393,3.7,-11.0,1.0378215529539212,1.7000000000000002,2.03140243902439,-7.1,-0.1,1.0,1.6,2.3,-0.003567870688734034,3.147179719851054,9.904740189041759,-1.1366111654596802,0.08925678338160026,4.302298658065125,-9.516199978108368,1.5123625698596446,4.140582909786671,2.6202822181453005,-6.833490053676229,-1.9344514156609303,1.4201747755115859,2.2061314941257404,3.068244651865407,0.14057946843440744,2.450530493080127,6.005099697515531,0.2909060487425948,3.3371360343587977,9.605898491088437,-8.594194027787845,0.4449047718223511,0.5946007711105357,1.3643788222299995,-3.8109133077652575,-0.2808775513573629,-0.012592976226834113,0.3137232197531727,4.813805307705016,0.016908846645228695,4.239983572321207,17.977460693553706,-1.0844226837397057,-0.12773256354704188,5.824272357303591,-11.269221014115818,1.7596237282396225,6.286664700769699,3.5970838366493405,-8.759295067510239,-3.3584963654961166,2.269745754975884,2.9281683352735826,3.940085936477877,0.018502534351754706,1.2632313460341078,1.595753433603144,0.29046592906891283,3.854968792220622,5.514057998234957,-4.313302564583796,0.6662025961606031,0.8388006980103375,0.8124545798582504,-2.1328810147664146,-0.36660453624509415,0.007453158744325783,0.4721961617652433,2.0967584533027357,0.19579379424516474,2.9509383493304675,8.708037141549225,0.5579777968785056,6.195078721671553,13.055986743942691,-11.667209713337417,0.20986983588443836,0.28037709323094223,1.370523124372899,-3.9811746568266404,-0.14809662223571415,-0.0028727816376125474,0.13228047099522808,5.428970804682598,-0.10502326795451172,1.7675931140059222,3.124385416681153,-0.306679246655206,6.171557057725206,7.418781127997286,-8.826040094007421,0.39650501967348506,0.5396217677343342,0.9495705697409511,-3.4252200151933847,-0.2762485553677908,0.01956230847193894,0.2633732123665434,2.7484666798862407,3.211890243902439,3.177418239841968,10.095986670880428,-1.5733972807264425,1.7873509070730877,6.4,-8.2,1.1860817748044812,3.8,4.121239837398374,-4.6,1.5,4.7,5.3,5.9,4.5492099947015685,4.465618218516896,19.941746073550014,-1.5214906768675434,1.5821924049349292,10.08491220053147,-11.131149605865891,1.7344362106966067,5.335515281717667,5.81653131449729,-5.948525443826698,2.1765899584815207,6.653967595802369,7.512105240199188,8.336118227228308,-0.03827428479159615,0.4208860792131476,0.17714509167541592,-8.707389712257624,86.59770755398458,0.6196151759758618,-4.884139879431105,0.09782774680363358,0.128138521199475,0.13635993124312248,-0.27373488347150715,-0.05818908298067524,-0.0012671216145047626,0.06994943821879976,0.21381449939547736,6.464506682840147,6.228069011456351,38.788843611462895,-1.5873964104725655,1.9160508433258778,13.00937130386258,-16.69025131790555,2.3262922654536053,7.359013483080666,8.182316791962974,-8.681758250008567,3.2502631685071357,9.375229746481363,10.609276651587802,11.81226177145918,0.08681826715693708,0.8940667532860351,0.799355359331432,6.013089667558052,41.0361957842476,7.222592995193301,-1.4134376256034171,0.18120001413592612,0.23583816054440251,0.3144163396126838,-0.44114514796494303,-0.13147204228761686,-0.005292751313269145,0.10436611825678566,0.5157036811206919,-0.052846109079080744,0.3393788652687361,0.11517801419109494,-4.23342752335789,19.299704861836307,0.4115023706578313,-2.129655023937146,0.10930483487983136,0.1471631980028173,0.14739264725652815,-0.24694189137165767,-0.06821719786367073,0.0008744742787784255,0.07894600013914659,0.19898974602702793,0.0415408086457547,0.4822987302188216,0.23261206517068767,6.248379626081308,43.379242057293794,4.002638219054059,-0.606020808720226,0.1140381482054198,0.17372026499814033,0.17612644848970446,-0.2849956167084724,-0.11034272376716081,0.004051013708647457,0.06337754123097952,0.2778518457040955,-0.0021070990583913944,0.20271459489641408,0.04109320698401727,-0.2747849265463485,4.75297729566842,0.97885,-1.105752,0.01929606787385041,0.026031,0.10105716462117016,-0.38929625,-0.01448,-0.00188,0.011551,0.377156,-0.0029802507022054603,0.25892096407081444,0.06704006563535998,-0.31631450359899627,4.032055331943239,1.1086723415998778,-1.2248588428600191,0.02602505448487143,0.03516738212106887,0.13137448023362733,-0.5146145613788325,-0.01975587078819732,-0.0026680457177993286,0.015411511332871544,0.5068060301356537,-0.00012803071289315825,0.12304132132970906,0.015139166754560719,0.02206884016008174,7.761139662908317,0.821707044239261,-0.8482673243733017,0.008203215632118404,0.011061195284153755,0.05661289903991907,-0.208834928383267,-0.005570691537935839,-2.6226883754377258e-05,0.005490503746217917,0.2105047943289949,-0.004215762816279936,0.3530582605992493,0.12465013537736741,-0.3737910816262969,4.124703110678635,1.3567782958108452,-1.6541176473469303,0.035817936792584826,0.04840666504924142,0.17867699825249583,-0.6901446708188106,-0.026913593288506184,-0.0032987536353253797,0.021493071760735238,0.6753142376306078,-0.0001780734190200049,0.09698762252969237,0.009406598923962091,0.04527549277595063,8.422954106084715,0.8018585929713598,-0.6518679503243463,0.006884541685226811,0.00925008305356847,0.04406317525795897,-0.15834400667482476,-0.004561049504503663,9.696301994783466e-06,0.004689033549064807,0.16187126901105534,-0.00018095684087470485,0.07811794367556156,0.0061024131240982075,-0.027089168755535492,7.992911811306785,0.5341011880865045,-0.698510986562317,0.007743460258376045,0.010417500159253287,0.037247054388564224,-0.1355684322078745,-0.005239599321301703,2.12549186351186e-05,0.005177900837951584,0.13575791030939685,0.0014590508691404627,0.15546222539261806,0.024168503524025175,0.24501023965320512,7.927353086750591,1.1074504261499931,-1.059999612486849,0.008609752758422753,0.011602867044333167,0.07028544233914302,-0.2612691138307176,-0.005671490096192189,8.616324048511489e-05,0.0059313769481409775,0.2664311199014458,0.00518690130600822,0.37291749194382556,0.1390674557976732,0.2975112538377688,5.180964381747783,2.257103,-1.761652,0.027259124389443997,0.036773,0.18178320661458178,-0.679904,-0.014428,0.004199,0.022345,0.721709,0.007335133291946882,0.49101417936459246,0.24109492433708418,0.33562492691359874,5.027665392916623,3.005372141029663,-2.2822017366690694,0.03729600520051763,0.050308831708009,0.24143562158095802,-0.8977496951730113,-0.019443581704227393,0.005713716189762899,0.030865250003781607,0.9792902167902037,-0.0002756065622114457,0.19239442261487233,0.0370156138533101,0.04363263731269658,10.428784077772216,1.6546168646996309,-1.430292344675859,0.00972575493926269,0.013122602420824036,0.0849436783721702,-0.2965460487086822,-0.006596690369139887,-5.523845814349904e-05,0.006525912051684149,0.3071466232259144,0.01037270250283863,0.6318754379405327,0.39926656907253993,0.40309337664500694,4.454885872667653,3.42087903947261,-2.7401625895453283,0.047638590058581315,0.06422606522596784,0.31264567840852825,-1.1742506958768555,-0.024655180241683755,0.007579255229565462,0.039570884984284085,1.2923987082360382,-0.001127312839471104,0.2878155506766183,0.08283779121128504,-0.017951236369647457,7.040709345624775,1.5746583190097845,-1.6759029016796987,0.020903473611804366,0.028258820765022175,0.1333261620002114,-0.4902493126151136,-0.014529587265509594,-0.00012045449415090003,0.013729233499512583,0.5059238155206487,-0.0003898515111212611,0.17641682903702594,0.031122897567479234,-0.08596381666463264,11.510769165912734,1.3725209303613224,-1.4628819900332457,0.007211683372997276,0.009724370205458143,0.0781386409982879,-0.27591562872674336,-0.004918892101403795,-4.0890999634086766e-05,0.004805478104054347,0.2789217803576306,3.298559790705519e-05,0.20711201639123852,0.042895387333644654,0.03513810116570894,11.045724711451099,1.6397463849691272,-1.5218642213460536,0.01149561647294161,0.015507558848750637,0.08973347891750758,-0.3219775265761803,-0.007870745907377756,-8.103742612313719e-05,0.0076368129413728805,0.31773975637544727,0.007005929510538436,0.11782255561915961,0.01388215461262996,0.10824625736738021,6.749366100822106,0.777727,-0.724971,0.011476823773451864,0.015423000000000001,0.05880038947030872,-0.197702,-0.000415,0.007327,0.015008,0.21119100000000002,0.009909257451386667,0.12870226976498897,0.016564274242659997,0.09035273291626546,7.074765898755301,0.8082422969119448,-0.7864841198034914,0.013951542852921004,0.018840127534750856,0.06525572007918516,-0.21894650174233635,0.0012035356771763817,0.010479034947554911,0.02004366321192724,0.21996293177218662,-1.256924643208129e-05,0.10581886240814241,0.011197631641353374,-0.028803522338877376,7.036074976122164,0.6498259049820276,-0.8316045137917735,0.007857401867443046,0.010590504037801124,0.050164788513066466,-0.17982151351985196,-0.005274532462029777,-3.3295562510714236e-06,0.005315971575771348,0.18093442449300629,0.014017668892901557,0.16839511317036643,0.028356914139660513,0.01998030524614187,7.577117615256963,1.0953899294811746,-0.9952656614500243,0.01833775594127574,0.024782475551649464,0.08573770776149649,-0.2698041916024992,0.002736762030279263,0.014689236473636213,0.027519237581928726,0.2903068220323443,7.158436343361514e-05,0.06903571354686527,0.004765929744924838,0.07006171950410087,8.084904693214316,0.5069557356731634,-0.40906351438794947,0.006717994462461853,0.00907601426128193,0.03218537866723958,-0.11426889454852351,-0.004558882064831722,-4.3159162235096096e-05,0.0045171321964502095,0.11460430779201852,-1.7784576396221616e-05,0.12420423735057684,0.015426692575838428,-0.03217434632575218,7.406050724350253,0.8409040278462124,-0.8934453699725785,0.008447457822929208,0.011417609390500898,0.05862454198001518,-0.2131642211900756,-0.005679189037170078,4.044795655368356e-06,0.005738420353330819,0.2149560885676786,-0.0010246873536186485,0.08344822078700265,0.006963605552516341,-0.19574344752927034,8.777675294304757,0.5567327257579765,-0.6731869365750487,0.0068888460509225,0.009312092757094534,0.03822191239939599,-0.140044737718507,-0.004807650400245826,-8.30313296175498e-05,0.0045044423568487086,0.1387522836334759,0.00017198328134565485,1.0327857925278014,1.0666464932472788,-0.0026158333357652677,2.0477452928856907,3.437042,-3.443127,0.7033961596333774,0.9484812499999999,0.7009783684954668,-2.0039049999999996,-0.47272875,0.000126,0.47575249999999997,2.0040255,0.0002586206933467986,1.4604197551423994,2.132825861210186,-0.002648342950383321,2.0519046661307474,4.857859321871474,-4.849558630447498,0.9917313725982191,1.3383492085164916,0.9907133193182858,-2.8294993626318394,-0.666604232961849,-0.0010999090382754718,0.6717449755546426,2.841384293109136,-1.547725135993481e-05,0.01692069610691371,0.0002863099567425248,-0.4082844720460605,9.483925070744435,0.0723553536840846,-0.3912666623566565,0.015275026515943362,0.020590495952339416,0.012998551191123264,-0.025519619829922756,-0.010308053712264136,-6.900469384139981e-05,0.01028244224007528,0.02546295387198911,0.00040692278515228346,2.064339283888146,4.261496679003822,-0.002705663769891504,2.0659971981979233,6.801593994637157,-6.777773693866258,1.3555140445166398,1.8286307247956484,1.3982115719102661,-3.99184843412182,-0.9126259411834133,0.0039011160219971,0.916004783612235,4.0063237020911036,-2.8237237004855313e-06,0.05856214972885867,0.0034295253808652613,0.004610014778646829,0.24277701411116848,0.18909161685335849,-0.18609051916448105,0.04852420558022788,0.0654292784165024,0.044276078835295385,-0.10671071164296139,-0.033013672347746104,0.0002039763354415372,0.0324156060687563,0.10733780245239168,-2.233998116428479e-05,0.007293661142560627,5.31974928624988e-05,-3.3350430219742417,114.7391583862986,0.056037905636008266,-0.26779511598108274,0.0062576639957285275,0.00844032963563818,0.0053283513784936455,-0.011278207851899306,-0.004227998833342486,2.0045507626061413e-05,0.004212330802295695,0.01152851633789773,-2.2970902728683193e-05,0.022790521785366634,0.0005194078832492712,-0.09539859081926552,1.1217042304751512,0.06089008246350417,-0.25185372756067165,0.020850936289669983,0.028108632711121472,0.01772156588515677,-0.040382830248106585,-0.014144325022977338,0.0001554069856897454,0.013964307688144134,0.04039822592302948
-5.304878048780488,7.484332998489736,56.01524043228237,0.8616684747311143,0.03456263714544727,14.5,-21.0,6.375189539574089,6.9,8.367479674796746,-14.8,-10.0,-8.3,-3.1,9.0,-7.459118673696536,10.637290351608206,113.15194602441704,0.8864096505933204,0.04141545650857159,20.34608544514836,-28.48011985913329,9.05844517153135,9.638621160512578,11.864320855422495,-20.937308512870448,-14.088395398088668,-11.763557713365756,-4.449774237576091,12.750468012812355,-0.039650962550077516,0.581505439832524,0.33814857655481717,-8.43809550342315,95.55112277850776,0.9055084291235705,-7.959731646632242,0.2460334376673936,0.3322174014947595,0.2477011652174703,-0.42375232878798996,-0.15959781190738243,0.006300451082762143,0.17261958958737705,0.42544945634977976,-10.450174316098815,15.182024920919181,230.49388069941108,0.9061496562098326,0.07112750347220187,28.827062434846596,-41.18566661232677,12.723042509724896,13.549819703704355,16.847177453026404,-29.197735911932455,-19.858920231416388,-16.59708756570221,-6.309100527712033,18.454970381846827,0.10796392194588504,1.116520272014094,1.246617517818427,7.134520897195458,60.495067199305524,11.585960114071817,-2.2770237051136295,0.2819242416443658,0.3780861187077561,0.3712192265678021,-0.5005191462806255,-0.20251581509561056,-0.007698997343864811,0.17557030361214554,0.48582718416134685,-0.05414999539010483,0.4910165845935109,0.2410972863458764,-4.023989623928385,21.667215313136158,0.7448436454680342,-3.5501494454663702,0.23273010711000777,0.31584469308620033,0.2573608183928884,-0.506463738618268,-0.1632166028498767,0.016354356131897577,0.15262809023632362,0.43006118937055415,0.07070007400960958,0.6499821662721942,0.42247681647189433,6.11833497398032,48.49689483239967,6.423309146923311,-0.889195107039528,0.24892280628809713,0.3408122904192209,0.2864669565279702,-0.4338825006149978,-0.15654411609006186,-0.007909956316045854,0.184268174329159,0.48453278065005595,-150.5295731707317,11.768077661637736,138.4876518503371,-0.1488895769275083,-0.6124507202188378,-111.0,-180.9,14.751892074130744,19.92500000000001,150.5295731707317,-169.985,-159.925,-149.9,-140.0,-134.3,-212.80312090482187,16.330081903484295,266.6715749745053,-0.07429141109982604,-0.7843885695785451,-159.41051621691045,-247.34598519941125,21.460216589383407,28.672090921580008,212.80312090482187,-239.48909079432332,-227.02557107743453,-212.112234350857,-198.35348015585453,-190.0650507261307,0.16770411630635815,3.1520231206062417,9.935249752836311,0.12050646075459012,2.091083619440389,12.91843516146995,-11.228675099519972,2.3467381518029984,3.1760947773089674,2.235763422296935,-5.120633035546906,-1.44007814066185,0.09777040950129212,1.7360166366471175,5.637633657108749,-300.68185028766567,22.84104315576022,521.7132524433009,-0.08961673971674056,-0.8580289212155043,-228.45990572675385,-343.8058370936457,31.350377170752886,42.9810727512471,300.68185028766567,-337.83130545343886,-321.9016512581174,-299.73586736632257,-278.9205785068703,-268.6161316103697,-0.13039322365074393,3.269103054254824,10.68703477933822,-0.03965162071738212,0.9472125009389791,9.792247753927835,-13.520120799036421,3.007252906785007,4.053363431352742,2.546030984597811,-5.390902090229788,-2.182799365983609,-0.25711537057791745,1.870564065369133,4.802248088140264,0.2326363037584529,2.2023250080678105,4.850235441160882,0.3325210642721353,2.246776521942679,10.560784023197774,-6.78969664570088,1.597627688093651,2.4297818604420796,1.6017489093810515,-3.7409221447180006,-0.8902940246787412,0.0923382645113753,1.5394878357633384,3.762805751434449,-0.22836743168048929,3.8342620698405105,14.701565620217636,0.4329476990814563,2.6396300048389367,15.692856745622294,-13.661383551989047,2.8005133634068455,3.6350123695293712,2.6721684135924733,-6.679176424263863,-2.1479020107679165,-0.21071007614088932,1.487110358761455,6.264090044840373,-0.002947154471544692,5.1082590400224985,26.094310419971578,-0.40542856696399543,-0.6863141617588395,9.8,-13.3,5.633888430321287,7.65,4.2125,-9.184999999999999,-3.625,0.7,4.025,7.2,-0.03416877506570376,7.114931347248294,50.62224807605642,-0.3674147461850793,-0.812476185670715,12.500764588391933,-17.281365822584792,8.454978212497533,11.32831488909487,5.901058665923816,-12.528491007843053,-5.620815618392932,1.0215284563739204,5.707499270701938,10.085926679713209,-0.1263429971015495,1.2908198049943216,1.6662157689655785,-0.39106521777771114,1.7394672612921935,4.539115310382625,-4.899802037015251,0.9942030774472331,1.324780422605216,0.933910099166805,-2.493229978179221,-0.77661182677138,-0.05670190301144676,0.548168595833836,1.9276957159218857,-0.1275531516808392,9.895435609425869,97.91964590029352,-0.3447968578008177,-0.9020624866052773,15.98266461485805,-23.459800643349702,12.403436624941413,16.825485597696204,8.238361342686439,-17.482235880047714,-8.31625288948782,1.280737380458899,8.509232708208383,13.966023457363931,0.017039174209028528,1.918374900844095,3.680162260188591,0.5314306133987097,1.3180813195028867,7.0841550349677185,-4.786115565020284,1.524978323074094,2.105992586445581,1.4203294311697567,-3.2060797417412243,-1.1389198126368714,0.005792991003062974,0.9670727738087097,3.6554536815231238,-0.17534474008889955,1.0495524677003643,1.1015603824559244,-0.0009651630089718372,0.5571153577892773,3.225898863205057,-3.2954880478769764,0.9054655419706749,1.2263035790596586,0.8122439511931986,-1.928315354609245,-0.780918076677877,-0.17988584405115535,0.44538550238178143,1.5808590426709745,0.0005422029354484589,1.4786614876427324,2.1864397950378183,0.43357101820020155,1.6542523138392031,5.391526067968553,-4.237581740224587,1.0526358745642044,1.4221055256228952,1.0607508302326316,-2.1117588296926044,-0.7789485524486814,-0.044378835503283115,0.6431569731742136,2.913504533953448,-0.31260162601626007,4.574598891723728,20.92695502015996,-0.16889295107893038,-1.5551591983329092,7.2,-7.0,5.708018541246568,9.225000000000001,4.179674796747967,-6.8,-5.425000000000001,0.8500000000000001,3.8,5.7,-0.4441827824822977,6.486678341846618,42.07699591058199,-0.15857979370026815,-1.5575087600568684,10.15978447042714,-9.917611632334118,8.105901468284884,13.167478239241605,5.930900926691206,-9.546805065131698,-7.754051932723726,1.1757295810831163,5.413426306517879,8.242608232384129,-0.011960132197795896,0.18153215369650222,0.032953922825690506,-17.27341614178664,350.51033131555613,0.5166074659661986,-3.7238820898310583,0.06139587732990834,0.08316581333502479,0.05805693957278306,-0.10350833857671697,-0.04462983757009398,-0.003968925319196737,0.03853597576493081,0.09804124655806704,-0.6572212887650515,9.226329587761166,85.12515766199712,-0.1422315768369652,-1.5566310724549564,14.32969200986472,-14.011034339526113,11.520403343453717,18.810775124272844,8.43550165162881,-13.522341322497251,-11.11956992627723,1.6580125518493225,7.691205197995615,11.903550502393736,0.020866781760432655,0.3668908691180357,0.1346089098421876,13.524911825457345,201.724742374131,5.542726611654307,-0.9942020311868613,0.06753516968027089,0.08910550366855614,0.08682416537737046,-0.11378454537697992,-0.046921555751300886,-0.003693419840291867,0.04218394791725526,0.12763740526212522,-0.01684199017634397,0.14761613297969747,0.021790522715879727,-7.889248705154838,78.02083088987209,0.36656369013775797,-1.5949814217414664,0.06670861023428308,0.08900353154822596,0.0631936113276909,-0.10806534377521435,-0.050158000415515935,-0.006288505832116926,0.038845531132710026,0.0934093642825894,0.01390654570400532,0.207567916919174,0.04308444013416512,13.04817886844166,191.30237350838493,3.0980574218448242,-0.3292692734638269,0.06502065369850862,0.0860780246235163,0.06432714036792987,-0.10346206699965069,-0.03954024258367199,0.0010957943346079392,0.0465377820398443,0.10716722814400131,0.7957317073170732,1.7549876870444343,3.079981781677573,-1.8766537637380045,3.5715755865759187,3.5,-7.7,0.8895613311033613,1.2999999999999998,1.649390243902439,-3.4,0.6,1.3,1.9,2.5,1.1317984494025004,1.9823811774197826,3.9298351325882437,-1.2688528458116735,1.3045929947350405,4.703034526559026,-6.224191151429519,1.3447968253330846,2.1785585188807723,2.031923789358241,-2.8606173627461393,0.33449872016853466,1.7599079980839474,2.513057239049307,3.3271180256017994,-0.004858929890082478,1.4849378705096352,2.2050404792736904,-0.09322225643396267,4.73989190711285,6.002086314130491,-7.083024799220161,0.42617845193604176,0.5448512750039167,0.8414436671401614,-2.460832664564386,-0.2983445255023227,-0.0053922823676894605,0.24650674950159396,2.887564184802936,1.6230657230328112,2.535200563881422,6.427241899104681,-0.9246982988696055,-0.08031516736411959,6.029089681553823,-6.400493315557039,1.575171092318561,3.3419571297720747,2.744528739291703,-3.3988220821966424,-0.010073915189365516,2.5608341220846302,3.3318832145827093,4.505237996422086,0.03770637494021611,1.1745060012906101,1.3794643470676589,0.45959343736783587,3.770205707580713,4.7372757007205655,-4.270908722832857,0.6916849349731216,0.9207213919424495,0.7699002412069123,-1.7527044465209318,-0.46485982447110014,0.002161261260970826,0.4558615674713493,2.0249870981094227,-0.006477487847841152,0.71858304763187,0.5163615963439063,-0.7528292645889029,6.204617506694845,2.4681487090614045,-3.593345352152347,0.19495524429335157,0.26376896713637105,0.40624792223026435,-1.1717763125371028,-0.13181502767628434,0.00774963034705326,0.1319539394600867,1.3878800440552423,-0.10498589172887113,1.9547967527317145,3.8212303444904556,-0.2834428119299476,3.8677321071173365,7.796875823899901,-7.8347491963106535,0.5346198589812746,0.7619872205535776,1.1035976024785445,-3.835056081444615,-0.4574158695134949,0.008847714861891258,0.30457135104008265,3.123518732871639,3.1227642276422767,3.5947129878109325,12.9219614647366,-1.721684326480059,2.147847223053871,6.7,-8.6,1.1860817748044812,3.5,4.383333333333333,-5.7,1.8,4.8,5.3,6.0,4.417285348499082,5.048561778817999,25.48797603454196,-1.6909152317381666,2.0372040555981332,10.418816145269169,-12.16885293398374,1.6590823251626874,5.072601260393756,6.1795272100633705,-7.936918462388171,2.4643221497154153,6.843742136067187,7.536923410109171,8.531189196596406,-0.04644651041736767,0.4447016234215838,0.19775953387379214,-8.1170631375895,78.08809288718048,0.7813225077628378,-4.971291145952778,0.0921338078744774,0.12524479080115897,0.1509446881686888,-0.34851199942281585,-0.06641690626920826,-0.0029635527678811557,0.0588278845319507,0.24690396135691386,6.252552807723501,7.031728032184077,49.445199118603355,-1.7553855618712222,2.3490892793605784,14.223670393669806,-17.460216513786335,2.718846287298455,6.64434265457228,8.66657812182508,-10.883530195131286,3.9535538007014184,9.50882312101821,10.597896455273698,11.86774668902192,0.08401653220520935,0.9050586877062546,0.8191312281925677,6.071024650181358,41.483166247243645,7.347929121484811,-1.3385727467149016,0.17051908503954177,0.22919592891700172,0.3025903010945166,-0.5443073369413535,-0.1112147983011397,0.0021945252335592302,0.11798113061586202,0.39579083633760886,-0.06475977094413908,0.3512674179335874,0.12338879890172955,-3.880524548565566,16.861426199806765,0.560105461872229,-2.0392105367265807,0.10071497667204382,0.13714173192514378,0.15492871022641774,-0.2752985509786179,-0.07975242047590414,-0.005296565398246922,0.057389311449239644,0.1866417150279127,0.059479139031573765,0.5130256277859789,0.2631952947651978,5.733012836704379,38.18648317839731,4.129224958788154,-0.5964568741115707,0.14035205551260316,0.18943145978190473,0.20527081114866524,-0.3644406312218297,-0.0857189540671818,0.007766160748908062,0.10371250571472293,0.3695453558657547,0.009034337820493687,0.16213166558057496,0.026286676983931397,-0.5681794726310386,6.466698001059774,0.939923,-0.979521,0.013392345839761101,0.018008000000000003,0.07954672814374832,-0.275025,0.000675,0.009293,0.018683,0.297043,0.012776128265202271,0.18209534480070338,0.03315871459808706,-0.07144577551413583,6.8665534376260915,1.012897612034366,-1.0441858004132176,0.016884601589516976,0.022777584769044432,0.08883948207247952,-0.28621679372678116,0.0013263483031335803,0.01265970098387567,0.02410393307217801,0.32643923652454876,0.00026259205245439274,0.13931934288702377,0.0194098793024721,-0.06749239236277044,9.995244484409533,1.1104100544009252,-1.0448809032281627,0.00807225919812275,0.010904132795424489,0.0612624475582211,-0.222486968670141,-0.005345656167587089,4.1905948160883994e-05,0.0055584766278374,0.22321529813125032,0.018067139206235913,0.2393089265102438,0.05726876230748526,0.1912180225992293,7.1626052061996575,1.2974107139628372,-1.1992210129199794,0.02273508850727301,0.030832698498082487,0.11559130376963081,-0.3450864999974698,0.0015914292927539893,0.01740720814622155,0.03242412779083648,0.42291003461203247,0.00456442556577525,0.09495273848838744,0.009016022546444092,0.6107259477655315,9.632186709806087,0.7055384530851369,-0.7455462005640451,0.006572988204353252,0.008865941798564134,0.04250186582562232,-0.13529793493858683,-0.004217128895946408,0.00010257726755946475,0.004648812902617727,0.17353714352994776,0.0003707652212038911,0.10546843500384061,0.01112359078215935,0.07231929420899261,11.259516744747076,0.865686817975253,-0.8615485919555951,0.007954414697231816,0.010760832925284347,0.04676903463517635,-0.16464280959904307,-0.005321725354680183,1.774223401768008e-05,0.005439107570604163,0.16208961710739916,0.0010012386235601952,0.1663977832734703,0.027688222278324792,0.44828955303972373,8.594316916018096,1.113263671375305,-1.231367106875249,0.008054042978350539,0.010857278865225028,0.07421939992462767,-0.28038018113842605,-0.005556818029133499,-0.00010153936241276712,0.005300460836091529,0.2808318834402621,0.01158569511685521,0.3460972324993636,0.11978329434371852,-0.016264625831831334,6.156369606661938,2.231446,-2.041951,0.024498519058586566,0.033047,0.166904902292332,-0.635952,-0.004153,0.01207,0.028894,0.621442,0.016385174070454308,0.43202345808792897,0.18664426833825254,0.14342806043332967,5.2132349580569795,2.3924214766009793,-1.8894600554856749,0.03362170037886569,0.04525004791310844,0.21204289159382197,-0.8302382009720577,-0.005111585472449442,0.017075190834027268,0.040138462440658995,0.7815345506779926,0.0008382880371700535,0.23000048357514222,0.05290022244479927,-0.21833323456269205,10.293973962254968,1.6849581911373006,-1.8563842395596164,0.00874990767833228,0.011830546715636174,0.10012659372299683,-0.3570808136041934,-0.005732157649439311,5.558878487963557e-05,0.006098389066196863,0.3661090652532648,0.023173502979486327,0.5345156500179182,0.2857069801140777,-0.20925497399634263,4.328528157922655,2.5890233440510437,-2.3195304199888627,0.03975891152071798,0.053861475087850164,0.26957287146778425,-1.1006776051803602,-0.0011067981946673129,0.02509736937309047,0.05275467689318285,0.9861350483447204,0.0021139694580009825,0.2958217582616767,0.08751051266102991,-0.1016887188142138,5.686912949496161,1.3891435321296102,-1.7603594338886426,0.024537823125084856,0.033081456707997337,0.1415954205644572,-0.49671181195027214,-0.01632724542601288,3.6066402733532467e-05,0.016754211281984458,0.5559427970915554,0.0011856202650743254,0.2585156357310763,0.06683033391744252,-0.019760377707972725,7.93795913866612,1.9898291292568484,-1.9134611362670435,0.0076221342535106465,0.010280661467405465,0.11591952300717985,-0.44473109091074825,-0.005045076117548873,8.031722114492168e-05,0.0052355853498565925,0.43850495672296996,0.004047656236255582,0.19731903700462405,0.0389348023644322,0.3419770378277037,11.14842904275713,1.5801137574174593,-1.5262097993343136,0.009682329711815233,0.013078150859481528,0.08505973644898385,-0.29924397655732105,-0.006223378994009676,0.00018547963675593919,0.006854771865471852,0.3149562657408082,0.01054389850162672,0.13647105563793444,0.018624349026932194,0.18489692081025882,7.001771976199665,0.934795,-0.793556,0.01210544711409824,0.016329,0.06803359611079605,-0.229152,0.00267,0.010895,0.018999,0.242399,0.01491259092379735,0.1357323007842297,0.018423257476180604,0.11813306569708348,7.476459410319203,0.8405812404384191,-0.767061854576344,0.014482958942122315,0.019532267297870935,0.06924262184757282,-0.2163897639516738,0.005747545918744629,0.01550647978888249,0.025279813216615564,0.23021688436287827,0.0010584503362531133,0.1371897268696342,0.018821021158564835,-0.007244437971631579,9.496031118238262,1.0582479749153433,-0.9857940653088604,0.008765678120862638,0.011850145068916082,0.06157843194075587,-0.21553914181822953,-0.00577349005223643,-8.498287846631553e-06,0.006076655016679653,0.22407131669836128,0.02109321949744527,0.17813246584730874,0.03173117538884261,-0.006207523435066375,7.447243266259852,1.054243789994304,-1.0162570759484322,0.01950226109372454,0.02633717213858109,0.09224615460692001,-0.2858823225916336,0.008969048161081081,0.021929390778635725,0.03530622029966217,0.3086348905352842,-0.0025980245693125576,0.07142918070904127,0.005102127856764872,0.03979515489594473,6.970181137956168,0.4986254548271204,-0.3995753364448002,0.007015287223289873,0.009488284655358637,0.03430620006390764,-0.13419023491720639,-0.005068534425907172,-0.000200182881492621,0.004419750229451465,0.11801386061115515,0.0014972672651152436,0.1663567644280658,0.02767457307097498,-0.039299449833102476,7.506219429726729,0.9802773515773717,-1.0410486390088072,0.009539949497766584,0.012897819925034977,0.07604147203891957,-0.2691394584641601,-0.006386130972121494,-4.866276199476705e-06,0.006511688952913482,0.28426881910054524,9.879933695111352e-05,0.09980344342489154,0.009960727319465526,-0.3398378624622623,9.446443491378925,0.6485638740774878,-0.689158541716286,0.007914679730940477,0.010675883868041202,0.044309936030885344,-0.15604927923693235,-0.005270093983411978,7.712828771007325e-05,0.005405789884629223,0.1582703071281198,-5.7350252216219824e-05,0.6378866114000876,0.40689932900348647,-0.0016962307217913244,0.3355793259114992,1.807969,-1.810133,0.6509587430681621,0.87800525,0.500568132301585,-1.1878625,-0.43802125000000003,0.000232,0.439984,1.1879425000000001,-7.135681774584451e-05,0.9019731263158938,0.8135555205960672,-0.0016971824610721106,0.33718520855068235,2.52814235102478,-2.5574621399449433,0.9227902014828827,1.244346990338121,0.7074142009717169,-1.680121330923181,-0.6206643926601773,-0.00081467963317787,0.6236825976779438,1.677496264030159,-8.708619243818199e-06,0.014709348207650116,0.0002163649246938997,-0.6637833826501914,21.829672340410845,0.24334304037917515,-0.3626335187609485,0.0144913701907571,0.019505873634569806,0.011506934875618097,-0.021691798653365364,-0.009822571927561871,-0.0002886668438985343,0.009683301707007935,0.021930839827139777,-7.232550892049884e-05,1.274705998129543,1.6248753816674346,-0.0016176847006580928,0.34432881836036655,3.5719818947335127,-3.5572600863844235,1.283638677915316,1.731703369201288,0.9981096036182656,-2.36913920945089,-0.8634739127029836,0.0006947905839979358,0.8682294564983044,2.357123704585243,1.6904234893572393e-05,0.04613813654299627,0.0021287276436601677,0.030220549227289135,0.22257693228519404,0.31694681267929936,-0.25388013747385624,0.037469539944419074,0.05051681129204197,0.034882844965901876,-0.0857631568618409,-0.025437215519564405,-0.00033071546712542046,0.025079595772477564,0.08617871602173897,-1.2291809861458074e-05,0.0063469573751129766,4.0283867921501006e-05,-5.625121007378863,224.417321301414,0.1018376853015866,-0.24143131631332085,0.005610082201314897,0.0075754408778936,0.004635702475859976,-0.00923805615747196,-0.003810841306925068,-1.7468948906945373e-05,0.003764599570968532,0.00938871198540589,-5.941262036896946e-05,0.019810643859784823,0.0003924616101392301,-0.296697732453558,2.8007036386676747,0.058254589519215666,-0.2292235935664152,0.020049260475703292,0.026904520614183438,0.015776010672332707,-0.032764620627881685,-0.013487681142578655,0.00032939534907600553,0.013416839471604783,0.03249804003961362
-5.375278622087133,7.346989458390493,53.97825410170103,0.6241326768124349,0.1312320653689265,13.8,-22.6,5.337367986620167,6.2,8.202026342451873,-16.47,-9.5,-7.5,-3.3,8.2,-7.552606879567944,10.41742104637374,108.52266125743053,0.6464022468041069,0.1545090422328026,19.377516322796648,-32.461478525160295,7.473854437262932,8.646870262434707,11.600028931034714,-23.068994880898057,-13.36301857924162,-10.56795493657709,-4.7161483168069145,11.578925600467645,0.02712830805200006,0.7362719144609859,0.5420963320240454,8.714834652240928,106.08335905628047,10.245293122947142,-3.3674240523775714,0.2456654173399172,0.3361464689141236,0.2764737645456819,-0.4744002309487099,-0.176346260535162,-0.0023055498993976853,0.15980020837896158,0.4269417893289304,-10.544815372911224,14.860108116393965,220.8228132309178,0.6923357369920027,0.14705252651266498,27.382064340327908,-45.1371962887758,10.54058086530121,11.95027668322441,16.476175063037015,-31.687156495395957,-18.798028774379805,-14.908322386034275,-6.847752091155396,16.42070219341061,-0.05239271616876448,0.7410637310842751,0.5491754535285469,0.48128670474870167,36.26529141557486,6.656391903140173,-4.465893175653673,0.22735866455632847,0.3082887462495872,0.3112784650436293,-0.4756265064615684,-0.1588569859713751,-0.00953094924921738,0.1494317602782121,0.4186875876100104,0.037197384673217225,0.6719695107445814,0.45154302337031216,5.806916302339096,54.82134780884839,6.878286175070867,-2.8644751871648055,0.28912317486638534,0.3920267419558119,0.2911536180855394,-0.43212460432260485,-0.20219605792627332,-0.00291554564274203,0.18983068402953857,0.39393722093016703,0.05906302411816567,0.7849745988464134,0.6161851208340876,2.530184383437324,36.22511979120698,6.501956342353741,-5.611743483029914,0.24796071589289181,0.3245203127008226,0.32429295971491867,-0.4891494746321099,-0.14903187671119864,0.005980874520549174,0.17548843598962394,0.49595017040129363,-150.9029381965552,12.640467552208248,159.78141993842956,-0.2374994078644798,-0.6964927148353919,-111.3,-182.2,15.863843738009965,21.350000000000023,150.9029381965552,-172.47,-160.55,-149.9,-139.2,-133.8,-213.32871653046442,17.519956669651332,306.94888170646016,-0.15820064600860906,-0.8681311446987947,-154.36282616486213,-250.8563732568625,22.823353324680614,30.76789046605745,213.32871653046442,-241.58129764024986,-227.69991770207062,-212.09398064904903,-196.93202723601317,-189.49198601715216,-0.04137161863121106,3.4550913450477925,11.937656202624163,-0.21399678364549954,1.9264666164492086,12.723859168280729,-12.661168602099243,2.3386489374318757,3.1425082415952144,2.417883482727944,-6.012004912407055,-1.5661865147606644,0.05900213567836765,1.57632172683455,5.67229858337365,-301.4700929966334,24.53412579514558,601.9233285320278,-0.16584007498324577,-0.8745253413826957,-227.07939354201315,-351.4242616431298,34.10266081719455,47.14029345788572,301.4700929966334,-341.2390390401574,-324.37554064234655,-299.7100832527856,-277.23524718446083,-268.163226440394,0.03349058112861872,3.095228953755018,9.580442276163383,0.057919867715323134,-0.43777014980873963,8.608740825243721,-6.3625827363863685,3.3225735724902474,4.389683301665576,2.4965468482427013,-5.379290553498211,-2.208878687140941,0.0850016925111321,2.180804614524635,5.186542171977521,-0.059951799319108344,2.1256712910557147,4.5184784376184695,0.06820554762195252,1.4217296653105453,7.857472529319318,-7.379367057772699,1.6466896834734839,2.3812905486281615,1.5534054272817996,-3.6707573460880205,-1.2025767367067326,-0.10732211396982679,1.1787138119214287,3.506975957209226,-0.46901797008600843,4.338138312181198,18.819444015614337,0.1808956236716749,2.301865668107819,15.74154083219939,-15.733115052109863,2.6852466543985627,3.5915387530817595,3.012930297303473,-7.978020717420308,-2.4106832709867128,-0.5284130047088951,1.180855482095047,7.199169484166797,-0.42968591691995955,5.552875630118194,30.834427763560534,-0.362780408726025,-0.9347356003817535,9.6,-13.2,6.2269293177235285,9.0,4.616717325227962,-10.069999999999999,-5.0,0.7,4.0,7.369999999999993,-0.6309080314128537,7.734646165759467,59.82475130949763,-0.3340139310801731,-1.0236409485223392,11.905958836899192,-19.857937012333263,9.09158448653589,13.42942507686006,6.490827362931549,-13.383380612908498,-7.736135423559222,0.9836257034854853,5.6932896533008375,10.123422488973976,0.03449715142544737,1.3537194816809643,1.8325564350825787,0.01524606607388834,1.4289297868694613,5.567491462433816,-5.038281268273259,1.0909120246053676,1.5013693599592495,1.0051012067858167,-2.283074787183546,-0.6780852775701028,0.03499050626801373,0.8232840823891465,2.07810424585349,-0.9580803987793937,10.79432490676954,116.51745019290524,-0.3033865523993143,-1.148604603705206,15.957276370307932,-25.665036767001283,13.185378015722168,20.55615165109807,9.127762306758145,-18.23208079687584,-12.329815488446036,1.389550151767704,8.226336162652036,14.254078631051275,-0.07634305450647345,1.7912425131623448,3.208549740960153,0.09041562884615993,1.2713586141823132,5.847442572734347,-5.651614861609957,1.5298897306488954,2.0055587048211345,1.334656740952724,-2.6435930423207377,-1.1271571038478287,-0.07775507855555036,0.878401600973306,2.7093153301793067,0.04793517420865825,1.0718425575733943,1.1488464682254749,-0.018807297472381964,1.5119160786809536,3.876572184165744,-3.9913964425713577,0.8425980088736246,1.1490753505020916,0.7873571368102816,-1.7958653082507985,-0.5236230042467307,0.015736172161213452,0.625452346255361,1.8440963453028532,0.020826487209304828,1.5702429457328873,2.4656629086238953,0.04877104128902965,1.3845516378011542,5.659087801054834,-5.53587431142031,1.3661411800549357,1.8613915835015014,1.1732835007067723,-2.3492894791792547,-0.8915810595056068,0.02022544030735634,0.9698105239958945,2.641934206172862,-0.5882472137791286,4.421718488869729,19.5515943948124,-0.0979155624926388,-1.5078518527028093,7.0,-7.1,5.633888430321287,8.9,4.0095238095238095,-6.7,-5.5,0.3,3.4,5.7,-0.8397877331130181,6.271249503636485,39.32857033686086,-0.08809907424156163,-1.5055367933209878,9.92100561984884,-10.378768294419945,8.135979956361338,12.652690859223195,5.685613924902811,-9.511577479611287,-7.790840865344689,0.310045985721894,4.861849993878508,8.085467206831217,0.003917482015201905,0.22191340655983666,0.049245560010991354,17.16201829140086,352.3886717875697,4.551321396987759,-0.8379514094628726,0.06307134354049454,0.08485844852628271,0.06550998411155122,-0.11212901307973,-0.0474960974912898,-0.00435239485709249,0.03736235103499291,0.12374017862661012,-1.2094025725828665,8.927579055774938,79.70166779711133,-0.0666364215164022,-1.5122172179622029,14.001803726975005,-14.0134049840575,11.89094186976408,18.05331837953261,8.11123369693507,-13.455576264972972,-11.18466729104968,0.17787714967254198,6.868651088482929,11.657328584487761,-0.012539032771758676,0.1706974395521327,0.029137615869653997,-5.636951292949884,48.07028801076111,0.43462563108500446,-1.5983227596895984,0.07608153045263212,0.1049931918837597,0.08331832700209835,-0.1572097798088748,-0.05084349193446053,0.006953120158669279,0.054149699949299177,0.1219868801475353,0.005317246898242999,0.21176793150699533,0.04484565681475146,11.537349123257725,166.78721822143697,3.0474531058554555,-0.7564909528117738,0.06646546370491263,0.08933630609020862,0.0708126524259441,-0.1060700195050891,-0.04759068484043321,-0.0031838876733999667,0.041745621249775405,0.11571272597435281,0.024816376309404954,0.22751864301129276,0.051764732917700076,9.834661731812664,111.53689892937973,2.873057145267561,-0.41093108744588536,0.07161665775726073,0.09049512028065648,0.07506485144832027,-0.10210876524168237,-0.03533074016211337,0.005405525497889063,0.055164380118543105,0.1299996579887697,0.7159067882472138,1.9976176954988996,3.990476457370334,-1.7775051681616778,2.7038172174382993,3.6,-8.1,1.0378215529539212,1.5,1.8137791286727458,-3.9699999999999998,0.5,1.4,2.0,2.5,1.025758329361938,2.262295478209764,5.117980830728345,-1.0631932830867927,0.2104895551028685,4.57207904882167,-7.020559464435593,1.5497520007201118,3.0203156159570446,2.25200298996143,-3.4851443195255594,-0.3584622581182417,1.8329796129102194,2.661853357838803,3.5110947135697845,0.042929099810170096,1.6844519138809277,2.83737825017712,0.24197696548432912,3.666909685358018,6.796532500376398,-5.731286714698249,0.4630268202532303,0.6383365413589471,0.9549062652374696,-3.2435304549060633,-0.2690696186381031,0.00148264681648147,0.36926692272084405,3.2134532977897905,1.487589011013171,2.9712330940709992,8.828226099302723,-0.7979205462933024,-0.7933127951098888,5.458571320405221,-5.8532155392312974,1.9017669320217523,4.99040167906204,3.11510615895203,-3.93607018448904,-1.2919105887324447,2.777646027590748,3.698491090329595,4.793837400925373,-0.05560427182078019,1.1781904315220146,1.388132692930031,0.37500221781198145,2.94039414422343,4.775236892221063,-4.453807983413209,0.8492606027803083,1.1226975272823738,0.8092751744420051,-2.0482887226815913,-0.6184709334162621,-0.021302046305643696,0.5042265938661116,1.7243255314732207,0.06025744102601285,0.6085573929834173,0.3703421005547734,0.40826214454567344,4.013040292583112,2.933739403263003,-1.9294614986565397,0.20758571558829522,0.2836030739153246,0.36282491300431174,-0.9809190025184426,-0.09215405949922868,0.027825348222572134,0.1914490144160959,1.137083900802787,0.08435612317151427,2.284467598903116,5.218792210438167,-0.35625197332499503,3.79433404236224,7.256187302183775,-8.729902886224812,0.5187304270085987,0.6970275063120948,1.2682044179081835,-4.041156439486814,-0.2282419191044261,0.01093433440578774,0.4687855872076687,4.462486585364209,3.6912867274569403,2.7625123042001594,7.6314742308572745,-1.7170233741756493,2.364730809565586,6.8,-6.8,1.0378215529539203,2.6000000000000005,4.285207700101317,-3.1,2.8,4.9,5.4,6.0,5.223240198950105,3.861419203357254,14.91055826405617,-1.7028577542918342,2.3783365182051908,10.08677752569895,-10.221630964370984,1.5625803314987101,3.734300981829129,6.034825214129076,-4.0333670906696035,3.890892974418445,6.9366994321494335,7.625193956247574,8.519820816381223,0.02347631154367885,0.4957773908908572,0.24579522131854584,6.275900801636368,83.09755064548435,5.720241923205299,-4.050975783672098,0.0960554714168244,0.12473586765763034,0.154200407434177,-0.3182155846521772,-0.051191948704075174,0.005184223397016241,0.07354391895355517,0.2596265578550041,7.3948415789138835,5.3814172681183905,28.9596518136028,-1.6318029416589044,2.046621062117552,15.20691310329744,-12.877444607840552,2.067390213982882,4.96172094272586,8.487156337508132,-5.601610016498521,5.7641027765008594,9.894467947216238,10.72582371922672,11.970199048078932,-0.0380790395001074,0.6715889411431339,0.4510317058657558,0.39810236461628096,56.6563915489823,6.475182460367708,-5.830534916697432,0.16712078908412545,0.22354867978489482,0.2548488054716461,-0.5386057255800057,-0.10275610973653954,0.010160666819853892,0.12079257004835528,0.3645366462604987,0.033098589567310516,0.44209972081537985,0.1954521631450368,2.4533088987148846,41.55050320198359,3.3442091439101453,-3.4037264990300407,0.09471777981605767,0.1291298392387785,0.1471061919711483,-0.18723058024874897,-0.05688681810579643,0.001374457798658493,0.07224302113298206,0.22167810779222347,0.021519855888627287,0.5374798677649272,0.2888846082526036,-1.812354593051357,45.09438461587323,3.1358128992463024,-5.240600366659552,0.13478402219057672,0.1872297499562917,0.20701263343413817,-0.3143322690023049,-0.09407541565067658,0.003553699880733733,0.09315433430561512,0.3865470727362529,0.004299986110700233,0.17071770236165235,0.029144533899641716,-0.45262622191553353,5.907907669084029,0.867239,-1.033365,0.013745205167765435,0.018542,0.08256322117859362,-0.2982185,-0.004436,0.004538,0.014106,0.30429325,0.006080332653586996,0.1996752797185391,0.03987021733067683,-0.17525602145787825,6.690626306622608,1.0679088621164938,-1.079727017070702,0.017409173486350772,0.023474622443836326,0.09420024804393223,-0.3079939089752934,-0.005654465933835982,0.005995904038123664,0.017820156510000344,0.34804151470443234,-0.00010700737907859764,0.1356969950129943,0.018413674455556597,-0.06877334496282252,10.003178608656052,1.2416105239783057,-1.0358988858193683,0.007977403788838234,0.01074863108533864,0.060199301388272244,-0.21764764779945667,-0.0053577792158277585,3.886038732539134e-05,0.005390851869510882,0.21535222530475281,0.008596661646220303,0.26436457141550274,0.06988862661970245,-0.02372517323239313,7.214516484301248,1.307382850254941,-1.4428116924191001,0.02327661033517362,0.031434405708541516,0.12187859076357618,-0.382488754563511,-0.007685632078509222,0.008127819725728517,0.02374877363003229,0.45630720552919546,-6.190045860671433e-05,0.09918509867870608,0.009837683799904663,0.1009354943071581,8.11443020843994,0.629554787299336,-0.6956331242933586,0.006997694330485101,0.009435817337522636,0.0455299949038019,-0.16282117968715346,-0.004862725781768285,-8.14101747954027e-05,0.004573091555754351,0.16908020073905983,-0.00015143854075477483,0.1003705949730263,0.010074256335239295,-0.052942139113711845,9.170477924039494,0.8636559696621875,-0.7794698789568951,0.007564288195204769,0.010211124124572708,0.04643010251988981,-0.17027448334170356,-0.00501779019789229,7.821915187830403e-06,0.0051933339266804195,0.16739532891216674,0.0010252547051277856,0.16354054432118953,0.026745509636870952,0.10765054502567163,9.246020313747035,1.226113822425995,-1.3120302233941186,0.008394883416180525,0.0113300582855042,0.07363105070496699,-0.2642300170671749,-0.005627265735449062,0.00010823848788072291,0.005702792550055138,0.2677251434314544,0.0069101892879330235,0.3472768858111378,0.12060123541868203,-0.10772830099052533,5.944628055094588,2.101421,-2.092363,0.024498519058586566,0.033107,0.16694792836434638,-0.635456,-0.00914,0.007203,0.023967,0.623229,0.009773231561353589,0.43443640499339353,0.18873498998358385,-0.022481708387594307,4.857873812395268,2.4173850462159585,-2.0260109982163503,0.033533939460535865,0.04522083761290949,0.21331138053544113,-0.8229542945583375,-0.012022821340330862,0.010138223926434299,0.03319801627257862,0.7959019424658788,0.00019075480956512304,0.2290110480173852,0.052446060114021115,-0.014836771558307916,10.794873339411954,2.013295009341887,-2.058446034473257,0.008930552177492012,0.012051477103154146,0.09996336649638769,-0.3590957105559925,-0.006050556646677688,-1.2941413798440808e-05,0.006000920456476458,0.36663091350726507,0.013823443228635341,0.5446993697961307,0.29669740345630186,-0.23185634133472213,4.100078425791177,2.587213460933016,-2.274496922466593,0.0390216004606325,0.052545287536221674,0.27145437956490215,-1.1209602062854966,-0.010602815976885959,0.01489034964322185,0.04194247155933571,1.020194288110761,-0.0007882152422217918,0.28408632084807584,0.08070503769299588,-0.20281941922821745,5.676960419125908,1.4427908639824083,-1.6402058533575679,0.025054289581436854,0.03380036847534797,0.13692145940540054,-0.5242741843946728,-0.016270901936648523,0.00020502902414598606,0.017529466538699447,0.5020764824496007,0.00026940640201813973,0.2486650110159946,0.06183428770358473,0.05014940063110584,9.698247509394502,1.998417694626292,-1.9753212263469497,0.007635405543223463,0.010294510314612973,0.11162731570381593,-0.4191237911610836,-0.005022691559017769,4.432821128458011e-05,0.005271818755595204,0.4121568962068709,0.0010565690016328467,0.20745627800949143,0.0430381072855514,0.009288969550269666,11.918999430542536,1.6924423796805785,-1.5526498201010237,0.010048299005254493,0.013569960907466634,0.08925295914445713,-0.30596551351358703,-0.00675179645727156,6.795517188316658e-05,0.006818164450195074,0.31364501838782766,0.005532805091264089,0.14044729454853033,0.019725442546001636,0.2011776452500174,6.794538099113556,0.955479,-0.79658,0.012373798115647752,0.016693,0.06762537770316245,-0.24080975000000002,-0.002713,0.005815,0.01398,0.249491,0.007826028121611093,0.1544250487147714,0.023847095670559513,0.06954374819891332,6.928944474034827,0.8197317474957453,-0.7663923924607495,0.015156878064747392,0.020435087736156737,0.07344817736161295,-0.25935443338514347,-0.001972455701091048,0.008314619426003108,0.01846263203506569,0.25815908065591486,0.00012039283798557768,0.12490118816679237,0.015600306805476475,0.04586301354356403,9.336611279018324,0.914407576307889,-1.164355831065104,0.007949450096172652,0.01073418184419739,0.05691232796508239,-0.2045407941416715,-0.005320466237806493,-1.921751990628293e-05,0.005413715606390897,0.20548365568550667,0.01107191040544634,0.2074239281763465,0.04302468598010615,0.003642822632781787,6.993725820264528,1.1097915331902806,-1.0540923404626694,0.02014837198813715,0.027160548857421637,0.09901260365267332,-0.3497142523700618,-0.00188137822416041,0.011852646309561392,0.02527917063326123,0.35005939746887477,-0.00017512968343601535,0.06827240408543755,0.004661121159605271,0.45712505292342004,6.3371129105487505,0.48639132649795086,-0.3531442979809606,0.007282758955077591,0.009816779091488979,0.03331105723373911,-0.12579749147478794,-0.005111863228529394,-0.00012765961711392189,0.004704915862959585,0.12177200170293785,0.00017020496948932928,0.15016074164892748,0.02254824833255594,0.0975308430410357,8.096434215839674,1.0563444717269168,-1.0771498352904676,0.00849448226774134,0.011462087415110848,0.06920100051096925,-0.25506467321033177,-0.005630477423510036,5.6055978280659854e-05,0.005831609991600811,0.25385305875856345,-0.000518988500649369,0.09298701597130003,0.008646585139246807,-0.12626910674754732,9.008971772468389,0.7482208962338278,-0.6643467088130942,0.007381869151387984,0.009980440592904812,0.04216999406433943,-0.14854846538142175,-0.005170242482224745,-0.00012666475208228888,0.0048101981106800674,0.15137314201779542,0.00019156252403632846,0.7241894817987492,0.524450405547941,-0.00214389135353694,0.7919827724072679,2.180944,-2.177754,0.6679108168345551,0.900806,0.5468504004082478,-1.3807877499999999,-0.4492405,0.000212,0.45156549999999995,1.3811677500000001,0.0002545032699250335,1.0240124960252908,1.0486015920159462,-0.0020807547242415467,0.7944252536744458,3.073075993462912,-3.058176317539671,0.9432176139394354,1.2724934688766885,0.7728158465426885,-1.947231338361932,-0.6344414393683319,0.0015050312380073668,0.6380520295083565,1.9558813554837942,-1.0104612407455993e-05,0.014907094614380372,0.00022222146984208832,-0.0544517462179856,25.46670497261673,0.3860081374759925,-0.318575881492676,0.014605425285538947,0.019719031559267748,0.011575558953205398,-0.021779339914891734,-0.009945081593709533,-0.00031554814335110586,0.009773949965558214,0.021654408765496562,0.0003138784886710829,1.4473469910721177,2.094813312565513,-0.0019493635056679651,0.8040913512827048,4.279363212879373,-4.309793610130401,1.3061574947937842,1.7609960726739615,1.090830220292649,-2.740377354948632,-0.8776261848652481,0.0012766127080558395,0.8833698878087133,2.7479837074680087,-2.808595658238427e-05,0.04560613097781325,0.0020799191827654572,-0.11910598852169071,1.7408723650176476,0.24649153505836613,-0.5888219265446873,0.037912253709439805,0.05118370138703567,0.034396599403295786,-0.08448309036939873,-0.025561702918338588,-6.621333337385529e-05,0.025621998468697085,0.08475538394272018,-1.386321293916342e-05,0.0070189536332545726,4.926571010577756e-05,-2.6235071758413007,343.7882658454238,0.2666215363509411,-0.2856426380662596,0.0059039483199754515,0.007984079681867776,0.004972073964638281,-0.009696468550342225,-0.004013324057467594,3.260116240427793e-05,0.003970755624400182,0.009777642319244027,-4.066423036052161e-06,0.01987829579240932,0.0003951466436105181,0.04714663673714453,1.720655575860305,0.23506481438054683,-0.16431986128528125,0.020288264997994,0.02708450292084153,0.015810243290115624,-0.03330348509571305,-0.013624526650389443,0.0005037839047353368,0.01345997627045209,0.033779494292245214
-5.847106598984771,7.811593249149593,61.020989090159496,0.6233833188496997,0.1352556890470087,14.2,-24.6,6.078669095872969,6.300000000000001,8.811776649746191,-17.18,-9.9,-8.4,-3.6,8.6,-8.222163043729022,11.075263821087626,122.66146870669247,0.6438178577819064,0.15427591249956452,20.004031095678343,-35.86068562469839,8.682095101458431,8.815172422894328,12.465343630616387,-23.920836286455152,-13.914681697523536,-11.856509852364645,-5.099509274629207,12.15198767456414,0.06474910024913355,0.7676547056781542,0.5892937471498135,9.521075706809095,112.1277463897805,10.91251353605725,-1.4819046396761528,0.2648799747837349,0.3518956600855059,0.27416430988815454,-0.3896944286794965,-0.16940498671946697,0.012027766832744091,0.18249067336603889,0.40716834805511287,-11.48374244784908,15.816351820591436,250.15698491272602,0.6777748170993934,0.13826220438364034,27.961296769997553,-47.12840422782851,12.469633335964224,12.287364400982998,17.705982152578805,-33.50961697909274,-19.53278412934103,-16.899493216984258,-7.2454197283580335,17.203183822688715,-0.08576716796682968,0.5271726907808628,0.27791104590513516,-3.6461949121304227,18.590990271752172,1.2090533105279242,-3.5448570045722096,0.2512951206530121,0.34054848413687067,0.2795830357856282,-0.5952778998995636,-0.19597843099978846,-0.034641760936995,0.1445700531370822,0.41832846627924314,0.09108234863947934,0.7625679880755818,0.5815099364376407,6.269376675319554,51.068368779641865,7.633303579491418,-1.9074801523452987,0.26609007153863,0.3534270496580929,0.31082576987551364,-0.4263397319094455,-0.1668527263536681,0.03481418233470916,0.1865743233044248,0.5389405554477487,0.1352341048736795,0.7546265298601406,0.5694611995687576,5.094935892182683,30.96765588679561,6.389599013483685,-0.9466437884652983,0.2443935673178928,0.3297705234581119,0.3159379247908032,-0.413479868328129,-0.13467455308799703,0.027751691589475925,0.1950959703701149,0.4824880932632215,-150.71482233502542,12.435435841270053,154.6400645623438,-0.207230870364878,-0.8291331050106461,-111.9,-181.0,16.160364181711028,21.599999999999994,150.71482233502542,-171.2,-160.7,-150.2,-139.1,-133.92000000000002,-213.05406787270974,17.262414338326717,297.99094878806784,-0.1450541037286159,-0.9614581932126454,-158.0827230313807,-249.5644354963147,24.185782831532393,32.535998147432224,213.05406787270974,-241.19551791753918,-228.71853434683857,-212.2759977809012,-196.18253619940634,-189.85788164574134,0.09159021612467196,3.2971102360267075,10.87093590851209,-0.100440959746344,1.932143214166814,10.912411231892518,-11.748179334283696,2.436536327081132,3.257347996557649,2.3374860198724834,-5.624926621358185,-1.4640178123420067,0.13884364997711796,1.7933301842156424,5.6323261177016395,-301.11223850808784,24.140929458765466,582.7844751330903,-0.13271634469095442,-1.0104971323795189,-233.4120320505144,-346.38450247965864,34.5227245425108,46.23899374873196,301.11223850808784,-340.09008695109844,-323.94352532725566,-299.5880150267774,-277.7045315785237,-268.3662875384485,0.18728646052292863,3.3819388600521725,11.437510453130987,-0.13499775099263467,1.2629938121193023,12.115314277907995,-14.200537956747059,3.032116201152033,3.9578334081658557,2.5979964564595672,-5.306705948891283,-1.7837884356583658,0.28745604937576275,2.17404497250749,5.300694465222005,0.12712662147222434,2.402892417543491,5.773891970288003,-0.6217550335481652,2.3259662285490874,6.884721948745886,-9.332424813654946,1.9059217645172395,2.528805038954766,1.7386408281343482,-3.516518367700875,-1.080101490480032,0.14593218815927114,1.4487035484747341,3.877401804824167,0.06758239260110485,3.963758957438389,15.711385072673062,0.12291329744221942,1.9178521092352856,14.104012143239602,-12.689336320544392,2.7456930487020563,3.649312546955648,2.7796396735213196,-6.399316199808706,-1.647629870645399,-0.017729047725183522,2.001682676310249,6.1918769874285395,-0.6035532994923858,5.757477377263174,33.148545749697234,-0.48383521223422987,-0.8174912080879881,9.7,-15.2,6.671709983275209,9.399999999999999,4.7351269035533,-11.18,-5.3,0.6,4.1,6.9,-0.8767305931985296,8.019081601125174,64.3056697255043,-0.45169246321604556,-0.9036476400668683,12.210251109077737,-20.117410496474843,9.440651164235403,13.548357144642054,6.655127457035361,-14.860729645596543,-7.743541622808785,0.8805126085469543,5.8048155218332695,9.573102299042109,0.06433904719904157,1.385789130839395,1.920411515152606,0.30225520351569013,2.1100024437917613,5.89889232679853,-5.442734960419976,1.0255981491321977,1.3609472303008538,0.999900147589701,-2.186220274362506,-0.641439407076395,0.05412092026883598,0.7195078232244588,2.414992393418804,-1.3116592066023374,11.22102742210961,125.91145640773587,-0.428748992814683,-0.9818272645710411,15.969967718752239,-26.773158914521176,13.163687675208068,20.82406140861473,9.334541371911918,-20.492250659333983,-12.497894363383477,1.4019507848341792,8.326167045231255,13.355799656616917,0.09677706669221314,1.6671372186000868,2.7793465056416333,0.40495031831627604,1.7886304280563934,7.425515041652417,-4.430400622626967,1.2911093581171609,1.7513849674486306,1.235947003700608,-2.6947570110844095,-0.7478816913716975,0.039193345989905634,1.0035032760769331,2.68074865193549,0.08902273141685087,1.251177379235698,1.5654448343111096,0.25683856787718434,1.0591916212818049,4.275316921705373,-3.957842461826102,0.9779682010380383,1.2627023069070313,0.9097705047079565,-1.931775893005787,-0.5442933445013229,-0.022064036007187676,0.7184089624057084,2.367107545276026,0.10327986977920359,1.4903680466757148,2.2211969145519856,-0.07145035497452809,0.8581963612254229,4.638377530362937,-4.513042939888747,1.1809602098692311,1.6301118795041656,1.1012941857903669,-2.398241608003916,-0.7123189702854493,0.03518556810025779,0.9177929092187163,2.619265133778531,-0.5043654822335024,4.447280721481535,19.77830581566132,-0.14075908287505448,-1.5363641838542288,7.0,-7.1,5.633888430321287,9.1,4.04507614213198,-6.7,-5.5,0.5,3.6,5.5,-0.7225918469518895,6.30760758461713,39.78591344151954,-0.1309652658738157,-1.5346574264841193,9.872587496533995,-10.237730407727192,7.954399397362087,12.821664930593936,5.735972114332684,-9.499034414626127,-7.786814785856802,0.6795800609818929,5.034850144737135,7.817842155365815,0.00933421447686714,0.22333264569720404,0.04987747063411287,17.386909774812665,357.5002995336604,4.599692555096923,-0.8477449184525856,0.06188672490725192,0.08351978602659126,0.06335303575326437,-0.10878162067247577,-0.040332851316068785,0.0016654194679690815,0.04318693471052247,0.1074549552327614,-1.0251521985709908,8.974659422933703,80.54451175765271,-0.11320976606237218,-1.539719119261762,13.915919358262384,-14.078678500276776,11.295897023141588,18.184714560945515,8.173988182692048,-13.397387629645955,-11.092881774136057,1.0445027076780293,7.09183278680946,11.401678684443905,-0.01362618949991118,0.16382292187114889,0.02683794973040055,-6.6207343507729215,60.32920189649508,0.41977969307525814,-1.5956546173195338,0.08016669818584106,0.10575849646934632,0.07768420953539737,-0.1317844736010524,-0.05249015879313451,-0.0022690665039283298,0.05326833767621181,0.13251638987097436,0.012812134356114844,0.21173405955490912,0.0448313119756018,11.973786138059335,173.70706442111074,3.0824560735964592,-0.736583587721283,0.060941448374724205,0.0826702640060024,0.06825137475002108,-0.10983342240288216,-0.040641815581815774,0.00856602970113342,0.042028448424186626,0.11314551034228647,0.018622313648141327,0.23127335340199817,0.053487363993805534,9.9198895953427,112.28918901541745,2.9181866407789507,-0.37149514852864446,0.06666037132163621,0.08654715739061102,0.0742460745518025,-0.1097266170239003,-0.046624605194338115,0.002734665260633193,0.0399225521962729,0.12043039756127186,0.6534010152284263,2.1022277539653302,4.419361529542116,-1.9340962886581838,3.5626526240320278,3.5,-9.7,0.8895613311033613,1.4,1.832284263959391,-4.2,0.5,1.3,1.9,2.5,0.9369430545413746,2.438801883403576,5.947754626492829,-1.3731892700880783,1.293352082243536,4.4612182114808485,-8.40146564860823,1.4528970748606345,2.6944777595550806,2.3025817567519566,-4.2072149770777,-0.06675013976784133,1.7942111697854317,2.6277276197872395,3.4376673314916255,-0.01611432374101151,1.690884097770114,2.8590890320918523,0.04723842380542173,3.9744483839103655,6.249544164794562,-6.1675029509882755,0.4571327919687857,0.6082311500502642,0.9397667735527071,-2.840337434875225,-0.33113602695467204,-0.011009369673832634,0.27709512309559214,3.2491032423910196,1.3535298328683196,3.121590466987061,9.744327043584496,-1.0035841418762717,-0.0636756309277291,6.035955124890049,-8.736030804142827,1.702843689662785,4.63717793453194,3.1402317379664844,-4.671653157442567,-1.0496646905578917,2.7094222727238835,3.5875132439740485,4.771534472167643,-0.11392412571478867,1.4456156102957771,2.089804492730832,-0.19716799286731485,4.0253692039401985,4.9850278017491405,-6.805328749860241,0.7708209908247675,0.9789908789697894,0.9260378218092266,-2.545372766608709,-0.6189939046848969,-0.055437569590991026,0.3599969742848925,2.0080943536703977,-0.022264151709343295,0.9915093322482967,0.9830907559354632,-0.2414162185267098,5.835939872533691,4.001158280827409,-4.832282262843979,0.20541927053713105,0.2849383925520404,0.5298569104697803,-1.6418369004608577,-0.15740239589861593,0.01111098844070522,0.12753599665342447,1.7777214050559944,-0.032978771489479114,2.160036585030076,4.665758048668391,-0.4562462882604141,3.925752253571277,7.334480616291444,-8.559536481333751,0.530974103241434,0.6889699628133492,1.1745770926358308,-4.6012122898008725,-0.33021552799998044,-0.011087933935376172,0.35875443481336877,4.219907289398439,3.484670050761421,3.2651612032197845,10.661277683011672,-1.999475241352322,3.4652227370663793,6.7,-8.8,1.0378215529539203,2.7,4.467817258883248,-4.959999999999999,2.7,4.9,5.4,6.0,4.941831216273113,4.568001922547172,20.866641564394655,-2.0163984061424003,3.6259903892957572,9.58495239945832,-13.459825854385336,1.4373545609684706,3.865098025355045,6.29352659206915,-6.551911609643016,3.7428182944888997,6.965809207340481,7.607916319843945,8.497485107024124,0.045565442739843025,0.5767870933403071,0.33268335104396013,8.405148920706786,80.21918492249054,6.55119598581091,-1.1063078812816314,0.09595693778243751,0.12660545967227305,0.17134014217033577,-0.3247928414903284,-0.05180518983809571,0.004025489829902779,0.07480026983417734,0.280528925606748,7.020747668688445,6.413634144915251,41.134702944822784,-1.975168185604319,3.2909896548961246,12.874726307918483,-16.462681156919174,1.9587052939318725,4.881377935510197,8.920564824716354,-8.971001918461218,5.850510853870131,9.860754962385045,10.731888789380328,11.986702158470608,-0.04533672196456573,0.4384755423278228,0.19226080121967834,-2.761368721764227,10.570707636517367,1.108659336388957,-2.47712580364961,0.17702314549232945,0.2366960004112258,0.23457972061839005,-0.6039117400880782,-0.10254636444045981,0.010748774134595407,0.13414963597076598,0.43468058186628095,0.06373252266219596,0.5422145069169593,0.2939965715112013,5.951191189991486,39.52679654556336,4.441509766625563,-0.9284726948170484,0.10631595138549928,0.14411168935240012,0.17960737585830833,-0.21708371352571562,-0.06059999977724925,0.012835676749303089,0.08351168957515087,0.2541053736429281,0.10152358467585554,0.5942814981510022,0.3531704990445996,4.439664995415828,21.294984881775378,4.09979040230601,-0.7679614319058602,0.11988099535910784,0.15906886239056223,0.23055580997259126,-0.30059867764128356,-0.07206559140905845,0.005219720400989202,0.08700327098150379,0.45914651451187083,0.003161280445481182,0.1712008397205889,0.02930972752103476,-0.39685276138095305,6.731108850204789,1.051891,-1.064983,0.013657731636873605,0.018424,0.08070003730833786,-0.296421,-0.005803,0.003171,0.012621,0.297533,0.0044707018782197865,0.19586087187487586,0.038361481131586536,-0.23554583483188815,7.352537390329127,1.0708120618160926,-1.3124640837307653,0.017393700986441118,0.023450386420227294,0.09110639763084145,-0.3114972814364151,-0.0072163106865735325,0.004338235414907066,0.016234075733653763,0.32705678856219955,0.000224207433651106,0.1423127664486497,0.020252923494267917,-0.009530816250404769,11.281961047872924,1.088639901898302,-1.119918787357717,0.008112665766169464,0.010941205427068088,0.061660124943075996,-0.21551420053821732,-0.0054731679353684365,1.8722040396336383e-05,0.005468037491699652,0.2207738355002891,0.006322371459107979,0.25947483814428307,0.06732719163000189,-0.11042078550369457,7.838234382422051,1.4509420228967143,-1.4512420263553938,0.023392788535592773,0.03155157865039082,0.11792253998924576,-0.3970617742247666,-0.009796300348672467,0.005834941413717112,0.02175527830171835,0.42012069544466873,7.572109756585302e-05,0.09686423420605032,0.009382679868324568,0.0861057508543847,8.210135861929883,0.6831191633550214,-0.7752286581033156,0.006662575314346332,0.008975547615292786,0.04411752683310439,-0.16277070914333996,-0.004526733252374178,1.4622289272325003e-05,0.004448814362918607,0.16789538550539024,0.0003173159854960684,0.103245429382279,0.010659618688331159,-0.03552880200066371,10.688705767364045,0.8671742988347082,-0.8826939337938708,0.008325818338670224,0.011234154494701323,0.046123719542448434,-0.15970943801012263,-0.005665079425500298,-7.870486926612886e-05,0.005569075069201025,0.16822190116342348,-0.00046761938292354244,0.17273998314843175,0.029839101778120488,-0.0155687069028287,10.336582137779722,1.3936098040190439,-1.3337316841948412,0.00764743454743514,0.010337645073805062,0.07577158538705701,-0.2737652747996848,-0.005255860073231328,-5.799506881179098e-05,0.005081785000573733,0.2775772594598664,0.006097577774300914,0.34708908079177103,0.12047083000487656,-0.02735346790324211,6.8844324459279385,2.267377,-2.207186,0.023874343524595706,0.032266,0.16252695683156487,-0.62899675,-0.009501,0.006362,0.022765,0.609199,0.008623271419748581,0.433053118305766,0.18753500327434774,0.10110339350164556,5.7778836157123,2.514215685040507,-2.2477302422566834,0.032407033580304716,0.0437219832766158,0.20653337169761787,-0.802033966718628,-0.012606548230101109,0.008939209892977338,0.03111543504651469,0.7668928360895583,-0.0005799830085813863,0.23105362125329973,0.053385775894263285,0.004852005058249563,11.349360131835226,1.8055793449308983,-2.173269819957331,0.008991726664637769,0.012127017059940393,0.09878471499594417,-0.35568149601400206,-0.00615678270030414,-2.2512211977138625e-05,0.005970234359636254,0.35686285840527493,0.01219520466260757,0.5406666614421043,0.292320438794951,-0.15138429280087934,4.92048622799266,2.7550415794006797,-2.428820951994214,0.038173771301626476,0.051576643052784664,0.26045416938042826,-1.0731897457303738,-0.011987484948933577,0.013501869288592419,0.03958915810385109,1.0107314387352593,0.00018415094734802785,0.2875509594919969,0.08268555430476804,-0.22491137249833304,6.4488850763611225,1.4726103184420318,-1.6162350411071393,0.02374751429735272,0.03195326217981523,0.13511884046868042,-0.5210843058645609,-0.015483306491649479,0.0002481919553418339,0.016469955688165748,0.49913254999702056,-0.0008204805895306833,0.2540668395125383,0.06454995893988989,0.011131337921885772,10.707269732774037,2.2643455404019397,-2.202623992701638,0.0080169320462606,0.010810198551978983,0.11155343506243882,-0.41567900162439897,-0.005427267202825559,1.9213754385467323e-05,0.0053829313491534254,0.407638953203806,8.482340335409907e-05,0.20543470188181487,0.04220341673727015,-0.025577512977487688,13.897398134242785,1.890512745573705,-1.6417851415080533,0.009692425070729163,0.013067543781114601,0.08605793396735566,-0.3064211317978582,-0.006413122881629848,0.00010311578071690451,0.006654420899484753,0.2963419746942195,0.004518137285580179,0.14302823546420831,0.02045707614000502,0.14973103538876964,8.912852325310986,1.117628,-1.038139,0.012373798115647755,0.016753,0.06658170275652149,-0.238511,-0.003439,0.005089,0.013314,0.238967,0.006390313630023167,0.15213469827277998,0.023144966418549805,-0.06476091813838186,7.7180378666393565,1.0785908105254292,-0.9116083178412693,0.015169444397690045,0.020462564114697858,0.07205473163713154,-0.25119584714560017,-0.0028298356481619444,0.007350781087409894,0.017632728466535914,0.24419738478997935,-0.0004302243774170973,0.13328735938293534,0.01776552017127576,-0.03451524026112986,11.664684732015102,0.9728962629656054,-1.064300650579252,0.008106397969322736,0.010948265747051098,0.0576773859869425,-0.20112390090850488,-0.005531083586449256,-2.4539709454554684e-05,0.005417182160601842,0.20123897230826912,0.009039221129702192,0.20344952705940403,0.04139171006069517,-0.0963650634493083,7.542003373466994,1.1727697353567696,-1.2004308689616998,0.02029163112947402,0.02735294296685705,0.09694472161983363,-0.3418438010594816,-0.0031264869681226523,0.010579466028670912,0.024226455998734398,0.33936616765780214,-9.124595700039771e-05,0.06993102754230081,0.004890348613122033,0.47774087563937934,6.739159878910245,0.4457713152105865,-0.40199987608190146,0.00700829060604393,0.009460113548776508,0.033498430801177696,-0.12515579925594053,-0.004836652605139552,-9.144198909528629e-05,0.004623460943636956,0.12230662716753914,-0.000608549061507663,0.16046636830955224,0.025749455358456873,0.011688114514597694,10.212246181687444,1.1214748324275061,-1.1319682771936446,0.009199845694340373,0.012425341119708142,0.07091692822054672,-0.26066651085177145,-0.006319251758216035,-1.8103578682217853e-05,0.006106089361492108,0.25636563260032513,0.00030886983658419013,0.0988707826613272,0.0097754316640634,0.048825944423357664,10.966607909998432,0.7560400271534486,-0.7665065331784998,0.006913422051472403,0.009329234555221137,0.04276747334164497,-0.1486152731944109,-0.00471473203929307,-5.377958457601753e-05,0.004614502515928067,0.15332490910820792,1.198837937018154e-05,0.7316404884204383,0.5352978042960975,0.0005657388037051939,0.9167621840499818,2.205228,-2.193214,0.6741903785310356,0.9094932499999999,0.5485415265126731,-1.39644875,-0.45379775,-0.000375,0.4556955,1.39532025,-1.5070405804713368e-05,1.0345325350984507,1.070257566177227,0.0006642273684859595,0.9195522347278526,3.088384962062612,-3.1046904151751713,0.9532665503423084,1.2863970374251612,0.7751893857288299,-1.972420410527783,-0.6424542520152935,-0.0008004100882822215,0.6439427854098676,1.9739192255372453,2.340963882095377e-05,0.016119397279574187,0.0002598349686567437,0.8326952371307966,21.4106076724877,0.43990883478570136,-0.0820369185803134,0.01540790944723579,0.020782270194450364,0.012246301760368675,-0.025889663651985625,-0.010461497232450226,-0.00019788566120407247,0.01032077296200014,0.025792993937327348,-0.00011415003838818319,1.462193761432555,2.1380105959722835,0.0009051331299563577,0.9308142424468979,4.338273146162642,-4.343859697406206,1.3086514502005564,1.766619313572924,1.0940809852001663,-2.7721815047658493,-0.8814624044127812,-0.0015767130504639147,0.8851569091601429,2.7783136819968166,4.22289001248436e-05,0.0468303327973557,0.0021930800699110887,0.10719578081164793,1.3346745758036516,0.5005983297266992,-0.21970980998454234,0.044643932599791304,0.06020173198360662,0.035883091718660644,-0.08578819093700182,-0.03004988950571213,0.000914924451132948,0.030151842477894486,0.08575071999903325,3.3082142976974355e-05,0.0071212219918556354,5.071180265728835e-05,4.812198390344826,173.37334342373174,0.28174218984020793,-0.022513582419988305,0.006461610933890069,0.008711236798793487,0.005345620426042098,-0.010145546720863291,-0.004328359383494723,-1.851240787869061e-05,0.0043828774152987636,0.010126979447755917,6.222929995249503e-06,0.021661489151438115,0.0004692201122578712,-0.3111491913686162,6.451185111679699,0.15949296414419856,-0.3956550636893854,0.021303802000866737,0.028717691374155266,0.016911187382467538,-0.03833560727912736,-0.014224387165200997,0.0003275500147298233,0.014493304208954269,0.0383212109507894
-6.10609756097561,7.981207820054846,63.69967826690462,0.7886025764515453,0.10883882733592776,14.4,-24.4,5.930408874022408,6.799999999999999,9.206097560975609,-17.085,-10.7,-8.8,-3.9,9.18499999999999,-8.5903949551399,11.333082146040905,128.43875092891113,0.8106988139032012,0.11786726617047227,20.060644725213447,-33.01577130502183,8.328186022118878,9.478846197147003,13.046246075364259,-23.932499348957997,-15.115208890158623,-12.430417079146297,-5.63636269301162,12.929807408156705,-0.0032295477081528655,0.6684764968455124,0.4468608268348483,-1.4978782785543732,88.31339003635253,7.1858648000525465,-8.398442992906487,0.25773713868720094,0.34434850611321377,0.2668909087208103,-0.4141043402953607,-0.17533161802575248,-0.0005283564314957356,0.16901688808746126,0.42261241752106476,-12.044895239744402,16.167407147273916,261.38505386572376,0.8294051622463638,0.11083810954363793,28.341282675635842,-47.78043483418033,12.181978582482031,13.454841249666273,18.507590033471473,-33.2761655198085,-21.431655611896364,-17.874050392778102,-7.976814362230091,18.545871291800175,0.053487212477856996,1.0073383892569416,1.0147306304707695,8.556977556531526,97.6098978845317,12.330172895299706,-2.892344094768313,0.27008193006931147,0.3589970108822447,0.33793145483164005,-0.5216211500286694,-0.16916052149305782,0.015244378286064286,0.1898364893891869,0.4654277990107697,-0.003305315913345426,0.6032869867760781,0.3639551884133598,1.2793442084472135,29.023408511657436,4.826912054317769,-3.5035572255671648,0.26996357435152785,0.3545791633510574,0.285265323333351,-0.450553363266209,-0.18941898917026528,-0.006966105551984133,0.1651601741807921,0.45670042068905004,0.09361994076788906,0.7138640238740093,0.5096018445815921,5.501932168868695,40.420771015370306,6.780093384581912,-1.0875880579366035,0.2588749496633169,0.36114219561566474,0.3161175720831603,-0.4223187914116564,-0.15333082262500047,-0.0016791777776364418,0.2078113729906643,0.5451012090765117,-150.7895325203252,13.127128638263883,172.3215062855278,-0.3325112203853785,-0.5658849824341834,-109.9,-183.5,15.419063072458268,22.225000000000023,150.7895325203252,-174.2,-161.4,-149.1,-139.17499999999998,-133.6,-213.17775921011548,18.21000819400992,331.60439842590847,-0.26712832794285946,-0.7293652910751005,-155.70564202972648,-253.10311040311785,21.956845264777538,32.3284959634359,213.17775921011548,-244.85064567317545,-228.8939828221155,-210.91792517827588,-196.5654868586796,-189.44688464363702,0.16708982627122546,3.477216859394037,12.091037087254131,-0.02430850165002402,1.9073438214742726,12.725024139665623,-13.286066307889165,2.4612539662394055,3.2828738895858383,2.461735086686898,-5.2534222113441915,-1.5011278651473878,0.08631426220048333,1.7817460244384504,6.152054773161222,-301.23045431154276,25.42047829471432,646.2007167320419,-0.2716601546796115,-0.7167709028812288,-219.8567078354742,-353.3198580304998,31.26514787537732,45.209080883057936,301.23045431154276,-344.32688876982314,-323.2346023076017,-298.41459677896677,-278.02552142454374,-268.43991240492574,0.07661794955015053,3.703821074056245,13.718290548623157,-0.18733067762115074,0.5960703187247685,11.118807475664426,-12.138289029801836,3.3130367030905945,4.547268449276651,2.8751740173121574,-5.940267014129707,-2.1662368666844865,0.1517972019752989,2.381031582592165,6.076458977779436,0.23436951181676788,2.812449504946564,7.909872217874174,-0.19851017762082585,3.8788069363900917,10.369463673052312,-13.794462079955638,1.8548250150819618,2.636699171143501,1.937420688253323,-4.060018176931402,-1.0119579823584588,0.2154482407164286,1.624741188785042,4.38032887252618,-0.23252605263405882,3.989308282996612,15.91458057678538,-0.38110236408177933,2.6603881328914287,14.588298049434574,-13.737616412128574,2.720723278226418,3.6676116672262125,2.7733802580731632,-6.786156093910921,-1.9737926161106123,-0.1766881092038958,1.6938190511156002,5.619007413658279,-0.802439024390244,6.0444520475577495,36.53540055522507,-0.5024380535068123,-0.9355275672713672,9.1,-15.2,6.2269293177235285,10.6,4.973577235772358,-11.4,-6.5,0.8,4.1,7.1,-1.1591414056124552,8.440888497924158,71.24859863438836,-0.469711617140427,-1.0478866160822478,12.538678817284614,-21.09066608279449,9.057496284992142,14.943583729206292,7.023429043340206,-15.61091365065341,-9.118069823766259,1.1683851263021854,5.825513905440033,9.736152114221664,0.012844050879402609,1.3434672997484152,1.804904385493298,0.1346066292365332,2.5262744447248195,6.49166438535888,-4.969425048823283,1.0519585010926895,1.3982469525392665,0.9640327136153077,-2.1524822415241864,-0.6959394214983857,0.030891423556258096,0.7023075310408808,2.176357189231019,-1.7005306468194605,11.795357610768862,139.13046116592292,-0.4421827676673397,-1.1471992981727954,15.724877660751558,-26.869420721806538,12.983830563613303,21.99332890948862,9.808480869044683,-20.97702745760204,-13.98036982235146,1.4304695954895867,8.012959087137162,13.679422255383365,0.044661651457623235,1.7775490795584519,3.1596807302390992,0.2979805654454203,1.6155984635290714,6.412373268426653,-5.569146403263027,1.432246104518441,1.900769870512371,1.2985160158483173,-2.6079254447789184,-0.8988087813374569,0.037681056897977516,1.001961089174914,3.059859717850757,0.01739662959323646,1.3443881255960901,1.8073794322437688,-0.17427545960602434,2.679761412533759,4.620041757481167,-5.9278979564589624,0.9438687472874531,1.2844333591966324,0.933707568276886,-1.9940706201470295,-0.6678956778568101,-0.056485744895356876,0.6165376813398223,2.485245393391029,0.03317115705937176,1.3235391924606943,1.7517559939795069,0.10558766564902194,1.1076311789939979,4.007799557914335,-4.57220491490769,1.103423954373991,1.4463110762197076,0.9779783030375371,-1.9161120103950995,-0.7278139474669632,-0.053372122139247954,0.7184971287527445,2.4146572594612055,-0.7297764227642278,4.535241134177451,20.56841214513517,-0.0266306422754695,-1.5236878515783567,7.2,-7.2,6.301059428648808,9.3,4.1375,-6.9,-5.7,-0.2,3.6,5.884999999999991,-1.0309673920375002,6.431701350185953,41.36678225798381,-0.01663125551975336,-1.523731919559691,10.159654158499418,-10.072217493312175,8.981803953334905,13.054367234319338,5.872064830781318,-9.66575452571355,-7.997119233743685,-0.4143514236533695,5.057248000575653,8.37294994483383,-0.00676266753072824,0.18288693823810195,0.03344763217810732,-15.549332788577075,306.85287687883863,0.5357824492260307,-3.6245164583056106,0.06247161430314221,0.08450955678421679,0.06466045116045453,-0.11296993925537166,-0.04356304217976291,-0.0021373239031126645,0.04094651460445388,0.12128886435069992,-1.476947964290726,9.149221593269031,83.70825576274032,-0.0016078352718776187,-1.517822658976731,14.287954051068718,-14.194085425490764,12.750416711206082,18.652104488915743,8.351841859707605,-13.63624186211961,-11.502393242564397,-0.41469952849994257,7.149711246351346,12.125190431919126,0.016217960167435663,0.3664380854140635,0.13427687044192446,12.995457791684007,192.19871847648767,5.465050057622376,-1.0922084428115997,0.08213991040943994,0.10863913142833889,0.0970415438993796,-0.1638928186560922,-0.053092011029114955,-0.0022679387012221053,0.05554712039922394,0.13092562408922104,-0.00992869251468938,0.1587857165653266,0.02521290378516424,-6.780101756353713,63.6676193542601,0.33364419235423093,-1.5614737925419888,0.06824122328025373,0.08727065409901494,0.06987622817134213,-0.11199980879482607,-0.04250444901807662,-0.004696212836258521,0.044766205080938315,0.1296005261850882,0.009574319808074534,0.2018294384950038,0.04073512224320852,11.805675622397809,166.99807471129873,2.909369888406697,-0.40391663758864665,0.06260593286906457,0.08456450895494562,0.07022468404162452,-0.12482208020342975,-0.044576798324804004,-0.0005703342292855415,0.039987710630141615,0.10916568606297754,0.6578252032520326,2.2065266607057907,4.868759904405447,-1.826053812337204,2.8037791294179106,3.6,-8.0,0.9636914420286414,1.525,1.9344512195121955,-4.6,0.475,1.45,2.0,2.6,0.9399469498722824,2.578298534982456,6.647623335492679,-1.2480982372527505,0.7876705549816752,4.960317682870906,-9.71336203930703,1.565558699278306,3.098943907967598,2.439021949917395,-4.396595681223575,-0.3345867085376365,1.9387584667162114,2.764357199429962,3.5419058646773807,-0.0357840456891652,1.7477131688296261,3.054501320500493,-0.15641455363048684,4.785341972573156,6.565911973673886,-6.468940196438553,0.4112861606087364,0.5464582848058834,0.9328826761653495,-3.416314785808477,-0.2956456058925711,-0.01721624997139589,0.2508126789133124,2.569869326432858,1.3631732468568838,3.42856964001499,11.755089776432518,-1.0413809655951736,-0.13294377393141232,6.050789704571069,-8.118094719229884,1.952587319217246,4.740612709675854,3.3992818739334028,-5.449288816968019,-0.9401774734387522,2.743321228135253,3.800435236237101,4.87251884192566,0.04040500328312859,1.2148626962096125,1.4758913706416892,0.6536528060158896,3.674318810358364,5.9497108983928975,-3.269163688811046,0.8587225777354998,1.1475272061277701,0.8279245268802189,-1.8820253058270633,-0.5749511609036132,0.038245298277364836,0.5725760452241568,1.83660486011462,-0.050250464254458845,1.610992429343035,2.5952966074005737,0.5485187573662514,10.24840403916802,9.73041458097602,-7.497370828879944,0.22374141968177527,0.31834507154257596,0.7752403111622148,-2.664929306675689,-0.1992859499745265,-0.021954322944626545,0.11905912156804946,2.192528222169157,0.06121910000795569,1.8506596303280876,3.4249410673260936,0.16108990623581987,3.2438505398209907,6.956466928766141,-7.014788939468926,0.5088889180110817,0.6922185344106886,1.0730899007161536,-3.0282416816811963,-0.36289296477408434,0.004715048325020481,0.32932556963660425,3.517309754728478,2.972357723577236,3.722291688832202,13.855455416749288,-1.5698063608124433,1.485976692586883,6.7,-8.1,1.1860817748044812,3.9,4.359959349593496,-6.6,1.4,4.8,5.3,6.0,4.2118800532033935,5.22652025894495,27.316514017161982,-1.5721321888154074,1.5249053830497168,9.75580311442969,-11.74330748212831,1.6806387286946778,5.600215368887209,6.140282926550217,-8.971589148619637,1.937959562169866,6.806767245853733,7.538174931057075,8.469119547921682,0.008233750163459312,0.5246009505026853,0.2752061572683209,5.732708381895131,86.48486281872889,6.230975198622561,-4.406348834957833,0.1083827088281846,0.14533342094547128,0.16815921692022506,-0.3016553578849288,-0.0781943153153059,-0.006491585332497329,0.06713910563016537,0.27107395026943865,5.988492796787343,7.328685556192545,53.70963198154522,-1.5670469490804746,1.4875448186223954,12.682433734931431,-15.98113376777842,2.2486374275961634,7.656866220978571,8.680268644692454,-12.582206660237475,3.0318012253513302,9.732447343042725,10.688667446329902,11.875984601405259,0.02076975356649656,0.626261219768118,0.39220311538545094,4.891329344460441,55.63303911466094,6.6703100279321434,-2.383767739118305,0.16807541731813838,0.22627305396577568,0.261127393753894,-0.4354617245735505,-0.09363970036440306,0.019925888112062973,0.13263335360137263,0.5078948785906803,0.011390389997367661,0.47330785269839326,0.22402032342596392,5.384118874997496,46.71855707517349,4.223872767180252,-1.783972495598862,0.10138872792370798,0.13998836917851767,0.16424392785580127,-0.2393360613990889,-0.08618951911509831,-0.008495109059681498,0.05379885006341936,0.2671625509544958,0.10200607322217149,0.5553025027079912,0.3083608695137585,4.675358560652113,24.572613365545532,3.8530605059261243,-0.743361953312779,0.12905186717203224,0.18257942890972187,0.22386071604545135,-0.34474221186477916,-0.06644671943499866,0.01586913665141472,0.1161327094747232,0.5221866798233223,0.002249656915121561,0.18382272507450162,0.03379079425381581,-0.3641998633097996,7.7823380318601885,1.046661,-1.181765,0.013217398777977443,0.017889000000000002,0.08393073419421192,-0.30514225,-0.0061,0.002577,0.011789,0.304605,0.003180768322154508,0.22491723125598687,0.05058776091585907,-0.4475986355835581,8.337901121468013,1.2970914601333248,-1.4377546512596338,0.016978834175046188,0.022889658904006134,0.10173798720451463,-0.35938790334601517,-0.00753041080672792,0.0037275509392212126,0.015359248097278216,0.3623963578676693,-0.00015510892135153998,0.1303381033442983,0.01698802118338898,-0.06750052307620256,10.497223704147366,0.9225675844853621,-0.9449213647500554,0.0073649720821719325,0.009933594858676058,0.056019331122832874,-0.20178035733874228,-0.004902463392666723,6.254641177675311e-05,0.005031131466009334,0.20046738344599185,0.004496105089647553,0.3029606515559914,0.09178515639123083,-0.4833161354584402,8.450802830445587,1.5929558039247145,-1.6974723229446567,0.02296071978296521,0.031010050195618075,0.13578252212756947,-0.46807366397246364,-0.010085008981527116,0.005102740135824226,0.02092504121409096,0.4665612526574747,-0.0010368349957035402,0.09680902763507628,0.009371987831648962,-0.07382863105646827,8.109711782799957,0.5530842532870289,-0.656223524714167,0.006568110099228789,0.008860278372916357,0.043729098245948055,-0.16592703667153363,-0.004458632280834451,5.715271200415394e-05,0.004401646092081907,0.16215170604201948,-0.00021948334666925374,0.09389344901449047,0.008815979767836721,-0.04251275685511231,11.366929474098235,0.8519790151987112,-0.752354784416671,0.007294798775415292,0.009860283647693353,0.04172988124948235,-0.14721588209889733,-0.00502079943442452,9.487272830145295e-06,0.004839484213268833,0.14828378457486557,-0.0006369033758903222,0.1585996093452866,0.02515383608447752,-0.022318718600070668,9.1311232350792,1.0458663230658374,-1.184470929416268,0.007483178045025387,0.010090842789832384,0.06920476009664961,-0.25457446856713567,-0.0050912470132462185,-3.997400008347074e-05,0.004999595776586166,0.2509493196344741,0.005944315301545581,0.34462254256324554,0.11876469684275599,-0.009029765682067472,6.578632594251589,2.144503,-2.020741,0.023072255724384177,0.031065000000000002,0.16229343966231466,-0.61731,-0.009441,0.005941,0.021624,0.620585,0.008406735593039645,0.4349392502027451,0.18917215136692608,0.038268692743891386,5.5907699956249814,2.516884757676034,-2.288370026495397,0.031124640300208267,0.04199296975682239,0.20841177200680894,-0.825325047235822,-0.01231298037038647,0.008775875669682916,0.029679989386435922,0.7748745845428213,-0.00010676040028692358,0.21985651877317863,0.048336888847061055,0.10810724369187899,10.39918779908421,1.699108497645902,-1.9391121928437465,0.008262988151466531,0.011131232684665114,0.09474998526313069,-0.34539134978787905,-0.005658299314356161,-7.012244528299013e-05,0.005472933370308953,0.3476017348298687,0.011889745188418031,0.5505217778770146,0.303074227916869,-0.07511867456514373,4.846660850358865,2.849597554477933,-2.423508931489033,0.036901162269937365,0.04979815270047587,0.26513008784096,-1.1228009271211208,-0.012248231933575939,0.012522724241954882,0.03754992076689993,1.009781794788811,-0.00020687931926713284,0.27423568914244173,0.07520521319942994,-0.21996241710863523,6.4079143724250915,1.384131668719155,-1.6466140933148172,0.02240565763222168,0.03021470894392103,0.1276465631410643,-0.4902724994878759,-0.01481514261861109,7.388259517351556e-05,0.015399566325309944,0.48327844380588547,-0.00015127375585796034,0.24473196783303855,0.059893736079431416,0.21845975412831337,9.240090321297911,1.8673444583813752,-1.8549247156762396,0.007292265929265484,0.009839862871912814,0.10757267253798379,-0.4076401638851972,-0.005049769554574317,-3.037428834184309e-05,0.004790093317338496,0.4061754190600344,-0.0012736963400781114,0.19173385539787308,0.0367618713057325,0.02737862116562782,12.142149434711776,1.433389231534893,-1.441151831409672,0.008911630203489828,0.01203061565909348,0.08127045213620088,-0.29971746984339925,-0.006128307357918534,-2.509168743262968e-05,0.0059023083011749446,0.2887981829704167,0.006339318244150501,0.1692173115679648,0.028634498534289673,-0.01890355754414439,8.034736469590761,1.200063,-1.091725,0.013091377589404464,0.0176,0.07815648477273378,-0.28124075,-0.002048,0.006843,0.015552,0.28599075,0.0089665763283493,0.20565795630234693,0.042295194990458036,-0.06614147398308179,7.210075158681192,1.1324719623940418,-1.1393234599249848,0.016663495323193573,0.02248081523696809,0.09566308637900577,-0.3371217473743384,-0.0016334996298794256,0.00977944391734148,0.020847315607088662,0.3535676737158803,-0.00020984775266092223,0.12234735672067654,0.014968875696536476,-0.004993424126869,11.091614689055522,1.0509814683818632,-1.0509998431332017,0.007275705904678599,0.00981551380904172,0.053820568661841574,-0.1955614830481502,-0.004985044187471773,-7.544693367356555e-05,0.004830469621569948,0.19188868023049427,0.012684854664048959,0.28267854270329,0.07990715850485576,-0.06831886013409165,7.179764740154967,1.4101319637478864,-1.497158660861023,0.022402604933747104,0.030211834154784418,0.13096771535632246,-0.45592733741625274,-0.0015158934048413555,0.013911333385689466,0.028695940749943062,0.4904473127079533,0.0006486557484809001,0.06832584921052767,0.0046684216703397645,0.5355984243480746,7.580234572248839,0.4611294289010014,-0.39736946025327036,0.006817142177305613,0.009196275571466612,0.03233730728681197,-0.11597768897634718,-0.004731355707706682,-0.00013116800646879352,0.00446491986375993,0.12007356178453417,-0.0002969670454972809,0.15072394186262258,0.022717706650607232,0.06965463745353351,9.560101547199947,1.1279342156575038,-1.1811895242779962,0.008010588576113253,0.010806781511314839,0.066898056966043,-0.24327057501974786,-0.005462432624336366,-6.294941839252012e-05,0.005344348886978472,0.24438836802904326,0.00017375263074854576,0.0849404783997577,0.007214884870779705,0.11286213206527392,10.143511499648001,0.584157780675217,-0.6141966457131373,0.006463900407330583,0.008716021695421542,0.03738635256688925,-0.13064054930901994,-0.004390538690097091,-5.187887713395889e-05,0.004325483005324452,0.1307675780935146,0.00023850471388166763,0.8262816641186287,0.6827413884586503,-0.0008960756851496819,1.659987734637773,2.743826,-2.751907,0.6738078671586613,0.908813,0.5936309735022711,-1.56008625,-0.45308275,-0.000652,0.45573025,1.55912975,0.0003094070413100232,1.1683758132446995,1.3651020409752128,-0.0008120175953683316,1.6640081209685755,3.87539662301395,-3.8323831732042057,0.952388128720378,1.2836961029348353,0.8388885408073267,-2.2016786839904463,-0.6394602307101808,-0.001311196396531854,0.6442358722246544,2.2073991688101087,-1.3554181249565687e-05,0.016547834681837327,0.0002738308326574183,-0.44125236435342013,13.185552359035295,0.24607558136964103,-0.37977577008494445,0.01575826458719488,0.02123346317835089,0.012972251544549661,-0.025011439894599224,-0.01059500717943685,-8.689120594822936e-05,0.01063845599891404,0.02509690397164762,0.00036022102034233007,1.6514325655921909,2.727229518698406,-0.0006121552746167178,1.6789084011413307,5.395183653085652,-5.435995155126609,1.323285484685329,1.7834149923217546,1.183771940663168,-3.109816232795236,-0.8873330443327586,-0.0023805343843417096,0.8960819479889961,3.111363832023112,-2.1442518019322674e-05,0.05044453167058275,0.002544650775464426,-0.094548258683806,1.4708112501344033,0.23029481427417453,-0.588413861812605,0.03812883676488014,0.051497785726275516,0.038018624818753996,-0.09336525712146494,-0.025859558922280725,-0.00032005461117295617,0.025638226803994794,0.09445379346729824,-1.8177253413503136e-05,0.0074605625113494155,5.56599929857523e-05,-4.4306309847242735,226.0687734888627,0.16644221145741392,-0.325584034876269,0.006254158382870036,0.008435304034326942,0.005557839495695012,-0.011299614857909958,-0.004179983494613305,3.561320093558115e-05,0.0042553205397136366,0.011210406134611984,2.7723563363531632e-05,0.022181874097963617,0.0004920355384979093,0.1249175154243324,1.787760479818962,0.28950115441141056,-0.15389521021497618,0.022544258573715413,0.030406053160572648,0.017632106106921133,-0.03773228914247517,-0.015189295584909274,-4.21756834878698e-05,0.015216757575663376,0.03793750710151088
-5.892581300813009,7.545842003929597,56.93973154826823,0.9681319774781619,0.11845000799577488,14.3,-21.2,5.856278763097129,6.699999999999999,8.889329268292684,-14.8,-10.7,-8.850000000000001,-4.0,8.8,-8.293195526748429,10.72979344146417,115.12846729648751,0.988209064931656,0.12486561208995761,20.07565395729135,-28.856444538011065,8.391506855513631,9.422173352438266,12.603447534412416,-20.835623990495986,-15.12619896878864,-12.617004184657745,-5.704025616350373,12.433939662871088,-0.04064601817323418,0.5591639287251642,0.3126642991873605,-9.112228245770138,115.60358246985527,1.1488673160113443,-8.315900144937487,0.22065861725000532,0.2891657116290257,0.23214861242872073,-0.4378827472942917,-0.13557368554917146,-0.0042667742184274715,0.15359202607985428,0.4020928264848002,-11.639946422190356,15.328246325486631,234.9551354147944,1.0032686080933932,0.14225325778449216,28.12532936056776,-41.83328246740769,11.673418341728977,13.409485426043847,17.89679139728762,-29.539516275389683,-21.526687955217255,-17.961989114516967,-8.117202529173408,17.78166178260784,0.11427150934783428,1.1032203834943295,1.2170952145573755,7.4189926605455625,66.52894122688811,12.026088072237306,-2.290441907618149,0.2644958542614972,0.3601011188415547,0.36650621616522466,-0.5540283041391727,-0.17828277787495772,0.010640821422632785,0.181818340966597,0.5028859378524414,-0.05846915723664277,0.4593742671709916,0.21102471733888556,-4.152647486734286,25.472705197754422,0.6816311927982721,-3.7012164622950836,0.22875980851809688,0.30708607788634873,0.24905884047638163,-0.4351308045931972,-0.1620522937258807,0.005128207840904883,0.14503378416046803,0.3871699127039715,0.09543199370168515,0.6303240230429185,0.3973083740250096,6.94027997844719,63.08214422134364,6.860217711782704,-0.8645891298012744,0.21562344199303363,0.28958056615983085,0.2603622464463114,-0.3821853094136675,-0.10938579041938051,0.02878385820575694,0.18019477574045034,0.47626505417010123,-150.39766260162602,12.571367997042193,158.03929331705663,-0.2395907245503312,-0.6912960362809026,-110.5,-182.5,16.16036418171107,21.725000000000023,150.39766260162602,-172.07,-160.425,-149.6,-138.7,-133.7,-212.63880235105788,17.432006639317407,303.87485547320614,-0.16494464663262737,-0.8506370300591066,-158.47184706465572,-252.21128707270574,23.52937021675947,32.45866384744747,212.63880235105788,-241.0638388205121,-228.1184918741067,-211.45922471001458,-195.65982802665923,-189.51233509709232,0.010927962454449004,3.391579344586139,11.502810450623343,0.04111029247696571,2.1162152512213206,14.63591259316447,-13.472968219485274,2.3313953819034556,3.126403779384554,2.402886313453626,-5.8719668570933345,-1.5474255266100494,0.0145782120997211,1.5789782527745047,5.993572867508023,-300.5099268972086,24.33232823016116,592.0621971002978,-0.1596948099724769,-0.9003931599950583,-224.66594754101857,-348.153005401449,33.88477245039758,47.27384069897511,300.5099268972086,-340.564143466944,-324.3129366822519,-298.3465318437587,-277.0390959832768,-268.6312206826367,-0.10193792442129943,3.647353333931843,13.303186342543729,-0.21701448429628242,1.3974933599030983,14.648569034662511,-13.71611541996324,3.178648482595754,4.453523250988228,2.801358619249747,-5.7638108338606004,-2.3862627606576563,0.3180067465193712,2.067260490330572,5.319292830779956,0.011811335538178334,2.3177432243060374,5.371933653816546,-0.2904589278889816,1.5989425269639366,6.477937298242761,-9.083950604458373,1.9755219305328642,2.6578956813698023,1.7237756338173287,-3.4538151577728797,-1.3140301194153234,0.014296525599198584,1.343865561954479,3.454226640087522,-0.6623948368269746,4.109555654761946,16.888447679585887,0.5794405168989887,2.188372002069591,14.053830390355927,-12.845718908558132,2.5650513777861477,3.4804041325657824,2.940133126022717,-6.907042750451776,-2.5653535296217527,-0.7058111201041182,0.9150506029440295,6.396434227470895,-0.6110772357723577,5.68315057565602,32.298200465579356,-0.41578177749478173,-0.8761662440182119,9.8,-15.3,6.523449761424649,9.6,4.709857723577236,-10.584999999999999,-5.6,0.6,4.0,7.2,-0.8905095730119381,7.936440725378077,62.98709138743969,-0.382315986418862,-0.9961753480866489,12.753258496774256,-20.16975344294708,9.253777734632196,14.294192526646258,6.626813533877191,-14.657381569791799,-8.625962303043158,0.9047120104828472,5.6682302236031,9.82242611993026,0.03584711273510667,1.274892212504644,1.6253501535049861,-0.03717777023940154,1.4121753343725363,5.4130971670777885,-4.613974652200344,1.0791029478657654,1.4547735421279309,0.9551185059226888,-1.974887808568141,-0.7040526833970466,0.02518076407181813,0.7507208587308842,2.0138717630438747,-1.3279226106645872,11.07657569042878,122.69052902579782,-0.36090720545546445,-1.059827165479514,15.670607086452021,-25.57779916792774,12.851946019561401,19.75608118336091,9.322888760953651,-19.538720963573144,-11.905826705264351,1.332652881653315,7.8502544780965575,14.032806601336686,0.17755631980469508,1.784284951831989,3.183672789334083,0.7343251675283694,2.1097244098549357,7.45857757311408,-4.425290347460313,1.3528562055497257,1.8126204017592606,1.276270335186834,-2.527185980831651,-0.8188270358860577,0.11150509322431251,0.993793365873203,3.619285814113848,0.048027495379105827,1.0726130159740166,1.1504986820368759,-0.12047675992692695,0.7974688334735496,3.542802639660441,-3.42295978472512,0.8629895461327651,1.156032573933726,0.8036485008003753,-1.8558617874486827,-0.5320550859891473,0.09157209402939648,0.6239774879445786,1.7159937179367302,0.02218301305860535,1.4339967562720808,2.0563466969988493,-0.09823818285934861,0.9220464242899173,4.111237127178696,-5.600577909298897,1.1452247490315979,1.48279449295168,1.0667893844173055,-2.3720986454969903,-0.7668718888524597,0.018229866309875237,0.7159226040992204,2.523297462024468,-0.5071138211382114,4.570945958390279,20.893546954524425,-0.1394769060736105,-1.5302982520190231,7.3,-7.3,5.559758319396007,9.2,4.1587398373983735,-6.9,-5.6,0.6,3.6,5.8,-0.7181825246302299,6.483447171617746,42.03508722715815,-0.12846689903698488,-1.5317942138223868,10.34526968856077,-10.230109812441546,8.045816646173872,13.002496291129386,5.90197521974086,-9.71884327853616,-7.911886921056131,0.7106756227413442,5.090609370073254,8.241916807656574,-0.00830008258163852,0.18410853139829494,0.03389595133363696,-16.368485470665792,329.0179741819417,0.7062880684033548,-3.7132116536594713,0.05849544237223117,0.07810323583569122,0.05928550011752025,-0.09963930384018826,-0.040479698333732925,0.001081253027853557,0.03762353750195829,0.09378979171331497,-1.0418598988403625,9.227137988006845,85.14007544971902,-0.11101540927960411,-1.5282908245844298,14.601473823246247,-14.450254297333004,11.561236852269504,18.539967457442806,8.401981487811419,-13.77284653403402,-11.381243703666755,1.007153060231983,7.15872375377605,11.98405452722626,0.02713989022490372,0.37351226030925394,0.13951140860132788,13.210729705074014,195.33681000944748,5.6041593572489266,-1.0107991557125064,0.07594603151009108,0.10362730725120625,0.0942623364188128,-0.13342140162161104,-0.05153264686035641,0.001558120979779698,0.05209466039084984,0.1650211462907509,-0.011237698887163507,0.1551810208048569,0.024081149218037435,-7.212843390726321,68.8945934942172,0.3549537697589416,-1.5523697901555442,0.06537846721849283,0.0887070788521609,0.06750195109464703,-0.1206478519755092,-0.045863888581350765,-0.0022962025166088766,0.04284319027081014,0.11169680072086954,0.006690204245369329,0.20682645282060405,0.04277718158635355,12.626929609993535,184.46015004678412,3.051501368874843,-0.5681967226298995,0.05663172722557986,0.0749270898849746,0.06217457270002399,-0.10327261242829275,-0.04181417750476965,-0.005250512304767038,0.033112912380204945,0.09296414967888694,0.7944105691056911,1.9880791220825824,3.952458595660652,-1.7626153638138373,2.6246210616823955,3.7,-7.3,0.8895613311033613,1.4,1.8505081300813007,-4.0,0.6,1.5,2.0,2.6,1.132275032251704,2.2579628586819016,5.098396271186945,-1.0874659936704187,0.3270385784712899,4.7867386250118376,-7.073938177687198,1.484646382201058,2.9850684696840193,2.292143165721962,-3.3895743255890567,-0.2637013683038093,1.9478513994801556,2.72136710138021,3.580914008682766,-0.03725335675454794,1.6662126157660728,2.7762644809380186,-0.02372640504620075,3.406187065011931,6.703709686975148,-6.41590140449428,0.4343868070763569,0.5814054161625134,0.9536553953849528,-3.4148908804458467,-0.27241997846695987,-0.006958401595100389,0.30898543769555353,2.9391099241284846,1.63204235248196,2.965049659035443,8.791519480546198,-0.875099383955062,-0.5138290412362725,5.6963073754051115,-6.621484013934534,1.935248793586745,4.840748212843607,3.148264743813638,-3.982999863426839,-1.032093720750354,2.768279767136885,3.808654492093253,4.891372372475664,-0.01746268825025037,1.165011859929404,1.3572526337761692,0.14251279080419132,2.1990053893692325,4.868219521359014,-3.50567093712237,0.7520767040020719,1.001605426133029,0.807480755119254,-2.176472570358653,-0.5289086363769151,0.04402892404697231,0.47269678975611384,1.8952059695582129,-0.05218595269761424,0.8206533381286898,0.6734719013817617,-0.33150247757277973,4.325269519943856,3.6974651142553343,-3.472240442463577,0.18119091429477485,0.2541815186932811,0.46334135720224434,-1.699265616753352,-0.1297349128727034,0.0055315520828115305,0.1244466058205777,1.2364844354120335,0.04574780771322452,2.190803653367079,4.799620647606541,-0.22841522917368776,3.176298972732054,6.8709629383241655,-8.351194576581188,0.6496783305411993,0.8661018534443985,1.2511566702261339,-3.924447280873939,-0.41930415346214345,0.010196885394685006,0.446797699982255,3.9475736306335767,3.1236788617886178,3.6518591827131264,13.336075490366184,-1.6796641660514293,1.8417058365173125,6.8,-8.6,1.1860817748044812,3.6000000000000005,4.448069105691056,-6.484999999999999,1.8,4.8,5.4,6.0,4.430073865232279,5.132859344448775,26.346245049895106,-1.6478080216873805,1.7265195332848347,10.714639057291159,-12.0575354043704,1.6401224359486613,5.054072655721026,6.283354483580973,-8.57207194178567,2.5649143358408324,6.846515220094245,7.618986991561858,8.43387315203671,-0.03980138372832261,0.45273225631746866,0.20496649591030616,-8.428841188386833,82.29981510426026,0.7066139890517151,-5.060342762132703,0.10559754181489059,0.14293491058909424,0.15220399027105136,-0.28942356004093867,-0.06896547804716016,0.0017797778748731702,0.0739694325419341,0.26895955383621134,6.308549078090189,7.160815068976106,51.27727245207527,-1.719845102541261,2.038489233238865,14.23098772454705,-17.8213003671986,2.240688067993603,6.481476891106745,8.848038683362644,-12.487453466279053,4.276629462048234,9.77310258134876,10.758106353154979,11.97664452913479,0.10783244424139043,0.9334415446577451,0.8713131172930371,6.1886974223841875,42.965601246472794,7.608781425032244,-1.5645666306648565,0.18598106483466623,0.24231604158966402,0.30739295678517276,-0.4069602421057032,-0.1018909279258901,0.007444381421312853,0.14042511366377392,0.46950908158897986,-0.05517084642271865,0.35175097107032566,0.12372874564891706,-3.9973659442933,17.62100030888283,0.4128030893336375,-2.0674792330160514,0.10285379104205933,0.13324890801383804,0.15466985421603774,-0.27970162920396635,-0.07006235847920503,-0.007768288951929582,0.06318654953463301,0.2689335613899364,0.06498112966062013,0.5257124127697116,0.27637354094015165,6.011879876910532,40.75952045033172,4.181269431781234,-0.6370740721197553,0.12975835202396604,0.1798380246543624,0.19829942630097722,-0.31974331632902386,-0.08287742965141032,0.013586552765876694,0.0969605950029521,0.32286002154167426,0.0018933103319656844,0.1719628737814625,0.0295712299591792,-0.4657784487975583,6.614018447026673,0.968628,-1.062606,0.012864539449973109,0.017353,0.08068492640518751,-0.30179925,-0.006159,0.002161,0.011194,0.2989,0.0026779917025285486,0.20386085086983896,0.04155924651737472,-0.26458573014913367,7.5655215998087755,1.0531560872107881,-1.210122729264982,0.0163322021842182,0.022045037798547377,0.09311352141836374,-0.30795981227431946,-0.008137530804027345,0.002739720985465462,0.01390750699452003,0.33870886929549515,-9.660291590419024e-06,0.13258256404814542,0.017578136289580583,-0.09393627012228024,9.334870425708885,0.959498073570223,-0.9984735509174342,0.0074812123763484005,0.010090838978829054,0.05894781610033344,-0.2156557507221755,-0.005007201141689801,3.0944018997460974e-05,0.005083637837139252,0.21260893201040926,0.003788388225783417,0.27372401798340845,0.07492483802098131,-0.169716810370015,7.858973435817399,1.425743753072589,-1.5428855029548558,0.02194758564298222,0.029614574760865327,0.12296953422399358,-0.4053432877548061,-0.011067163455917267,0.0036540338624093827,0.01854741130494806,0.44863955928674604,-0.0005915257294112294,0.09043810291668201,0.008179050459168367,0.037238665495387464,7.853815839764128,0.5532695302696095,-0.6489279586171047,0.006564063252074935,0.008863614546950137,0.04134114021993125,-0.15358105812092132,-0.0045520836838125,-0.00010818532597659002,0.004311530863137637,0.15466247054838222,-1.3449683663579586e-05,0.09898449679560803,0.009797930605879737,-0.08094983304512135,9.608702088637136,0.8071912530600202,-0.8629244892834331,0.00739121309959758,0.009977827956684874,0.04494230168049196,-0.16175260793506194,-0.004925020066171276,5.503451518878188e-05,0.005052807890513597,0.162695306558354,0.00038542992870996463,0.15922356733752366,0.025352144395686928,0.032548764547497666,8.882851139583476,1.1644193354632941,-1.2309011152412106,0.007442095317716197,0.010059064582811956,0.07132936211993289,-0.2636279243357611,-0.005019017613201662,7.511765180184127e-05,0.005040046969610294,0.2617866715527811,0.005859182337245,0.34267444930239666,0.11742577820470083,-0.0818671706667446,6.47204765703381,2.321394,-2.13995,0.023161211857494514,0.031365,0.1620229237081456,-0.626984,-0.009621,0.00534,0.021744,0.605038,0.008285361062107496,0.4320551207740501,0.18667162738707904,0.09129682158375749,5.424098968015484,2.706497544246521,-2.1562180872711507,0.031566993135764436,0.04268903495462149,0.20815986325566874,-0.8278107187802541,-0.01291457591250829,0.007424253931624918,0.029774459042113195,0.7725418592333024,5.506051297414109e-05,0.21945337875675333,0.04815978544775504,-0.12381423119403308,11.972473836468911,1.5796582354576674,-1.8775794546773312,0.008358715661553787,0.011270893987998808,0.09236555638108589,-0.32401739355161474,-0.00569589509428813,-8.537710385712782e-05,0.0055749988937106795,0.32831194242828204,0.01171500933546275,0.5405849003901657,0.29223203452984536,-0.15130153860806314,4.731279819032968,2.7602400566407232,-2.4067601780610106,0.03733585133065455,0.05049330565582695,0.26185831108542634,-1.099252220475289,-0.012912801359090648,0.010534019787109009,0.0375805042967363,1.0097348544732183,-0.000768896475625149,0.284686933818943,0.08104665028723124,-0.257489805439806,7.16985670708126,1.3954294734458645,-1.7887836048153305,0.023010405762943328,0.03103652643547237,0.13210949423212978,-0.4975149958316419,-0.015241190913087302,0.0002899928888393066,0.015795335522385066,0.4777781704792423,7.776818599965153e-05,0.23564625481041315,0.05552915740617416,-0.04637372279624358,10.853028537086988,1.945974201616808,-1.9621817282092484,0.007426059529764248,0.010060045377960286,0.10157855573671011,-0.3652572301817322,-0.005042184429783036,-0.0001030322834083775,0.00501786094817725,0.36794688006396425,-0.000718098947838425,0.2019240997192199,0.04077334204741746,-0.009617573619481568,12.542086316443186,1.7070426062190445,-1.5188654368613912,0.009337782527828986,0.012591503867435579,0.08462765809385213,-0.2981795055262516,-0.006344116975808853,-6.9081395746511e-05,0.0062473868916267244,0.2850644829908592,0.0064023168163429255,0.1439929780891266,0.020733977738975687,0.19999336070309864,7.744401494609086,1.016202,-0.887059,0.013361211193172488,0.018084000000000003,0.0683369132642814,-0.242216,-0.00235,0.006722,0.015734,0.248704,0.009055392464173728,0.162326414076711,0.026349864707003838,-0.052522620923553594,7.713970699901715,0.9648419255845504,-0.9142081419220638,0.017103162835284437,0.023076877926596163,0.07657055976152322,-0.25873432140621117,-0.0016975059262239144,0.00974954451034421,0.021379372000372248,0.2598650689056252,0.0003005426684407671,0.12294083089130341,0.015114447900244061,0.02939489080155123,10.997143176764117,1.0204508537030466,-1.075849733111755,0.00754755848704569,0.01018640450250418,0.05415986891693505,-0.19641998717717227,-0.0051235407501919695,-3.730050034021491e-05,0.00506286375231221,0.19419846525339607,0.012809553565492005,0.21988927837817243,0.04835129474567341,-0.05780963549702577,7.8694579836740335,1.2669515968887874,-1.2241155826791148,0.02322225621048844,0.0312967638924608,0.10383676241814731,-0.3500602585908309,-0.0018952151962709006,0.013582384632887731,0.029401548696189897,0.3619362566323866,0.00023707307229644506,0.06587391625860792,0.004339372843246088,0.5855363526562787,6.787854240572614,0.4022973018931253,-0.356549823486226,0.006807602696757186,0.009193581336196986,0.031532869381131985,-0.1132620799167175,-0.004769425343941451,-9.530474805829082e-05,0.0044241559922555355,0.1174041255360368,0.00042492917004948404,0.14926348685225851,0.022279588507294352,0.05275474344358626,10.235956387026794,1.1637183401137055,-1.0701018283944839,0.008263977347713603,0.011153293082458734,0.06629557193583553,-0.2401648920514168,-0.005632406236005291,-8.486273771314036e-05,0.005520886846453443,0.23871226559350894,-0.000499722416990732,0.08912832373646412,0.007943858092071954,0.024922594133662365,9.466039163519687,0.6369725860071427,-0.6349907680400992,0.00668813705959889,0.009013284829584245,0.0398293463839846,-0.14338473362801682,-0.004684960723649943,-0.00012885059878035908,0.004328324105934301,0.1421258459559114,-2.4127650417467326e-05,0.7354194981751994,0.5408418382962621,-7.130499034228628e-06,0.755932343717741,2.111512,-2.11416,0.678768654181781,0.91530025,0.5572587256764123,-1.40503575,-0.45636350000000003,-0.000815,0.45893675,1.40601725,-6.713419496159549e-05,1.039876680461095,1.0813435105667866,0.00010320571014386606,0.758447614793694,2.988137426820332,-2.9279146720391958,0.9597343643249624,1.2945986676237196,0.7874593948581171,-1.9807779555969858,-0.6444070531596596,-0.0013307609172232447,0.65019161446406,1.99121593785474,1.3550067096929427e-06,0.016148293732244547,0.0002607673904628485,0.08052940088567474,3.312430050961912,0.27004799674973945,-0.20966462129481755,0.016251693243927105,0.0219382922845811,0.012956373271281482,-0.02426666305427936,-0.01085957879853506,-0.00012389383367498313,0.011078713486046039,0.024203546227556782,-0.00018703540091126727,1.4695875170698562,2.1596874703275453,0.00037580559409515355,0.7689041511837575,4.15540170661335,-4.17400452938196,1.338829260382889,1.8070928661000871,1.111016314125917,-2.776822203622833,-0.900167021898403,-0.0014680890298110795,0.9069258442016841,2.8005843128243635,2.409289032599907e-05,0.05177077229060772,0.0026802128635659557,0.02040103271420859,0.02088727762963405,0.2870784362981328,-0.16443475760361134,0.038000525206228486,0.05159789844254983,0.0393197781918776,-0.09496445198968703,-0.025110742865571148,-0.00028149644983391925,0.02648715557697869,0.09591997105744482,5.211331939071996e-07,0.00720432255439667,5.190226346778856e-05,0.04449856549927133,13.306619725696308,0.11345154853945334,-0.13485995911463944,0.0067297100614305575,0.00908047602702483,0.005700786288746546,-0.011635935954096899,-0.004549312737389044,8.950052939603114e-06,0.004531163289635787,0.011706108976243156,-8.966990588291038e-06,0.02167141882210887,0.0004696503937632545,-0.09594428768140456,0.9283594133113877,0.10352937215803122,-0.24906233954890195,0.022731646815578144,0.03065723792570311,0.017491149542999358,-0.036261376708061156,-0.015427293080231611,-3.177374915392083e-05,0.015229944845471497,0.03637674282502736
-5.853048780487805,8.079345520416297,65.27582403827087,0.9857353838772185,0.10003950663770622,15.2,-20.7,5.930408874022408,7.125,9.236788617886178,-16.085,-11.025,-8.9,-3.9,10.08499999999999,-8.233634692805724,11.475925056445861,131.69685590116194,1.0045678014603903,0.10946212476772743,21.435270767942367,-28.433092726132752,8.656592226064117,10.090766619425237,13.093112460158457,-22.77477779082364,-15.6295652288332,-12.755805425672785,-5.538798609407964,14.28069620254857,-0.0457992476344477,0.6810483855424049,0.46382690344991623,-4.397760924001479,49.82963597652994,3.266451529728473,-8.231430891322146,0.27375600314631093,0.3725791973784497,0.3371892688528225,-0.6397645179756993,-0.1962144181229405,-0.014299124015572318,0.17636477925550917,0.5670897656903453,-11.544962935626286,16.369331232216233,267.95500499000985,1.0172184630130496,0.11980020711251749,29.890061578102532,-41.07106788581561,12.293044072457185,14.266474995586996,18.585917212803675,-30.931960769826638,-22.157664730029058,-18.070076484121742,-7.891189734442062,20.45152672884992,0.13996256826132195,1.2041207307523791,1.4499067342276435,6.3484941726415745,54.812626855560914,12.663216995190847,-2.1166150223659783,0.3552614573492392,0.496599984802393,0.4788773317498042,-0.854510467815979,-0.22777808714585268,0.03608268868394071,0.2688218976565403,0.9769612382013784,-0.06389040913625386,0.627454410186165,0.39369903686206814,-1.4708817027837275,11.202964763438805,2.7319191053340215,-3.4556217745744475,0.2995808964843754,0.39823281869892146,0.347554159373219,-0.9622620048316144,-0.20958065010733778,-0.011006617932454657,0.18865216859158365,0.5186293129799564,0.07160191850958637,0.7189497643396047,0.5168887636439731,4.305386265791624,33.6969706200369,6.784843363044282,-1.7963744533491632,0.3296925871506524,0.436077349567572,0.3620844557382684,-0.6068740420633342,-0.21174912787601974,0.016668550133322226,0.22432822169155225,0.6493672903709085,-148.51869918699185,13.235208645933069,175.17074790138145,-0.3818831601581116,-0.32943674933163214,-110.3,-189.1,14.23298129765377,19.42500000000001,148.51869918699185,-172.355,-158.125,-146.9,-138.7,-129.9,-209.94705680029617,17.916747907475685,321.0098555800343,-0.27196008724135473,-0.6533700029284448,-157.81573324672306,-253.46708545144585,20.801257979876006,27.42741473120543,209.94705680029617,-239.99191771776944,-223.1426919427202,-207.8790582581487,-195.71527721151477,-184.72552571699066,0.042653509855871116,5.385299762154405,29.001453528260292,-0.0025293497847587057,0.8860774099266204,17.943502213055087,-18.46274184334635,4.8742058755835425,6.573870431518322,4.128597826105028,-8.512013801737659,-3.1961425170211006,0.08028844943916091,3.377727914497221,8.518993205616823,-296.6175399966865,24.08271276590853,579.9770541652537,-0.26594367382620404,-0.8721726438228186,-228.65894641402923,-345.0774744458415,32.16794413451151,44.231779490201916,296.6175399966865,-337.9344166986059,-317.34019400327395,-294.664577706198,-273.10841451307203,-265.35335996601077,-0.44065100364773524,7.790792623098235,60.696449696121874,-0.018054579883622985,-0.626407026018251,18.372190117937173,-21.719071662371146,8.971333016178981,12.17374379151467,6.533992523026206,-11.842285112958837,-6.56152181854872,-0.4039837054660911,5.612221972965951,11.639975851112265,0.06739522050702018,3.610922088019625,13.038758325748008,-0.09871964431355976,4.217998689505069,15.067606213864726,-14.864016434174639,2.298963521679151,3.070716458015588,2.3899187617745734,-5.77040596523176,-1.279767130717775,0.28466933692353186,1.7909493272978134,5.230646364073296,-0.021334780220932714,6.64670511860483,44.178688933687646,0.19273625915745884,-0.0832674326986953,17.937739131931316,-19.44199179941161,6.533407374155702,8.763112015910297,5.30307470194484,-10.813404557978497,-4.848012505887349,-0.42543222269718917,3.915099510022948,10.826684768730845,-1.3485772357723578,8.428859276761552,71.04566870744928,-1.7452413059566996,3.6590642779251503,16.6,-36.8,6.375189539574088,8.425,5.812195121951219,-18.97,-4.2,0.7,4.225,7.6,-1.9323806951112825,11.00101731292258,121.02238191922234,-1.413134176344339,2.12440975224011,12.845685400675745,-45.26541019215455,8.99037659905461,12.71317407014058,7.980059829718641,-25.61644840788477,-6.658396583015939,0.674499588287542,6.054777487124641,10.29985392205975,-0.056086335652141675,4.521532463622119,20.44425581958871,-0.09212555704211439,7.083746884376119,20.75310973489478,-24.63858619972141,1.790607174094512,2.4205337424652624,2.5693783262927377,-6.466776300258583,-1.3373009521693229,-0.05094769447622005,1.0832327902959393,6.599915659982345,-2.798263420952741,12.879212757574432,165.87412125486802,-0.5158832472547983,-0.8716793946158861,15.748036868764025,-33.163821633156296,14.40659062611366,22.54573089600867,10.522216764927446,-27.374189438915515,-14.151204651294957,0.43729246032705016,8.394526244713713,13.858994768172476,-0.356148577972244,8.583252269959694,73.67221952976823,0.17674959515766342,6.129231249382364,34.517622190207746,-38.267474434234224,3.2860610750195653,4.468512972638336,4.7423203074037685,-14.016227789146981,-2.66748957694484,-0.5256607661739051,1.8010233956934956,13.793331146482736,-0.0780607825285367,2.685134807451801,7.20994893418922,0.4521173672896796,4.935842392087943,10.890828513732616,-8.969242023313381,1.1298261739795217,1.5830663106104736,1.5985774778461603,-4.141557108872078,-0.8814567943157356,-0.17846773120786646,0.701609516294738,4.001479914586079,0.33871923342920657,5.744072209522068,32.99436554820374,1.5849033307674198,7.420326209338043,31.469211308307226,-18.495113732687123,2.3135966925355462,3.151545893476981,3.275723121799795,-7.775388042601037,-1.5733562456142072,-0.06331195592716678,1.5781896478627735,10.559349162753442,-0.7156504065040649,4.085929030267904,16.694816040386012,-0.026070632299191602,-1.3812600560544712,6.8,-7.0,5.633888430321288,7.9,3.6493902439024395,-6.6,-4.8,-0.6,3.1,5.28499999999999,-1.0119688618414973,5.8002527285682755,33.64293171526372,-0.014953883603813504,-1.381964945119962,9.629584696464894,-9.814535091434834,8.01576335946451,11.114553440758675,5.18480025474079,-9.410867236093946,-6.784643766270021,-0.9268569373701651,4.329909674488654,7.4922370629867325,-0.006964091255549411,0.1582663023096225,0.02504822244676082,-15.433313866512222,300.59994964055295,0.42678477023145284,-3.121799803575427,0.059058440421385104,0.07905941768998914,0.057863150942472574,-0.09825942226025752,-0.03991859273159736,0.0010053725520583479,0.03914082495839177,0.10400634822617578,-1.4526521331069033,8.268981269027577,68.37605122752893,0.002362688187780526,-1.3760549345865178,13.6092723881254,-13.843037411736704,11.645947104890855,15.823365825606068,7.387538606553822,-13.316869380970713,-9.722402141607915,-1.212893289201454,6.100963683998152,10.787480160843089,0.02059703058130134,0.3250384338658139,0.10564998348994105,13.087725264262588,192.53631459977453,4.856457810543004,-0.8545737593319225,0.07828307994729582,0.10583876536168484,0.08668977764873617,-0.1158537651833837,-0.05392371742573826,0.0025301015905343505,0.051915047935946576,0.12498643767072087,-0.009866777296603527,0.13075133641931927,0.017095911975438003,-6.7215975917841035,62.44837631839894,0.23762864737978864,-1.3005672483933635,0.062080904835987216,0.08587275244772516,0.062422179116960734,-0.0987274065957485,-0.048183788624019425,0.001160412693190513,0.037688963823705735,0.12562798023310837,0.010802619825894729,0.1795154406637236,0.03222579343669087,11.802779904689748,167.37726443559623,2.5913625980328,-0.4043823686778944,0.061054551850183936,0.08197968888613727,0.06372746341239442,-0.101627097316896,-0.04148847550914868,0.003055684136529328,0.04049121337698859,0.10397578234731285,0.030691056910569108,3.397675725470057,11.544200335448476,-2.341254685734134,5.347498098019628,3.9,-15.6,1.0378215529539212,1.425,2.354268292682927,-7.784999999999999,0.375,1.3,1.8,2.5,0.05172301329793561,3.772253035718204,14.229892965485204,-1.5029999923858104,1.4029818848546434,4.28447274735502,-13.870758014483103,1.4848162672848266,4.511134819374914,3.0285501269500346,-8.375444947594277,-2.0321309522051596,1.8023227045395764,2.4790038671697543,3.2936545891060907,-0.00612989981328666,2.9549736062262153,8.731869013493563,0.51822731912358,3.5830769606064568,12.707865595166014,-8.991662289543612,0.5835265439680253,0.7534716688384409,1.631955214218217,-5.340813021024933,-0.4050228748682675,-0.0006220286940701869,0.3484487939701734,5.8128205864489475,0.10185968965720801,4.6614672773629175,21.72927717792525,-1.0398841631396805,-0.370932528818841,5.270001696935566,-13.214248978410847,1.6050652824747498,6.833099390613661,4.082611778643819,-9.23429015735149,-3.4679081410355113,2.6733523381944995,3.36519124957815,4.237591930751131,-0.13624127065118202,2.5264000057558853,6.382696989083338,0.014770597904795067,2.3800966137612054,7.259529835471795,-9.73087785907958,0.9285658774839808,1.2149595382976708,1.5509158648427468,-4.974938908362765,-0.7064615506022055,0.014956655007240804,0.5084979876954653,5.459925885061898,-0.008450442402873966,2.7787964185008596,7.721709535473205,-0.07931255487288619,6.188062248537353,10.856077600170622,-10.094653407338928,0.21777485347761047,0.2877901533195646,1.2593303619967922,-4.338744166685199,-0.14878723042738223,0.006502429579830404,0.13900292289218236,4.883815238968387,-0.059404204276117666,3.081408195976136,9.495076470228906,-0.1897649399384728,3.430676690491941,9.23448266877933,-12.446523360415478,0.6182763106448749,0.8502357014249828,1.7246118158014276,-6.090240353176698,-0.47262339147243115,-0.001321631309817542,0.3776123099525517,6.009523087121206,2.882825203252033,3.5538939690753066,12.630162343429838,-1.6315866709202653,1.7309331920504487,6.3,-7.8,1.3343419966550423,3.7,4.200304878048781,-6.2,1.5,4.5,5.2,5.9,4.088453626899503,4.995575574463199,24.955775320173327,-1.5945412768355154,1.6092555410286105,9.99078036836315,-10.996381774953543,1.830473567032146,5.223513623309299,5.931975149604119,-8.487752868240594,2.109522233933591,6.444705517807328,7.33303585724289,8.399988101692902,-0.0397638010442564,0.4527825421875015,0.20501203050977662,-8.534401711482834,80.68500889949452,0.5779671860835495,-4.790943927363312,0.10069933508641789,0.1346103570465742,0.14321409237268867,-0.2691477269509481,-0.05806457441243318,0.007267857208469397,0.07654578263414102,0.2054421833927865,5.82392701363914,6.971454926998591,48.60118379917293,-1.6644222950073568,1.9124919582097197,13.267450447098744,-15.711521817625972,2.523836183847948,6.543454852900735,8.33701914512367,-11.575931116180087,3.7551721922297245,9.085937820979694,10.29862704513046,11.648905022171183,0.07945190865814795,0.9348567617740764,0.8739571650347122,6.055819601118131,40.18649992991948,6.965415046800481,-1.3875546145532849,0.17813555375183532,0.23641179107861415,0.3107257057996107,-0.46640059373825693,-0.12456469145235449,-0.019269096434888056,0.11184709962625966,0.4045955994971917,-0.05532768737667303,0.36132805486522473,0.13055796323268684,-4.155357641755479,17.674764267981985,0.4428313838400711,-1.9640531025968895,0.09188987904016292,0.124156097812186,0.14835891855231778,-0.2692872599176258,-0.05671626480098259,0.0047718870065725635,0.06743983301120342,0.20424535057661408,0.056866396214024985,0.5202067717453066,0.2706150853696735,5.98720325704039,39.222394126940706,3.9113220143128875,-0.4955328729038185,0.13355414681716007,0.17339952325233557,0.19236669541802215,-0.32511840323671215,-0.09172884405712078,0.0011823872925542534,0.08167067919521478,0.29206692905659104,-0.0013927498716128444,0.3299229453067466,0.10884914983987849,-0.576969197974786,7.6526889032212,1.556758,-2.33128,0.06352950506296504,0.085699,0.1670687344047367,-0.53525925,-0.042828,0.001864,0.042871,0.5398335,-0.001968834560311779,0.4524455078959182,0.2047069376151954,-0.4141676730009088,7.421321559121102,2.1478063143488293,-2.7648921969123945,0.08971172355547405,0.12090252944519018,0.23080207071141445,-0.7105314581810627,-0.06110659216344794,0.0015923702808110882,0.05979593728174225,0.758901293594684,-0.0004823226881796411,0.11389210807398889,0.012971412281537167,-0.06638397388975283,14.451157760879049,0.9889931240875217,-0.9833185617170767,0.007683129179196739,0.010360849924445727,0.04766076758625063,-0.15663737169101602,-0.0052746046479266225,-5.377178753799704e-05,0.005086245276519105,0.1553744308149534,-0.0027819956532322016,0.634354062731788,0.40240507690432514,-0.375987359087075,7.419467398414776,3.0378318304487197,-3.8594456726038437,0.12651278719072734,0.17070905961261001,0.3233095550892342,-0.9780127431935395,-0.08638479360247711,0.0017700253456462305,0.08432426601013292,1.060340110619285,-0.000949705921424326,0.08326917304891737,0.006933755180250547,-0.2825581400965133,13.097369509663817,0.6726703284384423,-0.6939213068657133,0.00723960055618545,0.009765260371235152,0.03662716452656407,-0.12671212796986367,-0.0047712989014210595,0.00011609147408244787,0.004993961469814093,0.11765800469890428,-0.0006824664380775345,0.0877396094625424,0.00769823906863946,-0.07132433025438202,12.012183090484992,0.7599009757624501,-0.6714950960082773,0.007725625474051679,0.010424756578297984,0.038665116024231505,-0.13361363562903095,-0.005353862672229044,-0.00010073767904040403,0.00507089390606894,0.13163926073258153,-0.0007247012252470279,0.135053194834107,0.018239365434899263,-0.0033022552199028516,14.4627938282717,1.1384386705096896,-1.251237158394536,0.0076056931626532,0.010232954843112759,0.056546158812033454,-0.18880409099793383,-0.0052489153874711175,-7.878570326779408e-05,0.0049840394556416425,0.18780474355642449,0.0051062837507174575,0.5418982719151091,0.2936537371045815,0.6921612675082393,5.772272751795567,3.36658,-2.831233,0.0837373733011964,0.112841,0.2795866487327433,-0.941306,-0.055226,0.000954,0.057615,1.0288810000000002,0.007213119514432072,0.7348248711134499,0.5399675912068982,0.7639396968985172,5.386559181981129,4.460079052386863,-3.1696067955072746,0.11832743903823634,0.15945315505255542,0.38330016961351837,-1.2677596920125525,-0.07903341523602603,0.00012935629980504295,0.08041973981652939,1.4207761209197096,0.0015543468348368887,0.21745127515762658,0.04728505706767782,0.02941421889771706,14.915303113695053,1.9265802368039184,-2.0981824432778775,0.009239736271172607,0.012447927719501355,0.09049002295891595,-0.30408921418065643,-0.006084136925721628,0.0001040034097868939,0.006363790793779727,0.31189885152428265,0.01017773036442685,1.0019583133898573,1.0039204617710473,0.7488300199059877,4.905834474041077,5.506715457520123,-4.144627587870651,0.1660508793426974,0.22405847170517035,0.5302502432639254,-1.7238510386099823,-0.1101291448297466,-0.000989144613023707,0.11392932687542374,1.943747515606894,6.1000159481057645e-05,0.2753584090823953,0.07582225345238774,-0.17550462511884216,8.140364509516196,1.7821580690778709,-1.8871066720411889,0.027168467202413404,0.0367188106220729,0.12954071185332475,-0.47795041230451873,-0.01772254382020523,0.00013820681164265162,0.018996266801867664,0.4558456883421139,0.002197740848431648,0.243889938771968,0.0594823022341943,5.984302533909593e-05,13.052905996182083,2.0344359589835657,-2.0570208286458653,0.007920577227250248,0.010696979982249983,0.10272748104277737,-0.3550504678134495,-0.005207482895119054,6.0754929790726076e-05,0.0054894970871309295,0.3724704378952882,-0.0009542403177925732,0.1872692546851405,0.035069773750328014,-0.10043031279512708,15.526178438801079,1.7059209045647699,-1.7206437033847888,0.010262877304255557,0.013847862648629384,0.07768206917243796,-0.25691502602533633,-0.006948810613235167,-1.0594950526005752e-05,0.006899052035394216,0.25720103022896146,0.005553034740053771,0.19994728400063738,0.039978916379231545,0.1672305495493599,8.439505255648326,1.587077,-1.251696,0.02456968396507484,0.03318875,0.09925036455910338,-0.317635,-0.010757,0.005875,0.02243175,0.3233975,0.00785217022979241,0.2549231364922441,0.0649858055190433,-0.22463415583799717,8.256649585765876,1.691339525557266,-1.6177176655277112,0.03336049739728428,0.04497769293624718,0.12723256010944245,-0.3863905211565413,-0.013881531627551378,0.00857284655230942,0.031096161308695802,0.4040789826065293,0.0005810769110225501,0.12232929622627431,0.01496445671521557,-0.052249288528838006,11.744572536873305,1.0816186710657816,-1.0652063921525798,0.007855829916761512,0.010605411311259496,0.05405527296918771,-0.18701649660602748,-0.005233839062354743,-1.5632563974070748e-05,0.005371572248904753,0.19697659633754105,0.01110169278800141,0.3546769198243762,0.125795717456107,-0.29679976023543525,8.324598755903578,2.2279843222280737,-2.2265461984618673,0.04658907699605035,0.06275302440849645,0.1765663238219699,-0.5312290162831425,-0.019433975799923505,0.012073713595767973,0.04331904860857295,0.5718846982286944,0.0006616707181600823,0.06443569777757363,0.0041519591480828075,0.32453597845177845,10.246665226035745,0.5378626188109966,-0.43098227720116994,0.0072162114252615666,0.009734025660572868,0.029697302164025705,-0.09710771593805814,-0.004940138086046217,-3.335005941153908e-05,0.0047938875745266495,0.10415636061142966,0.0008216562298929423,0.15619442220567156,0.024396697528163584,-0.08153008058802129,10.798955631374612,1.0492498073500867,-1.3201398198732681,0.00870719463782335,0.01174407609456803,0.06920631968157347,-0.24693502417255098,-0.005881186862459513,-9.778121584806859e-06,0.005862889232108518,0.25483413704306435,0.0002539350437987774,0.07434198315697005,0.0055267304597112175,0.024707130575210387,15.551587448183142,0.6557607513866381,-0.6420037638074838,0.006595841810999115,0.008894976263636233,0.03137543650706856,-0.10189648552788137,-0.004462004294792261,5.528399074179425e-05,0.004432971968843971,0.10302470156611349,-6.265389843820827e-05,0.9080030185654062,0.8244694817238895,-0.00036374215277623737,1.8539866061770915,3.094721,-3.089504,0.6979090488226882,0.9412005,0.6442939562879497,-1.7009805,-0.4699175,-0.0006135,0.471283,1.7019107500000001,-0.00014033492971208687,1.2839751191930555,1.648592106706821,-0.0002452561004254136,1.8573894134265876,4.361297389286361,-4.382658879186261,0.9829794420165487,1.325982962399916,0.9105635947480853,-2.3967186539816248,-0.6618773156042183,0.0002716767558018328,0.6641056467956976,2.4076856251822463,-1.0466895262052091e-05,0.015240534470751852,0.00023227389095417547,-0.1943241215681944,3.893862278660431,0.16845744961047845,-0.26134305141122693,0.015998260300855778,0.021665228808551602,0.012487381591886062,-0.02250340563388573,-0.010627332366987676,-0.00016975069040241209,0.011037896441563926,0.022559345904622056,-0.000346144234158359,1.8150061849713255,3.2942474514841655,1.2223643622825256e-05,1.8690771146763376,6.067641768351289,-6.16623178116932,1.3692777706513595,1.8470818275624796,1.2851745487605823,-3.383329577246281,-0.9238990713054815,-0.001689846870118564,0.9231827562569981,3.3741942197367982,-3.680032919649114e-05,0.04982315102075508,0.0024823463776369684,-0.03905890656924876,0.27316488172717746,0.153774316952738,-0.461665326668277,0.0389841277312318,0.05290097909529627,0.03845628816544281,-0.0884913606451724,-0.026182872749415095,-0.00013976735812830376,0.026718106345881176,0.08868555433252578,-1.3406150480741105e-05,0.006091867910929588,3.711085464421362e-05,-2.3931787371948317,107.6702927052907,0.12325182609419781,-0.2155457914524717,0.005574674632999189,0.0075120004554951785,0.004585817141457344,-0.009323924679543093,-0.003746056506249572,-1.710444066447097e-05,0.0037659439492456065,0.009303002207201937,9.681832718290482e-06,0.02067377727347736,0.000427405066753349,0.04599098272665714,0.02802806295670779,0.20153060543447787,-0.1157386475683007,0.023097265841216637,0.0311786224439192,0.01711013921508288,-0.033881955637433646,-0.01568632269604228,0.00018985971992778765,0.015492299747876921,0.033837209122168
-5.6399390243902445,7.579994824602284,57.456321540997415,1.0091320477304317,0.1507885802983404,14.4,-20.7,5.485628208470727,6.7,8.78160569105691,-14.5,-10.4,-9.0,-3.7,9.284999999999991,-7.9311411012201045,10.759980324768522,115.7771765894057,1.0350681345085908,0.16793889190515898,20.265754060698942,-27.878525814685375,7.946876936469948,9.41163776551313,12.446044589894166,-20.30975787847012,-14.634988704089714,-12.926313726117973,-5.223350938576585,12.992666952066067,-0.044225836980409716,0.7701339206931713,0.5931062558022359,-3.334214305413149,32.906879334296356,3.279464016216914,-8.175066200248436,0.3286638305876534,0.4411365877429183,0.3880181275867102,-0.8127259539696454,-0.22138647555398233,0.0015344703619077915,0.21975011218893598,0.6406131016406782,-11.112178594702652,15.349966110490838,235.62145959321725,1.048893461707595,0.18377344534200946,28.477647840334487,-40.409534661587706,11.505442129971458,13.216442938234115,17.658954070943313,-28.695068436123222,-20.636052291084994,-18.560800405248337,-7.419609352850879,18.51787926031592,0.14529836824780468,1.1712250838169107,1.3717681969619295,6.60961686016169,56.48766213143675,12.259358999623817,-2.407748531827567,0.3142280575503496,0.42054092940694887,0.4528660823049874,-0.6826841731729615,-0.19318782603234705,0.01401190606137992,0.2273531033746018,0.8193095500768146,-0.06067753029502612,0.7144003335606355,0.5103678365915473,-1.1399394991499676,7.176693585711623,2.672022454588279,-3.5828894377874145,0.3418974345896551,0.4590443939994207,0.4216637096485796,-1.302779319838553,-0.22176959982850541,0.006653337253202522,0.2372747941709153,0.6466722739010176,0.041429930966444255,0.8119278539633874,0.6592268400415917,2.523916957529815,22.044405785374416,6.551324476333312,-3.789764805716099,0.28294193039986887,0.39188687126564126,0.38974434848378287,-0.6294331345506932,-0.20888134657277316,0.004118163024054482,0.18300552469286813,0.9202127188631797,-148.9441056910569,13.603480462891714,185.05468070427654,-0.33407329074206776,-0.41497862265376195,-110.8,-186.8,14.529501741354917,19.900000000000006,148.9441056910569,-173.38500000000002,-158.6,-147.7,-138.7,-129.6,-210.54986045635428,18.268683869047475,333.74481030719545,-0.21434438347016765,-0.7770398871571511,-157.7528658663684,-251.56481418764315,21.40122898782007,28.38046903022365,210.54986045635428,-241.97250145405758,-224.25897517579085,-208.82711925812086,-195.8785061455672,-184.6710140442403,0.021567450934261764,5.974497328645263,35.69461832998939,0.08138509517807753,1.108483260076552,19.56302590189036,-19.982000795194836,5.903972260741364,8.003000788501613,4.613743964037678,-8.998735828252592,-4.0950573088320334,0.09675955377738354,3.9079434796695796,8.889095724449449,-297.4765390104247,24.72393980337324,611.2731994008237,-0.25276156071354616,-0.8050416742585464,-222.69238227849294,-348.7981801603331,32.18852310133191,46.768858179077824,297.4765390104247,-338.63940355755886,-320.62211270511915,-294.62713047237884,-273.8532545260413,-264.9803446978883,-0.1248374020264176,7.330658762582647,53.73855789342976,-0.08715746379992816,-0.5181114444147492,15.372067547913172,-19.540926518113878,7.72712232523663,10.910402726290197,6.026637505616068,-12.817055323287402,-5.00319821230612,-0.8432673750948005,5.907204513984078,11.409825661093716,0.032363261882792996,4.465258138071203,19.938530239611108,0.10105944251450223,4.685451103748512,21.782234102695867,-16.02550641048061,2.2356476415048725,3.10306598600632,2.8029204809240746,-6.676427334060477,-1.478489858189641,-0.15814684266997076,1.624576127816679,6.488981169393314,-0.6339387616143694,7.07799224119103,50.09797416636042,0.15497881720208234,-0.0426735260217348,21.211935431959215,-19.259699623359232,8.17525489196685,10.792551365431422,5.665229616231684,-12.060345373772666,-6.1647308137639705,-0.4608897124922229,4.627820551667451,9.46643322193867,-1.7737804878048782,8.0720336453292,65.1577271713266,-1.3996981637546095,2.297888186449528,12.2,-34.9,6.819970205125769,9.8,5.885365853658537,-17.2,-5.9,0.1,3.9,7.4,-2.5309479678465965,10.399522253346928,108.15006309785798,-0.9177894944628524,0.31558911046606575,12.24905321203264,-37.481370254579076,10.031985942903235,15.208625244003864,8.095438190298424,-22.549932097196635,-9.824996468346173,0.23491864398209428,5.383628775657691,9.977210898153979,0.007003483120496061,4.647661279081574,21.600755365074175,0.15225764506903208,6.02005525505162,20.192318909875915,-20.60467370517189,1.9082963503658186,2.5439298029241435,2.713910379625107,-6.5706762280446425,-1.245354479852416,0.005299530936957786,1.2985753230717276,7.489537738470772,-3.6354170137879547,12.983908328529074,168.58187548364663,-0.3547355231785238,-1.1857449855524747,15.907949223721278,-34.40258533535157,16.168956404040166,23.863635694968178,11.000996233117629,-24.236544286158377,-16.354367885134714,-0.10772919435339287,7.509267809833464,13.525814189888559,0.26932825845095376,6.753353427874662,45.60778252178645,0.5769390501627817,7.354999316544742,31.611638263375628,-28.183707272042373,2.703219600994233,3.781571163709665,3.674459180048443,-5.023155834045171,-1.9422249011178252,-0.17748250848205877,1.83934626259184,12.293896172748223,0.010928558392007187,3.2009505424632696,10.246084375295899,0.49973862565984306,3.2577859857230003,12.044681095398692,-10.725125611649029,1.2444489609104727,1.6740068952628413,1.9381478620574357,-5.882134613290837,-0.9085153402966168,-0.08273870459906417,0.7654915549662245,6.534888818035706,-0.06622179433296467,5.68819231765162,32.355531842590906,-0.0004513085767887617,6.067564259159257,23.662368632349022,-25.891370588647383,2.503948481824906,3.2665738820645043,3.3267216805057527,-7.155324928933628,-1.6822206747843225,-0.3179099784801256,1.5843532072801816,8.245150825422243,-0.9215447154471544,4.075539673480599,16.610023630114352,0.08994254679619466,-1.2844839998309587,6.9,-6.9,5.782148652171848,7.924999999999999,3.5865853658536584,-6.6,-5.1,-0.7,2.8249999999999997,5.4,-1.3008560829333906,5.786785314010418,33.48688427044665,0.09881934513787734,-1.2849967508021427,9.739744351206015,-9.641253780302966,8.306595202331419,11.275239824016388,5.095120205498905,-9.297150129349305,-7.2354604747680025,-0.9697676213948836,4.039779349248386,7.677967837836053,-0.006090750400089307,0.10698759763924327,0.011446346048616614,-12.013929740482872,214.6307511975388,0.3062000459887416,-1.942603947717722,0.05558393793550712,0.07565346453030616,0.050271621165796816,-0.10149093635829205,-0.040468244205550875,-0.0015987676234367476,0.03518522032475528,0.09256651015434918,-1.8533017272491827,8.251668413908991,68.09003161310333,0.11737237389162372,-1.2827856936212239,13.701984784340356,-13.632805120352268,11.858550875578745,16.217581094016857,7.276382454104898,-13.140606237660965,-10.328432694060325,-1.3920060272991241,5.889148399956534,11.086754340903092,0.014730213599027932,0.21488160011823368,0.04617410206937249,11.172657592138336,154.41479446009637,3.0404573474838283,-0.623580370758933,0.06814853173488596,0.09103970879507597,0.07439181622412727,-0.11380705727423912,-0.04888751611314865,-0.0030092335484813715,0.042152192681927325,0.13904873445971924,-0.00804787266515188,0.08910963564315329,0.007940527164455535,-4.243529839418839,33.530895362446586,0.2126449050569408,-0.761896428849335,0.058181805939549226,0.08140892624114451,0.053821908533596904,-0.09526719404625794,-0.04756899671110716,-0.001777611160650425,0.03383992953003736,0.09620214940157461,0.0026752711341131545,0.12124592443624686,0.014700574192400083,10.067169243567072,133.21175945037302,1.6498693346361997,-0.1902434250575947,0.05427545727520344,0.0715400823120746,0.05317483490735694,-0.0922110453171801,-0.040815765483419864,-0.0060638585512025394,0.03072431682865473,0.08997026853074587,-0.13069105691056912,3.510196113924791,12.321476758212704,-2.1902613831014515,4.476170261042889,3.5,-16.3,1.0378215529539212,2.0,2.4077235772357723,-8.1,-0.2,1.2,1.8,2.4,-0.1750028870030012,3.795692480931808,14.407281409802263,-1.2680504224396116,0.5904334830107039,4.262536187543348,-12.337812143127412,1.7153331259997318,5.166894294428735,3.087212086498959,-7.918660333355294,-2.7348061425223325,1.6426908215138118,2.4320881519064024,3.2928988874423597,-0.07069984680431474,3.178041847185555,10.099949982462574,0.43176815028302773,2.8946383862047407,11.935421913616125,-9.967264173555291,0.4602662506609542,0.6212538386302979,1.754765040499555,-6.152153719073846,-0.38655770917331655,-0.009612498738319167,0.23469612945698134,6.538174799729588,-0.2136151660732753,5.0099583439992275,25.09968260860748,-1.031982944635357,-0.4196632764424897,5.439900407994259,-12.55708921758144,1.6444694564644404,7.183601970894452,4.270228310151154,-10.361484518210602,-3.8347589081108557,2.6294424070484146,3.3488430627835966,4.203350980432909,0.17729029452599251,1.837291831530214,3.3756412742076485,0.28333650247988984,3.12293587462176,6.975919434647699,-6.501357717082063,0.8558841077281955,1.1714388542929606,1.1463641392453559,-2.5496092922528915,-0.45488015559733597,0.028022447079280394,0.7165586986956247,3.996846079586953,-0.09902069702570868,3.2795938306307244,10.75573569391111,-0.15552218960167363,4.753096892955246,13.035483275396459,-11.81496935847572,0.24013858631857668,0.3144167021719216,1.5610189039691955,-6.6539577624814,-0.16288602971977212,-0.013140014540074716,0.15153067245214946,5.836048628996118,-0.24145801754144935,3.0173288511873264,9.104273396207432,-0.623772437664475,3.355554124212712,9.324149362064636,-11.148490465411337,0.4569576234194309,0.6891739672816113,1.6294126809030804,-7.17795154240101,-0.4215387933019542,0.002541138545302566,0.2676351739796571,4.922358862980667,2.9718495934959352,3.3722761115454105,11.372246172499835,-1.5479958346338352,1.567927997753884,6.4,-7.6,1.3343419966550423,3.825,4.100101626016261,-5.484999999999999,1.375,4.6,5.2,5.9,4.213671252531188,4.740190752158081,22.469408366844995,-1.4986338998485622,1.3948392436710844,10.301373697995736,-10.753637732180247,1.8850011395444566,5.397562884077442,5.790847097841389,-7.343490954075457,1.9552746046004188,6.475178622854507,7.352837488677861,8.386636217521529,-0.03984146866179409,0.4515466220132783,0.20389435185160243,-8.658224350344089,84.57715698152073,0.6479114581471872,-4.789616367283187,0.10059127009929818,0.13628946787525792,0.1440766194979037,-0.24057186183077825,-0.06913217148524958,1.5063228442357968e-12,0.06715729639000832,0.23753955734533924,5.999916154465094,6.614054813632238,43.74572107773178,-1.5687822457158243,1.7099342229632892,13.4587055081628,-15.567392733054762,2.652178359712232,7.365246002778217,8.152240242734765,-10.253913568624831,2.932119148731698,9.138307641940507,10.297365151509915,11.753131839675023,0.09442671059595674,0.9396997716711133,0.8830356608787425,6.192852221168419,42.26353645096519,7.301611945939578,-1.3709244170888013,0.1609903753247558,0.2268609319616281,0.30796105104004806,-0.4375086208943363,-0.1332063872240783,-0.0003092484455320399,0.0936545447375498,0.45627706453295735,-0.055918048230414054,0.36619502030589546,0.13409879289683518,-4.199667303817343,18.740089265857833,0.3796143605836428,-2.121042132222837,0.10129801808415118,0.13879945515516584,0.15798562462480129,-0.2766455791367822,-0.07132183734201414,0.0033200770478089238,0.06747761781315169,0.24605817748580472,0.04257099420654223,0.5160008796086246,0.26625690775687433,6.189643408660967,42.07607279599677,3.9399237321394915,-0.5942636771620644,0.12319689732324275,0.15866025327922983,0.18529264762836586,-0.35243311015598167,-0.09356716582493209,-0.006173058810953529,0.06509308745429773,0.2303094140304731,-0.00113923012401807,0.30885139659954247,0.09538918518148787,-0.37502785808679867,6.472255353327171,1.445027,-2.101341,0.06264883934517272,0.08457,0.16018689933243171,-0.53355,-0.042769,0.000794,0.041801,0.5459842500000001,-0.0016117585288571291,0.42169642111129507,0.17782787157807473,-0.20803157455654353,6.309107865204581,1.9916147275281177,-2.691492906540062,0.08802523398225817,0.11888411211720291,0.2195573577746109,-0.7134338594400588,-0.06093565388879862,5.350633398036722e-05,0.0579484582284043,0.7654394524703936,0.0009547272580325369,0.11372471597420836,0.01293331102341436,0.19498001137845117,12.3086133528451,0.9470907893511865,-0.9730888243428755,0.0077442507660313705,0.010442824375220525,0.048893404577063655,-0.16409623541867852,-0.005213985137006578,2.9552372570172702e-05,0.005228839238213948,0.17221822537872858,-0.002281178287129089,0.5902830333624645,0.34843405947559236,-0.17210348734674005,6.336983588693,2.8162419060189623,-3.4052679589809625,0.12391201663737646,0.16711066657791993,0.30676322314225907,-0.9795164485300435,-0.08573992627065337,-0.0009253714132408412,0.08137074030726656,1.054425820709788,-0.0007938561313082777,0.08461912263247535,0.007160395915089902,-0.2038884429721416,11.269115958967316,0.6036914525979511,-0.7324025596379641,0.007223557869908991,0.009752433438895262,0.03814953637131724,-0.1293716161363459,-0.0050160418299327065,-8.487477394383564e-05,0.004736391608962555,0.13165709944465215,0.0013499402504621298,0.08701504527285503,0.007571618103837011,0.45458884805945393,11.962280117205239,0.7146419408587156,-0.7244953548071126,0.007699428517819102,0.010402552149390148,0.03863788082602634,-0.12444009210125118,-0.005164947477306465,5.235049533365167e-05,0.005237604672083684,0.13809010429891594,0.0014795783953759029,0.13523449261330056,0.01828836799237684,-0.09697482740124642,12.52517691790917,1.1384807498603724,-1.2230150705524654,0.007647574083080678,0.010342960421131954,0.05748866686620858,-0.19616652028530213,-0.005065599627398785,-3.855512541734751e-05,0.005277360793733168,0.2050328217651496,0.0049335020142146,0.5355134169542565,0.2867746197380233,0.7124038467896107,5.691063150787496,3.857118,-2.819397,0.08253498290198837,0.111038,0.2763366590078554,-0.950709,-0.053483,8.3e-05,0.057555,1.015317,0.006980637928731978,0.7260193151299266,0.5271040459417277,0.7219375335582738,5.175161782815163,4.854869747279303,-3.293047624734376,0.11634827239361188,0.1565170023958598,0.37932366392892386,-1.3152760614861185,-0.07608989208832995,-0.0008672683062191275,0.08042711030752987,1.428808482806132,-0.001590131857907481,0.2153910823769613,0.04639331836751893,-0.17333665135394485,14.188733591061652,2.052833739214498,-2.118921940114606,0.00894503622838393,0.012057060614947698,0.09057036632320108,-0.3160693659883721,-0.00614626569431093,-6.0401408528043906e-05,0.0059107949206367695,0.31125367594696535,0.009882392268269768,0.9823401840683104,0.9649922372353619,0.6768856229064577,4.444752612655454,5.913833272175615,-4.145202688794577,0.16305512147318837,0.21920921872966448,0.5243083260315754,-1.7382579716677,-0.10674409183718257,-0.0032486739296625064,0.11246512689248189,1.9602206219087392,-0.0028311998092793674,0.29837313025298684,0.08902652485696586,-0.4197413806578907,9.128173139210032,2.089890162355641,-2.5303525201652826,0.025426176639094165,0.034274089348589734,0.13829300512216527,-0.49777647323787577,-0.01714695038495785,0.0002225020155179776,0.017127138963631886,0.4852604482440789,-0.0022483853884378594,0.2395500186723549,0.05738421144592558,-0.2295345147735044,14.295725421938798,2.145011377156025,-2.4700964962316205,0.007871969164124101,0.01061818341287012,0.10088771386178287,-0.3618739255743055,-0.005421829692272541,-6.56500599119347e-05,0.005196353720597579,0.3566618401752402,-0.0009890613792907918,0.1881101865881657,0.03538544229823451,-0.01855123719332822,14.308199892408567,1.8701526280936118,-1.6261588444044142,0.00990033275060545,0.013362732311149123,0.07892966094681052,-0.27454498108183745,-0.006653850617634428,-0.00012453517663817262,0.006708881693514695,0.26014062725017806,0.005633725735907692,0.18416764511294875,0.03391772150644903,0.022256967059306857,7.667455987898734,1.421421,-1.367697,0.022505901676915036,0.030361,0.0916239443357408,-0.301729,-0.009366,0.005996,0.020995,0.31745575000000004,0.007968893997283852,0.226286836636457,0.05120573243493458,-0.29265340798366657,7.556298592732711,1.3941326371565472,-1.4590145583588037,0.030531295015377945,0.0412131308079713,0.1136194635020167,-0.3649992059073492,-0.011903239422230155,0.008748020416180918,0.02930989138574115,0.3801436792801167,-0.0010670510720228073,0.12892923985033047,0.016622748888384043,-0.23759941666042161,10.423671583564307,1.2307672409623935,-1.1628321950561453,0.007828203380685112,0.010562368580914406,0.05696881210145489,-0.2116408719063897,-0.005310981700065075,-6.130656445838198e-05,0.00525138688084933,0.20233390734357726,0.01127441658377491,0.31267464645457493,0.09776543453549344,-0.3475905558638017,7.724000312210196,1.8314104578088009,-2.0155211607780443,0.04199720543985096,0.05665658821045137,0.1564144510300276,-0.5018889739415516,-0.01612455438038402,0.01221324740589532,0.04053203383006736,0.5301822353096246,-6.712974080370846e-05,0.06803293248958685,0.004628479903132681,0.230315891516639,10.311839615425484,0.6019881392676669,-0.508021634904754,0.00707925847508185,0.009561685326721886,0.03138860803595142,-0.11342481747785253,-0.004836561352635364,-9.907558729619476e-05,0.004725123974086523,0.10866298367202554,-0.0015084954865113534,0.16649904832989648,0.027721933094761203,-0.2746914005218081,9.701403825333061,1.3787122107997543,-1.3179213280036097,0.008706187724759819,0.011741927331377432,0.07362153616650806,-0.2766317312432778,-0.005917865558761405,-1.462570359992194e-05,0.005824061772616028,0.26385765999964145,-0.0011925628705970121,0.07427259727589147,0.005516418706106762,0.047764570328623406,12.088797979919562,0.5981624350065193,-0.510919894819437,0.006688933387956387,0.009018951294028903,0.032418073672900526,-0.11335233623659009,-0.004601544403449191,-3.703749483611844e-05,0.004417406890579712,0.10176464640375871,0.00016348869162374478,0.9778788059213974,0.9562469590702581,-0.0010471236630816947,1.8080182804380263,3.251013,-3.223557,0.7016044348523135,0.9462072499999999,0.6822078103616955,-1.91191,-0.471649,4.8e-05,0.47455824999999996,1.91015875,0.00019797874840221712,1.3827939555308961,1.9121191234527821,-0.000970669598136414,1.8114393039557593,4.527677092469139,-4.5560582732759105,0.9879103455501994,1.3333941915421834,0.9641389677002905,-2.709910190231886,-0.6647050301302995,0.0005567947982019726,0.668689161411884,2.6900256676747705,1.72239395053704e-05,0.015023666359391064,0.00022571055087829874,0.7783426282945939,33.5304216602418,0.41796760830991075,-0.3363182589221595,0.014906699800005759,0.020107063149987767,0.012000086935829194,-0.021730457359504424,-0.009826002204848838,-0.00011420556046689689,0.010281060945138929,0.02181300779066085,0.00018853775325634563,1.9547486846139623,3.8210424200000164,-0.0007992654457261213,1.822743518837151,6.43190624439844,-6.333834859433907,1.3762307127240938,1.856191409698547,1.3605427610079102,-3.8233928681011182,-0.9259425622759558,-0.001541575556986953,0.9302488474225912,3.7980436240496434,3.93406740750925e-05,0.05094123940125683,0.0025950098717361612,0.19824269425994945,2.1268719688776008,0.5953494100998468,-0.24012662764346376,0.03874064236030814,0.052194792624339945,0.03847269084985204,-0.08997238829035789,-0.025642707048037828,-0.00019493092478010954,0.02655208557630212,0.08993699512040634,2.4543511157965068e-05,0.006551040813721747,4.2916135743048096e-05,7.938721466312956,430.7629980614285,0.3298286545678339,-0.14592309976015508,0.005340330460539806,0.007202854063799125,0.004410602975170578,-0.009021275834406029,-0.0035941310091133103,4.015479863420058e-06,0.0036087230546858143,0.008966596589860867,3.8884674817856314e-05,0.020224204925226457,0.00040901846485755407,0.0757253535477743,5.571266784054712,0.2740856151503774,-0.30949100971682947,0.021077840032969385,0.02845786555096124,0.016466354890701054,-0.03254616435429821,-0.01435251436208051,0.00015216059231189434,0.014105351188880733,0.032611306974560286
-5.649186991869918,7.659030707050214,58.660751371538105,0.9381126918617162,0.0876260470135648,13.9,-21.4,5.782148652171848,6.800000000000001,8.795121951219512,-14.985,-10.4,-9.0,-3.6,9.4,-7.946022471659876,10.867691120938895,118.10671030013411,0.9631069914291881,0.10031490355098072,19.635015338326873,-29.547581479207842,8.721227174044067,9.533153780413802,12.464361877591106,-20.968708723984495,-14.681330763984697,-12.979686690503728,-5.148176983570895,13.253033112926458,-0.051668803852878954,0.772751136705546,0.5971443192797133,-3.701935594124766,35.52576661129994,3.4388178657323514,-8.308048351134303,0.29960456647126305,0.4060673625327932,0.3714775056307363,-0.7098201378162016,-0.2064648113168512,-0.008499338672610879,0.199602551215942,0.5890621505158471,-11.136651026630679,15.492291892853242,240.01110809336626,0.9763852430494276,0.11299401440444612,27.787952126243102,-42.66851163659428,12.083946272157828,13.370077729496955,17.68044789962088,-29.640319240608747,-20.788223349993817,-18.60660065282489,-7.418145620496863,18.810574303288675,0.12306339532498857,1.1617511976596477,1.3496658452636257,6.747128268090598,60.41154924384015,12.535148633987307,-2.0032456864237425,0.32413294303348694,0.43543140084522924,0.44999010535653206,-0.6501528474533093,-0.20168762705846863,0.010732212471868507,0.23374377378676064,0.8290061332520327,-0.07170611300257143,0.7815363404603737,0.6107990514601932,-0.890489790946741,8.827209044548077,3.267819037196235,-3.9366808283006782,0.2773329256036163,0.3749977411861518,0.4173616899754699,-1.3327113240982453,-0.19183079338648312,-0.03482930282773017,0.1831669477996687,0.7327731959820922,0.06171583069285122,0.7507211772978155,0.5635822860434181,3.895105101048804,31.274866106786938,6.794052957638697,-2.922417056842657,0.2933464358270362,0.3957029806085649,0.3613779374977846,-0.5939263876333336,-0.18802766539580001,0.010286722678152577,0.2076753152127649,0.7017180237397271,-149.059756097561,13.817549755341016,190.92468124132458,-0.40387036928680475,-0.34231798461697593,-112.9,-188.5,14.307111408579066,19.825000000000017,149.059756097561,-173.855,-158.5,-147.8,-138.67499999999998,-129.7,-210.71171110555335,18.53700693835197,343.620626232509,-0.21628503705146987,-0.800830365274257,-159.68226319195762,-256.9515666068034,22.554483197527215,30.781148900440343,210.71171110555335,-241.7595140541402,-226.4298513302708,-208.77648362930393,-195.64870242983045,-184.06221131655985,-0.5763429521625829,6.102008227548274,37.23450440906683,-0.2830893560498605,1.5036223488210618,21.46474280712559,-23.38104374700317,5.098432449941537,7.014019830608245,4.5331979803940055,-11.563409230745929,-3.841169891055773,-0.5257749128508298,3.172849939552471,8.230338590017604,-297.6962665944013,25.31023406054132,640.607948199386,-0.26328417630706713,-0.8873557790367457,-226.30005056506457,-353.46304075783496,32.97583460611804,47.72265489219217,297.6962665944013,-340.7126420028825,-321.65364817772445,-294.7870871043392,-273.9309932855323,-264.675910474489,-0.30453981844732564,6.654367034404801,44.28060062857335,0.12683952553999495,-0.5291410163793997,16.124827080984815,-17.402722598416464,6.966064379040785,9.35759353298188,5.47659984996712,-10.717656261124867,-5.103390986518476,-0.6573328017519167,4.254202546463404,10.479875380342085,-0.8037843563227774,6.02307342226768,36.2774134500273,-0.9538639224805947,3.5328114756254063,16.272852113981838,-25.52133657117229,3.585953364927601,4.800556093359065,3.9769540946928377,-12.274955131505958,-2.658888234481955,-0.4612586889295208,2.14166785887711,7.423304582668968,-0.5484324672106705,6.077620294552349,36.937468444754586,-0.10841186357720464,-0.08322517225804926,14.38557265789641,-20.31288784560867,6.543962173008148,8.681543789606803,5.006912671484697,-10.217860527451343,-4.776080516718787,-0.657108884854193,3.9054632728880145,8.931800982486983,-1.9427845528455285,7.5837390740865045,57.51309834382643,-0.961563327491564,0.5999935563437226,10.6,-29.0,7.41301109252801,10.925,5.875304878048781,-16.839999999999996,-7.025,-0.2,3.9,7.2,-2.762796539454322,10.176928135903857,103.56986628335156,-0.6908889934146969,-0.383793813156732,13.513208326279779,-31.887187914681366,10.444894834737028,15.763760777129345,8.151225463859657,-21.26188189399962,-10.57325325497331,0.024503225721512242,5.190507522156036,10.11264604198864,-0.21294058245645667,3.306712521872361,10.93434770230747,0.4101844280562303,5.205013353427047,15.588145013715954,-16.08315069786859,1.674004123011694,2.2749799999892426,2.099017697538006,-5.879012905121197,-1.3048716977938293,-0.09719792778423053,0.9701083021954136,4.738254073796095,-3.940276514641842,13.34813961894496,178.17283128684812,-0.35238369585167295,-1.269037009683123,16.066312433823565,-30.121010077512228,15.670750445856655,25.34017117591332,11.256074778688012,-25.222963842568838,-17.77653720484947,-0.005467200049728858,7.563633971063853,12.953192462715943,0.13456001410972454,5.193825014869311,26.97581828508219,0.10825083723965816,4.265436401655289,21.22105356559005,-19.96350498072536,2.912780710864191,3.930206336219028,3.2908665791978673,-7.130559260755598,-1.9344142172105838,-0.005320955551198492,1.995792119008444,8.276771475697476,-0.29691659874155046,3.270237362640272,10.6944524080084,-0.46285600224069984,4.2928335323061955,12.446553898516438,-12.97371208208354,1.3251395747706347,1.7344893589373813,1.9327506213242032,-6.655301912413416,-1.0087084728757065,-0.06810135744301495,0.7257808860616748,4.454542065357719,-0.010239339668030293,3.2976746681422946,10.874658216907394,-0.47475379171370047,3.4533211937767545,12.937182880317325,-12.685641318581613,2.03081465916927,2.734749399516376,2.194566373132555,-4.799674822018024,-1.2960314579118215,0.04377824112045689,1.4387179416045544,5.786596503831296,-1.0284552845528454,4.0923440382836,16.747279727675327,0.09875244617296856,-1.2965963294520182,7.0,-7.1,5.930408874022408,7.9,3.633536585365854,-6.7,-5.2,-0.8,2.7,5.4,-1.4513870301694733,5.8108658013021,33.766161360742295,0.10848830524956314,-1.2957374692650925,9.836971533619282,-9.986743866663186,8.350043470198807,11.220973332657223,5.163492663215469,-9.438105461585229,-7.35666100455611,-1.1444990566351623,3.8643123281011125,7.691546831589312,-0.011278464203205635,0.12747430875230192,0.0162496993918772,-13.485412288792505,250.78090886511933,0.3444848302022212,-2.4096287590499297,0.0575706402082909,0.07731345132050688,0.05400311689722316,-0.10713353836744771,-0.04273737591905291,-0.003093864691704064,0.034576075401453965,0.09482923464632619,-2.06422238615628,8.286947382260866,68.67349691636022,0.1276149449820584,-1.289476273134229,13.811315284346177,-13.965306313271654,11.853761472878842,16.207914665114785,7.380571947031898,-13.39305328322164,-10.695702738215868,-1.7823154927689955,5.512211926898916,11.199953239643124,0.014472984084513614,0.2478788743985991,0.061443936373116466,11.269187522330437,156.86602708038242,3.5186982805509612,-0.7142124439191285,0.0766810138174052,0.106418976900294,0.08359444343386822,-0.12270283781046148,-0.05223363821040872,-0.0082876941206535,0.05418533868988529,0.11827919250644736,-0.015866948942479704,0.10847105291633555,0.011765969320778466,-5.425989295611546,46.6714801895981,0.20333883591018323,-1.0228724054846183,0.06783912135987918,0.09055274720036505,0.06022146012447975,-0.1178239280416736,-0.05509352797142903,-0.00907935385506706,0.03545921922893601,0.095651922794563,0.01662440928996244,0.14200392264813685,0.020165114047458032,10.8383183596008,148.7238744883932,1.9991603984108413,-0.3112909849627048,0.056375962096467475,0.07585356138272506,0.05703444853157521,-0.09597893983328035,-0.029561612123115942,0.008440088471637328,0.046291949259609125,0.10472723796500935,-0.23058943089430894,3.7587822985667017,14.128444368018377,-1.9779876035118753,3.0656867139809485,3.8,-14.7,1.0378215529539214,1.95,2.5980691056910574,-9.485,-0.05,1.3,1.9,2.6,-0.3151591130412489,4.049094363551468,16.39516516494427,-1.1096056874516285,-0.08095421057526053,4.342012811706993,-13.06537918445742,1.7567644020633224,5.402206093909615,3.3252061132859714,-8.357178281398353,-2.804169046197967,1.7075379265251729,2.5980370477116477,3.3249694946257375,0.35017189976302904,3.404536463313826,11.590868530033417,0.6997763853803347,2.386211106210596,11.778815629262205,-9.31970178874499,0.5474662097032272,0.7589007393493918,1.899661531965184,-5.961942115705087,-0.3446949452043827,0.005826450233155853,0.41420579414500913,7.939213023563586,-0.40797105329988625,5.365992004120444,28.793870188284533,-0.9706374273889312,-0.5868955309364474,5.646604028794375,-14.855687206267982,1.6915187061437407,7.999302132004792,4.557677280677025,-10.644301405807141,-4.6218874349949,2.7585669723293846,3.3774146970098924,4.463634114188912,-0.1877698857532885,1.9025786798169737,3.619805632894099,0.08758726751157034,3.2703062207408076,7.401000323998567,-6.636738807490513,0.9872867397126351,1.3442401739918912,1.2151178289941718,-3.7512442956226986,-0.8186259323900453,-0.07006377131460031,0.525614241601846,2.5217291267295945,0.48781653739375685,3.833588165957906,14.696398226172501,0.6941523208102697,3.590444762532134,12.891545661521933,-11.781769311042458,0.27619292916644045,0.3783189727867301,1.938286237653357,-5.509833457436368,-0.17688059499870767,0.02773729943775618,0.20143837778802243,9.445020941731077,-0.1260482587652885,2.8548602890875965,8.150227270209315,-0.3282518706988125,3.4546284235969926,10.085481746125502,-11.054288576239175,0.5321494139959984,0.764475503517813,1.587224711972451,-5.587853413836955,-0.461471020276626,-0.005409935300613381,0.303004483241187,5.3125274004764815,2.922459349593496,3.485943557802527,12.151802488184941,-1.5455973064273096,1.3208362012019998,6.6,-7.0,1.3343419966550423,3.725,4.2023373983739845,-6.0,1.475,4.6,5.2,5.8,4.147680638490996,4.901419030207581,24.02390850968103,-1.511538459172911,1.2062414754678326,10.038532972738409,-9.765650151853281,1.911318156584602,5.331794556183542,5.937537119807495,-8.077413598423105,2.0090181180915305,6.500214221203033,7.340812674275073,8.22761203235139,-0.03522383949323814,0.4360880332463124,0.19017277274063688,-8.434470866575612,81.36047251030682,0.6427969825226543,-4.629841622735539,0.10697450965700091,0.143890084567844,0.14689788565249354,-0.27254031466059114,-0.06850160245140965,0.0032223100606305725,0.07538848211643434,0.2560158431682462,5.91684311237549,6.845066227442778,46.8549316580777,-1.5770746006713832,1.4817871671614373,13.501563573062874,-14.338716028198482,2.5952689842594627,6.61562880911857,8.363634956394469,-11.394022778566232,3.6835058792271926,9.187207591132777,10.299134688345763,11.542195696361762,0.09389008574792404,0.8925803423238962,0.7966996675030437,6.088467248045608,41.175323392095,6.864264443078128,-1.3150431135536034,0.15224978091790614,0.2117419884323795,0.29268703238839505,-0.4176525863207896,-0.08927004063565236,-0.0010811575238091897,0.12247194779672715,0.42784821053130967,-0.048974091939709,0.3419679705758954,0.11694209289979644,-4.05993592348485,17.599506891838534,0.3285841293163361,-1.8820249082087213,0.09863604687529214,0.1358660551233847,0.14996214962569643,-0.30005143508583687,-0.06665917853952133,0.005352672900893339,0.06920687658386337,0.2255110637480743,0.07058273738517062,0.5032205004960546,0.25323087211949974,5.99424137070909,40.16571653687252,3.856999774420829,-0.5364227429074291,0.1413256136570536,0.18369934616220912,0.1904577704822557,-0.3119782907263109,-0.07184265508487338,0.014503971474379027,0.11185669107733576,0.31039336644096105,-0.000967705439046692,0.2944002918111986,0.08667153181851887,-0.37155780276052747,5.148794004398027,1.332287,-1.98973,0.06189864262260887,0.083441,0.15747978970887533,-0.5471005,-0.041402,0.001418,0.042039,0.539462,-0.0013698053040801803,0.403212649897072,0.16258044103701874,-0.2947329191105691,4.9367067480500655,1.8331770033513226,-2.2788323540823314,0.08718340272321573,0.11768871218805745,0.2167296729126246,-0.753461090977477,-0.05854886563854745,0.002027986934630833,0.059139846549509996,0.7377145722249532,-6.0377931822845665e-05,0.10366945640536103,0.01074735619138305,0.017116567282847158,11.16824366302936,0.8584430091678793,-0.874218383438308,0.007972379668063818,0.010744735115814405,0.04607917843960286,-0.15749690031151092,-0.005401695332062918,1.0210800129214972e-05,0.005343039783751488,0.1547794633132064,-0.0019409190366652498,0.5640470262051767,0.31814904777090325,-0.27583624445545557,4.865067612673024,2.5922198786766026,-2.9794840084082197,0.12267261229442065,0.1659023935437012,0.303360895976147,-1.0524380690450619,-0.08237128702413934,0.0035480322522398453,0.08353110651956186,1.0184574927107484,-0.0016963307915452916,0.0833770516849369,0.00695173274767264,-0.2033793226118984,9.219062663162584,0.5884800163761124,-0.7413951250576062,0.007443486624331266,0.010056459661703038,0.039208554601937645,-0.14763936581470305,-0.005101323624576881,-3.162939490558309e-05,0.004955136037126157,0.1288936829275484,-8.526382686853026e-05,0.07928048933580498,0.0062853959893246865,0.1447683891008965,9.913402353658054,0.635546846475853,-0.561989962643279,0.00808343976544827,0.010892914986178335,0.03677266112015552,-0.12673079565995876,-0.005443108610691142,-4.907789813675009e-05,0.005449806375487193,0.12731930279902792,-0.00021049306699369997,0.1233104905744981,0.015205477085723385,-0.1049462956450479,10.377807867143362,0.8754874743477118,-0.9180538176637215,0.007746279431061753,0.010458572372340762,0.05451488494937043,-0.188470755026727,-0.005398244459031734,-0.00014103874111006537,0.005060327913309027,0.19188404728419944,0.004400691207267794,0.5264146058994122,0.27711233730423346,0.6635173523339204,4.94417191274583,3.551343,-2.773251,0.08159946090211131,0.109956,0.2753119707990443,-0.9473590000000001,-0.054144,-0.000668,0.055812,1.0347840000000001,0.006226595039631157,0.7150926071773579,0.511357436839711,0.6340751651286789,4.355117930999789,4.234239441477331,-2.9310106765584543,0.11515539464006241,0.15527991959098386,0.3798794757028924,-1.3153178151892457,-0.07641138747918343,-0.001119119398234409,0.07886853211180042,1.4130734859364078,0.00044492356814720973,0.20692538894765142,0.042818116591136816,-0.008102630772426359,14.904358684380021,1.9805346892361637,-2.215808141666573,0.009491124135427438,0.012811823766535228,0.08813575259696058,-0.29673342079164877,-0.006340781749720289,2.8460895142605244e-05,0.006471042016814938,0.3005397201357312,0.00881487114828626,0.9702452701319957,0.9413758842135093,0.5682924984333014,3.677959516349638,4.437847397514113,-3.732017172231858,0.16101229559386343,0.21612191724391064,0.5260918618265551,-1.7629726171531188,-0.1058453895923305,-0.0024427690075003532,0.11027652765158014,1.958573114433908,-0.0017672986474480885,0.28487787641417056,0.08115540447024744,-0.053180922374870876,6.94797764773727,1.7420200834096669,-1.8048506193203895,0.027964477940048887,0.037730847867205125,0.13688154532553445,-0.5033380032310856,-0.01918749993927169,-0.0001319120295962973,0.018543347927933433,0.49858980146806026,0.000629313195955429,0.2254930688188247,0.050847124085331215,0.02042429409652001,13.631361892181097,1.9554636938317602,-2.1079608903009968,0.008012027091537848,0.010806682801598945,0.09643871275674046,-0.3365908569811097,-0.005378810405696372,7.2035324346946766e-06,0.005427872395902572,0.3414192244193064,-0.0015812240352005035,0.18647107971874335,0.03477146357147394,-0.15743351778210818,11.319928354382848,1.6732588391869894,-1.5605723637337914,0.010614076680398064,0.014294618257029414,0.08093724375344542,-0.2860090047580558,-0.007002150449881206,0.0001166084342722121,0.007292467807148207,0.2802654663843042,0.005204998746423621,0.1700317289761545,0.02891078885862046,0.06484072369721902,7.495628329733403,1.434243,-1.292157,0.021251620200059298,0.028668,0.08493554439135179,-0.27303075,-0.008943,0.005391,0.019725,0.29326375,0.007362366626489782,0.2109035378440864,0.044480302275151984,-0.15059628535686673,7.610334906736597,1.321086295235696,-1.3548483599921013,0.02861327929649911,0.03852589733459064,0.10552681991411457,-0.33165981769715935,-0.011417379481715067,0.007601411655244741,0.027108517852875574,0.36269485969315723,0.00012838701925822443,0.11548233508006789,0.01333616971554508,-0.14475588272238185,10.63326235739142,1.3671778345686962,-1.1481542804420095,0.008105172448528476,0.010922987671794001,0.05246943880203875,-0.18608933824816085,-0.005414057032781498,1.296282039748761e-05,0.005508930639012504,0.1896071477236874,0.010415887570605345,0.29086250387143525,0.0846009961583607,-0.2046262922801801,7.830884628590354,1.7967353848565168,-1.889817044704068,0.039613298029324284,0.05353853614578393,0.14469240299556857,-0.4569586847957539,-0.015485375915253117,0.010742683337759802,0.03805316023053081,0.49375373195140404,0.0007579131356666383,0.06590440003353717,0.004343389943780494,-0.07547135358469116,8.008333354544394,0.44616688015763467,-0.46250027158718804,0.007367581752081334,0.009913501497671787,0.031435933691141525,-0.10517298622497338,-0.004813175369428496,2.4904842795094636e-05,0.005100326128243291,0.11249103566349415,0.00018146230849540635,0.14896358974672436,0.0221901510702304,-0.158795189080938,8.948616753585203,1.090740298892573,-1.453088591379651,0.008983738223955852,0.012120049863052264,0.06790272176905728,-0.24660498531616484,-0.005946181557070271,0.00011614743379838855,0.006173868305981993,0.24825136888804966,-5.917699166937335e-05,0.06691395570037949,0.004477477467472349,0.166824220224918,15.05864186481713,0.7734933648905005,-0.7915714462641145,0.006855294627032197,0.009243953342107415,0.030035389618711383,-0.10146850501517868,-0.004631775209800998,3.0325881887786394e-05,0.004612178132306417,0.09847327164945652,0.00011876856030439709,1.063176398758765,1.1303440548776567,-0.0003434958309081926,1.8465226239001975,3.379271,-3.385597,0.7088588075074614,0.9560015000000001,0.7291115311476861,-2.112459,-0.477042,-0.000439,0.47895950000000004,2.115675,0.00015182335621552064,1.5034306497606105,2.2603037186396113,-0.0003103440562235546,1.8499554777304494,4.771028829086215,-4.747969896275927,0.9977390673588415,1.3452061658568177,1.0305460518126477,-2.979874604022011,-0.670783446218572,4.6811351684501734e-05,0.6744227196382457,2.994745093034755,-1.0877640614343927e-05,0.014399881488553985,0.00020735658688439976,-0.6706289123735757,15.869936869545345,0.09726108545056716,-0.3583619296641509,0.014597681068066646,0.019744743867729946,0.011463496003717561,-0.022399056487818945,-0.009723767134941672,-0.00014573699429120714,0.010020976732788272,0.022473632372364286,0.0001673442030193878,2.1253042623715706,4.516918207654765,-0.000232986836150914,1.8605661660827524,6.691142731484555,-6.670180321984066,1.3864595275571754,1.8705239657051094,1.4543455700049182,-4.214151718927416,-0.9338390330010391,-0.0006966824667206089,0.9366849327040703,4.2164215252631365,1.2204225175745861e-05,0.05455265451155704,0.002975992114257305,-0.012583565622295874,0.02280640423409075,0.20678822931367477,-0.3343491431700476,0.043193941957488324,0.058056494642250836,0.04109805186056418,-0.09688252106905801,-0.028474549453556916,-0.000266639298543276,0.029581945188693917,0.09672181071749386,-1.6117813664866968e-05,0.006407334693520126,4.105393787478664e-05,-3.511080838332688,129.21983893826757,0.05906999681874388,-0.24324151169743038,0.006259693846310954,0.008444618033976734,0.004793495275280932,-0.009429752192896344,-0.004237811891499486,-3.375742243215429e-05,0.0042068061424772474,0.009368741331833515,8.556982973779173e-06,0.019339377727457398,0.00037401153088527524,0.037710615921030255,3.0998067105555585,0.269440037959081,-0.23564706216625103,0.01971618917801629,0.026624998546868797,0.015627236382022392,-0.03209485882582241,-0.013357292311183136,0.00025604821416808424,0.013267706235685659,0.03217018615419839
-6.301116751269036,7.960771126307767,63.373876925455434,1.1057361789201292,0.38198612430501555,14.3,-22.3,3.8547657681145644,5.7,9.595939086294416,-15.8,-10.5,-9.0,-4.8,9.9,-8.863634146515874,11.291922986885368,127.50752474175017,1.1259223454669944,0.39504549379722453,19.995540580279297,-32.089463911734036,5.358631763517347,7.926157352441685,13.587537701248577,-22.463203682737024,-14.72046646374374,-12.925453020226506,-6.794309111302056,13.913592645940433,-0.023121824096583803,0.7427449797744933,0.5516701049802124,-2.7878144227544,45.430734520011825,5.812152985414551,-8.456630568257502,0.29386825719813087,0.4001320507481973,0.35510002536019275,-0.7490206744955802,-0.18427126200762106,0.007962903715512143,0.21586078874057624,0.6310473849243737,-12.387497802549788,16.105269471194056,259.3797047397753,1.1272637808908212,0.3718035520040659,28.169667790150754,-42.02168354249497,7.335988335365433,11.095465998710917,19.236016968451207,-31.776089179274692,-20.574107987579822,-18.689377531374937,-9.478641988868905,19.840130966572474,0.0518665062023605,1.0794515950730976,1.1652157461058548,7.907415620863657,84.23095373393855,12.828240346834646,-2.31038164306261,0.32390590176710715,0.43831027742323897,0.4054639859839778,-0.7551430888406168,-0.20955628137928267,0.015377102496082262,0.2287539960439563,0.517947803152586,-0.03322606926374557,0.7216631657530463,0.5207977248047089,-1.302833690150031,12.697382007869745,3.6949204748969304,-3.797452362240105,0.27121021943056434,0.35117602085288735,0.3737792852373324,-0.9226624874595811,-0.17510440334831545,0.012465233164596712,0.17607161750457193,0.6904663520474933,0.10578165056357454,0.7478509500679547,0.5592810435175425,4.04759946860656,29.93392710252438,6.827177177100958,-2.250045816866007,0.30818766873039966,0.3961125943430818,0.3794114707058449,-0.5515963584960035,-0.19015350560614153,0.01776476163513443,0.2059590887369403,1.095549191512105,-149.18172588832488,13.759904639986155,189.33497570151252,-0.3625078325579653,-0.40129638290275293,-110.4,-191.4,14.82602218505602,20.099999999999994,149.18172588832488,-173.5,-158.6,-147.8,-138.5,-129.7,-210.86828199848276,18.67465327556789,348.7426749626786,-0.2501792504616761,-0.7310084770986953,-157.6565527892008,-255.25144522700757,21.60399320636255,30.549233437899005,210.86828199848276,-241.61619445177456,-225.72998570958669,-208.676298480838,-195.18075227168768,-184.7725381766211,0.18730996006133888,5.390682677641542,29.05945973102458,0.052387643041356215,1.4761699309851215,18.84099404797937,-21.82421335989127,4.551024054412258,6.089695558462913,4.047705245399563,-7.81177331646073,-2.9526865531302446,0.2732729289920952,3.1370090053326685,9.09546447805224,-297.96398374587835,25.443676201110744,647.3806586269692,-0.3160418272863785,-0.737155558025667,-222.91646051198296,-355.6984080017666,30.79369028774784,46.069765723815294,297.96398374587835,-340.8896608513111,-320.9372412071196,-294.2189134947376,-274.8674754833043,-265.3761124831264,0.24191295756414113,6.907447772369394,47.712834728010904,0.02470654806674555,-0.06508235001646412,18.082303775214875,-18.483686224330775,7.0030802947457005,9.014749653739933,5.477666521062081,-10.610733705423101,-4.024296578709297,0.23183710606105024,4.990453075030636,11.78802859629843,0.2605874347640036,5.3277120857608224,28.384516068761933,0.058549097017993726,2.6033816245609085,19.578142741695935,-17.87951735434948,3.3497463720175698,4.540050611941238,3.628580631585198,-9.382271211271998,-2.0512129075821117,0.2675750180641936,2.4888377043591268,9.928206781503267,0.004523206827001534,5.392026992362491,29.07395508636569,-0.22088190989109652,-0.31819527824833527,11.782203821708173,-15.476741311107851,5.756531118779462,7.829499368710024,4.359839925342833,-8.810960424686922,-3.7145454776526226,0.06513617240317815,4.114953891057401,8.012609010302118,-1.9619289340101522,7.856855284362608,61.73017495941663,-0.982028041010623,0.6119537540259392,12.3,-29.0,7.26475087067745,10.9,6.061827411167513,-17.580000000000002,-6.9,-0.1,4.0,7.6,-2.7877875436116626,10.42077851343401,108.59262482604792,-0.7034865605360178,-0.2840536503985245,15.237146713297422,-36.1307107106034,11.005093841455878,15.907835695285078,8.373911514413715,-21.43544239107291,-10.672081647302853,0.003109613044627882,5.235754047982224,10.32504797370336,0.0652737261518437,3.774575971120117,14.247423761757373,0.14323602971674895,3.7889286201200907,14.936301032021284,-15.127430284092398,1.7186139573180186,2.3205726882453974,2.363133814236093,-5.950093776686105,-1.1431683514077413,0.008287964244731175,1.177404336837656,6.812528979621625,-3.9873563253060693,13.708694358784104,187.9283010225591,-0.38794331193069603,-1.1554716298246088,17.287961870319307,-33.29664153788105,15.683798069723288,25.583867525329055,11.526226541738351,-26.564064763643074,-18.04456668904013,0.013236631055758447,7.539300836288924,13.893921696556776,-0.16358820601745255,5.253562138578726,27.59991514390787,-0.2542691637641222,5.729183261340998,20.371125564403815,-21.734980892184616,2.570136280230812,3.4498978191346645,3.185232979535361,-7.590488899089893,-1.7761614044409788,0.0744288885041488,1.6737364146936857,7.095210644863759,0.09016040722469482,3.060820606337184,9.368622784178326,0.41494731861340167,3.4795053110848375,12.318376094138825,-10.606738404549052,1.5788340475782554,2.1630217812617163,1.9324715440540576,-4.668562470886071,-1.2087146492415797,-0.029388775644361296,0.9543071320201368,5.918361783178572,-0.29225649943015336,4.324605735680378,18.702214769079625,-0.6484009165817325,4.777397174837494,16.8367653336794,-19.722733141700257,1.9079928838612474,2.564391516453472,2.6682651717685397,-7.893021871913229,-1.3441562369856555,-0.13047676898216368,1.2202352794678166,6.420457649240129,-1.0441624365482234,4.080249436737925,16.648435466000155,0.11417696475931262,-1.2783678015955051,6.9,-7.0,5.782148652171848,7.9,3.6551269035533,-6.7,-5.2,-1.2,2.7,5.479999999999995,-1.4811665826839093,5.796073961398493,33.59447336600162,0.12439092279383548,-1.2782708882540634,9.73552040171521,-9.883025098923541,8.305612481674045,11.171221549990847,5.195584878907139,-9.458178680577461,-7.380497729162958,-1.766157664495776,3.790723820827888,7.798366123299449,-0.0006748791048568979,0.10624536070596208,0.01128807667153999,-8.613456458072383,139.54254286780184,0.39049543088408034,-1.7291671593444637,0.06554603289074112,0.08803410610461487,0.05775270964332331,-0.11140491630650728,-0.04208756133422185,0.002588749262879053,0.04594654477039302,0.11911379365846722,-2.086645016047982,8.263380636129039,68.28345953755237,0.13978826957482504,-1.2736025510238294,13.73524381650448,-13.893217252732615,11.801526567925313,16.034824038483393,7.410331544981727,-13.390794526823683,-10.672756503074641,-2.5248875435614058,5.3620675354087535,11.273016632421543,0.01248651684508242,0.2014306628611856,0.04057431194069661,9.852142265741652,130.5916511008613,2.7344639535863737,-0.558879427250123,0.0707627168115662,0.09611849282904722,0.0805200003589619,-0.125821860007124,-0.0534271725359694,-0.00588601010593387,0.04269132029307782,0.15801318677157103,-0.0012253749152049294,0.09420943219712348,0.008875417114904407,-3.26419891182437,23.230620398201616,0.2965357495638704,-0.7587671362420809,0.05860154144658619,0.07874311278834725,0.05813431459864835,-0.11838787874526607,-0.03343696265423137,0.006612700464733055,0.045306150134115875,0.10880734479195692,0.007379377003224344,0.11576076347604554,0.013400554360556958,7.577207445326291,92.03721613667734,1.4437544829992714,-0.23792805570773398,0.0633242148138536,0.08356603342043914,0.059586652301995884,-0.10211136258990844,-0.03991329730769179,-0.0028116399166974253,0.04365273611274735,0.1274459733429525,-0.2630456852791878,3.6438662547048586,13.277761282176813,-1.952261862792934,3.129984089180301,3.9,-15.2,1.0378215529539214,2.3,2.5418274111675125,-8.959999999999999,-0.5,1.3,1.8,2.5,-0.3584096912120298,4.142659014618171,17.161623711397194,-1.302381292112895,0.7777393456637904,4.3188729863550765,-16.662951974656213,1.686224415310827,5.275071018343073,3.2986710491542666,-8.71567949159487,-2.809247646031227,1.6607512344929365,2.4658233723118466,3.4480651867060423,-0.008701208205296844,3.0390750846210026,9.235977369964155,0.20353625934954295,2.6617552609678947,11.635348540032144,-11.068684758140195,0.5197739952008579,0.6897517683185137,1.700660839151826,-5.918321957325742,-0.41276908668794354,-0.013080975015624552,0.27698268163057016,6.040002443077501,-0.4765482422579645,5.450910087869436,29.71242078603678,-1.0378028660148613,-0.35981870795915016,5.504540471646516,-17.03653570554903,1.8182453818444266,8.39726525517564,4.554858960713396,-11.188282549340407,-5.007756770708982,2.6313926456871237,3.389508484466659,4.2568061171303135,0.1101108962320389,2.0679466826742163,4.276403482383295,0.8222966543080991,5.475345296791346,10.777665545124517,-6.813555981692224,0.9199070753816921,1.3601882280826827,1.262713456568033,-3.4412704783743617,-0.7015005570561446,0.12323240483107198,0.6586876710265381,3.8104998309247238,-0.012109288465699473,3.2527108622038052,10.580127953098621,0.27270758896091263,4.797300609284429,12.672169981519497,-11.140553094132603,0.31334469130817205,0.42299759592400576,1.6287815102910577,-6.167040865764807,-0.23478006464452245,-0.008703771190949748,0.18821753127948335,5.912862270995941,0.002427332854098093,2.7696844911480256,7.671152180505897,-0.372329301972872,3.377227766957666,9.762373295355793,-11.317940787079491,0.6095328311101804,0.8219147258193089,1.56843769357696,-5.271736297254952,-0.30671160378939283,-0.011889095271653403,0.515203122029916,5.0722892803197865,3.0740101522842638,3.3583738299395467,11.27867478162282,-1.6310375707148461,1.6178643247569875,6.5,-7.0,1.1860817748044825,3.4000000000000004,4.236852791878173,-5.579999999999999,1.8,4.6,5.2,5.8,4.36889613917299,4.7149997483581485,22.231222627017402,-1.6211771212861208,1.6101316495804578,10.374096987773433,-10.692567175620841,1.78503698593994,4.725796144209406,5.984880686524461,-7.7312356642342275,2.5726899544134896,6.496308277458473,7.298486098622895,8.222416396441963,-0.003135686053555742,0.49116817448041145,0.2412461756224199,2.679257290662112,95.1446614091796,5.904446828125118,-4.564100384157846,0.09354681824845812,0.12976110713540023,0.14401822938439682,-0.2436472324552491,-0.06411035472785012,-0.002265769269040374,0.0656507524075501,0.2213944208881275,6.228052818934397,6.604978666408614,43.625743183712906,-1.6470194392514759,1.6805412812668905,13.656546496563761,-14.011908382062057,2.489405518183093,6.403228714240201,8.470378238064079,-10.621610770142917,3.90101338336203,9.168935545390273,10.30424209760223,11.605691923755433,0.02620970263590305,0.7346269839582362,0.5396768055595746,5.912698570784118,53.424366798852674,6.8124768110433696,-2.162722494045269,0.18125343695693819,0.24557394442588587,0.2704212503827945,-0.4281452031705524,-0.12604981536620558,-0.0007322270276414189,0.1195241290596803,0.4211308883557675,-0.004056459258610754,0.43871010830270785,0.19246655912697366,4.0319368122506285,48.161333303476766,4.011834254195126,-1.9092766839322715,0.1040485672447824,0.13932279284696797,0.15373514775222244,-0.2076287918255347,-0.06812198827016494,0.0011357439768963768,0.07120080457680303,0.20480434119002328,0.0767538798176655,0.5276344543750822,0.2783981174436907,5.433488573987829,31.632489793704835,3.7446253954754716,-0.4847082253982335,0.11651956877532386,0.15904855799433476,0.18754669219188963,-0.30412968795711826,-0.07110102659683368,0.0065890711383408875,0.08794753139750108,0.2866046376454089,-0.000838676225582678,0.2989402547285686,0.08936527589718148,-0.4000482692430971,5.452733297889324,1.406278,-1.872413,0.0637044521247487,0.085937,0.15855054491626275,-0.54399525,-0.042947,0.001388,0.04299,0.54504825,-0.0011844130123237903,0.408674997144369,0.16701525329095,-0.28754230736833486,5.314394166813777,1.9802875618644693,-2.442985213181292,0.08927720190757972,0.12065263298210843,0.2174306689126964,-0.7321468762940061,-0.0607009153381675,0.001687137814792651,0.05995171764394092,0.7517245720738956,-0.00060686272215204,0.108164858710837,0.011699636659935331,-0.05622526319143933,10.479001964360865,0.7801918171219542,-0.8285261844821397,0.007899045663038264,0.010660735617131318,0.04769390468225041,-0.16261508890956083,-0.005370667081275772,-2.3657072670458688e-05,0.005290068535855546,0.1576123468424988,-0.0016704442439679603,0.5716733538816227,0.326810423538263,-0.2583355797632141,5.263778393502692,2.7837617592277066,-3.1543862592642675,0.12616165307829916,0.1700445445429846,0.30456676822781664,-1.0368961735194342,-0.08538689296939551,0.0027054943773328717,0.08465765157358908,1.0419835661270773,-0.000874860530804771,0.08462995939552016,0.007162230027287392,-0.10702587868213267,9.729603888582893,0.637550786135418,-0.7168022148180504,0.007376048524339271,0.009946248196353853,0.0386454600849293,-0.13799157588774585,-0.005078858282923418,-1.2634306824535913e-05,0.004867389913430435,0.1301572396095623,-0.0008578741678933395,0.08069792205480494,0.006512154623963373,-0.08517802625368343,9.381555720118225,0.6482274663399117,-0.5210069252882163,0.007950599416278055,0.010743362645139365,0.03719098916653274,-0.13085976863586596,-0.005396061100699467,1.4469723241722398e-05,0.005347301544439899,0.12189214549288516,0.001462718895735547,0.1299265619450736,0.01688091149886705,0.04151329269190075,10.318449139446358,0.9452338492808983,-0.9927627007696782,0.007878183040974186,0.010616739601987488,0.05678924608084398,-0.1858601474634457,-0.0053426759208821065,-8.022026050774058e-06,0.005274063681105381,0.2026538804070897,0.0048420141497111996,0.5263778669256438,0.27707365878919077,0.7184896564093638,5.364164938196348,3.460254,-2.509957,0.0830242416340952,0.11169799999999999,0.2741645110585435,-0.946653,-0.054985,-0.000308,0.056713,1.00211275,0.006843218734811865,0.7155787800631289,0.5120529904766359,0.6611554975575292,4.791436227792873,4.377859536653297,-3.158444786716278,0.11684018168309761,0.15749440134881182,0.3777219669556977,-1.3090097483404572,-0.0774134629250707,-0.0004128442906890864,0.08008093842374113,1.3979280909070464,-0.0002581535090558423,0.20505184066376686,0.04204625735959883,0.04717654973795234,12.569127084786698,1.7092109993834945,-1.9030215518793472,0.009689960696782733,0.013090797014518017,0.08782885588275882,-0.3042719082837767,-0.00659096207559566,1.0664020236048804e-05,0.006499834938922357,0.3058833561010443,0.009665881220295845,0.9715926973602473,0.9439923695637612,0.6011676754694673,4.091133798295474,5.502132818027872,-4.237497531336481,0.16414064968439668,0.22082919374725882,0.5229372484096131,-1.7539778655607816,-0.10832815262291515,-0.0028469357346462424,0.11250104112434367,1.9764842182976057,-0.0022094759729853544,0.2827213608790087,0.07993136789727867,-0.3034363754599453,8.65427293836117,1.7968218933163729,-2.0587492938280114,0.028767343094228303,0.038785612494031535,0.1331754742794202,-0.47236608173664596,-0.018898439208756748,9.867992824336841e-05,0.019887173285274784,0.45830512129173945,-0.00036467691232105706,0.22107813942855956,0.048875543733193624,0.1424544834581627,10.846202145957522,1.8516487816074882,-1.6314455241082078,0.008072957609088095,0.010887060550522798,0.09621535783714096,-0.3541519071067534,-0.0055014653735633075,-4.695718841308183e-06,0.005385595176959491,0.3410651871122423,-0.0011668729432923073,0.1876192207838268,0.03520097200753035,-0.1269877558975155,11.465380684391171,1.6240576311457409,-1.5242609638366817,0.010791395296954298,0.014544335539251095,0.08028117484230587,-0.28029691533925827,-0.00733477557478031,-7.516180075416291e-05,0.007209559964470785,0.27780969641076725,0.00555273945665109,0.1724323536051433,0.02973291656980918,0.07417464295960219,7.451321181202445,1.261934,-1.309455,0.022327989410694367,0.030119,0.08658306476939598,-0.28296475,-0.009426,0.005815,0.020693,0.297255,0.007852361817085256,0.21567986059706215,0.046517802267168167,-0.16431475578919574,7.936757192132466,1.3777471028030266,-1.429044544432473,0.0302877560234254,0.04083636396629761,0.10877881350841166,-0.34938111583755205,-0.01208576299886459,0.008443495598545066,0.02875060096743302,0.37716752769447204,2.2024686094635753e-05,0.11376668417214127,0.012942858427523737,0.08938687065870085,8.666666414911038,0.8386508715217368,-0.8570214380741891,0.008157556068324868,0.011002978191393778,0.05208454988686316,-0.18738341328397312,-0.005511200793318768,-4.391991467232444e-05,0.005491777398075009,0.18820346490426565,0.011103796727775091,0.29779077569036205,0.08867934608626754,-0.21194221810989583,8.196458230679983,1.8765736479088004,-1.974685998310832,0.04172124035311587,0.05627397057663293,0.14963103641230488,-0.4848072077926129,-0.0163599153860019,0.011762820860192967,0.03991405519063103,0.5211638827372366,0.00013391937457172206,0.06587912433319518,0.004340059022908589,0.04954590132542913,9.73513743901964,0.5945453560749893,-0.4860905595160016,0.007581966221354032,0.010224599691359422,0.031106355249295913,-0.104524718295813,-0.005048349357928613,1.0074230484018805e-05,0.005176250333430809,0.10767022061683698,3.104288172397475e-05,0.14543839645517112,0.021152327163451536,0.09472106170057526,7.722604790125988,1.0478497841614773,-0.9209896122895765,0.009067096720859612,0.012230270944486595,0.06673697728408938,-0.2468234545267718,-0.006126698622422563,-1.2309318242773924e-05,0.0061035723220640315,0.24235154227565614,-0.0012606004444303937,0.0687553399392443,0.004727296770161043,-0.017828220788837394,10.5077753584606,0.5837842923747141,-0.569212578136581,0.007065073367085297,0.009544620071558646,0.03114103622294048,-0.10943254561843896,-0.00494404254755436,-4.7743552489759285e-05,0.004600577524004286,0.1022601927716916,0.00014599320813862347,1.014393418910253,1.028994008328432,-0.00023402439866512616,1.74902614920655,3.233993,-3.23148,0.6959097597310335,0.93911175,0.703971630511131,-2.0074405,-0.468183,-0.001062,0.47092875,2.00645625,0.0001960269799687987,1.43445166962816,2.0576515924990155,-0.00020804842955694347,1.7519610594284334,4.5148182265848815,-4.575965518098676,0.9817275453522647,1.3244123059689288,0.9948873999657745,-2.8433853723758102,-0.6605226808966473,-9.616306092109696e-05,0.6638896250722814,2.8315770957639845,4.130312616000861e-06,0.014283819759151259,0.00020402750691191993,0.017397924102070104,-0.2339781372545673,0.11298085321014997,-0.03953105667259299,0.01585650428622165,0.021408093434667295,0.011718143071301737,-0.0217744126805801,-0.01070205684590704,-9.684162709217188e-05,0.010706036588760254,0.02191807594259393,0.0002463130895798415,2.027657864835574,4.1113964168295585,-0.00014433184758234707,1.7620922273497115,6.3620536323887835,-6.426287624744046,1.3784679239243443,1.860711400501342,1.403937338590103,-4.010479384106425,-0.9278179729867588,0.0007087051063481807,0.9328934275145833,3.993298616374503,-5.255475101616175e-06,0.05811689619116521,0.003377573622894673,-0.004285802822802418,-0.41223302798957473,0.15178172481143085,-0.15336450709921495,0.05365572261336581,0.07236679591839837,0.045570604256692224,-0.10063487694397551,-0.0355030024031958,2.9632532755674568e-05,0.03686379351520257,0.10011484493052947,7.519726273270145e-06,0.006236083698609305,3.888873989606071e-05,0.1624660652231458,2.1126141485545853,0.08837417183899943,-0.023645485831522213,0.007147337763400897,0.009643038787928979,0.004987061770240727,-0.009592044955881271,-0.004839239173618337,-1.4198498265587036e-05,0.0048037996143106415,0.009611456827055144,1.7648422388783148e-05,0.019218150510957006,0.00036933730906179706,-0.0004627901102861832,-0.5560805380200522,0.05941437153358176,-0.047729510002095854,0.020197962983008383,0.02728011587211897,0.015899380154898907,-0.030797151385485513,-0.013389592308840306,0.00013587610564506913,0.013890523563278665,0.03077149298771465
-5.829918864097363,7.474563179181998,55.8690947195833,1.0813214247897636,0.2213249088557121,13.9,-20.6,5.189107764769606,6.300000000000001,8.894016227180527,-14.5,-10.4,-9.2,-4.1,9.1,-8.199988916622495,10.609568298918854,112.56293948942391,1.1055239654368352,0.23943217522832905,19.40982051971545,-28.827435145997867,7.6367696280154584,8.68086510671747,12.60194373483911,-20.176499554844547,-14.590858365633796,-13.272090640788978,-5.909993258916327,12.74189899722834,-0.022542044406004175,0.7589535416097495,0.5760104783219818,-2.7426730609942855,47.429440578495615,5.281214981826113,-8.848666320534011,0.2789721740493419,0.3771271450485745,0.3496588206986495,-0.7836139261833123,-0.1851360634070765,0.004544844821487731,0.19199108164149797,0.6778093715384872,-11.472265676998461,15.146276198340395,229.40968267641279,1.115682046698669,0.22151877582266444,27.50284938610411,-38.313610209924,10.9664540953577,12.326519265947304,17.861863891505603,-29.198394294341846,-20.591598183246077,-18.900965224916824,-8.265078917298773,18.239871024936004,0.005406823302240195,1.1137427834229228,1.2404229876266395,5.68059593156524,78.8673615264364,12.982155593203132,-6.654674526037006,0.3418437051132089,0.4591134359393357,0.4134558845534138,-0.8025904463557432,-0.22485951570225093,0.004132550926270517,0.23425392023708475,0.5694952492830314,-0.03206055306794752,0.7453364712840719,0.5555264554261922,-0.954729696749862,15.485965264455452,4.476757422054916,-4.365844817670985,0.3090125175338283,0.40463237403091024,0.3810323307717987,-0.8020648324446586,-0.19522949985120827,-0.006934430092810738,0.209402874179702,0.6515187822309971,-8.996056426736439e-05,0.7638329281496299,0.5834407421256377,2.664309735967897,38.634056827168976,7.348670043188174,-4.541063160355598,0.31331089441033855,0.4132984290468038,0.3711546893394355,-0.8753807759945575,-0.2203716888970799,-0.00766388433741758,0.19292674014972389,0.9054696202324237,-149.19006085192697,13.9023281791052,193.27472879954252,-0.37499446808980785,-0.44305646200093074,-111.9,-190.2,15.19667273968242,20.375,149.19006085192697,-174.25,-159.075,-147.75,-138.7,-129.5,-210.8910040078559,18.770394988171038,352.32772801195637,-0.2569817355924532,-0.8233471173857572,-159.89211834174864,-255.48029387047873,21.718382983292322,29.73101632747,210.8910040078559,-242.37521002010612,-225.7138424944262,-208.63424000141396,-195.9828261669562,-184.4434033637207,-0.06771719112389855,5.803867239049456,33.68487492851156,-0.03298879506588841,0.8860311014253504,23.13014145103024,-20.0730750351764,5.851007943008035,7.868931137751078,4.458229941109277,-9.319947017961486,-4.166606839903189,-0.058641124539610345,3.7023242978478894,8.530787477510014,-297.9771747709791,25.43125175516444,646.7485658345544,-0.3079029942591484,-0.9779366049432752,-232.04523418398065,-349.910870584017,32.30188959921425,49.51398848730895,297.9771747709791,-339.8209813489866,-322.83723461796365,-293.5603338103847,-273.3232461306547,-266.33581901339255,0.003294601207682556,7.526378859904965,56.64637874282437,-9.049932892380378e-05,-0.8442011379051704,16.730611047521688,-15.989152292046398,8.708529386090014,11.894496561458029,6.355678533750538,-12.27220366819798,-5.690841774518831,0.04617402931581438,6.203654786939198,12.433661498289649,-0.09576242984255307,5.047622219686876,25.478490072676667,-0.33156684622354976,3.1525462327971665,18.45705888363966,-18.745200676218094,2.5658256251585643,3.416497623148637,3.2421768647255718,-9.165235052387612,-1.6430910895019695,-0.019329271726314462,1.7734065336466673,8.702462027678722,0.04559376217589365,6.410326917451558,41.092291188603994,-0.07481339498915308,-0.552954822826913,14.795260386347449,-18.535010571865527,7.186191962996527,9.597160582620159,5.225055785601658,-10.482181139305766,-4.815174665943627,-0.004060089548331536,4.781985916676533,10.46262778801665,-1.699492900608519,8.041627860546365,64.66777864751552,-1.3177805623853704,1.931233482279306,14.6,-37.5,6.819970205125769,9.899999999999999,5.9228194726166326,-17.875,-5.6,0.1,4.3,7.4,-2.4211300693498705,10.63316568912147,113.06421257231004,-0.9885286985094146,0.5952493511015211,12.977238611248358,-41.56793937664709,10.22605135931927,15.586411815385176,8.206804419267264,-22.5137942199876,-9.580824062346718,0.19080275143665001,6.0055877530384585,10.156955008159704,-0.04633371511855869,3.9643077499340187,15.715735936186922,0.323124599391227,5.269150665194479,16.8854353675471,-19.070274438880677,1.8466263066430484,2.474833622546993,2.3967312956003943,-6.025698676801667,-1.4180583153533448,-0.12361420446526102,1.0567753071936479,6.648175235322509,-3.4740328578514346,13.378661669029364,178.9885880543556,-0.41639389383494996,-1.0940971812001254,16.784198113138178,-35.270458957566255,15.863241819417961,24.14619925423853,11.165166596184738,-25.952847453785914,-16.01559348671617,0.31489078616176525,8.130605767522361,13.886443621728674,-0.29204704749064925,6.727892707630043,45.264540285381514,0.3769774720707221,5.256145095582903,30.802919330946597,-29.242644190338847,2.9202639035164344,3.90734197612577,4.025177199620719,-11.488478278042109,-2.1785376526692497,-0.15209744756795274,1.7288043234565207,11.635004699253383,-0.06496644199445743,3.176688402707093,10.09134920789374,0.21803404508838486,3.5115261921281364,12.68007148102969,-11.105356429263818,1.2043939225317633,1.6320417455543255,1.936609124052694,-6.565563850279053,-0.8945970977895901,-0.10080466342375621,0.7374446477647354,6.038521660970712,-0.09781163619488462,4.57901389156379,20.96736821913416,0.6701367258328813,6.093683648760592,24.579396023865367,-15.517131313595996,2.19759784107524,3.0145527057270067,2.805694599427617,-8.142331072374722,-1.556435369227506,-0.015569637121636587,1.4581173364995006,6.765061078105003,-0.9713995943204867,4.034957976330156,16.280885870750343,0.07933729442826354,-1.287688178570263,6.7,-7.0,5.7821486521718475,7.8,3.581947261663286,-6.7,-5.1,-0.9,2.7,5.3,-1.3719719029473458,5.7297108817275815,32.829586788187456,0.08783096598147769,-1.2880096946437425,9.488163340227585,-9.824198288496829,8.218506159231765,11.013202075054295,5.088890910080026,-9.42141433893175,-7.215580780256893,-1.3710400478568445,3.7976212947974015,7.61151112379653,-0.007230704818709474,0.10230348930904898,0.0104660039248067,-9.615260658969323,158.64430624812354,0.2938345948148768,-1.724988308499704,0.057323956549018035,0.07778187840374173,0.051756267080382126,-0.1096010932132183,-0.042212823729892934,-0.001983529380951643,0.035569054673848806,0.09261594675437591,-1.9352054512455918,8.167539171278888,66.70869611437502,0.10291083559837887,-1.2855824949351322,13.406542287930577,-13.785719295948235,11.755425068927346,15.38944353640608,7.261218941801252,-13.259742678503137,-10.176928513133578,-1.886246752769453,5.212515023272501,10.98015655281242,0.006778646088712269,0.20295836522237326,0.04119209801373825,10.007682916488125,137.419904496888,2.7834590540806055,-0.6455755788544877,0.07802882929128505,0.10472409562318787,0.07900719062923685,-0.1362812461263076,-0.05388463336964032,-0.004355936394877247,0.050839462253547546,0.14893285416406749,-0.010170767363475046,0.08811727544296373,0.007764654231491138,-3.901153348848429,28.10856222461904,0.1852447698430052,-0.736511962694985,0.05607156947888678,0.0752130917053087,0.05233783963972201,-0.10213712631298374,-0.04255563121659353,-0.004611720125437665,0.032657460488715165,0.0945515926599535,0.0033834588569606116,0.11367882977735301,0.012922876339548401,7.8522889637783635,98.82105457070517,1.4381710737091131,-0.2914806099956315,0.0565890889189581,0.07214651622428749,0.05600231328789976,-0.11869871710247067,-0.03585581843810452,0.005885040686838338,0.03629069778618296,0.10180044831076875,-0.12890466531440162,3.547676755583583,12.586010362108055,-2.1403336175480896,4.142555167436442,3.8,-15.6,1.0378215529539214,2.0749999999999997,2.4445233265720083,-8.8,-0.17500000000000002,1.3,1.9,2.5,-0.17259384184885435,3.9529051943378373,15.625459475423057,-1.3354773731302634,0.7067369948475744,4.068254115839921,-12.222344143502676,1.7467025304960664,4.6142629192081515,3.1474891806134666,-8.624514620938934,-2.142970311274072,1.6920267660929351,2.471292607934079,3.32087268652824,0.08962854866186859,3.066514920836934,9.403513759715548,0.658221939563986,3.391732505241584,12.043096285432153,-10.581359680458533,0.5012615043941883,0.70262826151658,1.694438581242067,-5.341551705541891,-0.3956626957209116,-0.02053885230309753,0.3069655657956683,6.177421823053814,-0.21719933694747387,5.072243959658532,25.72765878629246,-1.060333235188132,-0.33770681819363535,5.333023696730042,-12.941825043912445,1.8759967147653775,7.528367738874829,4.290984693179352,-10.740475966459645,-4.169703903832099,2.5392170312545095,3.35866383504273,4.279741938833255,-0.21043669173320512,2.2740503286697744,5.171304897323109,-0.3702408604646372,3.309049619594152,7.826855569863889,-8.630449794592337,1.0278088680014286,1.363227880199086,1.411645781652754,-4.270829824883253,-0.7819088610767999,-0.06512948485019165,0.5813190191222861,3.571790997895618,0.12541295027339486,3.266360174037817,10.66910878654036,0.1400654626272509,5.416073579175682,13.891415718978493,-12.320047015658337,0.2870800609315375,0.36273530662741216,1.5705414600628917,-5.0475015869558,-0.1909194879786827,0.006732356022214283,0.1718158186487295,5.8525119305743605,-0.09695936975404368,2.8114030477353205,7.903987096815448,-0.29833003251241386,3.488686358553121,9.643317302962929,-10.607016533599833,0.6279964117775051,0.8015492525940504,1.556728360563832,-6.296972585725863,-0.38316878385701425,-0.0272807509358773,0.41838046873703616,4.3349889006853495,2.9724137931034487,3.365619283193521,11.327393159404071,-1.5846275495747324,1.7350611094547164,6.6,-8.2,1.3343419966550423,3.7,4.102839756592292,-5.375,1.5,4.5,5.2,5.9,4.214141894533826,4.725564192299008,22.33095693553858,-1.569961240434652,1.738408288365184,10.241640637761986,-12.478227138504494,1.9267742452562657,5.218012264845381,5.7824128985328755,-7.106205579174574,2.0921904660815724,6.421188281031448,7.310202730926954,8.274406199951066,0.00019373285537682873,0.4991249777705164,0.2491257434344185,4.837434343175215,103.09755632823277,6.144026391393739,-4.2171264000878885,0.11061801061602168,0.1536789536858143,0.15281386615562662,-0.26292705137196026,-0.0783985724470311,0.003040737200765642,0.0752803812387832,0.22905656225300058,5.988891717893019,6.6100751823618,43.69309391647538,-1.5187076531525636,1.5887899085204102,15.412954919790545,-15.857113771921803,2.754352944468072,7.3424503905778,8.12695272518146,-9.869732473038344,2.9578388808962943,9.116350223922023,10.300289271474094,11.652433783501486,-0.033430387415996625,0.8232568353482758,0.677751816947658,-0.7884700649580145,42.00595798037574,6.942892859239042,-6.286662413762874,0.20899475499406564,0.282230759805815,0.3093331800839665,-0.5370978713767949,-0.1390867602151545,0.0035173640187269317,0.14314399959066054,0.4147136443032087,0.00047360244952353807,0.4610202148986732,0.2125396385452188,0.28132714615878085,48.6630225066493,4.017273289088873,-3.50968807753094,0.09293936199743201,0.11824706725810355,0.1517227976005882,-0.19916899324955845,-0.060818980350674984,0.004196322396951214,0.05742808690742856,0.24401189826720504,-0.019974841906791538,0.5285983581540706,0.2794162242431791,-3.0237153078381422,58.80107684044525,3.752033658166692,-5.548957080427841,0.14504635341994757,0.20182454660769156,0.19736871768757247,-0.285432455728861,-0.10683311295407606,-0.01996317527700785,0.0949914336536155,0.2800089245325088,-0.00050516845239833,0.3095470695286463,0.09581938825377258,-0.31428124713316585,5.906341879891823,1.407586,-1.914549,0.06414626758586338,0.086591,0.16189322911861734,-0.540266,-0.043066,0.001091,0.043525,0.5509172499999999,-0.0007188193160813361,0.42429792417984696,0.18002872846332715,-0.20454962165793086,5.840380754244245,1.939260842370025,-2.4132263320293226,0.08978405375103708,0.12106541144700747,0.22215537489866538,-0.7266576818204364,-0.060377053902590745,0.001236092441306472,0.06068835754441672,0.7612006309593085,9.486046359779364e-05,0.10767302329610827,0.011593479945724275,0.05779565790563965,11.762003833564888,0.8774423103132654,-0.8894334239717266,0.007766895400768703,0.010478792861120067,0.04684894239105932,-0.15986041536027507,-0.005320554570264583,-3.547048849818888e-05,0.005158238290855484,0.15575239758142054,-0.0010291796446840137,0.5948539894648166,0.3538512687822082,-0.17445084677171255,5.850710214838996,2.6100708274217435,-3.1940441969270004,0.12674328121773826,0.17083227697457617,0.3108094397689602,-1.0260429022814115,-0.08532744732502273,0.0016304232625894586,0.08550482964955344,1.0573985133412938,-0.001246781729707633,0.07837410195660482,0.006142499857504289,-0.14100710352129509,9.761112435211151,0.5841616990752215,-0.6067567962918212,0.007249348786694737,0.009767181578372773,0.036043417746897954,-0.12952422860323715,-0.005072230390333623,-0.00013423009316074902,0.004694951188039151,0.11860705087137419,0.0001342442229723387,0.07876334753945424,0.006203664915620854,0.016517426878755848,11.281185285986549,0.6388795767684038,-0.6212756837212587,0.0077821332208974,0.01049818543102441,0.03568395744062835,-0.12025747373887974,-0.005264674357692478,-3.49365935869067e-05,0.005233511073331934,0.12292665054159732,-0.00014877844433340358,0.1303043132156949,0.016979214042613922,-0.04262094542796911,10.498251385586396,1.0929085311934221,-0.9584072323553074,0.007622015930152834,0.010286763467125183,0.0569198717672981,-0.19552823459952046,-0.005184016854837605,-1.6190127194373055e-05,0.005102746612287578,0.20628375342161795,0.004621873660701253,0.5326984879727032,0.2837676790884042,0.765028099678099,5.557500191626181,3.595206,-2.447528,0.08382781203652524,0.112901,0.27672133972206814,-0.9586250000000001,-0.055406,-0.001029,0.057495,1.005598,0.006534551945954078,0.7221280673129139,0.5214689456010843,0.6897264603360089,4.956488655015209,4.356073520957683,-3.159821704849774,0.11822077311167824,0.15938532314352957,0.37980883607740884,-1.3097644864974347,-0.07846905924556798,-0.0022675746366370804,0.0809162638979616,1.4024622438743095,-0.0004688384590858556,0.21451470917810803,0.046016560453768264,-0.09407013296556746,14.615071500476244,2.2506366815029972,-2.069268010078353,0.008984773979935997,0.012115572864148688,0.08927887644742862,-0.30856407356783166,-0.006030201102737682,1.1970977522336116e-05,0.0060853717614110054,0.2994949431967026,0.009236496520842925,0.9844452813012948,0.9691325118763855,0.6601499485966251,4.4508785764062155,5.575981128213778,-4.0430940404115105,0.1650229075862528,0.22259331962010248,0.525564349554046,-1.7739828695812538,-0.10928072084734926,-0.0033016856208743796,0.11331259877275322,1.9400930883668908,-0.0012276304152950396,0.271332718116883,0.07362144392069586,-0.2514136676650811,8.900568357303177,2.0268813472302996,-1.905112442439125,0.025482890256033664,0.03436558645445123,0.12671006222751524,-0.4633131193999878,-0.016794554600450266,0.00023702979308044825,0.01757103185400096,0.4407405482257607,-0.0006629663204515958,0.24217270504506697,0.058647619068845004,-0.21036990993136634,13.803427064472643,2.3951169629134457,-2.3993637831394565,0.007846881243964378,0.010575452470376698,0.10103052559577412,-0.3599801232129166,-0.005236412604716075,0.00011182883345661813,0.005339039865660624,0.3445899921019464,-0.0002733288773322683,0.18267269301170735,0.03336931277214948,-0.05088397627894364,11.306410332038793,1.4397707783174765,-1.4626605772032173,0.009740162411671844,0.013129042441023303,0.07792715732507421,-0.26922516289048104,-0.006570416581952119,4.6121838908662285e-05,0.006558625859071184,0.2798732396611008,0.005844179779873296,0.1814565660226858,0.03292648535274534,-0.007281827654509071,7.1197597848751055,1.292779,-1.22073,0.02322496375289025,0.03139,0.0910751569205617,-0.29989925,-0.009729,0.006238,0.021661,0.313766,0.00826671890062819,0.22873783825865077,0.05232099865124068,-0.2119265591766714,7.3003980221648614,1.3521975695312178,-1.5524534249561275,0.03136079636649389,0.04234044300784283,0.11516990161975726,-0.36869316435400507,-0.012529233157219839,0.00888686849694819,0.029811209850622987,0.39680143835775517,-7.670989507894456e-05,0.1163023654538598,0.013526240210163163,-0.07854952889555575,10.397916571003938,0.963043486528272,-1.011202154620182,0.007933171098102756,0.01070105851757722,0.05190646953419071,-0.18137902512445886,-0.0053890665031751375,-4.132205941033786e-05,0.005311992014402082,0.18730211479958267,0.01169616173797396,0.31749973556239947,0.10080608208219359,-0.26813353989025857,7.455218298472607,1.8408028618112833,-2.11172916661345,0.04372147228960526,0.0589807592533519,0.1590819887328703,-0.5172197110525909,-0.0170090883029256,0.012510763840116288,0.0419716709504263,0.5457289693149212,0.0005433167200798285,0.06178563359559869,0.003817464518809573,0.1793439370748092,10.393137298398551,0.4363768879903446,-0.48678794854655827,0.006937641587394681,0.009336834211449312,0.028765819549823903,-0.09347605795826726,-0.004728549871254699,-3.614722342570875e-05,0.004608284340194612,0.10226116065615487,-0.000108887600184747,0.14990885141713076,0.022472663733203384,-0.03377111411988237,10.219527120888623,1.2906613151683421,-1.2976560138603612,0.008964429058061264,0.012108076363902192,0.06660282766973098,-0.2369881524773383,-0.006051113032157836,-5.571163440284496e-05,0.006056963331744356,0.23934771276908387,0.0001958902948610297,0.06763908845166189,0.004575046286571741,0.12381972140808195,11.263815816612421,0.4934497994255564,-0.5367125574846832,0.006697408251599149,0.009031735387188329,0.030030129338444976,-0.10269226840594839,-0.00447291300118951,2.9022105891818718e-05,0.0045588223859988185,0.10148308710815077,2.4050915248299402e-05,0.9721395238075968,0.9450552537488611,-0.0002388504437126125,1.6332691380952085,3.154553,-3.158989,0.6931750999389998,0.93525675,0.6826096847867342,-1.9269935,-0.46647425,-0.0009369999999999999,0.4687825,1.92414975,5.2066217595284306e-05,1.3746801618153563,1.8897455472886944,-0.0002695145852384244,1.6360603999931262,4.470550769296822,-4.400491478785427,0.9787727673004626,1.3200112152295924,0.9647055490986924,-2.7360326772161927,-0.6578075979560059,-0.0001589813803075388,0.6622036172735865,2.703278721202901,-1.024710889727655e-06,0.014308585152168327,0.0002047356090568519,0.12480318511132295,4.4271208933824155,0.26869956099089776,-0.1948400674665433,0.015213544344416656,0.020522022440518622,0.011598156641852044,-0.022016393046875794,-0.010350189876624687,-8.889628323218227e-05,0.010171832563893935,0.022049712685725024,0.00012692411277898764,1.9430892795413977,3.775595948268708,-0.00031092577494665875,1.6456083196041398,6.163496261202797,-6.26108621618287,1.3720728275607037,1.8517956217421032,1.3611298440023551,-3.8458775710025517,-0.9222121716662318,-0.0015449824503780824,0.9295834500758713,3.7975007594194707,-3.361863895541329e-05,0.05705810141167383,0.0032556269367048545,-0.005523238325931984,-0.3550432890101489,0.1485056609009041,-0.2669637569661776,0.051273277738732775,0.06929315739662173,0.04447550043428123,-0.09916932108707972,-0.034028276055070035,-0.000531072180841391,0.035264881341551695,0.0993338196743997,-1.2865910657921566e-06,0.006274989391233885,3.93754918600978e-05,0.4155321856381681,60.44520997815403,0.17800869801130353,-0.15728346084890737,0.006610499465752747,0.008923500546017656,0.004824422353953569,-0.009482272728458743,-0.004439918468160031,-2.8394460846419266e-06,0.004483582077857625,0.009378036551294698,-1.2995798350775692e-06,0.019247175414928493,0.0003704537614530278,0.03869675186819669,0.0538834389948315,0.17378926508570258,-0.10723689447259775,0.019365704171693157,0.026080581764607334,0.015746403023224994,-0.031249872955164897,-0.01288399411823744,7.447154453159765e-05,0.013196587646369894,0.031250316705292415
-7.005086469989826,8.889495359086293,79.02312773921675,0.43675379677982956,0.1833739379707282,14.9,-29.2,5.633888430321287,7.2,10.123906408952186,-20.869999999999997,-11.9,-8.6,-4.7,9.2,-9.86491075223629,12.59438061483681,158.6184230713772,0.45767774081936097,0.19761937918381411,20.417756930206238,-42.18095526760356,8.038351956501222,10.37912004225598,14.329192636907354,-29.2284860317144,-16.937043382008483,-12.273882389426857,-6.557923339752502,13.039599453436816,0.04781266226703592,0.9275537128384463,0.8603558902003869,5.817351046951532,57.478644120559316,10.429141607039739,-2.855768920975418,0.32681123774998583,0.4473863025870112,0.41844884872755955,-0.8022729604526917,-0.23463663601644355,-0.005359633977646716,0.21274966657056765,0.9000279177746917,-13.835246735736035,17.906262416745353,320.6342337373471,0.5026493138352722,0.2037410876879564,28.87363506033557,-59.069211189978745,11.790543047614868,15.046145960474345,20.315941847725725,-40.415529516240085,-24.150133040348493,-17.67083380899234,-9.103987079874148,18.989325815865946,0.09710689878425514,1.4883349682422522,2.215140977692666,3.6711340043742564,30.45900852743231,12.516491929778539,-6.241722500149695,0.3606446274362964,0.4683736840766412,0.6239427066748138,-1.228567891469999,-0.20874445796786634,0.00044617825248405296,0.25962922610877487,1.2128748169079437,0.06948660566748634,0.7116207974789641,0.5064041594045969,1.8689799337239346,12.03431792442981,4.426485085605074,-2.527241778589499,0.33521585379897106,0.4449060623119871,0.40810328422009184,-0.7785087686055787,-0.22265073819831682,0.01115856207196834,0.22225532411367027,1.1887923885990532,-0.12033481414803628,1.0853454685105697,1.177974786016428,-5.116253234107494,38.483083618202016,3.088001838379563,-9.60689929553653,0.3054432113105331,0.40493527097892446,0.4526817600788219,-0.9910642183026268,-0.22320814028757363,9.769107898295604e-05,0.18172713069135085,0.6908768471689317,-148.85727365208547,13.220842137681279,174.7906668294889,-0.3287606170471869,-0.4052668071186485,-112.4,-191.4,14.381241519504322,19.399999999999977,148.85727365208547,-171.0,-157.7,-148.0,-138.3,-129.4,-210.41317990962054,17.975456904090073,323.11705091079943,-0.2359222341569005,-0.676593581272789,-156.63552742180417,-255.02405621583972,20.3294461650617,27.697188419380666,210.41317990962054,-240.43074391491453,-223.25112701090626,-208.39582631656938,-195.5539385915256,-184.47630147618,0.020525664201754064,5.115606454457164,26.169429396883796,-0.11059447115544827,1.341166745022913,16.709529996189694,-24.12073648529342,4.694754834982051,6.334859342970883,3.8735533282260217,-8.33627878890036,-2.9874831136796587,0.1980038056576081,3.347376229291224,8.513935563243287,-297.2853461814526,24.03178420689819,577.5266521669213,-0.18115112704870642,-1.0705907288928678,-244.54161111377456,-349.19505085991585,32.75325470596097,44.491488050603834,297.2853461814526,-334.6744587319605,-318.4949957113244,-295.57073466453875,-274.0035076607206,-265.1637107462519,-0.07717825381717047,8.2457398215816,67.99222520521656,0.002773510965568398,0.626607728354307,25.406290669779914,-27.512011883041204,7.855534910367819,10.24664214569961,6.361865238112974,-13.644141810391345,-5.17087544990565,-0.3505129302451806,5.075766695793959,13.061640358293173,0.03454837135572739,3.683620858782062,13.569062631254296,-0.2326170375222156,1.1241844224655013,10.917266252351414,-13.490701452490624,2.974978027861066,3.9658648662457714,2.7309823707578413,-6.419492467791141,-1.9049795384101649,0.08111965999393586,2.0608853278356065,6.311312082719354,-0.3098557625014267,6.162971744006423,37.982220717421576,-0.0357540429991628,0.4960100335947639,21.142523512056073,-20.340160566352914,6.049070360806509,8.083541560179324,4.7565750683762955,-10.677272196298986,-4.245303229656002,-0.03808394648324004,3.838238330523322,8.932155132813296,-1.467853509664293,9.060099111004593,82.08539590122624,-1.8833123874005455,4.447182793083345,15.1,-41.8,6.523449761424649,9.1,6.095116988809766,-21.3,-4.55,0.5,4.55,8.0,-2.1038154242606453,11.878168172660667,141.09087913800883,-1.680466264180579,3.2566790203930793,17.19452232590942,-54.077207949941624,9.217236701677294,12.807610673747469,8.26841150201299,-29.14599763453339,-6.612986821849262,0.6290352928999217,6.194623851898206,10.509379446881312,0.034966304887469914,4.7114856624032315,22.198097147031216,-0.2917666960070148,8.510755110489322,27.30019022835776,-25.72891609668034,1.8342753390471467,2.467728687326174,2.635288481758857,-5.738559598915949,-1.210162674028809,0.01901077409226326,1.2575660132973652,6.689183729012379,-3.0533547780877313,13.27426145798307,176.2060172548948,-0.5647829661790656,-0.5919132802778755,16.592210011337748,-42.38245987460198,15.240960437031552,22.096569856064466,10.850116940178635,-28.43905607872771,-14.460373477594214,0.5089290966969751,7.6361963784702525,14.03611896878963,-0.018375884740759622,10.158026040975209,103.18549304913049,-0.195958921653297,8.774562895573998,45.19348247946034,-47.6629914638332,3.181831402231871,4.294645361293375,5.122422478634016,-12.501240811749836,-2.178736376982582,-0.05310395640627136,2.115908984310793,14.310942244589192,0.049611715630568036,2.668788506283827,7.122432091272661,0.26973384157435726,10.038935069318294,16.75336582316642,-12.049303768635685,1.292778513045325,1.7361242756399813,1.571976825097254,-3.7017823144063575,-0.8018665487988617,0.07314013488630557,0.9342577268411196,3.642398674100082,0.25460225489381405,6.049370686828458,36.59488570665941,0.7018231649822436,6.187290844386526,26.438074729819636,-21.80292617165687,2.1267922166391857,2.867618978332417,3.3529295880431547,-7.609163267890153,-1.3714777829117581,0.10305925930904593,1.4961411954206587,9.59743324733779,-0.7968463886063073,4.198013411854293,17.623316606108528,0.013037434017490029,-1.4375626638630783,7.0,-7.3,6.2269293177235285,8.399999999999999,3.809257375381485,-6.7,-5.1,-0.9,3.3,5.2,-1.1328953633158625,5.957798746694551,35.49536590611516,0.023109709436256905,-1.4321411121758774,9.876941757952519,-10.252437590763718,8.825165784129783,11.873552298203819,5.405417634006679,-9.44059089544159,-7.1841941898885,-1.2071156486833374,4.689358108315318,7.446611784754252,0.007094753955147099,0.22090178778895286,0.04879759984835556,16.847463973804327,339.2657894387924,4.486151363090054,-0.7598740853961788,0.06184914218710321,0.08333499878778847,0.06523289442975422,-0.11475571818084686,-0.04349695293679667,-0.0010053725470307029,0.03983804585099179,0.10658026985047583,-1.618700309979812,8.485805560435175,72.00889600951253,0.04570098147070249,-1.4256616760400869,13.927659151711943,-14.186327115125497,12.6334577716232,16.93442194740914,7.707208007344798,-13.18221873195278,-10.38256742738593,-1.9313280877409391,6.551854520023214,10.872439171494278,0.01571928382164885,0.383244314746167,0.1468762047852591,8.07598496006912,126.57083001772875,5.080276170482152,-2.53328195363102,0.07402392632637567,0.096691192523979,0.11042769611694363,-0.15536554614306083,-0.04706725830298403,-0.0029015388996570524,0.04962393422099497,0.16430836707208668,0.009551818737851764,0.15125073217312546,0.02287678398290653,9.02821149558574,108.76977401340646,1.9531632561340713,-0.220621540055048,0.07567270505616205,0.1019486898100981,0.06687107404140409,-0.1052310516370918,-0.05470494768352242,-0.00360704827299096,0.04724374212657567,0.12074902822122083,-0.019569773242921574,0.270215819582297,0.07301658915253248,-13.569124790408509,199.91700338066832,0.19579247668558458,-4.077816054641665,0.06305164291615864,0.08152259791239375,0.07106094204119769,-0.10534102148726963,-0.04118632895168042,0.006113950722609506,0.04033626896071332,0.10652479652217428,-0.16581892166836212,3.2554909426206833,10.598221277485306,-2.3291699280953484,5.285730074905787,3.6,-15.1,1.0378215529539212,1.6,2.141200406917599,-7.69,0.0,1.0,1.6,2.3,-0.22364762521241965,3.656919710490851,13.373061768976488,-1.5795823830667282,1.8941595230601695,4.222756713608465,-14.583315878221521,1.4771301937254748,3.57974265741636,2.7699090656682337,-7.95402758360393,-1.43304401096478,1.4070204604387244,2.14669864645158,2.974039237662786,0.0364718470846778,2.7732062615477187,7.6906729690874736,0.8664949830415436,4.223749784024493,12.011551359830584,-8.040829991178578,0.5596909924079799,0.7392950611401344,1.5114039666231314,-4.770315064118768,-0.4249351100643402,-0.009634281785087712,0.31435995107579423,4.817300100268147,-0.286177649602999,4.4443017396750735,19.751817953278888,-0.9970533525187341,-0.40648818560689737,5.61235210152761,-11.998010962641098,1.677025243608992,6.733539162367785,3.760366466992447,-9.151993426947843,-3.902506056523174,2.1100134796381456,2.8310331058446114,3.9649358686734097,0.08497256739846443,2.5856628623405733,6.6856524376872475,0.09760119442653603,3.5171747502661184,11.073857682946265,-9.299296025423281,0.9760615192911504,1.2703405355577653,1.5549187110780855,-4.913690871807866,-0.5670736959633393,0.028672379249359392,0.7032668395944259,4.427298586925748,0.050517767018828576,2.110109141282821,4.452560588125324,0.2530155304636888,7.537024373433535,9.7784547338507,-9.782414859345034,0.27830801493071433,0.372867341415648,1.0515370133707007,-2.8944259922948676,-0.17396018092424187,0.023387892408848254,0.1989071604914061,3.399652396331052,-0.25645289379177727,3.2632428094377786,10.648753633347365,-0.624721459548467,2.9893047265817634,9.723230511478336,-13.13415126357253,0.6988308297931585,0.9370561321233999,1.8595219904620528,-7.209367848759891,-0.5220911324258611,-0.020012702649983803,0.4149649996975387,5.31978777027226,3.292166836215666,3.1873014963644755,10.158890828727223,-1.7143275231868955,2.309066599068453,6.7,-7.8,1.1860817748044818,2.95,4.209562563580874,-4.8,2.3499999999999996,4.7,5.3,6.0,4.67186099946574,4.466719140471987,19.95157987985881,-1.7292894928412255,2.447151493065311,9.825407333857552,-11.650946277019935,1.7730749014389902,4.148422179616023,5.932591795495491,-6.481562864477468,3.3619665589394807,6.655306480926982,7.510388738555504,8.450763766864824,0.032304469665574355,0.5333091639513663,0.28441866435450525,8.912845466503198,90.05288065292594,5.770519438000971,-0.9586169316506257,0.10243150801121445,0.13120345886822263,0.1571921772906384,-0.29076867306562015,-0.06131788440697181,-7.662184281320705e-05,0.06988557446125082,0.2512483167000671,6.651471261863956,6.219184240674638,38.67825261945577,-1.691669834246949,2.419012114838151,15.086765335025412,-16.311386598067973,2.5859982415547393,6.3782152456582715,8.308553200778011,-8.501274576737192,4.222086685050989,9.39379359278408,10.60030193070926,11.918883831595352,0.043288244389405574,0.9551209641246525,0.9122560561104058,3.928334602083088,29.808237703750784,6.548959752974415,-3.38400521261009,0.18565644330561035,0.2560813909370434,0.3567389947244593,-0.6430756732269651,-0.13066285772409175,-0.007643760405909528,0.12541853321295166,0.6244202791777707,0.04507118119524796,0.3453752336150452,0.11928405199464705,5.2077689540631,31.598769736093082,2.496928847533011,-0.5477321165055047,0.10423047552653743,0.14105220425617004,0.14140076580506775,-0.18461439758533882,-0.07898193244462502,-0.0009076992366886319,0.06207027181154502,0.24562197024513657,-0.10226801964839434,0.6566801164500842,0.4312287753408961,-6.815505362329712,48.461765770872745,0.6659419272447901,-5.240374540816369,0.13711217762801456,0.18207761489472934,0.2051317750982725,-0.3213084301222586,-0.11347668914831818,-0.017953045513426438,0.06860092574641116,0.23916190024651413,-0.000441619517446834,0.3565428087767045,0.1271227744903817,-0.7315712271293073,7.4546154240971205,1.550101,-2.252534,0.06467407397565136,0.087185,0.17791508248532575,-0.5897275,-0.041699,0.003587,0.045486,0.565092,-0.00062710191144259,0.4902833236321304,0.2403777374317683,-0.6000666888659245,7.137511674017894,2.173117521746679,-2.8708935483185605,0.09140439347787405,0.1234558407663801,0.24726029249226042,-0.8073642287585804,-0.0597155507343617,0.004347143179213964,0.06374029003201839,0.7778915280717602,8.033855048344088e-05,0.11766643022020055,0.013845388800765327,0.09266353873082155,16.646307853967837,1.3218523536018538,-1.4682364900855034,0.007766482555298902,0.010476746226876233,0.048951497701178286,-0.16554637770576103,-0.005200023525616977,2.3038721499479375e-05,0.005276722701259257,0.15917953535231497,-0.0008941588186166481,0.6879874826109438,0.4733267762293436,-0.580800161454824,7.079944593980645,2.946018559993538,-3.861273418288333,0.12886482513588904,0.17398918753518106,0.347922607431771,-1.1198834062150933,-0.084365165834584,0.007005893995684225,0.08962402170059706,1.0699495981165479,0.0007338090551457782,0.08569374783901476,0.007343418418696648,0.4222370334028133,14.369711211771637,0.720591759880638,-0.8468670707850449,0.007602305609771137,0.010248424807685435,0.03719668644916623,-0.12311645835212875,-0.005182091029764592,-4.579203840428801e-06,0.005066333777920843,0.12217522390081081,0.0001130106843324029,0.07481090874501786,0.00559667206725539,-0.0663329925012237,11.309265584123175,0.7793725173978706,-0.7754544983272548,0.007681933533130763,0.010362774042055373,0.034325445979230554,-0.11916907007598403,-0.005184905776826799,-3.944683227281214e-05,0.005177868265228574,0.12022966046589352,-0.0007953060258328166,0.1486222896680275,0.02208858498616708,0.17860853465260298,15.987955556395328,1.658984986569458,-1.1352031324821616,0.0077046170081868,0.010391673879151481,0.060345074603670314,-0.20249089733946707,-0.00512603995006836,6.708851382563667e-05,0.005265633929083121,0.19354039670152035,0.005833381972096864,0.5205320041487528,0.2709535673431172,0.8703881693099698,6.9517542409993,3.942439,-2.826847,0.08801319809936656,0.118309,0.2674160462495944,-0.874311,-0.056488,0.000293,0.061821,0.9427180000000001,0.008253185730031937,0.7049030942840782,0.496888372331268,0.8581062516297552,6.212149530463185,4.6080913326774535,-3.1618167680641482,0.12427433584536114,0.16687831017150231,0.36640786857082047,-1.1954581902472894,-0.07963745616598877,0.0005059203298214192,0.08724085400551354,1.282442303978032,-0.0007872411280855961,0.21206264308904257,0.044970564593910654,-0.0006435882138052499,16.165741618474865,2.0909174579601695,-2.084904864437629,0.0087516670872778,0.011791249292778621,0.08756278080707862,-0.2980009985410663,-0.00590524484862587,-3.2150525342292206e-05,0.005886004444152752,0.28638247273285555,0.011681886809753309,0.9608200498914968,0.9231751682734985,0.8653559121446123,5.6748288147889525,5.50624155918653,-4.148012642081711,0.17428207306948293,0.23453691668060897,0.5059858866569105,-1.6317528923815623,-0.11183425383783856,-0.0006095952794094312,0.12270266284277041,1.8030562129396157,0.0006682958580895718,0.26538059266487496,0.07042685896316028,-0.08143028880090022,8.466479988906851,1.591182965231225,-1.7779566514525715,0.02370607662842545,0.0320445160880839,0.12222161467880778,-0.4258631610649606,-0.01594256931889438,0.0001804797721229399,0.016101946769189524,0.4279767768823186,-0.0011130142395924915,0.22936444632784653,0.052608049239279586,-0.07962467421536149,12.662096594494534,1.8991065152803785,-1.895258056707044,0.007966905227498036,0.010725761195364888,0.09801809252202764,-0.3523280043992727,-0.0053057027988725565,-2.8315483434873986e-05,0.0054200583964923305,0.33711271269599136,-0.0007280171212655563,0.19317520645688335,0.03731666038965951,0.05873709914751128,16.5777628204706,1.832983479094819,-1.912429261085952,0.009382631505698551,0.012666530102216687,0.07737577902902985,-0.2562956806141517,-0.006501446873202193,-7.520761973165419e-05,0.006165083229014494,0.24378265708206798,0.006361669793233638,0.21313590970379903,0.04542691600526597,0.2599249811058832,8.224041902281211,1.537846,-1.254962,0.02304408628223257,0.031087,0.10329265017845028,-0.33677675,-0.008701,0.00648,0.022386,0.341708,0.008997540763577809,0.2758166665237232,0.07607483353225875,-0.05907105458954754,8.525696327749127,1.9124988602170925,-1.6787215491213383,0.030601068514434022,0.04139344827830714,0.13158335526768358,-0.40539788735515064,-0.010733045082163929,0.009417568672537187,0.03066040319614321,0.447024296228056,-0.0003259749962414862,0.12153552122155288,0.014770882918594531,0.061781693692792794,9.944100999775806,1.2378102666076847,-1.1360398044077928,0.00800345318940057,0.010795235907557106,0.05474783997682945,-0.2009888569066646,-0.005437938785189547,-2.3683912914337845e-05,0.00535729712236756,0.19965931383586819,0.01272675126076896,0.38523370423991643,0.1484050068824074,-0.1272115918983798,8.552617052365106,2.557810742060661,-2.3023649733604827,0.042910138794152,0.058043569339195855,0.1839910320229848,-0.5588944462545347,-0.014597279158566474,0.013457300107159259,0.043446290180629385,0.6252412327462111,-0.0004610169837392383,0.06097237345323107,0.003717630324520277,-0.17155789730028445,11.12583520351835,0.4882851620654467,-0.4788129271232789,0.007005211811158292,0.00941143996113629,0.028159517945171172,-0.09417428567431016,-0.004814063134177578,-1.590704693349356e-05,0.00459737682695871,0.0932993445566996,-0.0004607887601201885,0.15313856838604692,0.02345142112732797,0.05506523010873297,8.18678835420847,1.0122878702934726,-1.0413582493862585,0.008992852014307643,0.012120681402581476,0.06956611521911531,-0.2664904516286755,-0.006054083476021453,5.098461315107699e-05,0.006066597926560023,0.25256041745423086,0.0003271452948963474,0.07800656926666824,0.00608502484875551,-0.4705211592662197,22.89566459067091,0.7919210193535172,-1.0756201322318686,0.00669055788242054,0.009033923017741585,0.03189241085186439,-0.09777172789977039,-0.00466191355718038,-5.346680510147534e-05,0.004372009460561204,0.10372758783130909,0.0002357823201486597,0.8691835330514556,0.7554800141278107,-0.0023577464782393973,1.4890728129341264,2.878472,-2.875686,0.6994064770633789,0.9438,0.6259886292658466,-1.612715,-0.4713615,0.0012415,0.4724385,1.6125565,0.00038979329329182934,1.2290627112140298,1.5105951480967814,-0.0024869868795867455,1.4921347230657052,4.02744742684763,-4.028723955918263,0.986818656762784,1.3309803494099646,0.8847248548466043,-2.285522733117515,-0.6643642219893126,0.0008648669396458947,0.666616127420652,2.2785563765476415,3.079990421788576e-05,0.01638436020847877,0.0002684472594411825,0.6910321237398884,15.880016672826315,0.43255896204139843,-0.06325382027265991,0.017051612852227088,0.02297691643792938,0.013242948232312323,-0.02478979588422294,-0.011331155042880294,-0.00015035219561699946,0.011645761395049085,0.024943632139546437,0.000709640644192794,1.737293134162241,3.0181874340072623,-0.0027194946142946276,1.5032079218239076,5.588878775212281,-5.698997028346451,1.3644359585165227,1.8406570425779867,1.2491154887212848,-3.21164181497897,-0.9174071843790622,0.0021539336541193683,0.9232498581989244,3.226742051044918,-1.4606672058612678e-05,0.05113434001124334,0.002614720728385442,0.004477338175729403,0.10262690330135227,0.1668113865748286,-0.3059347075733792,0.04109030995009043,0.055347158516564514,0.03928843003228927,-0.09321553303015287,-0.027420017711224133,-0.00036442090792280536,0.02792714080534038,0.09461106235027388,4.426590089473058e-05,0.006028383724833115,3.6341410333832786e-05,9.016114627440647,412.1225931983454,0.3038028212889189,-0.07380364285064543,0.004131038605418819,0.005548139156031957,0.003923172063571393,-0.009038394944039598,-0.0028362856959998958,8.702105060118918e-05,0.002711853460032061,0.009027499916505132,3.276514811716959e-05,0.02237189592843084,0.0005005017274325403,0.0925274682359844,1.2017722664186339,0.26097203299854477,-0.18247242241111503,0.022930499120197706,0.03093653087931078,0.018154418982072318,-0.03776685470610559,-0.015574196471925409,0.0001666752495977521,0.015362334407385374,0.037858519720601336
-6.018394308943089,7.80618611939911,60.936541730699325,0.9871303239366801,0.1332703565509834,14.5,-21.4,5.485628208470726,6.6000000000000005,9.16331300813008,-15.4,-10.8,-9.2,-4.2,9.3,-8.467425859676855,11.0877967894937,122.9392376451068,1.0107590887201006,0.14175588016153018,20.27559941671706,-29.147967798426983,7.896030342865043,9.368001412840554,12.98814186671632,-21.674295584688714,-15.29420688153095,-13.063680105562883,-5.926205468690396,13.251417892671453,-0.042627473276569273,0.6973220189466972,0.48625799810789794,-5.092742509863284,50.91055776441565,2.663944764472569,-8.116287198570435,0.29813514011985276,0.40014896238349945,0.33512876994890856,-0.6682457032454558,-0.19975919666149994,0.004792162418991608,0.2003897657219995,0.5498021398820648,-11.87583412031811,15.819494013694229,250.2563908493075,1.024598890115188,0.15709697075343332,28.654068558717032,-42.173439916120536,11.202254636786758,13.06306673037448,18.429994422994127,-30.675339463267083,-21.50808510666195,-18.603266124030807,-8.445018376287472,19.02524289682895,0.1652537767189403,1.1943676764450577,1.4265141465367661,6.891207587677489,58.72249184558596,12.706870415787542,-2.010905757639046,0.2902707518576109,0.388559516007149,0.42325708649791616,-0.6153154656653689,-0.16811914583330323,0.029522685061804443,0.22044037017384577,0.6879932403148341,-0.05989463223733113,0.6276350596287743,0.3939257680752151,-1.34580826333493,10.232367171700881,3.2772850814691536,-3.5662021394717716,0.34197366924700234,0.47347855842410214,0.37044954214751097,-1.1156862596785384,-0.23371839991522775,-0.012733514484898656,0.23976015850887442,0.588331985932226,0.07650765643790086,0.7487572848214066,0.5606374715731249,4.578529763675736,33.592375766427864,6.749287103880408,-2.2121244177292385,0.2979749424337051,0.4039766725121168,0.355851502605199,-0.5517100793267274,-0.19641036269621992,0.007391220235012753,0.20756630981589683,0.6964015677562396,-148.9329268292683,13.473259920935433,181.5287328970851,-0.31643963149015314,-0.4594935104127602,-109.7,-192.2,14.82602218505602,20.325000000000017,148.9329268292683,-171.88500000000002,-158.925,-147.2,-138.6,-129.715,-210.5399815217697,18.310852403542526,335.2873157443191,-0.20494178556438475,-0.7827698035205839,-157.92400974211006,-256.78345210479443,21.479081719191687,29.87225626591112,210.5399815217697,-240.38043911717546,-225.78480287017322,-208.55692750446602,-195.9125466042621,-184.8263108708739,-0.09451869720390893,5.186974281365552,26.90470219554769,0.19520482787373855,0.6442273488933705,18.058631859471397,-15.72076899920017,4.67926496885402,6.5610982472011505,4.038432140187218,-8.104295081737922,-3.4757828056051103,-0.4439898627151493,3.08531544159604,8.688740052939083,-297.4605654884056,24.90904717187717,620.4606310108021,-0.2696777961234215,-0.765261695193487,-222.29350643798134,-355.21787489510695,31.22921557136613,44.476804418502184,297.4605654884056,-339.4916991495324,-318.97282259387464,-293.54713537888387,-274.49601817537246,-264.3832852284497,-0.2229125246913876,6.897464683920849,47.57501906593534,0.24220858720301722,-0.30249485422331146,18.6294316619188,-16.48286341776037,7.023894746075576,9.447425794457438,5.565465495634315,-11.01031997376108,-4.999848422896692,-0.7297431798889544,4.4475773715607465,11.715985710488845,-0.13389684769127191,4.474480821942946,20.020978625935225,-0.27671712172167345,4.199048795937559,17.772930950313526,-19.323647921186662,3.1752500401240282,4.1424463641612235,3.0210441344913073,-6.148621448637529,-2.2457307043044996,0.1008792021279179,1.8967156598567239,5.116600885723251,-0.9496149851147895,5.673363832470118,32.18705717558002,0.010717187258684825,-0.20217196824529315,16.61736185661579,-15.698889280085284,5.942277225993934,7.955522219089151,4.6367284608777695,-9.614355802993902,-5.102405623062596,-1.0352333311703634,2.8531165960265543,8.264282959465152,-1.2580284552845529,7.4547903363233425,55.57389895853989,-1.1446330601121055,1.519021169736832,15.7,-33.8,6.671709983275209,9.825000000000001,5.642987804878049,-14.9,-5.425000000000001,0.5,4.4,7.58499999999999,-1.8042788329261645,9.982197006291992,99.6442570724248,-0.9112624786876237,0.43462562744554223,13.740146213993052,-37.90565107258198,9.771856225477839,14.360351278520621,7.783261923290927,-19.622435862545192,-8.442008356431167,0.5767459822090728,5.9183429220894554,10.546273422327227,0.027667881554275638,3.328826857725219,11.081088248712756,-0.3344429541488912,6.69038636557327,16.48892435486105,-18.373922250101234,1.6699345898738522,2.249675334321057,2.071691916511425,-4.8638848815737115,-1.1328412439279383,0.021412388429497844,1.1168340903931187,5.3910203021066465,-2.6215322926782965,12.752497828148748,162.62620085693854,-0.4028174027428403,-1.0986017760374058,15.948023964578008,-31.3077182599634,14.863485388457102,23.941547193659208,10.661364005974516,-23.746463485065803,-15.175602804564022,0.5021323227294904,8.765944389095186,13.915372097889463,-0.1300192823810401,5.90978595694544,34.92557005690953,-1.3819766903506405,10.292213489571987,22.609109289771943,-31.762167281417668,3.0451477501816924,4.158044849072578,3.3506468460645005,-7.148139514444052,-1.9009163383002823,-0.13195602304788334,2.257128510772296,6.024791578931053,0.03832419968031642,2.599783253725399,6.758872966351021,-0.3858753591579397,4.573758276949751,10.037134003990717,-10.775095287399171,1.5136034233591713,2.0210485218221885,1.6680071307020692,-3.868585965896366,-0.9378284610393324,0.07778675747138153,1.0832200607828562,3.9602621567688407,-0.41001632534616916,3.8648379645828856,14.936972492481184,-0.34217883719141245,4.524714526051589,16.378272985096306,-15.354058054937036,2.0971809606010474,2.7738572489819004,2.4756305087225963,-6.6442330485853685,-1.648570873769967,-0.17122852828905138,1.1252863752119335,4.618058394781427,-0.5903455284552844,4.301911359387211,18.506441344024722,-0.03406789170300551,-1.4490749771939573,7.3,-7.0,5.7821486521718475,8.8,3.8647357723577236,-6.6,-5.2,0.0,3.6,5.684999999999991,-0.8337607835363471,6.104059687051815,37.2595446630911,-0.022631434024538544,-1.4489629736490486,10.265589863749735,-9.840839803639268,8.348681129439921,12.418577864829665,5.487401172006917,-9.351615430504488,-7.363057714441794,-0.0876948538125708,5.05552015038787,8.07489595036953,-0.004426935834081167,0.17483955298446835,0.030568869287808716,-16.8276447397432,336.2944027132525,0.40229186863195315,-3.5425438155003026,0.0575065442262279,0.07806643255397416,0.05680134851996991,-0.09052220959454173,-0.036525230664731095,0.002963552770334832,0.04154120188924307,0.10590783028279575,-1.1974060412009873,8.692480207196587,75.55921215250441,-0.00553401188784321,-1.441727401766281,14.411816154192826,-13.786196916845785,12.106155111286022,17.646165748853896,7.813559103761319,-13.171508530059812,-10.477443562537452,-0.26046445986758493,7.168722186316444,11.64802841584837,0.017685094204458907,0.36220167261186775,0.13119005164283462,13.285772015928295,196.83688125397796,5.435641071058986,-1.0169051073240332,0.07439835497150123,0.10120983115134151,0.08997466688455774,-0.12256190605059619,-0.05667880525942273,-0.0035066446969484466,0.04453102589191878,0.11615954597310878,-0.006092183370360726,0.15041556542499487,0.022624842322120916,-8.084678170936286,79.51271825496694,0.2801405861399182,-1.5985416390000258,0.06075322101387721,0.07789360908809649,0.06117709749126713,-0.10578251707252248,-0.03180410917694895,0.0022882205361553845,0.04608949991114754,0.10581365309142271,0.01671049592782017,0.19362677041839968,0.03749132622265966,12.569280539315812,182.1708171680474,2.858981389460909,-0.4270972037380508,0.057744854123296434,0.0755465275614784,0.06249621549405227,-0.08912818711366438,-0.03144215693705586,0.005893545034951122,0.04410437062442253,0.11062582731820418,-0.24989837398373982,3.4159804967095164,11.668922753899794,-2.151100001613115,3.9110983081756663,3.3,-14.6,1.0378215529539212,1.6,2.2438008130081304,-8.7,0.0,1.0,1.6,2.3,-0.34413691776849376,3.683843999167266,13.570706610200675,-1.2502038361076626,0.34590787103219034,3.965658876022725,-11.649681546300668,1.4573390199876375,4.641259034585104,2.9193331017219974,-8.08963797719572,-2.493959849078834,1.4072243002543925,2.1472991855062706,3.0074645982147112,0.024645030855192263,3.1050984228465133,9.641636215563903,0.3371354694663444,3.3493266301617837,12.287617395980964,-9.889671875128649,0.5405552314479412,0.7091036253477878,1.672980856984577,-5.722764314667896,-0.4179714112604739,0.000970857592055896,0.29113221408731393,6.625487663835343,-0.45390155006752997,4.795278683498096,22.994697652411237,-1.0225086204680074,-0.4909779342415921,5.4422242501524245,-12.629450203099863,1.5011756378096202,7.438695951773211,3.9904269809035657,-9.996881511677831,-4.569706567969556,2.25872894442564,2.8689893838036555,3.8430999756283204,0.1034930995214269,1.9610691771487856,3.8457923175630153,0.14342730202214557,3.3304920295983624,8.58796513810711,-7.162638344062338,0.9093174211449238,1.2332874307271966,1.2357759541461193,-3.2414171693890603,-0.6263332743329624,0.0007254095143809924,0.6069541563942342,3.9856418914391902,0.03423102503446745,3.0325260989284715,9.196214540682334,-0.751392051060402,6.265325825444135,11.33318632111083,-12.634269910066081,0.2877898920810746,0.3846027525686917,1.4427605224760025,-5.024218004939892,-0.16845416354011838,0.015869424046365013,0.21614858902857328,5.310507126519201,-0.17450256646869908,3.1285428117315677,9.787780124837264,-0.706939671424241,3.79853884386989,9.702082010913168,-11.892047156156947,0.68699678949538,0.9141498852945776,1.6985045129781957,-6.377260484285939,-0.5153173601571082,-0.010015280295207669,0.3988325251374695,5.447948767999783,3.2488821138211383,3.1683038296278587,10.038149156834557,-1.5835176008593792,1.9204392125217025,6.5,-8.6,1.334341996655041,3.6999999999999997,4.136686991869918,-4.484999999999999,1.6,4.7,5.3,6.0,4.5914050751927205,4.448533734276824,19.7894523849989,-1.5304438318055955,1.7068539241922185,10.365664170455624,-11.633617703140047,1.8330152741460517,5.226773174606761,5.829245114688502,-6.031552293541044,2.310078570078698,6.624748903954183,7.536851744685459,8.472505922641831,-0.03352020552312277,0.41777387106211905,0.17453500734222807,-8.762343865808507,89.60581322361845,0.6972767894486321,-5.150428666140325,0.09881941230081086,0.13274361523732292,0.1383219809087571,-0.26757503236225805,-0.06364539611239478,0.0025888003432464335,0.06909821912492814,0.2337093404809907,6.488511768437201,6.187302664684778,38.282714264415354,-1.5946459477752193,2.0626181536013686,13.745499185980444,-17.45741609429499,2.6877401131873375,7.150481929337929,8.163906176239779,-8.001623334633381,3.4184223446816295,9.364493263482489,10.568904274019559,11.916494921636358,0.09106508885156794,0.88642816645501,0.7857548942847908,6.154207038736979,43.34944223563986,7.704355848875602,-1.5101959502426117,0.21462603568393668,0.2797563900092509,0.31031278146713465,-0.4698036035144111,-0.13306723960035202,-0.003442948773839216,0.1466891504088989,0.5007917366986568,-0.04644780648822788,0.33182829233085137,0.11011001559120896,-4.19372406040285,19.325831862884797,0.37215473287619977,-2.0872956240910003,0.1051461521968427,0.14129413217716447,0.14822454476401864,-0.2674083866633781,-0.06528144532290041,0.010653427349654243,0.07601268685426404,0.21213123955182067,0.06031564416137977,0.4801914412847537,0.23058382028312907,6.326344920871011,45.37315944859633,4.306440176705875,-0.5337288616198216,0.12819746693198247,0.17198808304655136,0.17693860091065844,-0.28294704617805955,-0.08470463068482098,0.009375562395755266,0.08728345236173038,0.29185932265326,-0.0005710404260362043,0.2792496279156792,0.07798035469104528,-0.6392283477337821,6.34827632346472,1.301383,-1.797292,0.06238493615027872,0.084094,0.14725954882528963,-0.5099565,-0.040629,0.003349,0.043465,0.465114,-0.0008058248732135131,0.37986231937729237,0.14429538168269607,-0.5299903039870769,6.014621610410112,1.7879186405827097,-2.426037561099026,0.08842526064599694,0.11906401515345956,0.2026899687025913,-0.7051765561687652,-0.05772646766035932,0.004192247593196064,0.06133754749310024,0.6390765456224466,0.00045522562224640156,0.10794208347870139,0.011651493385722939,0.11674126814611989,11.084079185510648,0.8689372390331941,-0.8314273403786411,0.007669207388263378,0.01033676268371389,0.047088091061391946,-0.1625346432215998,-0.005160915384069496,-1.7756082694514387e-05,0.005175847299644393,0.16312600681361908,-0.0011344910932636646,0.5312317821244261,0.2822072063390938,-0.5069821009208038,5.944127560177627,2.487270934101588,-3.0220104344123735,0.12387882653844692,0.1674749438791558,0.28397053007071826,-0.9800737914197312,-0.08140405491704317,0.0060446430149051125,0.08607088896211261,0.8944805646297093,0.0006482979259401381,0.07957849604703982,0.006332737033108731,-0.07854891213597472,10.751176162921002,0.5870668581206591,-0.6374520514331506,0.007507419954080313,0.010131752992583221,0.03617960106089744,-0.12350823095430852,-0.005065322455881551,-6.973308573657213e-05,0.005066430536701671,0.12689378446195973,0.0006439686154614903,0.07626134082269569,0.005815792104075352,0.08756074016839195,9.536682493736704,0.5436262129486857,-0.5407155493881163,0.007897225536326217,0.010660197785387845,0.035280889597408265,-0.12082135970605651,-0.00525039409289713,3.1552427754530485e-05,0.005409803692490714,0.12186606348296289,-0.000940930745268454,0.1322201836289544,0.017482176958874426,-0.04901154841114719,10.26401782492477,0.8832317943806478,-1.0133612446641869,0.007614311693545087,0.010258210491792787,0.05740492888751461,-0.20562237353360757,-0.005289294805328618,-6.746377496236521e-05,0.004968915686464169,0.2023444334943673,0.00560914480194353,0.5117962188281008,0.2619353696067412,0.7937815917468458,5.851026679402306,3.625669,-2.473845,0.08596424183339181,0.115425,0.26540251816134863,-0.889677,-0.055106,0.000173,0.060319,0.95192675,0.007936879435960154,0.695754109910914,0.4840737814579283,0.7045349044556657,5.122799890716534,4.123379976077432,-3.1331382396809135,0.12144807821190648,0.16284658024333593,0.36672156104120485,-1.2264177793182593,-0.07780372009710805,-0.00047520886508585947,0.08504286014622789,1.322134861638089,-0.00019955707024983663,0.19937630248852584,0.03975090999399616,-0.10304122125949348,12.067299713156084,1.7089586126862946,-1.8605099011879376,0.00884634179589287,0.011920348151607973,0.08590693709565239,-0.3151736485957459,-0.005829380755313723,0.00010980060793684687,0.006090967396294249,0.299627631652433,0.011236911126958826,0.9428758977128296,0.8890149584877745,0.6508230926440063,4.529168376349712,4.877439310210768,-4.305338374103831,0.1708428682581358,0.22943187657458086,0.5059488924705086,-1.6458570380440913,-0.10933554171012076,-0.0013015527799123002,0.1200963348644601,1.8666657181416795,0.0018540926080116264,0.2809970583539099,0.07895934680355066,-0.09493986270886756,9.700124800442323,2.078424986094446,-2.1123222597212625,0.02355360216338994,0.031676215396762436,0.12841590135030675,-0.4424074657236321,-0.015874132147567773,0.00012871786250676174,0.015802083249194663,0.46741105280402173,-0.00028218471865426646,0.2244556792517483,0.05038035194836372,-0.2862714966101547,11.177165138019316,1.7667321989540807,-1.9257832907834842,0.007901911477189091,0.010652609097702558,0.09799446319083095,-0.351649836271576,-0.005229038502049085,6.148887203703794e-05,0.0054235705956534735,0.35333116862535874,-0.0001309792118904014,0.1706087025380407,0.02910732938171365,-0.07872413438364806,12.643591928770492,1.5576691896811543,-1.3768716477252885,0.009488715245178758,0.012796979665578006,0.07234389509867976,-0.2523338368273438,-0.006351496351788349,-8.991685691730512e-05,0.006445483313789656,0.24851264318785043,0.005700015065327526,0.16927501069020415,0.028654029244168724,0.09425650312151936,7.863632297403726,1.339531,-1.210388,0.021880243540705675,0.029574999999999997,0.08493123987497408,-0.273121,-0.008519,0.006178,0.021056,0.288259,0.008062198320975239,0.20459380592708493,0.04185862542372969,-0.0932196467648868,8.993890276833792,1.4855980362470342,-1.4150078282188219,0.02940647714155245,0.03966979034766846,0.10278839593443752,-0.32130957021403667,-0.01086960222550598,0.00872920026990959,0.02880018812216248,0.3520398431727739,0.00010908867324197726,0.1242753223566594,0.015444355746851608,-0.1566466840762718,8.815626495992197,0.8496314712645133,-0.9285499410472002,0.00795789023457964,0.010749950863576047,0.055836173281521455,-0.20592123372862897,-0.005231160632302539,6.768779279698272e-05,0.005518790231273508,0.20206823517317038,0.011404847203810908,0.2826677785218262,0.07990107301446417,-0.14417889291395342,9.092428601830106,1.9517092056248289,-1.9589962456461076,0.041092488970399424,0.05533970369337464,0.1421764378326289,-0.4368183727105634,-0.014894491354664165,0.012420009396308464,0.04044521233871048,0.48283270746199414,-0.00013928518243741395,0.06165520393977507,0.003801364172855255,-0.12833315140193963,11.186431588656355,0.5407327820819205,-0.507625760289251,0.006783683610090835,0.009135688465802615,0.02849278163932628,-0.09754937993058754,-0.0045758810870458475,-3.929719963033059e-05,0.004559807378756768,0.09773686104058053,0.00015399601902106388,0.1635923344593626,0.026762451893863958,-0.10475519044381729,8.136593753289223,1.1601505795318752,-1.0248095690604508,0.00885447484215128,0.011923335588084455,0.07368076576573851,-0.27267595531547706,-0.005752381199970631,-4.891497478768911e-07,0.006170954388113823,0.2703734763535775,0.0005763564791035272,0.06419067025489501,0.004120442147772664,0.27860160480078405,10.54768756909297,0.5382830231710498,-0.40160474326191486,0.006688603231644243,0.009015061986962173,0.028688514313055042,-0.09514525250924505,-0.004441829589474195,7.633506512972684e-06,0.004573232397487978,0.09823898461060221,0.0001565147246170712,0.9181751965025023,0.8430456914724087,-0.0012605292521589216,1.7668205533430106,3.077514,-3.069713,0.7019943592357805,0.9469155,0.6464747968032472,-1.7464810000000002,-0.47298125,0.00081,0.47393425,1.74419625,0.00024056230930386818,1.2983381530074842,1.6856819595548855,-0.0013137639542714205,1.7704274674010794,4.328740526263946,-4.322825067109661,0.989217972930977,1.334794060119243,0.9137081319020517,-2.4732489645569777,-0.6671626554447804,-0.0004109354986866756,0.6676314046744626,2.4672237252780116,5.1101687390351e-06,0.016810911160418752,0.00028260673404349176,-0.13074241630806188,10.213536137968502,0.2992439211987815,-0.33659330357673295,0.016553233620969596,0.02230816894523157,0.013225905571961362,-0.025605654893738422,-0.011154927677812957,-0.000133367205920552,0.011153241267418613,0.02573219722326213,0.0003921260311778265,1.8353142366085833,3.368378347098147,-0.0014105695730747849,1.7830112955860846,6.0908273833108,-6.013828931567956,1.3564156480227054,1.8295112790129284,1.2899101046698855,-3.4785377693251136,-0.9137468136988816,0.0002659650643968836,0.9157644653140469,3.4781522770007958,-5.7995709024051625e-05,0.04977382728665239,0.0024774338827615017,0.01247809181503894,0.5010139598959076,0.31851730204661655,-0.3886690268857756,0.04407194931276092,0.059609204955279625,0.03809762071660096,-0.09046027331415966,-0.030236782538548196,-1.934310664709199e-05,0.02937242241673143,0.09216960761456328,7.175557115006516e-06,0.006279757137909174,3.9435349711121224e-05,1.667199398613374,161.45818872655175,0.2174626497708365,-0.17445550809068924,0.005023163391352159,0.006770594537110035,0.004280615991282778,-0.009159437072944714,-0.0034036161035017947,2.201491344576336e-05,0.00336697843360824,0.0090851733434115,6.630508768383729e-05,0.02292865027915329,0.0005257230036237162,0.12965067280943343,2.224223070297654,0.3110134412909581,-0.18451125330328322,0.022610996156388133,0.030523064723190045,0.018224759784903614,-0.03937554668795113,-0.015345160633212151,0.00016125037329317495,0.015177904089977896,0.03947368877607219
-5.8369277721261446,7.631727525753035,58.24326502733654,0.830314184628724,0.15539034981440292,14.7,-23.0,5.485628208470726,6.500000000000001,8.835300101729398,-15.780000000000001,-10.3,-8.6,-3.8,8.9,-8.204400713267333,10.824157134448491,117.16237767123216,0.859733205545012,0.1914290296093828,20.46417175115979,-33.46414558160906,8.019698073754476,9.039900954011983,12.514881860570735,-21.95058472781066,-14.509634785135091,-12.369132216493481,-5.469733831123109,12.441611716725745,0.02280572602319254,0.8005410898700274,0.6408660365702913,0.11717571803065882,38.963002320392285,6.56238692835093,-8.101512541146391,0.28495769689195377,0.38201837161349445,0.3660643304813947,-0.6663624348551024,-0.20263298565410487,-0.009229029187058313,0.17938538595938958,0.7163921534907596,-11.463644203717305,15.427623938052346,238.01158037396578,0.8901335154504801,0.19743211531413518,28.89150302356696,-46.54360615237397,11.065178823704818,12.826911939821693,17.72660818516457,-31.048249585648374,-20.59515438230342,-17.542428477423268,-7.768242442481727,17.766719773611044,0.11925533754807134,1.1926952073015442,1.4225218575200733,5.702629883059705,50.17937145299318,12.03988020582635,-4.333847790417077,0.27233160271807993,0.37392453619673555,0.4226838462160407,-0.5910945532323585,-0.1463729149252953,0.03528886955870775,0.22755162127144024,0.6106425002861929,0.033113518272722166,0.7439093967736139,0.5534011906080821,-0.32336092325169874,10.279285953134108,3.6113992922647133,-3.99976356713843,0.2963627067469764,0.4121498280758007,0.408552162721167,-0.6472670828920557,-0.20512005593393196,-0.0057625432174261745,0.20702977214186874,1.1034128834831733,-0.05950582818192598,0.8423532077428453,0.7095589265946611,-0.9989717957420545,31.52972322818156,6.543499513257359,-6.000688194835711,0.2548881361083113,0.32076176975314546,0.3446103195456417,-0.5904722912677678,-0.18245502523413154,-0.0007707122951775261,0.13830674451901392,0.5242382153982903,-150.19196337741607,14.182126161206291,201.1327024523719,-0.2702774835913444,-0.6839128489141371,-110.9,-189.5,15.419063072458268,21.44999999999999,150.19196337741607,-174.3,-160.7,-148.6,-139.25,-129.7,-212.30033220142664,19.239520435414207,370.1591465847208,-0.13016718376694936,-1.0351245074749702,-159.69745384985765,-253.9966796464325,23.26575664594434,35.05040839911939,212.30033220142664,-242.3803708693192,-231.48963476353768,-210.2477461947102,-196.4392263644183,-184.10024635329114,0.15458345189735717,5.611156937078262,31.485082172521505,-0.07394784561371424,1.3474309629780965,19.749036281340995,-20.43587966347821,5.114945755182023,6.965063851447873,4.272829500997176,-8.4014767730946,-3.2076479040535144,0.10867867987985669,3.757415947394359,9.31440483636149,-299.95412727238323,26.339672864154032,693.7783665906522,-0.2341629361830822,-1.114535036600598,-230.32681979641146,-348.9656871278518,34.93197933829197,53.33935387194646,299.95412727238323,-342.02649844687505,-327.4550720149612,-295.97778762220423,-274.11571814301476,-266.55384427144736,-0.4514265094557086,6.677889143065634,44.59420340707388,0.010473828239520212,-0.5820355186769897,15.650354810742433,-16.243294122096415,6.858129272479391,9.074050953416375,5.498706244508786,-11.542669051762454,-5.061390632740448,-0.49370390614025794,4.012660320675928,10.634452382328723,0.21527652369858896,5.433921687486406,29.52750490573511,-0.18895461303617492,2.9225452159370473,17.409231029833993,-20.214766464734325,3.2281699202576903,4.476816770406633,3.5935017507665172,-8.290154148672352,-2.07582676501033,0.07320520819934316,2.400990005396303,10.43320775086194,0.17724738671307289,5.705023989640207,32.547298722370265,0.3256557231701623,1.3788114024287141,24.162503766740112,-16.201006021964048,5.722169719248322,7.901159529420546,4.436192216098601,-7.700103481456811,-3.787246636989977,-0.04035018579898937,4.1139128924305695,8.472909638301402,-1.6885045778229908,7.376940240094819,54.419247305930206,-0.8234567953092903,0.2343056430596797,11.9,-32.4,7.709531536229131,10.85,5.828891149542217,-15.9,-6.75,0.0,4.1,7.6,-2.4069702689312296,9.947019031457145,98.94318761217063,-0.5868967703640904,-0.5185449104996005,13.992958896957006,-40.11635058406915,11.062015535747841,16.152534126973237,8.140057328310066,-19.892810847258247,-10.607461295044487,0.1781698653982859,5.545072831928748,10.22830683481454,0.07894301103467903,3.054545231980635,9.330246574215632,0.3716688682629671,2.812052641689415,11.1987697615591,-12.076621812509021,1.7445098963480603,2.2589496314266975,2.0146088468900385,-5.103190658131568,-1.1602017018886852,-0.11909824462781499,1.0987479295380123,6.07827006338718,-3.458438820309171,13.377567744975408,178.95931877140646,-0.3719259882756856,-1.1415930610046838,17.656094178414328,-32.274602690491875,16.4254135898251,24.103365506092224,11.230170792333162,-26.21696349565758,-15.971386319408262,0.41146423997524545,8.13197918668396,14.027355809347323,-0.05203942033356483,4.12737134283231,17.035194201633388,1.5403532279773158,18.06066337306348,32.87332805286423,-19.35834915479947,2.6678986476954707,3.5302373890430916,2.5716070711393044,-4.485045240901876,-1.8879255858638644,-0.2497277992191711,1.642311803179227,5.514552370266289,0.10896148788979261,3.239606573972396,10.495050754125167,0.6987267712192768,3.5984200865962217,11.462738194107901,-10.64531060227873,1.4369397544177107,1.9174598780862686,1.966807618035431,-5.011302557580311,-1.052309310073994,-0.09091341296373848,0.8651505680122745,7.779668706236833,-0.070344699134015,2.8118327208099325,7.906403249817389,-0.1935854955467853,2.228085918522674,8.983185433745485,-10.889163608022836,1.9926778393832971,2.7070755153106254,2.0029073949776017,-4.469332256562634,-1.508172331648891,0.026595775440231152,1.1989031836617343,4.471023456359713,-0.6646998982706002,4.328878762362954,18.73919133923702,-0.04334256041082284,-1.4244279721556206,7.2,-7.1,5.782148652171848,8.5,3.8777212614445578,-6.8,-5.2,-0.2,3.3,5.789999999999997,-0.9480364742108445,6.146160753914326,37.77529201295671,-0.0302005245518484,-1.425827241725972,10.195270121414133,-9.946779242008802,8.322528575202334,12.20081476746902,5.510941177508821,-9.606551606934643,-7.5262655767664155,-0.3265581763169619,4.674549190702603,8.188862396632832,-0.0030111972351341927,0.17299521540230367,0.029927344552089445,-16.331847311081034,327.83087657459026,0.5624255323290404,-3.4819650172696543,0.061586310716340006,0.08951370319075763,0.05979643434763653,-0.09856822293912267,-0.045627118433937935,0.003481067356548108,0.043886584756819697,0.10880351132489371,-1.3628966322458156,8.758078074512797,76.70393155926178,-0.013377363277020072,-1.4193981633215624,14.408813443562002,-14.062667248143782,11.765659399298288,17.394622849596033,7.849517467263711,-13.6034940653994,-10.725680594589168,-0.5580741667203192,6.668942255006863,11.823521112165222,0.02230558502516777,0.3545835759488683,0.12572951233268684,13.474631348228765,201.26159108157506,5.35597342380148,-0.9797009647494668,0.07290880236616769,0.09808393407023541,0.08855630527292785,-0.13477711054533256,-0.04581258821426498,0.0026612475500998878,0.05227134585597043,0.13676877496839035,-0.004116296107588188,0.14241202753001483,0.020281185585209704,-7.541313316662329,72.33872356167576,0.27524690640344085,-1.4277541922839336,0.06046858617338661,0.07907632598834458,0.062095973849011415,-0.10334453696305024,-0.032398198453469536,0.0037949120122974696,0.04667812753487505,0.12201679372886819,0.00466334138625268,0.19681269379646857,0.0387352364394225,12.084679514071327,174.74597569186906,2.863693726259194,-0.538737192156791,0.06313600435809671,0.08528435534533732,0.06503641576874429,-0.10619580167195633,-0.046851936555574944,-0.002390564334638139,0.03843241878976238,0.10915332251065048,-0.41393692777212604,3.6639758858451086,13.424719292054448,-1.9837916131034632,3.0782491311478157,3.7,-15.1,1.0378215529539214,2.2,2.4432349949135297,-9.8,-0.6,1.1,1.6,2.3,-0.569746763106572,3.994444462932385,15.95558656745119,-1.0900973663687343,-0.17234472094520203,4.210741385285861,-11.718200499352287,1.6325403808698402,5.629736021538374,3.2189430752810355,-8.825562024727981,-3.387117159008377,1.4763563853971238,2.242618862529997,3.020263304691832,-0.05430585332644867,3.27698048856273,10.738601122420828,0.15137621393985923,2.1673568827866267,10.180643154558382,-11.642627140501936,0.5720421578672694,0.74538496976957,1.8458683537533143,-6.852268844708715,-0.45131410271082867,-0.01729046686714801,0.2940708670587413,6.9042306679516345,-0.7624693510983092,5.36838952441047,28.81960608580007,-0.9911629865420158,-0.4719726522786889,5.454890101436158,-15.181387839703593,1.5538501920405643,8.418807661082813,4.468917005398965,-11.272888963948123,-5.40904400573862,2.391100615840154,3.0097636553441918,4.057217581256267,0.10680945928089954,1.6673000727436431,2.779889532570958,0.2694948229370485,3.618479309855678,7.145598963195909,-5.761446471215699,0.7816640957296639,1.0594592750345695,1.0312059062777035,-2.4330812034517653,-0.49898061276334177,0.013633707695819411,0.5604786622712278,3.182718215911537,-0.07660697342289112,3.6865612668201475,13.59073397401857,0.20181251584046617,4.65161056033921,14.12665890678511,-12.361110900280446,0.30535708307288145,0.3802699136810517,1.8144330655354906,-7.632720566388041,-0.22307095549256464,-0.007518833623261717,0.15719895818848703,4.88661812275161,-0.004194085004970566,2.754464531121458,7.587074853206153,-0.5390879993582806,4.545239877457667,10.753264016177162,-11.794250436524361,0.6178793001286086,0.8487514225843225,1.5001032799157026,-4.650328405690638,-0.43338314756580254,0.008258037155765813,0.4153682750185199,5.2953495044890655,3.3052899287894206,3.0994523344488036,9.606604773520138,-1.566305525346795,1.804400338764764,6.6,-7.8,1.3343419966550423,3.6000000000000005,4.142319430315361,-4.3,1.8,4.7,5.4,6.0,4.680460687433179,4.338669362056793,18.824051833250294,-1.5776692975283781,1.9262968814599422,9.714572493369943,-12.089550501277895,1.9613043259808016,4.926162199712535,5.828686743115501,-5.83498307387396,2.628138831696716,6.6496599157410055,7.554301031409251,8.440501048776731,0.023375751203591134,0.5324993034161944,0.28355550813873237,8.849903743795405,91.79757351994557,6.105018307524144,-1.8074995075908897,0.11140948120477433,0.14886251586596894,0.16201880641631392,-0.2902601708339237,-0.07885229199823843,-0.002265769271197593,0.0700102238677305,0.23407426772188622,6.636053244226664,6.0272035994622986,36.327183229371286,-1.5309065259045498,1.860415707932038,14.281356283738347,-16.261767837319677,2.7357234414987044,7.236559401817887,8.130481618883735,-7.600405218194714,3.363323375495824,9.405549261900504,10.599882777313711,11.826661703332476,0.04895288405506374,0.9557798795393095,0.913515178132177,3.951693373329685,29.65518202277306,7.08653764623798,-3.5914718080522485,0.2016817587634169,0.27827628535781085,0.35684872570854465,-0.6059234091663539,-0.14381663046292809,-0.00020497551905411526,0.13445965489488276,0.506290048946582,0.03217620032045332,0.3498657875752055,0.1224060693156188,4.956612390326035,30.33201801449382,2.5895403149244656,-0.8065973529937163,0.11596872161396939,0.15674244491012396,0.15204656451959975,-0.2474119263119533,-0.0873276107486465,-0.013241604946927579,0.06941483416147746,0.24008795295817065,-0.07687590742455837,0.6565406685584201,0.43104564947113727,-6.803215693956914,49.884896462630934,1.5627124246047066,-5.569187539953425,0.13092945174995263,0.18459133267885589,0.20458352487488082,-0.2632745467732322,-0.10391370918785425,-0.003753691984497252,0.08067762349100163,0.2971732043522697,-0.004296710909196302,0.27344191247878014,0.07477047950005285,-0.7160576936710749,5.703726204709911,1.352969,-1.783801,0.05943233383212481,0.080054,0.14637416243515056,-0.5237292499999999,-0.042056,-0.000276,0.037998,0.46911,-0.006070996198247213,0.3723568071591677,0.1386495918377696,-0.6266148125360211,5.2988455955655205,1.9027817102256668,-2.4338560220015775,0.08403163353212967,0.11298266510092479,0.20169801025417203,-0.7338285404493134,-0.0595436878778115,-0.0006211644545041624,0.05343897722311329,0.6521652789914523,-0.00012706264027177903,0.10430107471315418,0.010878714186318972,-0.03108307931134541,11.362899496949108,0.8017330171595133,-0.8512127207961857,0.007883766114884054,0.010637856723256092,0.045855737331796945,-0.15945014829053478,-0.00535759407805793,3.5631523264464254e-07,0.005280262645198161,0.15516695478533565,-0.008569977723763167,0.520030881587797,0.27043211780498133,-0.596539387273141,5.166021238788652,2.6289371905729833,-3.174983528393195,0.11803260644816987,0.15921945393340575,0.28285691476858227,-1.029170833085863,-0.08416052005022802,-0.000993291193840804,0.07505893388317773,0.9163099910936519,0.00010646581876646663,0.08258525185191008,0.006820323823443417,-0.12440087842228069,10.584215702044729,0.6521774607913503,-0.6608541061509291,0.007289721254470268,0.009859326836622332,0.037686886852800736,-0.12780973754863822,-0.004991312184173316,-0.00013158184697897407,0.004868014652449016,0.1301078590756628,-0.00018060701752688337,0.07484705122716216,0.005602081077401436,0.030181940005774014,8.282661536260676,0.5387703478782694,-0.4982987527888828,0.007999060440039093,0.010770249646266779,0.035135695912382865,-0.12438669243770907,-0.005397057968055773,2.6795439446448553e-05,0.005373191678211006,0.12212748328271254,0.0006776583273946724,0.12708705368422113,0.016151119214136103,0.19743966970926288,10.845581518018491,0.9227647646906996,-0.8933154045004041,0.007728922702131693,0.01045434629102331,0.05596050430971082,-0.1934032395581215,-0.005322257586988075,5.351605142869792e-05,0.005132088704035234,0.19292466516714463,0.002381575341274672,0.4957056389699364,0.24572408050659292,0.8703000730231124,5.5942787202878215,3.909873,-2.540119,0.08003976336824342,0.10761299999999999,0.2587529405558937,-0.862594,-0.055045,-0.002981,0.052568,0.94560275,0.0033656533424682453,0.6706217336305154,0.4497335096175979,0.7122149502518157,4.587948632161101,3.964659229854108,-2.9539216873392373,0.11301346718746498,0.15147868915620474,0.3569069709204118,-1.1940680165602822,-0.07759277825666944,-0.005037195457237976,0.0738859108995353,1.2917088780992387,-0.0008360817699703125,0.20413573650728487,0.04167139891937164,-0.22145233253786778,15.284749445876628,1.9193474641946893,-2.0356408076370602,0.008864140572515201,0.011958068196648523,0.08580881667731385,-0.3028522733288544,-0.005891400410000625,6.257594961499909e-05,0.006066667786647898,0.2873462418643583,0.004752800397390022,0.9083342990942466,0.8250711989110361,0.6696083267125892,3.9846905057814297,5.161545127724138,-3.905011812471725,0.15761812717428098,0.2119317419390156,0.49067666793889575,-1.6665771512319385,-0.10825046139519635,-0.007392933656155543,0.10368128054381923,1.8543752999072307,-0.00010704036895444312,0.27247036773855765,0.07424010129558482,-0.13535815907962187,7.2072139953529035,1.5449791376774287,-1.7617746025956302,0.0261130401898655,0.035235599949008795,0.12908176485031442,-0.4622736779472858,-0.017626642915664806,-5.7720465942126065e-05,0.017608957033343992,0.46870948225499887,-0.0011821183620923247,0.22943085787612447,0.05263851854577443,-0.31837008538231215,16.038738500205074,1.9544030312257923,-2.0080671264562158,0.008106477113753518,0.01092591184303816,0.09616251006530481,-0.3341377222553502,-0.005384955092184695,5.977887029245861e-05,0.005540956750853466,0.32614143987163957,0.0004378156361026796,0.17518449234943967,0.03068960635973089,-0.26425782902094114,13.749206964595043,1.3712640746542335,-1.6586569838308542,0.009580312744135917,0.012909475908947508,0.07374455484920017,-0.2515992993634352,-0.006551574252538751,-3.688775664449482e-05,0.006357901656408756,0.25971504157579867,0.003639837376460018,0.15757338526221817,0.024829371742995435,0.054613817442356064,8.152571352059292,1.309169,-1.272017,0.01793355643504376,0.02423775,0.07738067310088977,-0.262053,-0.007975,0.003577,0.01626275,0.271687,0.005147227755252102,0.19242481085741028,0.037027307833510124,-0.08851083472052756,9.6619969783595,1.5530214895224654,-1.5254411680935216,0.023834730514653346,0.03237304977754811,0.09468577004418609,-0.3140513489926855,-0.01023027735266021,0.004924158070404156,0.022142772424887897,0.3321334569817851,-0.0002431985582839927,0.11237020332170891,0.012627062594562201,-0.07783085896271662,9.3220376512703,0.9289609106668759,-0.9384569660222012,0.007836373624086413,0.01056191720550944,0.05107476820518386,-0.18649359111802805,-0.005235542140244934,3.0497278673757237e-06,0.005326375065264505,0.18323845588660032,0.007278343864815304,0.2649595312364249,0.07020355319302603,-0.13627817842887344,10.093506216499259,1.9932534185117299,-2.0333637740708985,0.032707414812648314,0.04446124257890568,0.1296394726875934,-0.42835886671332934,-0.013690190086254045,0.007001851843594969,0.030771052492651635,0.4508865322574689,-3.1433002343716396e-05,0.06195316631772925,0.003838194816792222,0.007990793032042223,8.860379140030064,0.41233614725032053,-0.4394785375509939,0.007313847353126471,0.009851431880070616,0.029384012934714036,-0.09866163192907587,-0.004924201314745528,5.372625577161086e-05,0.004927230565325088,0.10095605810938055,-0.00034345799032602033,0.14633608567546907,0.021414249970818228,-0.059357686271529986,8.83626736617538,1.1049281629599916,-1.1368045911876077,0.008601153495067642,0.011610836625267023,0.06666269300897663,-0.24687175626963448,-0.0058469102547878534,3.2649861197343024e-05,0.00576392637047917,0.24131119927416633,-0.00035514968518271734,0.06193032588737327,0.003835365264516256,-0.04406342449116776,11.022255323947135,0.5820610438320415,-0.42969595364818947,0.006779119196548873,0.00914262536825931,0.02809763110476689,-0.09643822008280797,-0.004546587641976983,1.704431096839907e-05,0.004596037726282327,0.09365805369616818,0.0001568609541199318,1.0301990058191066,1.0613099915906758,-0.0008417974838015931,1.7103589108594752,3.390085,-3.396569,0.7260606997476726,0.9794577499999999,0.7112627930759643,-2.02018175,-0.48867225,0.001292,0.4907855,2.0218949999999998,0.0002698335250700146,1.4567669566650634,2.122169966031191,-0.0009318256848824824,1.7140803843011128,4.785217987462394,-4.702756216359262,1.0172536196374504,1.3720664251468846,1.0053760867279042,-2.8487902132461604,-0.6843259935902591,0.0028637685876613346,0.6877404315566253,2.860760442598247,2.509885085248812e-05,0.017204135705274622,0.0002959822853655051,0.653123921002163,14.473078861347044,0.39172670923415276,-0.07151175257933619,0.017635623045750098,0.023771758656697464,0.013621839613874368,-0.025779671642039544,-0.011701274293982225,-6.343325500568508e-05,0.01207048436271524,0.02572141647523499,0.0005176791364867217,2.059404250769045,4.241145868085611,-0.0011243672343976819,1.72646859367865,6.676053043446168,-6.679428654598925,1.3892520870973437,1.873498471699243,1.419652025511411,-4.0255590920615045,-0.9348976385879636,0.0014186904641816864,0.9386008331112795,4.031429241888968,-6.624739218337218e-05,0.0507857079767157,0.0025791881346962447,-0.10734303474936682,1.520932041901423,0.1581276119030478,-0.6256077450699901,0.04552724589407027,0.06169069418086276,0.0390538089142602,-0.0916179573473435,-0.031268788171240895,0.0009549585805264833,0.030421906009621864,0.09366508783303037,3.5141099864929844e-05,0.00658537298330804,4.3367137329283436e-05,5.235979744673237,190.3398061555704,0.26630950710349105,-0.06143926304298131,0.005536706815591133,0.007469694463351394,0.004628576590276766,-0.009653677701895558,-0.0037688485909102977,6.543912698078028e-05,0.003700845872441097,0.009692728654507612,-2.2734223522470265e-06,0.02342094138391247,0.0005485404953086637,-0.10668999087706868,2.594208783968912,0.2213230873079915,-0.33494539100700954,0.02411530382170199,0.03252631070039059,0.01876140896885759,-0.03904324159368219,-0.01641719002840512,0.00014784588058130519,0.01610912067198547,0.03972129574579103
-6.020854526958291,7.800045809540034,60.84071463092304,0.9994060075964045,0.2227307050112204,14.3,-21.6,5.189107764769607,6.199999999999999,9.200305188199389,-15.89,-10.6,-9.0,-4.4,9.4,-8.479937197371342,11.0769503308685,122.69882863252779,1.0188468773541206,0.22857669700503358,19.821376024430656,-30.14440241069347,7.754784638770308,8.77109003196896,13.041454458288543,-22.645078443119605,-15.01137572734218,-12.91418168481936,-6.240285695373221,13.226056203717448,-0.04974992606169738,0.6431276090522892,0.4136131215253141,-6.388656797050769,75.70057998843316,1.8333445867131117,-8.818237470589684,0.28471332418739204,0.3783278442837438,0.3158371083912739,-0.6382503626716386,-0.19333935135168312,0.0055035213547182105,0.18498849293206066,0.5882793343159202,-11.896214071641559,15.80307597553255,249.7372102884541,1.0294046204119283,0.23011731773525224,28.03702351076091,-43.350963003771426,10.88461216190931,12.571288294049815,18.50278610980525,-30.945172992141927,-21.236121785467425,-18.165830068766734,-8.66483349141761,18.74320655989355,0.13852166474832822,1.1098795627348794,1.2318326437765672,7.383135692477816,66.45030561240499,12.240130066648652,-1.8968665702367686,0.2620488979832719,0.3595068804021031,0.3769452757520866,-0.46189258673274464,-0.16623335414605522,0.009160658433400526,0.19327352625604788,0.5779185625710073,-0.06773617036192756,0.6138628164079092,0.37682755736825035,-1.561694850052445,9.524254448752382,2.476456498580103,-3.6449430359573896,0.3252818719833345,0.43959004146412345,0.3714929646268895,-1.2457834418340528,-0.23191427605867337,-0.014926417558800779,0.20767576540545007,0.6585800000486068,0.08634705186071177,0.6580877575245921,0.43307949660374634,6.535080695092888,60.66304945187506,7.264894497470988,-1.0459146595471187,0.26402841198615523,0.3552708873137691,0.29795743154324844,-0.46669282095075937,-0.15832074532951054,0.04253078821998073,0.19695014198425853,0.551205280101676,-150.4975584944049,14.205795750315474,201.80463289968117,-0.46521691364360257,-0.3857845020093498,-110.9,-188.6,15.270802850607675,20.80000000000001,150.4975584944049,-177.67999999999998,-160.4,-148.8,-139.6,-131.3,-212.7446094257664,19.130011993133138,365.9573588574177,-0.3002868531968262,-0.7991126769068568,-157.01042554698694,-257.29299104062227,22.503106523713896,32.11971279572671,212.7446094257664,-245.17623626362078,-228.67272547952413,-210.01558601539315,-196.55301268379742,-187.39629067178564,-0.12364558932489354,6.036744408445594,36.44228305289915,0.08036991993558541,1.2308276752053322,23.394257883007135,-19.63610188868111,4.936054789275082,6.646728031644975,4.45093681708586,-9.444211405679326,-3.519338478703819,-0.1978668159089576,3.127389552941156,10.366237045505917,-300.61121307791433,26.3284381770643,693.1866568434968,-0.3551542534621635,-0.8094378476950168,-224.28474063594996,-356.7894613960987,31.669197134121976,46.205951458366826,300.61121307791433,-346.1843898642095,-322.7285531640838,-296.18115338592963,-276.52260170571697,-267.1580946082033,-0.1069529617296771,5.923905404174959,35.092655237613286,0.049769329754693184,-0.24533473270892037,14.531823916552504,-15.268850243789258,5.765554579614555,8.010928887159935,4.7235978760673945,-9.208597500868532,-4.024741199647784,-0.7541268027394512,3.9861876875121505,9.68785372735173,-0.16808132737841502,6.470758691219069,41.87071803998712,0.01078428724179771,5.0496260152477745,27.9655480272295,-30.931650710043904,3.291808372038533,4.18434888584253,4.027403991139671,-10.667610434406507,-2.1133960502694356,-0.2243270743668377,2.0709528355730944,10.422731249370791,-0.5561380644384563,5.450738761234543,29.710553043224685,-0.020736898811120886,0.14245905347737597,17.10534680007662,-18.567055954591343,5.84407560888435,7.926768994732006,4.411399592594826,-9.777233449349605,-4.361711952199679,-0.737146001572965,3.565057042532328,8.19091111182966,-1.566937945066124,7.111865594282846,50.5786322311441,-0.6778254833885826,-0.3340277158847651,10.2,-24.6,7.26475087067745,11.0,5.7120040691759915,-14.69,-7.0,0.1,4.0,7.4899999999999975,-2.2327355327663163,9.626065705627607,92.66114096905991,-0.45523956304952107,-0.9944302240511353,13.366302880214192,-28.279294022184004,11.454733448605587,16.70608423782823,7.979115912228969,-19.02106236942446,-11.188539674820802,0.11971010517053748,5.5175445630074265,10.372339095357217,0.13924965653802654,2.8266439762908195,7.989916168701175,0.5169926522255429,3.2830917659925456,12.801107096102108,-11.193273958845268,1.7508356922866009,2.3917431347297224,1.9142333871211636,-4.435626315776623,-1.1842558377485197,0.17080896843958165,1.2074872969812027,5.075281695540828,-3.2027483587603123,13.287335018998021,176.55327190709113,-0.4088599699054385,-1.1556051084939118,16.580349328917755,-30.54126533654041,16.10092649959283,24.624819123192893,11.067464337306085,-25.247835812249935,-16.302211776978815,0.26585045945992736,8.322607346214077,13.78439316138942,-0.05312911204574964,2.656972627120399,7.059503541267073,-0.233161450185797,1.8402941195365692,7.127028571655599,-12.381821866705943,2.2919485552556926,2.9797924992033193,1.9881029567701258,-4.208766813650618,-1.44829245903862,-0.18195274432024777,1.5315000401646992,4.58255554781119,0.19301088286067283,3.3192819288845237,11.017632523419365,0.44289376107739464,4.917308880889859,13.96468398489563,-15.021324985657534,1.6567104013224625,2.0704649214517246,2.0079736226264364,-6.0035418627786505,-0.7696967888944157,0.15481912989076319,1.3007681325573088,5.841354118278667,-0.03292785017055692,2.178203263901904,4.744569458872908,0.1965427275977464,1.3156972792937465,7.2763375752523825,-7.159460979915689,1.9258690200449586,2.4923815608973694,1.6397310028120735,-3.7075897221133824,-1.324258534899604,-0.21028668120259275,1.1681230259977653,3.5419408807031356,-0.6776195320447608,4.359270897359628,19.003242756566618,-0.06762642642889984,-1.468267377588767,7.1,-7.2,5.930408874022408,8.649999999999999,3.92706002034588,-6.8,-5.35,-0.2,3.3,5.5,-0.9669892206049764,6.188525579222656,38.297848844693114,-0.05480529010838449,-1.4697534578961178,10.05384876517682,-10.17914238774397,8.398359708096677,12.29995182426393,5.58090542983719,-9.679847736068485,-7.61673475839453,-0.25443160738598336,4.6832170658694,7.847820658670498,-0.012468651232903407,0.17604051727285253,0.030990263721693487,-16.815551924003703,338.2552968322856,0.3695914365074533,-3.5806625219391948,0.05925164116531501,0.07880101932265447,0.05862578460471759,-0.11975658886425573,-0.044219152309658866,-0.003350755432435071,0.03458186701299561,0.09230335288786488,-1.3916452766778233,8.81632530005499,77.7275917963897,-0.03785279915648136,-1.4637448806090014,14.203152380278244,-14.235809387425432,11.861561736195592,17.44119270792584,7.949728101710732,-13.724706079226284,-10.831625980472499,-0.3767239635609002,6.609566727453341,11.352036169088493,0.022077670508241044,0.3550012339519353,0.12602587610739668,12.972654741782739,191.19309982065917,5.29433776510297,-1.0309459735423656,0.07427372499649385,0.09932563795198715,0.09375389675030306,-0.13305296146470394,-0.05232153320041444,-0.002164362519701535,0.04700410475157271,0.14133717520264927,-0.017479179445465003,0.15218556436464892,0.023160446000986695,-7.013098971109172,67.09055604091783,0.381125654412352,-1.5369872714813357,0.06330465799958745,0.08647226578248982,0.06665847744913406,-0.11653217637807545,-0.053363077832295644,-0.008867822863565,0.033109187950194165,0.11213704779952052,0.007151820451471929,0.19476947084947643,0.03793514677498505,13.0512151507906,191.40730609774644,2.9015364326713544,-0.33636054254600406,0.05908488999911614,0.07940630579805988,0.0602282634709528,-0.09404694887290022,-0.040816354627086215,-0.006585303702368773,0.03858995117097366,0.096337610975971,-0.18738555442522892,3.5004582726974633,12.253208118896108,-2.03749136579479,3.2982560761046553,3.8,-15.0,1.0378215529539212,1.8,2.390844354018311,-9.1,-0.1,1.2,1.7,2.4,-0.24940409270759095,3.848438678305484,14.81048026067766,-1.2251152894676232,0.27333162536130917,4.120745406100984,-13.198351040432438,1.6308966063016141,5.083076916479365,3.111392526345653,-8.386775764118475,-2.679684866662057,1.541809461419505,2.4033920498173087,3.1729840987251934,0.24365373798661766,3.0823955486604695,9.501162318401876,0.4029163083001103,2.647578974943184,10.535635478614271,-11.162515038083981,0.4883845598322222,0.6794394991696685,1.70365538132946,-4.99088552207992,-0.2537525448526754,-0.00045635826527244683,0.4256869543169931,7.261661887194314,-0.30949876319827185,5.06108479335937,25.61457928557346,-0.9916673617730056,-0.5349347220958074,5.451913317872218,-13.266905109159064,1.647771592881017,7.986697588637879,4.330590619586118,-9.69173037664865,-4.711193103252124,2.458114894845304,3.275504485385755,4.2133466052172,0.19961142571871007,1.9235641281836269,3.7000989552348367,0.22899532602271574,2.806894267148298,6.831112774689871,-6.807062670999867,0.8828315989480393,1.2424524648158726,1.200979749916033,-3.1039034286132154,-0.5059079989311113,0.06537930002772835,0.7365444658847613,4.046754148658682,0.3397763489540816,3.4999081745997556,12.249357230630194,0.27329479237265536,4.2165831089518075,13.334925153062997,-13.145765920017647,0.302557825120686,0.42259290044065373,1.7578475471266721,-5.961537989078117,-0.13664562355063353,0.029746144216857107,0.2859472768900202,7.783602646555195,-0.024450581310453964,2.547403710881255,6.489265666211588,-0.5571806540982479,5.825811076767886,10.364998339814822,-12.65863443040278,0.4790764357343968,0.6397740901664017,1.3661321573341116,-4.622598979535683,-0.29643696288760596,0.031528918394705424,0.34333712727879573,4.03394842331069,3.314750762970498,3.053619854468163,9.324594215602165,-1.608413047935262,2.049078671749178,6.6,-7.6,1.334341996655041,3.4,4.113936927772126,-3.8,1.9,4.7,5.3,5.9,4.693781346733689,4.285181678311239,18.36278201613433,-1.5567069578561497,1.8457881191583905,10.369464793927275,-10.416972140277178,1.890255615601575,4.824219360820842,5.804099227713052,-5.413899570719651,2.698951788651285,6.674381918001898,7.523171149472127,8.391318055488782,-0.03320684866829944,0.4253928827054568,0.1809591046564585,-8.643160138579246,85.8156009626416,0.6728094294002119,-4.830651661281249,0.10159184164609415,0.1366172910368795,0.14100840153256008,-0.2407087182107518,-0.06535969844019812,0.005649173104305016,0.07125759259668138,0.23452381529423252,6.654720844576692,5.961942785839645,35.54476178162539,-1.6388041418842687,2.2398430549708914,13.694459375145605,-15.637699212645932,2.5757876274653797,6.373826344003362,8.158901393339995,-7.703190779463144,4.215090746342213,9.366213532159204,10.588917090345575,11.77949386653398,0.10965774926818671,0.8746512314980798,0.7650147767611075,6.0772295121628845,41.81123977108449,7.036287069516636,-1.318490514963286,0.17220870680663586,0.23761895626663015,0.29923601863830834,-0.4327904711983802,-0.08727192756273383,0.012887358491325829,0.15034702870389632,0.45406570216323805,-0.046846655868236296,0.3458838656682699,0.11963564852962578,-3.9871407647532044,17.570810633541537,0.45941473378423825,-1.9700158211545566,0.11377409471550538,0.15348188390664447,0.15515387635295116,-0.2788123370535154,-0.06858433993341975,0.008164190919309236,0.08489754397322472,0.2420293505783635,0.04236116844871093,0.4853835163764815,0.2355971579699981,6.258225673163392,43.408504057790054,3.9533471228083683,-0.518071503339666,0.13956155193808484,0.18896842283291476,0.17928824437405538,-0.293866687157826,-0.11147939715641281,-0.007366480353979952,0.07748902567650197,0.3040415581727244,-0.0036707894261250856,0.2675135775856286,0.07156351419266213,-0.743801828317623,5.133182933614496,1.238683,-1.631776,0.05718396756776107,0.076845,0.14345651872426152,-0.51885625,-0.039976,0.000437,0.036869,0.47092325,-0.0051945359459746295,0.3616042873056114,0.13075766059779917,-0.6394364679903658,4.698238145630813,1.7018015190047686,-2.052200577356982,0.08047596789771669,0.10837380172028985,0.1966928336946024,-0.7178954149301677,-0.05657027036764021,0.0007752403099709525,0.05180353135264964,0.6454478377730765,-0.0007343207147721131,0.11115859641366846,0.012356233556656828,-0.04626102147906958,11.430977331648519,0.8904561765758411,-0.8720900630370919,0.007730195377897836,0.010435359733792168,0.048727660200198246,-0.1691900502570896,-0.005296705212906051,-2.306584473033978e-05,0.005138654520886117,0.16470561471353196,-0.00735523616695701,0.5038542606968838,0.2538691160224033,-0.573909625622611,4.374657149195878,2.2894965554772173,-2.571348200012589,0.1136384111227903,0.1526936858844768,0.2760052978624623,-1.0233376849405806,-0.07959888588809048,0.0006623050271311608,0.0730947999963863,0.9095915979858119,0.0005222586039254763,0.0871776097704387,0.0075999356452868885,0.09472122253060414,10.548348224373951,0.6408242259290604,-0.7277805918270125,0.007175090977855804,0.009663947059871524,0.03970516490299746,-0.13602597300821825,-0.004942643041437979,-2.1241392836706058e-05,0.004721304018433544,0.14284774938659392,-0.0010382661682880627,0.08062502244215643,0.006500394243798229,-0.007440658970022533,11.690373470341045,0.7266471641670922,-0.6997997856146443,0.007764563985356326,0.010474427863450602,0.03702279369197059,-0.13175695057744405,-0.0054227400854349956,-9.903399839011234e-05,0.005051687778015607,0.12404406547591441,0.001117350997187458,0.13493121748388232,0.018206433451682748,0.1541134285942614,9.914723690860729,0.9407359912991339,-0.9128787935387986,0.007744099292281167,0.0104462684544306,0.05932426019169402,-0.20664764295517768,-0.00519730954820221,4.083665199055722e-05,0.005248958906228391,0.2110333728150696,0.0038053548425325155,0.48001235225366523,0.23041185831609678,0.8583729765989417,4.941140953199847,2.792284,-1.960896,0.07750303097238033,0.104488,0.2527098192160697,-0.84233,-0.052762,-0.000969,0.051726,0.93496775,0.005390550517958529,0.6537882436895378,0.4274390675866505,0.828071828856142,4.6709412912580195,3.6748514144718682,-2.579409542096513,0.10983845415773369,0.1476119452005692,0.34834703273283274,-1.1500470750333465,-0.07530029269270673,-0.0030918983486110923,0.07231165250786248,1.2986314222078692,0.0007363021059333795,0.1826035821089099,0.0333440681990054,0.1860894756661804,11.883511147303247,1.7054138937778842,-1.7177252867053652,0.008868480083237557,0.011968159475587156,0.08018013797986151,-0.2743159741386225,-0.00601984591394553,-2.0597478317776682e-05,0.005948313561641626,0.27835067306314737,0.007648609329478413,0.8793750511729299,0.7733004806253931,0.7969668940600388,3.860060174301351,4.4317201832427955,-3.193078509911309,0.15410839609235186,0.2071485903665709,0.476802043047361,-1.5679091347872263,-0.10576947834865504,-0.005999456128366037,0.10137911201791586,1.84408138099819,-0.0006266475649747527,0.28535762507424856,0.0814289741880154,-0.3011571148114395,9.37352172025548,2.0798039532055057,-2.183680002032004,0.025507389180640345,0.0345117568526367,0.13239931073477448,-0.4546884489263246,-0.0169336601675546,8.619245271199779e-05,0.0175780966850821,0.4558310817151144,0.0010411465820993513,0.1909050673035258,0.03644474472216372,0.053153908534978936,10.704991391013696,1.4397805151883507,-1.5420345012567316,0.007926945517750961,0.010666334728836815,0.08420639869104093,-0.2968608459325426,-0.005306550836444085,-3.148979558438862e-05,0.00535978389239273,0.29908442950784014,0.00016254490509888574,0.17387213468606472,0.03023151922028903,0.16264493412715247,9.400612424596726,1.3182876003652,-1.2871043406182423,0.009751044012564125,0.013147305252115615,0.07744846570560573,-0.2763496312897468,-0.006644671114004313,-9.897074847259023e-05,0.006502634138111302,0.281245736691513,0.004615861138269191,0.14882097864004037,0.02214768368337935,0.15678034050534206,7.948775507333931,1.225162,-1.068984,0.017306415696615892,0.023345,0.07220790821556601,-0.239857,-0.006644,0.004484,0.016701,0.251471,0.006530039907713367,0.17719397749053026,0.031397705658914546,0.07696631816790167,9.527926672538175,1.2398289123924136,-1.1426586853229086,0.022697862143623765,0.030712910817061474,0.08502798009801864,-0.2669350527925416,-0.008173102499315112,0.006220404055623952,0.022539808317746362,0.2888979052497691,0.00010947787834941941,0.1135507458321681,0.012893771879041643,-0.06933725359735353,10.074703064380225,0.9000834257464136,-0.8167486958489479,0.007820567925831112,0.01054422623921157,0.05128829350638147,-0.18313259107879545,-0.005183071354043094,2.415128396539572e-05,0.005361154885168475,0.1825090841046284,0.0092410783013719,0.24216848421385728,0.05864557474643724,0.025269321611745645,10.127362598521513,1.6519648209802493,-1.5554205768185903,0.03144873007812212,0.04253102900676664,0.11539117206506895,-0.36196388145071867,-0.010702695511628021,0.008793132986715552,0.03182833349513862,0.38090481082017336,-0.0004323031190931819,0.064332853600029,0.004138716052322763,-0.3579535122658468,10.597656647022081,0.4485032176610788,-0.5061790927243148,0.007145003854461005,0.009639052803614441,0.029905794310555102,-0.10052030803654048,-0.004812112588569662,2.1906763684699168e-05,0.004826940215044779,0.09954884756520511,0.00015485162635612477,0.14345407907147578,0.020579072802245222,-0.048257235908538545,9.439629091274142,1.1285224110322116,-1.0034630010488488,0.008685113942368568,0.01173018472015246,0.06510502209019395,-0.23791039577684336,-0.005745378022762913,5.694904893652276e-05,0.005984806697389547,0.2367026978884458,-0.0007821306058613996,0.07213375684577612,0.005203278876685553,0.13587797538400004,14.595335680627446,0.6056478793421525,-0.5677644755380744,0.006604311499591025,0.008914462643081175,0.030888918005865757,-0.10433320865518585,-0.004454369944117532,1.0662124432778033e-05,0.004460092698963643,0.09618344158571869,0.00030691932568956793,1.0726806747941415,1.150643830076815,-0.0007271390957507481,2.1869589906696794,3.779338,-3.782092,0.7210428325391404,0.9728092500000001,0.7257098643083578,-2.05195275,-0.48545175,0.0011565,0.4873575,2.05460975,0.00040309377372191427,1.516841494954153,2.30080812081475,-0.0006626519828993235,2.1912168235772853,5.296878730772156,-5.348857700851571,1.0121049656930041,1.3649853676845827,1.0257410892695782,-2.899152633399173,-0.6803320395938082,0.001398001319345702,0.6846533280907745,2.904883824382995,-5.858340637072442e-06,0.01692870867679928,0.00028658117746393927,-0.02148962841390964,0.5712837135654176,0.12378601322825536,-0.17389355269725107,0.017403696582922276,0.023410103841339576,0.01360294214074112,-0.025504267815112773,-0.011567534663226894,-0.00017143754813030545,0.011842569178112682,0.025679774804235084,0.00047974164593319425,2.1443299373938163,4.5981508804033675,-0.0005096278077614195,2.20467661124517,7.433387400007789,-7.482391272318541,1.3848612282505324,1.867596757186556,1.448160460944106,-4.089072922820916,-0.9301951561763192,-0.0008813617952122647,0.9374016010102367,4.092883959991614,3.1796604365624385e-05,0.051916469206982875,0.002695319774919601,0.01874127334628523,0.3130660134690699,0.23629439992183132,-0.16860127180075604,0.043497538841503404,0.05873367497362875,0.03969991877613488,-0.0945878297895441,-0.029577550979871525,0.00028430540988000005,0.02915612399375722,0.09584394875933136,-8.242893623438404e-06,0.006185695871168908,3.826283341059607e-05,-0.3674640318989975,10.47843267260925,0.0733441802912725,-0.1191157839069012,0.0056001298212377095,0.007553194470467338,0.004658869589452195,-0.009846716760800385,-0.0037881724891410972,3.147990686033081e-05,0.0037650219813262407,0.009832411537355446,-3.510368250855315e-05,0.023133316971852003,0.000535150354120176,-0.01161845595114036,-0.19687344876290336,0.11350980656745469,-0.12031650370249183,0.024326015852147328,0.03284550118608792,0.018696955379992032,-0.039138662856732155,-0.016537820961685906,0.0001785400495889337,0.016307680224402012,0.038880901885410823
-6.344760935910478,8.242391634494103,67.93701985637838,0.8312478706081214,0.064673683053178,14.6,-22.6,6.3751895395740865,6.499999999999999,9.553916581892167,-17.8,-10.7,-9.2,-4.2,9.4,-8.930634571072975,11.69366729391815,136.741854780851,0.8540298681203903,0.08653851108164767,20.610729240382778,-32.40288454851613,9.030787760464285,9.267405030895318,13.53804826955813,-24.9498136090994,-15.309018613408051,-13.123390790581881,-6.041613582512733,13.311875520936903,-0.00661129198000376,0.7466606719684794,0.5575021590644211,-0.04247979577402906,47.82145694847251,6.146296893319381,-7.975802059282308,0.24040863429197554,0.31265010806703053,0.32455916704268484,-0.6715330942081273,-0.14669428103088297,-0.006826964439664351,0.16595582703614753,0.5830287449329556,-12.512992420349116,16.656728297806108,277.44659758693473,0.8791392444776457,0.08445133977421415,28.9464780778965,-44.812443523751305,12.74795067197772,13.046313228133915,19.191541737993752,-34.62862339913325,-21.699961193399943,-18.44930071985843,-8.653647965266028,19.425165458740558,0.07828131266776912,1.2715251569246042,1.616776224692139,5.536812797813531,45.74277320671556,12.529934202566507,-3.5600244194042703,0.30706032655522086,0.40060173859696924,0.47752879456457664,-0.8674976978674064,-0.21010577265915975,-0.021356587326683885,0.19049596593780949,0.7619755528319233,-0.00911104545596331,0.6347008682246059,0.40284519212506853,-0.3222083381780097,11.863297860997397,3.500802827884001,-3.6503717150807145,0.23877483821792517,0.32279958106270445,0.33509282040265315,-0.6808862846743504,-0.16993099382367122,-0.0030526161599188266,0.15286858723903324,0.6540922794085295,-0.049475937139910046,0.8337400526269019,0.695122475354309,-0.9097240761377338,34.435088216317034,6.684422050161935,-5.7318807091599915,0.24710145256586047,0.3321714634549411,0.35170459140339244,-0.6615413672674315,-0.19086382192590937,-0.023691080031088996,0.1413076415290317,0.5654093147362309,-150.9445574771109,13.580586061906345,184.4323177848449,-0.20641859698174428,-0.7072358112409471,-114.0,-189.8,15.715583516159414,21.5,150.9445574771109,-173.39000000000001,-161.6,-150.3,-140.1,-131.01,-213.3681313074357,18.60010794758476,345.9640156618057,-0.1444111354815016,-0.9037321827816784,-163.06263967812288,-258.57983230353597,23.3983462467032,32.067344120299396,213.3681313074357,-243.29653492613465,-229.51995023980976,-211.583713618427,-197.45260611951036,-186.35938098518432,0.036543213606787785,4.707241248942366,22.158120175744486,0.17374048175366835,1.2247128839311046,22.61099849007075,-16.313957985658735,4.168147396814545,5.471805029576403,3.6024667997332402,-7.4262109174519715,-2.6185312514779664,-0.09682656131024636,2.853273778098437,8.025054866820158,-301.4674570924113,25.413823501407798,645.8624249607074,-0.19679983918857133,-1.028563890386535,-233.8292322565759,-355.48810508298726,35.24337701337016,48.643252208405954,301.4674570924113,-342.99047475813416,-324.9619665304935,-298.79804312479166,-276.31871432208754,-268.2164634856141,-0.2162580598438618,6.622611472512657,43.85898271585626,-0.014707905614640545,-0.6786209557348624,14.569120976030145,-16.30537661675409,7.178167886001782,9.778426640812551,5.5114099162700825,-10.96436164050931,-5.148319806981139,-0.05853724305773689,4.630106833831412,10.073970596042646,0.05732634925524159,4.048385431205974,16.38942459960078,-0.013844966136037909,2.2136045962773974,16.66603327529123,-13.382668508151959,3.0411043680955117,4.037020223438004,2.870617553084671,-6.535246421790208,-1.940399627190644,0.02210811777545432,2.0966205962473605,6.371553282074704,-0.0980464563939795,5.225723505103734,27.30818615179366,0.2749605880712856,-0.043833675748366385,16.36228022684011,-11.848080771895477,5.280143612282212,6.755734839740624,4.15049468402405,-8.23803598435314,-3.790485644130633,-0.08211505917299909,2.9652491956099913,9.359703869710009,-1.6161749745676501,7.369405067281955,54.30813104568095,-0.9747974195481199,0.7706010417853935,10.3,-30.1,7.41301109252801,10.6,5.719735503560529,-14.7,-6.5,0.2,4.1,7.3,-2.303001962344113,9.83499374119836,96.7271018894109,-0.7175357332997623,-0.0937031687966412,13.210852913136915,-36.376634622767845,10.7828339063853,16.28639423533341,7.891628743519233,-19.571879089700584,-10.686490536285708,0.01759271012782063,5.599903699047703,10.235160198426229,0.17234364522206227,3.36712602044727,11.337537637573067,0.8014618266030338,6.821717765581374,19.579077067122437,-14.365466639436043,1.6245369847606612,2.221215354280082,2.0626388016040984,-4.3609976486872295,-1.0440322888512665,-0.02005621964179405,1.1771830654288156,5.97674936567473,-3.306447123077764,13.01587410707651,169.41297877126473,-0.3725768310018105,-1.143919133505007,15.84524211285429,-30.200713679643915,16.043375609087146,23.615728095205213,10.974951537138201,-25.193041646728137,-15.837429750528356,0.20981593568898954,7.778298344676855,13.590325609171703,-0.0235248869129718,4.727842738263233,22.352496957748386,0.3613283597233917,8.456758226582512,25.670159058218662,-19.93430130200428,2.363496837117991,3.269458032731168,2.8209739756580867,-5.304886114412436,-1.6617087788602238,0.0625535387916698,1.6077492538709444,6.900528815064021,0.23677676377662202,2.7454956961865147,7.537746617778674,0.9012640538588523,5.7806827407486185,13.152791857974409,-10.31215549297255,1.4445035574034861,1.9393308712792066,1.6891656357319138,-3.1125089570280338,-0.9595464774267015,0.007373387758317772,0.9797843938525052,4.867542495172579,0.07464306796340069,3.8500907738504617,14.823198966888446,0.7067589096959219,5.684769379625617,18.630154517389897,-17.018399753176325,1.9209260176745777,2.5880500608124883,2.432410827916563,-5.377156352134385,-1.3611451113383937,-0.09554125612981523,1.2269049494740947,6.089902853977771,-0.7162767039674465,4.3483792858685435,18.908402413770624,-0.01872412106390059,-1.4520294112422099,7.2,-7.1,6.078669095872969,8.7,3.9166836215666323,-6.8,-5.3,-0.4,3.4,5.6,-1.0207800654834112,6.172418536120982,38.098750585049885,-0.00621694056351792,-1.4529803979055107,10.1198142460939,-10.051456417092501,8.469181288739,12.497957722072812,5.5661023884702265,-9.501473263043291,-7.641247119460055,-0.4583220729948347,4.8567106026127576,7.983667646762626,-0.006390759430777465,0.18064006184038506,0.032630831941698135,-16.15822409921781,322.8778025909375,0.5701324157355727,-3.625004316263733,0.05750100950065456,0.07789195524932171,0.05971520531293024,-0.10892732489996168,-0.03936500445864938,0.001005372542426719,0.03852695079067234,0.10535954393326165,-1.4651516585040059,8.79189794598758,77.29746949266062,0.009376051284254953,-1.4463741361106757,14.203501926970683,-14.225545024628016,12.205024989594692,17.670151200536147,7.927871342839755,-13.482487539167881,-10.827834538566648,-0.6706621049857698,6.842316661969498,11.697303000345112,0.013679288321908751,0.36578674782352855,0.13379994488331368,12.925228545597406,190.71589511907777,5.442606027905438,-1.0928988730314106,0.07689764716981348,0.10561463484865662,0.09992600724833707,-0.15955076271533453,-0.057550516099235366,-0.0026805920655850607,0.04806411874942125,0.15960177890751495,-0.009117545181723634,0.1482822440697626,0.021987623906364644,-7.869187688138377,76.54747824379749,0.24628737492359962,-1.525515226411262,0.05939464129543765,0.08199135669461723,0.06074949304979366,-0.11212483455157439,-0.03943351752795509,-0.0014301900445555505,0.042557839166662136,0.1103492475340436,0.005616034552134098,0.20603812077700806,0.042451707213320956,11.853659605227598,171.2262621738083,2.9833394552476804,-0.5456593052075505,0.06258145788945901,0.08423357916362188,0.06696121915002938,-0.10660398559802514,-0.04323757864392008,-0.0016994980471012056,0.0409960005197018,0.11632224631623934,-0.2111902339776195,3.4779024717021123,12.095805602671662,-2.0731374947720793,3.739602411579508,3.6,-15.3,1.0378215529539212,1.7,2.367039674465921,-8.59,0.0,1.1,1.7,2.4,-0.28551524039849707,3.855195532383201,14.86253259290739,-1.388213759585204,1.3008541519288341,3.8732773755914907,-18.800391830422146,1.7179429718815227,4.950890305318864,3.047438267563838,-8.071662471571647,-2.6159686502399158,1.4709104129431423,2.334921655078948,3.2436243769268325,-0.17601750920826228,3.0252866825194267,9.152359511429397,0.16886941563994404,2.7162146886417196,11.217211870104807,-10.585299317343187,0.5412413819613784,0.7354626352851634,1.720660022658862,-5.744537970046572,-0.47901214838046685,-0.006779257903001684,0.25645048690469663,5.708410937072828,-0.3672185280887572,4.9582073620438525,24.58382024502586,-1.0612966304664426,-0.18492065818014902,5.152317277396653,-16.893206193757084,1.7838382911337176,7.53667039059771,4.181666985496034,-9.965211874284119,-4.5106710004459645,2.2770859280184395,3.0259993901517452,4.210425359571906,0.04504892610602502,2.1961984048677117,4.823287433543481,-0.066433164136543,2.8371399768688557,8.124047434241106,-7.75991559024896,0.9534918707457997,1.2658020468453506,1.3871131451322767,-4.043369034801558,-0.6011871486408236,0.057422141488435496,0.6646148982045269,3.711551977725236,-0.2454967511615164,3.1003837749591994,9.612379552030255,-0.5852398567966978,5.128726117562769,10.57273318481415,-13.22777426644005,0.2572826858036284,0.3531945318189011,1.526420387082671,-6.424730244889982,-0.17807305985357796,0.008917037000201371,0.17512147196532313,4.441593226999784,0.07111229069371357,2.903947701412293,8.432912252537742,-0.24690997001136714,3.2916258945237065,10.746128668617992,-10.94336654459595,0.7004504605601393,0.9503098465532827,1.6378753292177994,-6.077642107723893,-0.2767219411311859,0.007901679975932472,0.6735879054220968,4.817496757503935,3.049745676500508,3.374103616529197,11.384575215075404,-1.6077477633666744,1.792696030473354,6.5,-8.5,1.3343419966550423,3.8,4.1553407934893185,-5.3,1.5,4.6,5.3,5.9,4.3258229290485115,4.731554333406795,22.387606409980616,-1.6029497431866155,1.8065786545174918,10.073956451165488,-11.203679187946411,1.853635550052381,5.256419135334868,5.856242112223527,-7.384151928515116,2.191452084242242,6.545689856944111,7.4478712195771095,8.239324463333823,0.011743413577342737,0.5418326606213063,0.29358263211596364,5.634946354219065,89.24452963889094,6.059176534309332,-4.629841622735086,0.10727577540097676,0.146736657841916,0.1611271338119527,-0.26375601324932574,-0.07400357682308104,0.003222310058367567,0.07273308101883497,0.2516408337135921,6.153356927731916,6.588075482277991,43.402738560192375,-1.590009426787219,1.885180492461596,14.77947173643922,-15.160058499187441,2.827826765080287,7.618893364384908,8.184435561247803,-10.036436006232705,2.911951280298206,9.20207246572817,10.530844644683114,11.635390104921562,0.08760589879890987,1.014400103901772,1.0290075707959259,4.435124924555491,30.78080436629154,7.13113030791272,-3.675884480730833,0.16442098089999227,0.22526061077416792,0.3413022754326592,-0.4754373291973079,-0.09778581185428861,0.003455570999909563,0.1274747989198793,0.4682788007083223,0.016369302022199373,0.3716944444169132,0.13815676001039776,2.103120931467764,26.16082541051109,2.5810489906016816,-1.889944258533417,0.1057142680907857,0.14264210061920282,0.15117492333381471,-0.2177928625850417,-0.07119471550398968,0.009944811568369153,0.07144738511521315,0.24154531473513513,-0.045203665124202985,0.6624233775050944,0.4388047310652568,-4.9101199001411056,50.382333573431026,3.856662865945925,-5.582607111569061,0.12779183401150518,0.1629979689794761,0.20054460411839686,-0.29128190123029274,-0.09022561235719151,-0.0016561641742295612,0.0727723566222846,0.25443390744745575,-0.003801662335183391,0.28000271330108384,0.07840151945596896,-0.5483211284642341,6.14613127882593,1.388449,-1.781127,0.056832590841975235,0.076488,0.14693926143071095,-0.5031815000000001,-0.040392,-0.000395,0.036096,0.471191,-0.005376766549518808,0.381291997573075,0.14538358741326585,-0.4107289917571018,5.7660097358356985,1.790086843889169,-2.342415063403323,0.08011951916387212,0.10816068052489305,0.2024356550872523,-0.6880412979754698,-0.05746095265118059,-0.0008346661995935284,0.05069972787371246,0.6454118297809487,-0.0003715452273732701,0.10679695974248306,0.011405590610237546,-0.0039189474932011465,10.591852782164157,0.8525098755291545,-0.8996502064763989,0.007761792861187416,0.01047121173809714,0.04740955188603309,-0.16835916971290651,-0.005275758516436852,-2.1263849017088936e-05,0.005195453221660288,0.16295914387386126,-0.007605035177642592,0.5329942472982042,0.2840828676529793,-0.37509178530235093,5.655870062914801,2.5340195606879727,-3.0551755237629035,0.11348755469543133,0.15240643517308206,0.28374009549822243,-0.9603207806165124,-0.08130314990093612,-0.0016931488036541326,0.07110328527214592,0.9006519899624656,-0.0008387743663182179,0.08144147325196446,0.006632713565450443,-0.13435383904903353,10.16867366223985,0.6614957382096063,-0.6584636295348831,0.00712510346341145,0.009627335070138385,0.03761522443322438,-0.1312278114161341,-0.0049098705946779096,-0.0001267151139821873,0.004717464475460477,0.12641793142243474,-0.0005249657758186145,0.0715037078026905,0.005112780229532542,-0.07880475093138285,8.238709828760525,0.4715555308646567,-0.5300203474107891,0.007672024158501559,0.010335205079528675,0.033764126378924904,-0.12052603134810905,-0.005265498778128151,-4.715847592088847e-05,0.0050697063014005245,0.11664308871410017,-0.0008033570577375903,0.13301784385879975,0.01769374678484403,0.02492446313662618,10.127892816875415,0.9890437668771235,-1.0744071828640132,0.007689536450485099,0.010381592365518147,0.05857100233371523,-0.20550953047713189,-0.005279319477148404,-6.767040414375918e-05,0.005102272888369743,0.2016979963081567,0.0030145264734384642,0.5053250170779164,0.2553533728847966,0.6919744205221082,5.554302746981497,3.588416,-2.476249,0.07723467997083083,0.104188,0.26203037300678356,-0.89135975,-0.051981,-7e-06,0.052207,0.938347,0.004268963667052863,0.6909292281073864,0.47738319825306885,0.659501814874264,5.0672416641315685,4.062992310947624,-3.234753665503641,0.10911214642933813,0.147172569222203,0.3626343791880886,-1.22232281313666,-0.07426269690264832,-0.0011142905296078094,0.0729098723195547,1.2864583690199254,-0.00015868194090504147,0.1824251893343219,0.033278949703663185,0.0328641501028663,11.712406607609832,1.6317564284640147,-1.4469277266817504,0.008976586611836269,0.012099518615570844,0.07958301570109683,-0.27809116256902827,-0.006000369873094675,-2.365644671918567e-05,0.0060991487424761695,0.2746715318488034,0.0060534194469309185,0.9339197271928429,0.8722060568399541,0.6095724865604333,4.565589455843927,5.103995414703201,-4.021206194822122,0.15309002686127288,0.20591659979398025,0.4982311902641625,-1.6631487891646721,-0.10326474503787061,-0.0018862393541526539,0.10265185475610963,1.7853687532625133,-0.00031237918096515345,0.28704306108559896,0.0823937189173909,-0.11353351515434595,7.702126518655605,1.8178787673868608,-2.000281689034664,0.025845318828752954,0.03479262717568426,0.13572212013787927,-0.4921830638054099,-0.017305154469955435,0.0003236308059957566,0.017487472705728823,0.47986956015781407,-0.0002247387383091472,0.1899058830268289,0.03606424440819962,0.031185535406505163,9.890005433996281,1.596742043603053,-1.4196532631121688,0.0078869773287851,0.010630545566164138,0.08474853175778277,-0.31098811034553264,-0.005318904062284231,-2.3727274700878538e-05,0.005311641503879907,0.3099487478439128,-0.0013382144493153583,0.17458563478001268,0.030480143871539977,-0.16612755686663266,11.22531064680428,1.3867457234612448,-1.4373615882550346,0.009871715377476623,0.013310590317475519,0.07613806820486307,-0.26646633764246364,-0.006594978307257801,0.00012004229509103616,0.0067156120102177174,0.2622411607374131,0.0034544166886911576,0.16527472465992663,0.02731573461141456,0.0280961997710802,8.556858027909907,1.246874,-1.265364,0.01900992564567883,0.025644,0.08118907525034505,-0.269432,-0.008761,0.003637,0.016883,0.27673675,0.004887435532602796,0.2076717067429718,0.04312753778153888,-0.09906401260039664,9.490360875438853,1.4887397711110846,-1.464043552545756,0.025100046929116913,0.03380094621053961,0.10094530018268223,-0.33337577462220996,-0.010975533504762543,0.005023803491468494,0.022825412705777065,0.3469473297101967,-0.0004337181459299201,0.10723333050025236,0.011498987170176351,-0.1234791331600079,8.137474480447507,0.7809609353334197,-0.8098329918572358,0.0077812310354275094,0.010497169139650627,0.04980370987847111,-0.18257863006666777,-0.005267828908610869,-1.3126229552772511e-05,0.0052293402310397575,0.18232316679193517,0.00691802767230632,0.286837392959073,0.08227568999955766,-0.1510618647510436,9.547139949873344,2.0041863797870416,-1.9133894662981732,0.0344257324253613,0.04665464359868543,0.13947284263782447,-0.44519825848729744,-0.015097421692729127,0.007066286961322068,0.031557221905956306,0.48036725004107933,0.0003893333231744671,0.06296233689002385,0.003964255866652858,-0.04593512024885021,9.334050741743981,0.5102730922127897,-0.494990217764222,0.0072067846052204804,0.009716704538067646,0.029896205368070226,-0.09910475463797809,-0.004760985634570275,6.335688233926229e-05,0.00495571890349737,0.10391906040080484,-0.000613781771097742,0.13706031766399582,0.018785530678155443,-0.05191581472640665,7.601158155542253,0.8692283085488909,-0.9338675933298171,0.008711617427090873,0.01176249328312146,0.06378204890633049,-0.23304277397437362,-0.005920345101791084,-2.5036045557051982e-05,0.005842148181330376,0.22985973956268022,0.00026303036934915503,0.06487164712094681,0.004208330600184647,0.09121897640774657,11.314457729927065,0.5919139987924275,-0.5227351426688851,0.006721001308910046,0.009066676517765963,0.029213117447167713,-0.09904652519540014,-0.00440613745968236,6.247167846821475e-05,0.004660539058083603,0.09770601063094805,-7.571849763603832e-05,0.9303164583782476,0.8654887127294457,-0.0011392405131477655,1.4133904753855298,2.836221,-2.824454,0.7074466288943347,0.95410275,0.6605554177605498,-1.81346175,-0.47620925000000003,0.00025350000000000004,0.47789349999999997,1.81439,-0.00011365394108043812,1.3155138302310023,1.7305766375290421,-0.001120671789348433,1.41686084475685,3.9722717680264528,-3.97930982325274,0.9954258836599388,1.3428089850159417,0.9335123997519841,-2.5639280145889405,-0.6703317069328623,0.001082164378694699,0.6724772780830794,2.56257316093183,4.033819007655891e-06,0.015838290438564856,0.00025085144401633494,0.06386010772054851,2.624752114686837,0.25050372700392454,-0.18400785671882772,0.015886781294681802,0.021409596753852046,0.012679796139546909,-0.024072004316779205,-0.010686838857089067,-0.00025355838593571836,0.01072275789676298,0.024155136510590838,-0.000177248154088137,1.8595764139716708,3.4580244393997392,-0.0010398710816504092,1.4290642720844486,5.5165617657681265,-5.596299841764812,1.3705469770676995,1.8487954486586577,1.3179199571801026,-3.6334078780586045,-0.9230284760054239,0.0017982104492710801,0.9257669726532338,3.598852983661523,2.2338014550805207e-05,0.05025686377243834,0.0025257523562414253,-0.007386493196041431,0.24314562628331027,0.19482181629290718,-0.2618354938655319,0.03870867994444037,0.052256169376630114,0.03803750018450003,-0.09149835431135563,-0.02603193663908646,-7.288515383608966e-05,0.026224232737543655,0.09327152029657734,5.591753720802539e-06,0.006062738469027655,3.6756797743827795e-05,0.30566770694864953,46.795510704661154,0.16228059091959043,-0.1222034428861237,0.005086930060926502,0.0068744408502315986,0.0044327039251803825,-0.009325085439109664,-0.003454545439087491,1.4838714904959107e-05,0.0034198954111441075,0.00938077204418206,3.3070196526821916e-05,0.02156735146949032,0.0004651506494085262,0.025862419834664904,0.14377457832895013,0.16410167860018332,-0.12378888565490782,0.021511711600425733,0.028992040898891527,0.01733410905662513,-0.036808789165022227,-0.014514900294847052,7.579256943122232e-05,0.014477140604044474,0.03705343991576289
-6.193800813008131,7.964476017714367,63.43287823674731,0.741863272006747,0.248081766632418,14.4,-25.6,4.744327099217925,6.324999999999999,9.251930894308945,-17.085,-10.7,-8.2,-4.375,9.0,-8.69846153089527,11.296059286230665,127.60095539803807,0.7680860339373112,0.2536512238254316,19.99018533815168,-35.61530161793841,6.679856678077441,8.981635608119706,13.094995623521951,-24.06331539743196,-15.09426102650741,-11.589707679781291,-6.112625418387704,12.707487158489736,-0.02860424332965891,0.7680267743288649,0.5898651260860012,-4.811489141411219,48.7391289949371,2.7296683369701538,-9.038130204127421,0.2945226616485223,0.39151114410105736,0.36306944045629597,-0.7218512118180596,-0.17699558293874795,0.01529104681638005,0.2145155611623094,0.6854504008704219,-12.140916211624479,16.074293490347255,258.38291121382014,0.7867342352878737,0.27413866486791294,28.234465604385665,-51.06798611050401,9.260734783516291,12.732111577842861,18.517241581639706,-33.69522493940316,-21.34886799288337,-16.413082304095695,-8.61675641504051,17.96239018009672,0.12709344665957614,1.2212480252765479,1.4914467392418678,6.4310661497435575,52.31051906044737,12.373051667235512,-2.554669747453113,0.3487752542701905,0.46914959064936956,0.4606343364100999,-0.753649237462332,-0.2371014523210253,-0.002209769928630756,0.23204813832834426,0.7161478597763236,-0.03981979703890374,0.7072467176503386,0.5001979196271779,-1.3070629692903795,10.189930450946633,3.182232374398747,-3.7114886718585267,0.29598548000059477,0.3992931251668276,0.3761078067858584,-1.1242434267279988,-0.17307557621715347,0.01765054328905611,0.22621754894967408,0.5637125069807036,0.07512403042247721,0.8124483893246743,0.6600723853162576,4.190784939530862,32.14867404579697,7.439573907129518,-2.4121974988533768,0.30045251712968435,0.407411374117724,0.38181517203537785,-0.6377409789313777,-0.19401210453378326,0.012268919543885318,0.21339926958394076,0.7589544812474895,-148.87012195121952,13.131357987152505,172.43256258675387,-0.336896304853557,-0.3898502425464341,-111.8,-187.4,14.23298129765377,19.30000000000001,148.87012195121952,-171.685,-158.0,-148.1,-138.7,-130.3,-210.4433258518679,17.76394381879101,315.55769999716335,-0.18865726273413513,-0.8249729085010173,-158.17318868234088,-253.66450801519323,21.177337322669203,29.566473929171053,210.4433258518679,-239.3087623347428,-225.4481158619052,-209.82809284376327,-195.88164193273414,-185.25360139175942,0.3386172643932007,5.362517229655839,28.75659103835573,0.10364579328605554,1.5172299589242595,19.08369240167098,-21.38638479908137,4.45825812298761,5.844972385715877,3.9966067299765036,-8.15254906117848,-2.5583026989352238,0.2640701932735183,3.286669686780653,9.190014663019241,-297.31417345052967,24.116717908478908,581.6160826771472,-0.24043004037036397,-0.8828484999378854,-228.77824841765053,-346.9732457240504,31.748915543926778,44.13467884721558,297.31417345052967,-337.7349967590177,-318.27271982743525,-295.06726063237835,-274.13804098021967,-265.3177347739053,0.42313378904316923,6.92688927639473,47.981795047432314,-0.07873522251347706,-0.48016413170588423,17.176330134733004,-15.977079439344946,7.4808604367624465,9.61316388492721,5.61892735657679,-11.02046803548317,-4.097855999562805,0.42994488960569655,5.515307885364406,11.790447779851377,0.48410508825847876,4.790545832754044,22.94932937571714,0.16633169067811537,5.727558363294303,22.355816822299296,-20.09210542698516,3.0925500876052077,4.161069066520984,3.220971488241665,-5.803143513193606,-1.6780888290391252,0.6338859379673579,2.4829802374818586,7.546147266063892,-0.6123473242866575,5.782655845780924,33.43910863074429,-0.04467461476964563,0.2686911564503607,17.744601876148312,-17.591170020191292,5.733375433535376,7.757718159064919,4.578464685676344,-10.650667540805191,-4.422690017780212,-0.4844341655242238,3.335028141284707,8.533838649709462,-1.4915650406504064,7.6352693068447905,58.29733738804613,-1.4014543112734303,2.4893335914497348,9.4,-36.2,6.671709983275209,9.725,5.577134146341463,-15.894999999999996,-5.6,0.3,4.125,7.4,-2.1362020078749655,10.152621923247453,103.07573191640482,-1.079457617488915,1.1609678647635189,12.36958228389848,-47.4711277889782,9.504699627801363,14.404960412728144,7.714449633342632,-21.201770329092675,-8.708178654519145,0.26160359318553883,5.696781758208998,10.049831287450111,0.10355471407067948,3.616295253412832,13.077591359856179,0.4452091441747181,7.443420031926507,20.02689459221722,-18.776602105168678,1.676276138963286,2.266081276886515,2.1590029588724278,-5.216046307997719,-1.0793360438787083,0.038428975309092284,1.1867452330078065,5.422206143706203,-3.0919238000073186,12.775856498937797,163.22250928145115,-0.4447245873241173,-0.9519462501104878,15.301182493541631,-34.66032900465561,15.610046568702238,23.337827345580713,10.565500937470368,-23.845023279068858,-14.98745573374149,0.08514417825783178,8.350371611839224,13.62877578065222,0.3440396393285213,6.41195890578234,41.11321700944146,-0.4368004100131011,7.579609649622533,28.90630749767483,-30.35896603274177,2.737269773657668,3.669577232252572,3.591759211616629,-6.63237618815249,-1.7034271541233792,0.15503067487221617,1.9661500781291932,8.861106217003263,0.14048649574838737,3.0533929343728787,9.323208411678218,0.5716769073775113,4.254692764655254,14.636839532623958,-10.013775033085293,1.4584318073862974,1.9296429485276998,1.8836730690466257,-5.570565118163387,-0.9653491556576097,-0.03628044305421201,0.9642937928700901,5.595579251718339,-0.02004207078576392,4.059093076438653,16.476236603192206,-0.25528967098521704,5.3006240089800585,18.863054261975968,-18.07707722525111,1.9672671320929958,2.640254617064092,2.4914836172343877,-6.953609798141389,-1.2571886784115178,0.06523018404673123,1.383065938652574,5.581081576480376,-0.6659552845528455,4.354423680752307,18.961005591496463,0.006177193457899925,-1.4658768743770665,7.1,-7.0,6.2269293177235285,8.424999999999999,3.9606707317073173,-6.7,-5.1,-0.8,3.3249999999999997,5.684999999999991,-0.9418111329907257,6.1779913677104314,38.16757733950461,0.01548164277121485,-1.4664716577599821,9.98710141269364,-9.81402130996256,8.877058176816343,12.004993280752117,5.622926649381662,-9.493630813536875,-7.2175393581999225,-1.0774987313571627,4.787453922552194,8.052029021692444,-0.010536729932398351,0.1657392062893039,0.02746948450140843,-16.609188430253994,331.2600900630364,0.34434945162613917,-3.3524301366389873,0.0600189094435239,0.08063356575185038,0.05730198825593562,-0.10497807034579884,-0.042185295279264234,-0.0008262288614520608,0.038448270472586143,0.09000878818798658,-1.3539251486712165,8.796834790288594,77.38430232763179,0.030225375753298495,-1.461551653410264,14.025593450837897,-13.815112818183458,12.672371659627334,17.047050997087844,8.007947652677124,-13.46104820866117,-10.235655934165619,-1.545297153579143,6.811395062922227,11.58240959612106,0.018504272642513763,0.33410885617618125,0.11162872777535617,13.342396774996118,198.50553550228375,5.027131662244562,-0.9258842237639495,0.06492557191333251,0.08564775903809896,0.08558005638060925,-0.13521549607871913,-0.04225999224245858,-0.0004266857162759097,0.04338776679564038,0.12338466854571589,-0.015379306779527903,0.14064248174237498,0.019780307670654283,-7.555776255459071,72.03174992588731,0.18288265806495668,-1.4167210788474929,0.06608689087671876,0.09028304794473105,0.06403095785609572,-0.11874320308321526,-0.050313007257598255,-0.002810992466138083,0.03997004068713279,0.09934462280649697,0.011688601983273773,0.18529208694663832,0.03433315748504057,12.470598014609662,180.30096747439563,2.724805113083625,-0.3920116274858365,0.05877328770417594,0.07832936660252533,0.061447620310259174,-0.09794609643696067,-0.035421592015279696,-0.0015367649014020254,0.04290777458724564,0.10718421324361815,-0.1292682926829268,3.29646229953365,10.866663692246679,-2.2660991160806683,4.796104283430972,3.6,-16.0,0.8895613311033613,1.5999999999999999,2.205894308943089,-8.084999999999999,0.1,1.1,1.7,2.2,-0.17403262849347956,3.5957725782866836,12.929580434758464,-1.3599815623894358,0.8652461343206244,3.928974555478677,-12.172271393597793,1.480802486205156,4.340550566892009,2.8647033963475232,-7.863507028574581,-2.141606998765459,1.5149012301456355,2.19894356812655,3.0234593505273772,0.12216510250181609,2.9451482343488324,8.673898122288046,0.8093315015988607,3.7735503004495605,12.690287735613698,-11.177332688463146,0.487850502354466,0.6607587826428413,1.599618242842687,-4.694464365205497,-0.3600303016057095,-0.009793508991296968,0.3007284810371318,6.224003793445769,-0.21527408838997497,4.657498087501112,21.69228843507651,-1.0952959271814697,-0.21058735260774775,4.7993232799088466,-12.466285169172508,1.5965556810526467,6.421705505711419,3.9102213345471126,-9.807682801638588,-3.380464972042812,2.3363095072334237,3.0412405336686064,4.003035818158483,0.014014644161750923,1.9727593148247513,3.891779314227822,0.1820858915726836,2.741292536341726,7.147425700404332,-6.250070526492189,0.8151303621140741,1.1072498865258011,1.234337903006603,-3.6365246553165527,-0.5662665465377368,-0.01995762898893448,0.5409833399880644,3.5569624826049706,0.17057000349084925,2.879542903573629,8.291767333521246,-0.2300418258756888,7.1511998523820495,12.460186673253277,-15.311748347208686,0.2370051037038152,0.3421280932874766,1.396059666738249,-3.6845652095383112,-0.12725243974417752,0.013654480703471788,0.21487565354329907,5.848682052872161,-0.009415457472827226,2.968906899041363,8.814408175175403,-0.603031296856547,3.058664698819485,9.903562113665291,-11.040564125522291,0.5352258776701403,0.7565603673891632,1.6872618912751858,-6.1441596509603125,-0.2860944778097992,0.029489161978268456,0.47046588957936397,4.916528962256116,3.0690040650406507,3.3868625647498303,11.4708380325038,-1.6563664817378814,2.0589831409339077,6.4,-8.8,1.1860817748044818,3.6999999999999997,4.174898373983739,-5.185,1.6,4.7,5.3,5.9,4.342022138809895,4.755879025121614,22.61838530159172,-1.6102993779543286,1.8812508042319456,10.0935789768348,-12.311955255864676,1.7936043553348975,5.1271920985336426,5.885441167640358,-7.081622208759931,2.3522072084306975,6.598340113845057,7.47939930696434,8.298483203816659,-0.0370154496534908,0.444344819171503,0.1974423183245557,-8.8530399089514,88.66752506320294,0.6455912574273539,-5.09678308734388,0.09335285911896699,0.1279726353532799,0.13916985224025383,-0.25529751600532813,-0.05763849822702449,0.0022676358382713035,0.07033413712625543,0.21622234358548958,6.150354164045743,6.619988557462916,43.82424850093994,-1.681660556194165,2.250400306472603,13.558222054445011,-18.225778177429163,2.6165475124195283,7.100324556043083,8.235408909675964,-9.780847486170721,3.3928661243366376,9.219676442688318,10.49319068037972,11.581558029905704,0.09710597913114447,0.9171423295815687,0.8411500527103069,6.085913716330082,41.675223729270115,7.4324406957115405,-1.4121895699276021,0.20149734388428175,0.2694846295434403,0.31164430495837564,-0.404834289955709,-0.1472508017493671,-0.006616523242011001,0.12223382779407324,0.47932593153951003,-0.05142829478008727,0.35112769806216176,0.12329066034643263,-4.386507267911556,20.167835939440714,0.3783206524125551,-2.1088030843178287,0.08743091915683143,0.11550506387403055,0.14140694985705207,-0.24380890144011913,-0.04906245582383213,0.003253384452681883,0.06644260805019842,0.18460364450801142,0.06277534522714925,0.5120839961030171,0.26223001906483484,6.2402451692222005,43.29933223777297,4.226577969007551,-0.5598456871168428,0.13412248941048285,0.17862621394966838,0.18631951162220087,-0.2922516407815906,-0.0820961135786188,0.008965678572923973,0.09653010037104959,0.29489775012031516,-0.0003139263168390168,0.2927679296841896,0.08571306065156656,-0.6199343737809634,7.490013234444261,1.345778,-2.11293,0.05947607059757073,0.08011299999999999,0.1488128432755035,-0.491889,-0.039441,0.002101,0.040672,0.486628,-0.00044636093825649174,0.4007090664565539,0.16056775594048295,-0.4785560050449855,7.14018896527527,1.8686629835596975,-2.67449967107664,0.08401056738205218,0.11323259342498776,0.20519927884884015,-0.6656208810176731,-0.05610770949932968,0.0027411373862230777,0.05712488392565807,0.6653699888586586,-0.0004302807881869603,0.10413322572313434,0.010843728699505248,-0.0578983168443563,11.986468965361334,0.9949940710287917,-0.9730306049967187,0.00771598136085522,0.010411302809443633,0.04519763473289042,-0.15876091977749326,-0.0052114112847695595,-5.122997688077426e-07,0.005199891524674073,0.1606271854913307,-0.0006376890649347669,0.560925477334503,0.3146373911229401,-0.4455365182407663,7.1203644039393765,2.577616909690839,-3.5318212072381274,0.11845647538408678,0.15939224910437427,0.28708606102393186,-0.9422479386081051,-0.07899768356812195,0.0033979409680463665,0.08039456553625232,0.9380441861195861,0.0012757390532681634,0.08026417667036166,0.00644233805657103,0.17963461626209187,11.688662810174549,0.6951357361214079,-0.6989183801795291,0.007227005581558968,0.009734253223607915,0.035923217752826565,-0.12061336499659026,-0.004704197166164039,2.1755989815459885e-05,0.005030056057443876,0.12323263784300062,-0.0006082933095306438,0.06632334379060748,0.0043987859315671105,-0.1749315077510236,9.935597547029108,0.5531881960900314,-0.5635424844373322,0.00778097148853571,0.010523255044519102,0.030552011814776747,-0.10882265843021499,-0.005319570529432574,1.420614822972959e-06,0.005203684515086527,0.10394510334073735,-0.0003770450814653559,0.13147180563773206,0.017284835677645594,0.14693390206508836,11.829942893728461,1.1816340033588086,-1.0407414712881367,0.007558214401216993,0.010216968133606702,0.05597559653687673,-0.20188152790176864,-0.00521842545376601,-7.3443792764571e-05,0.004998542679840693,0.19438666501039012,0.005487023715921717,0.5052507885725217,0.25527835935315507,0.6273845840596473,5.839093089500775,3.372889,-2.619372,0.07928363623680557,0.106892,0.25686596759536223,-0.884555,-0.05096,0.001375,0.055932,0.952708,0.007763442817209147,0.6909243650115368,0.47737647816659523,0.6070138339300787,5.444753522382738,4.21924976988646,-3.4649331759285564,0.11187229518767391,0.15050928108533373,0.3546417630651392,-1.2185112022157591,-0.07179559242770658,0.001868476152978471,0.07871368865762716,1.3606008347799239,-5.7998640090986606e-05,0.18203552007597146,0.033136930569329405,0.12010042722903862,13.751895792178711,1.6949089926412464,-1.8162131282404732,0.008450619061722165,0.011397258207688103,0.07622055845230065,-0.2659354043822303,-0.005761500790200867,-2.1992777470489222e-05,0.005635757417487236,0.2601457481839154,0.010988982948257384,0.9433596575442185,0.8899274434819452,0.585051051027346,5.006940779037848,5.226097036055905,-4.4646456536770165,0.15639953083797734,0.21096412690787938,0.4908104481399762,-1.6410869251890114,-0.10024338392464717,0.0019489890399092455,0.11072074298323221,1.8612842185863272,0.0010147850670567476,0.2542882425095191,0.06466251027857998,-0.20674768796612564,8.588196804329728,1.7306092206751336,-1.9945549189983856,0.022256667965731294,0.030055558488236093,0.11653052836940819,-0.41038078955826124,-0.014597263979223308,0.00023537513102440347,0.015458294509012784,0.41807703235623445,-8.232816421088826e-05,0.18227705037970565,0.03322492309512575,0.058638898206356385,12.15679723463005,1.3157452603563327,-1.4426392745425012,0.007282237639408163,0.009809775437669999,0.07708840876799632,-0.272931134153089,-0.004974090850248412,-3.510441220901705e-05,0.004835684587421587,0.2688872971405869,0.000893644373469841,0.18176037245571874,0.0330368329952416,0.06832940130797101,11.63349255404119,1.3698406668042258,-1.489636126373284,0.009363947025990102,0.012626455663938217,0.07671821369964002,-0.26481732750493725,-0.006237602530535407,5.6482600865271884e-05,0.0063888531334028095,0.2714362293601082,0.004569171751702134,0.1689130929520301,0.02853163297062116,0.1380022824188921,8.509531178190564,1.248386,-1.148456,0.023582270887550105,0.031994,0.08326729065891804,-0.27098975000000003,-0.011543,0.005028,0.020451,0.2758,0.006463060417433669,0.21818172712065662,0.047603266049352666,-0.046201710849423705,8.674288238728508,1.3927348577375747,-1.3594126798499653,0.03204545008559988,0.043307898370821704,0.10665415747363577,-0.3409197913799936,-0.015222059938637495,0.007001552148349289,0.028085838432184207,0.35466604292810655,-0.00011348059063424617,0.09723756578055699,0.009455144198928147,0.006731194721373083,10.215194057023663,0.8501874297670745,-1.0684396102769194,0.007572482317796124,0.01022116978064753,0.043564107112517035,-0.159198771393755,-0.0050659671096892865,1.5931138792630343e-05,0.005155202670958243,0.15378909694325205,0.00914368275517375,0.30293751131588037,0.09177113576225915,-0.08836310903259974,8.867873305451544,1.9424764276458735,-1.898481464994475,0.04420995684808223,0.05964001868846028,0.147113871041579,-0.46853841160313914,-0.020929525892363344,0.009832306354205449,0.03871049279609694,0.4938296588888744,-0.0007246814127791287,0.058469689989459776,0.0034187046474635327,0.34301193135977304,10.174308631074057,0.4994191938333654,-0.42427051605985205,0.00691980974919802,0.009342647127903135,0.027077701022544358,-0.09636556293145451,-0.004859306418849118,-9.44148188566315e-05,0.004483340709054018,0.08944376575114701,-0.00016101389016908612,0.11780664155099962,0.013878404793525713,0.04545161404305271,9.59711008117907,0.8973240897625914,-0.8559415677866545,0.008410607620210987,0.011328951825428969,0.052719507604325484,-0.1965951684888041,-0.005660290175400763,-4.17357284738006e-05,0.005668661650028206,0.18713050747150545,0.0002884301093922164,0.07091256029811455,0.005028591208033732,-0.04116546979017382,13.680161952928042,0.595539430475754,-0.6330788918762079,0.006509993486755651,0.008779037095915812,0.030345803228784354,-0.0991894812376724,-0.004334450640854375,2.1509432825261905e-05,0.004444586455061437,0.103643008829933,0.00022088622055095,0.8845176464457265,0.7823714668738871,-0.0015844402715793056,1.8358042640028494,3.009934,-2.994254,0.6858206516341028,0.9248065000000001,0.6273229926786884,-1.6642505,-0.461044,0.000708,0.4637625,1.662169,0.00031590098614940495,1.2507582402979465,1.5643961756732156,-0.0015844637592208467,1.8393606713186292,4.250458301020613,-4.199405694459726,0.9677447480257969,1.3060002296135242,0.8864943313231498,-2.3468300311584156,-0.6510556841000442,0.00032357346878632634,0.6549445455134799,2.3584300635539264,1.0548538267063455e-05,0.015077830387399337,0.00022734096919118285,0.2876618920863789,4.708816733824796,0.26797111643635907,-0.07040687965984287,0.014997945907654018,0.020209915778247246,0.012205391689528137,-0.02270838194042793,-0.009796597889428191,-0.00020146106457404143,0.010413317888819057,0.02272518791432858,0.0004552535756802362,1.767999261865255,3.1258213899560863,-0.0015592362927492368,1.8519980483186833,5.941662462463042,-5.911446064534726,1.3479180402903648,1.8182594767194353,1.2509756298073205,-3.2977203405633104,-0.9076586009733015,-0.0013579989059629809,0.9106008757461339,3.315155505203172,1.1738136288497989e-05,0.049908351061213586,0.002490843505649339,0.04315689073241609,0.3504905948010406,0.4510309200758746,-0.17638309356717896,0.03663562740836318,0.04958906358644474,0.03779842206635128,-0.09042281196589536,-0.023922002814601905,-0.00020965394008546495,0.025667060771842838,0.09130269557069454,1.4398494997741603e-05,0.005922241054929453,3.507293911269192e-05,3.807492379616486,125.05832425039742,0.20561908547088664,-0.036977734838187594,0.005342055116184836,0.007210975291394257,0.004389484949576632,-0.008995308798630409,-0.0036518740361089113,4.961746577632428e-05,0.003559101255285346,0.008943355457245181,2.600022602734574e-05,0.020487977256189328,0.0004197572120501312,0.058980420684482227,0.05481517017204185,0.1851916829833672,-0.05336946307600063,0.02141637064052506,0.028880322839907453,0.016737804869774806,-0.03358250090346587,-0.014562870126777986,0.00027484287881113283,0.014317452713129467,0.0338226538590474
-5.610467479674797,7.481398489500378,55.971323358698534,0.9055641058756665,0.1559599797317408,14.8,-21.6,5.782148652171847,6.3,8.623069105691055,-15.084999999999999,-10.0,-8.6,-3.7,8.8,-7.883964872290619,10.620208316657154,112.78882468919377,0.9358607072903646,0.17726622069375875,20.825391169169094,-29.996264736808048,8.64683478115174,8.65907062682069,12.219249502458833,-21.35293980000678,-13.986692513291809,-12.401645389264615,-5.327621886471119,12.55757197702226,-0.03244040079186003,0.7785186606775353,0.6060913050231433,-3.391783024139977,32.980694987641144,3.1124666769333613,-8.152792820576119,0.2854559174187584,0.38029675831178883,0.390353322861916,-0.9386098521811784,-0.18920324797662308,-0.00658579737581233,0.19109351033516575,0.6876921258453041,-11.027484074571275,15.151242592859807,229.5601521076892,0.9577232668376165,0.21160074275211826,28.983373659098476,-42.95036092962056,11.881700065703711,12.301319269870524,17.327378694821608,-29.411095230029503,-19.84795632020547,-17.50414176327526,-7.546637050334946,17.88004708061368,0.09745461811876842,1.189176920097662,1.4141417472929614,6.3431009663101205,53.70439538155549,12.201765670252763,-2.5396496489724907,0.2898603232387814,0.3997928523355316,0.4439835418458645,-0.763863071741318,-0.19965798984596794,0.006741967464287679,0.20013486248956364,0.6426737210527269,-0.04561253984635709,0.7998902012543252,0.6398243340626848,-1.6466317325675939,14.119504465365889,3.1072912071735597,-5.817402233774727,0.30682964576522487,0.41522688356325077,0.43085540379523846,-1.4046634253457495,-0.1942834015028453,0.0072052912728718345,0.22094348206040548,0.7580684923886223,0.07049832109835567,0.7430075098136578,0.5520601596394928,4.228745000905956,33.10842869625483,6.850841202357864,-2.658673638211409,0.29225832560062315,0.38260503543725083,0.35340947168349596,-0.5568132744901517,-0.17093526722846197,-0.002751616392850296,0.21166976820878886,0.7415164384616495,-149.84908536585365,13.874521129099136,192.50233656181837,-0.3417844369422435,-0.48021860976611164,-111.8,-190.0,15.19667273968242,20.75,149.84908536585365,-173.485,-159.95,-148.5,-139.2,-130.01500000000001,-211.8131188122559,18.76460584332037,352.11043245517305,-0.17210326590434277,-0.918338901720154,-159.38226644733226,-254.8441489575087,23.703466545740042,31.850416402960832,211.8131188122559,-242.8527487160467,-228.7369349360616,-209.86590461845861,-196.88651853310077,-185.0135634553786,-0.029845688349302638,5.712033883718013,32.62733108874269,-0.16731480383771943,2.1019543942630703,22.06112143043873,-24.04978679932146,4.6627893928023045,6.325674966549163,4.205156147742699,-8.284841049468938,-3.1838531094328584,-0.13823008288829364,3.1418218571163044,8.830332865696121,-299.2119560330342,25.533543480502786,651.9618426707262,-0.2503863897735683,-1.0617911708947683,-230.6630028093254,-350.8413670929112,34.339889258822566,50.492427001894214,299.2119560330342,-339.8894728690517,-324.65833182022806,-295.4804040925072,-274.16590481833384,-266.7233840775403,-0.40234278477225005,7.155313220393841,51.19850728194288,0.142938548555232,-0.4712814509897032,17.97431791448436,-17.83414496625525,7.45565301683415,9.635352309376026,5.822601892670884,-12.492195853531154,-5.2709525501232815,-1.1046516556096382,4.364399759252745,11.732560527481846,-0.036279331358088,5.426421075884165,29.446045692799856,-0.1730899032901531,5.955268173794028,22.762958109384257,-23.27074294236277,2.3286701957073204,3.0363588173951594,3.1330930861551987,-9.531227442571915,-1.2531523740781705,0.1083857098371109,1.783206443316989,6.808640908647256,-0.1991706478601706,5.907306192905586,34.89626645674068,-0.0299658237942563,-0.25623052762133725,16.332430041516837,-14.236795655187777,6.124318333858131,8.449142650781646,4.735006000961941,-10.229629350006721,-4.326071206781119,0.24952775255912282,4.1230714440005265,8.903332077376902,-2.1057926829268294,8.083784895297647,65.34757823344239,-1.2840401195715936,1.8778592752596124,10.5,-37.3,6.968230426976328,10.325,5.9887195121951216,-18.585,-6.5,-0.1,3.8249999999999997,7.3,-3.003201188514531,10.75455761057322,115.66050939913838,-0.9278899442297448,0.39978339744867597,13.730488464952828,-40.89770314054717,10.35168786827556,16.09946849747392,8.400175838811544,-23.93121685456642,-10.598896388817405,-0.09797496558884189,5.5005721086565185,10.0162959864863,-0.08323186712318768,3.8050230240893255,14.478200213849876,-0.11229645943262614,6.3980306265289215,18.04796419253756,-17.272019584263674,1.9015078249568327,2.544143527075555,2.305679536473513,-5.7012387348978795,-1.293125717540244,-0.021990942471013963,1.2510178095353108,5.376352167044564,-4.31278605570775,13.791668452993909,190.21011871730738,-0.45746411211954946,-1.016085423818779,16.20980487739649,-34.5221191698895,15.709950730979093,25.034626671451313,11.46332923215721,-28.254032794907275,-17.425651142234443,-0.31109759211131954,7.608975529216871,13.269567833292935,0.028613389481773693,6.238366905278151,38.9172216448697,0.8773528060375937,9.519076340752902,35.11466331199341,-29.14520215262938,2.9573234841346348,3.9216743575322024,3.554953221780731,-9.068028343206109,-2.1656914088423598,0.008574208092995028,1.7559829486898426,7.511598771193917,-0.11567490853799589,3.1176664324432535,9.719843983983445,-0.22393868107712295,6.050965574963408,12.469888563809436,-13.688597546715439,1.2469398142994979,1.655703130639392,1.7831159241151335,-4.644024118588936,-0.9477269355251213,-0.12237752337240348,0.7079761951142706,4.850121369165242,-0.018782403801555447,4.340284970836531,18.838073628069466,-0.4685405443266943,9.328668594770061,22.08467760088677,-23.795731630707728,2.272712626957748,3.08007739609726,2.5619096924267,-6.005883147157833,-1.5533229557614672,0.03978742240429749,1.5267544403357929,5.336851564083334,-0.850609756097561,4.229236658976227,17.886442717628395,0.055768887059529,-1.4399108474440492,6.9,-7.0,5.930408874022408,8.2,3.8371951219512193,-6.6,-5.1,-0.7,3.1,5.384999999999991,-1.201086970486901,6.001031721181641,36.01238171862829,0.06503627289723966,-1.4396007320117588,9.739744351206015,-9.875065057900056,8.542116404269818,11.523861485540493,5.449677325422849,-9.319054464061734,-7.250213372643622,-1.0215306779336575,4.273648112896872,7.61439822856904,-0.00878131014872167,0.14766431063111024,0.021804748634161014,-15.642918308510588,304.8327761571528,0.3632727937272312,-2.9249846138569713,0.05810350611762641,0.07830886564395502,0.05425984517202142,-0.10523194446481463,-0.038705161205619676,-0.0011300847939585412,0.039603704438335344,0.09140056321755037,-1.7142420657193707,8.545504286424261,73.02564350929542,0.08118869312731644,-1.432692628485847,13.700080967022219,-13.874902988430797,12.06815500407553,16.5180551155269,7.7595600868297065,-13.121906522585132,-10.49588225982735,-1.340421034368336,6.02217285569955,10.9911388616446,0.019727731991253602,0.30949711759472126,0.09578846579944071,12.779514457625629,186.11027093205598,4.585630469167333,-0.8194054700658193,0.06732914385138362,0.09349140670595726,0.0840722049180951,-0.12022416340587805,-0.05065735098041077,0.00017680507879552776,0.0428340557255465,0.1450777022883555,-0.012143369050012426,0.12072968733933075,0.014575657405052558,-6.951513974958936,64.02302623466453,0.17815705184901018,-1.1720377319893756,0.05833672768027645,0.08226542366178961,0.05708883947665082,-0.11373785839739109,-0.0484474897906023,0.0030649569851038064,0.03381793387118731,0.09890470863062868,0.005369347402948043,0.16859083086617904,0.028422868252148587,11.971363380156552,169.12688075998093,2.43490305003752,-0.3053496759034427,0.05782714118340765,0.07611695594473787,0.05775697191664674,-0.10635624687716516,-0.04458797186497069,-0.005367895720152274,0.03152898407976718,0.08615789453453096,-0.381910569105691,3.671724801287858,13.48156301639236,-2.058575051466626,3.697288146669872,3.7,-16.5,1.0378215529539214,2.025,2.4471544715447155,-9.054999999999998,-0.325,1.1,1.7,2.384999999999991,-0.5278955895235967,4.120699264034445,16.98016242461402,-1.24705787103576,0.3297228382917554,4.039368268550677,-12.614085244412061,1.4985437047826213,5.562595979730184,3.230592930021216,-9.774777457414922,-3.283073887593982,1.6002745853494196,2.279522092136202,3.1806370757609352,0.07271603427537437,3.1368922976199056,9.840093286867091,0.27416914622969324,2.707589911797222,11.308203071067178,-11.138913569348682,0.530364114422014,0.738892647732559,1.7859477098589842,-5.973997780973392,-0.36223738503324276,-0.009741685461046617,0.3766552626993162,5.849877741079706,-0.7057522774262274,5.4236874881190085,29.41638596877868,-1.0930547990863728,-0.11535727320758804,5.0173662947261075,-16.091749643922327,1.6646210619761332,8.101537724364846,4.454075416795794,-11.062316363238896,-5.100709573926226,2.437217456357924,3.000828150438621,4.138445345173208,0.06457797354181978,2.0469413281689204,4.189968800965944,0.8687874722245794,3.7303930102261997,7.9955027453799765,-6.291659800543868,0.9048731793413872,1.1415672201253304,1.2461792320434442,-3.0796831870458057,-0.6643033957246129,-0.03123822912419255,0.4772638244007174,4.639434980761189,0.10115084859511607,3.534325217308769,12.491454741704677,0.16013207733815357,4.104378128418631,13.675711214977158,-11.541366390060356,0.2157227276445209,0.2848560551435272,1.7103843551461926,-6.841344797875205,-0.1386495750373142,-0.008455680862748408,0.14620648010621298,7.194863944216769,0.12398903724492807,2.626638822378996,6.899231503228517,-0.5340115105755507,5.604322244429246,8.922424787849971,-12.105255819186855,0.6238921712623615,0.8932656814357556,1.430633929211173,-3.8656681161343807,-0.3617222065142329,0.03771330758711505,0.5315434749215227,5.335729133536253,3.0845528455284557,3.3375184910501483,11.13902967810166,-1.5937863394088776,1.796433603057637,6.4,-8.3,1.4084721075803208,3.8249999999999997,4.144105691056911,-5.484999999999999,1.475,4.65,5.3,5.9,4.37140484504467,4.6919220746873105,22.01413275493808,-1.5487755979331588,1.626400474409265,10.37706054053803,-11.448046000024583,1.9249340860439277,5.45630856224005,5.852338037271253,-7.322969680577793,2.091743242346891,6.575565833796662,7.548051804586941,8.259613747145401,-0.03653713024850429,0.43092631465913134,0.18569748866570068,-8.637183496297714,84.69931694407342,0.6043082798046344,-4.517996861882166,0.10460694060394987,0.14119960590655045,0.14316091550639556,-0.2638058495397334,-0.0697546999422825,0.00529807028736079,0.07144490596426793,0.21546150278264414,6.217629942227825,6.549044542524663,42.88998441997207,-1.6111917204301527,1.935350985779749,13.691099830260244,-16.846417788592596,2.753914260835323,7.356434386314563,8.225314903758147,-10.528342626779393,3.2802908736390424,9.258400550813684,10.636725259953606,11.587894924624107,0.09765035278078787,0.8906056182640522,0.7931783672834947,6.218721650508351,42.6380887679822,6.759960267041556,-1.2970953694386815,0.17266105488031683,0.23138036296727912,0.2963466760602138,-0.43812175885109295,-0.10625140343810127,0.007000666543161338,0.12512895952917785,0.40254776485611105,-0.05076954698270743,0.34345144860727495,0.1179588975504356,-4.1632293000875595,18.61070651143914,0.3838926599358947,-1.9383546735217465,0.1023999650424345,0.1391603510399825,0.1511678555783471,-0.2569253558134801,-0.06522782300904258,0.003093736511897046,0.07393252803093993,0.2335161455192244,0.06384811273210551,0.494243556141807,0.2442766927876995,6.120683001236004,41.686834475365124,3.6815649136725517,-0.5519854635064954,0.1264352618042556,0.17568970084477054,0.1840910911796064,-0.28428214901912424,-0.06593591501972779,0.012004711687379653,0.10975378582504275,0.30057735878087555,0.001309369356811652,0.3050708957679692,0.09306825144467114,-0.4524560080430459,6.626915891457429,1.516285,-2.132958,0.06026926278447122,0.081361,0.15786230392854092,-0.529212,-0.038252,0.002993,0.043109,0.5330735,0.0018505270636769114,0.4165068272013053,0.17347793710529796,-0.3223170331513646,6.319556281258524,2.1065267507661396,-2.6957214962730385,0.08490836601525434,0.11468497283846735,0.21749857057446242,-0.7290512716552761,-0.05409550633004083,0.003793062441844722,0.06058946650842652,0.7333657244603471,3.828937351525076e-05,0.11244012493735114,0.012642781695927136,-0.02157659430656221,11.162197841609752,0.8392849165791543,-1.0084935450487804,0.007974215555817737,0.010750637173979519,0.04904393799396829,-0.16927252797270903,-0.005395916422023754,1.5736202619410318e-05,0.005354720751955765,0.16635072984401084,0.002613695796538196,0.5822150528552141,0.33897436777119977,-0.2750844798053563,6.222595441471128,2.9367149388083993,-3.6115100264941247,0.119975824056135,0.16190385032468013,0.30479863294967197,-1.0152950919151222,-0.07670336221578976,0.0062727653107096,0.08520048810889036,1.0336926343637916,0.00035295854144711084,0.08900888559182349,0.007922581714298323,0.3298949015349911,12.263725270001995,0.76237490642597,-0.8071994058453127,0.007410778272263368,0.009968220101966598,0.03981043646456228,-0.13157037767830576,-0.004961197321094981,-7.885309226570488e-05,0.005007022780871617,0.1298419531843328,5.335046537328103e-05,0.07724181383037622,0.005966297803806499,-0.09909307967282725,10.163042437892303,0.5813553605188476,-0.5767549119459072,0.008051876658361032,0.010853141815258769,0.035389740216512804,-0.12100583526678817,-0.005494120285311844,1.7836276405960996e-05,0.005359021529946924,0.12487672901188004,0.0002878582132132299,0.13897797520415778,0.019314877591847496,-0.01931702557541034,10.542477409940975,1.108584893973347,-1.0445835094293117,0.007682376939084642,0.010363528416987532,0.06036828921584451,-0.21068286836947261,-0.00517426302142926,2.445752540071599e-05,0.00518926539555827,0.2118681022633683,0.007967573621028078,0.5102725066882131,0.2603780310818725,0.6125260488261411,5.58571021419818,3.655411,-2.407391,0.08159946090211131,0.109776,0.2635784752510454,-0.894649,-0.049578,0.003478,0.060198,0.970718,0.011265431868080605,0.6952290225877774,0.4833433938483563,0.5447130320469661,5.13179519915086,3.929311793900901,-3.247441383983527,0.11500549694299952,0.15461242469454445,0.3627818434966747,-1.2265779109211612,-0.06980468853177109,0.004364813141588916,0.08480773616277337,1.3540060893762287,7.515466081674847e-05,0.19330903388798848,0.03736838258270748,-0.11515487714223424,14.81180607439715,1.8357882884628869,-1.8168796560154492,0.00900922775182166,0.012139061980047643,0.08072079924739183,-0.2780699886962107,-0.005979082735051208,-4.8336950725637816e-05,0.006159979244996436,0.27158358666821175,0.015925162163253313,0.9464635561374692,0.8957932630963844,0.5243354635656966,4.556144238057221,5.180361367701645,-4.378800134181371,0.161580712322916,0.21694540739036391,0.5017547561939544,-1.686654778376084,-0.0977165199941282,0.00624195094821295,0.11922888739623572,1.886662143911707,-0.000662330412732496,0.26594870680587507,0.07072871465171729,-0.13813049564528346,7.966514127462448,1.6330738124130475,-1.7964113959483887,0.0234287373356309,0.03162254394651666,0.12409486652041075,-0.44998167946193435,-0.01579794913074881,3.0361137392860018e-05,0.015824594815767853,0.4414923506883506,0.00010626769958873367,0.1935577278730297,0.037464594019369815,-0.08977719708651681,15.886095030199293,1.6685017876700614,-1.8465212229750174,0.00795304484892945,0.010727488493841638,0.0808708626801885,-0.2785915662856763,-0.005362589646467293,3.078476370954131e-06,0.005364898847374345,0.2751389773285121,0.00035318432565046686,0.19302668527147024,0.03725930122689123,0.10049904264872181,12.782332514766528,1.5700387504349533,-1.6624041115723085,0.009817907180431466,0.013234285473877845,0.08168053295702296,-0.27465908941169415,-0.006668867506087546,3.998995582419262e-05,0.006565417967790299,0.28274994724789504,0.005524370210223879,0.17570847627127023,0.03087346863357153,0.06350190354464767,8.908755826336808,1.392149,-1.281392,0.02232650680847586,0.030059000000000002,0.08497743401701136,-0.28171,-0.009487,0.005512,0.020572,0.296227,0.007812219301192115,0.22448404764291396,0.05039308764614607,-0.07868376733219856,9.696938446210735,1.5484515886255532,-1.5471738223247824,0.03036328569334041,0.04095091284318353,0.10674402219542449,-0.3423357281049419,-0.012338539946564215,0.008126987821272275,0.028612372896619314,0.3671430514626636,-0.00011122102696937093,0.1065298256476952,0.011348603752528337,-0.013430660638051543,8.62165421529088,0.759554392851635,-0.8971093957869943,0.00781999258260822,0.010557140499358023,0.04885568291049218,-0.17527931619191708,-0.0053041706092300574,3.659531412963002e-05,0.005252969890127966,0.17824121500937076,0.011046850800055671,0.3108918991966861,0.09665377298612242,-0.12452572763185625,10.017280759547107,2.0439570885501315,-2.11098968713441,0.042182428107525025,0.05689206977549484,0.14672306568787213,-0.48796205341835314,-0.016914406388400843,0.011506008753203768,0.039977663387094,0.5030961890839415,-0.00038153069708554027,0.06414983100499091,0.004115200817968894,0.2623943673303514,11.15782706412902,0.5727122011594334,-0.561626973419505,0.007121732261888984,0.009619735030862431,0.02975954724193984,-0.10482749752080894,-0.004934039331938638,-5.0081342044968735e-05,0.004685695698923792,0.09977704317840674,-0.00015686043620083192,0.13107750069851562,0.017181311189369365,0.042319043791432094,8.062987443087916,0.9121968181730294,-0.9073138853114796,0.008831417119243868,0.011901854959195397,0.06028683300903052,-0.22165089709840888,-0.005970839577784749,-4.511299308972448e-06,0.005931015381410647,0.21802479866179628,-0.00010739297975510061,0.07424296942788344,0.005512018509469635,0.1261123344277993,12.395434800363711,0.6412189858388331,-0.6236523852755147,0.006709439168742433,0.009039851017727845,0.0322594680265911,-0.10798877436757531,-0.004610324903386003,-3.554042948631468e-05,0.004429526114341841,0.10733127109567461,0.0001638811907945269,0.999608004048022,0.9992161617568703,-0.001457575875643097,1.8569396159147837,3.366192,-3.375293,0.7076979299703715,0.9547602500000001,0.6938640256450374,-1.94759375,-0.475561,0.000494,0.47919925,1.94622375,0.0002111731495806192,1.4135195271055803,1.998037453508783,-0.0014150356068812298,1.8604775815808612,4.754384996188213,-4.71658956314834,0.995802230676007,1.3436419853457462,0.9805545553868164,-2.755736643033693,-0.6693187751366381,-0.0002734512286586624,0.6743232102091082,2.7442920858212,1.6574614199904255e-05,0.01600813592181805,0.0002562604156914014,0.6202967346693636,14.352824874919083,0.41714143843036,-0.0971815081579841,0.017546986997741633,0.023646655654669564,0.013200070156913612,-0.02332479416411868,-0.011603341320923,-0.00012380542409461126,0.012043314333746566,0.023401961110842636,0.00023955299065562605,1.99815049550883,3.9926054027021833,-0.0012969686036467967,1.872372470535531,6.652465174390408,-6.662516254440494,1.3838860736025551,1.8683940275970037,1.3840109769966735,-3.8727301688205453,-0.9315485123440383,0.0010768098117237244,0.9368455152529652,3.8788254634635084,1.782682942849243e-05,0.05401284061890169,0.0029173869517228764,0.01716997504686752,-0.04804618553717166,0.3724166428709269,-0.1634638332930514,0.04281541057473552,0.05781458906343709,0.04167569395770885,-0.0954585743136536,-0.028586536854569855,-0.00016846588314898409,0.029228052208867233,0.09534535509311921,2.3735476502813165e-05,0.006285915584621798,3.9512734736991196e-05,6.990230120642305,294.3020651742711,0.284316519824577,-0.06537168623636952,0.005625385521652458,0.007588843203195592,0.0044765763484656985,-0.00917001052833122,-0.003770564847319861,1.562321901946292e-05,0.003818278355875731,0.009126702121145054,3.0254394021432668e-05,0.021749895123457236,0.0004730579378813889,0.11457011559319083,0.6957696360232877,0.24779689507316727,-0.11775835869785224,0.02472095488134066,0.03333576074277412,0.01812314027594767,-0.0345344325739032,-0.016796790792628788,7.502467691932737e-05,0.01653896995014533,0.034682259358688995
-5.5765005086469985,7.646181845043763,58.46409680747685,1.0135693819924696,0.20329160069573504,14.6,-20.5,5.633888430321289,6.4,8.798880976602238,-14.9,-10.3,-8.8,-3.9,9.5,-7.850428752060444,10.853736879513713,117.80360424971609,1.0398586301389665,0.22053191228416047,20.452021150399307,-29.555171997119494,8.28114673318001,8.989224053539939,12.475367922096575,-20.455287193714234,-14.486113370688322,-12.643296446612867,-5.496889317148384,13.43536964744484,-0.0205184585573677,0.7511157966209886,0.5641749399335824,-2.627494757288061,44.92238222166381,4.76147272674124,-8.543687163011084,0.3041897839865475,0.41355948361411254,0.35515102263713005,-0.65318822148621,-0.23242353113211842,-0.01954191932778876,0.18113595248199413,0.7028137111916106,-11.00265037298337,15.485937767487068,239.81426853848234,1.054917081838892,0.22561079761035563,28.821638714569,-40.600119481268656,11.633180443755062,12.628849752892261,17.705214451153658,-29.5556833578338,-20.32664600841329,-18.041254400841495,-7.69779625552103,19.118979640179482,0.12314457932370967,1.192147927589582,1.4212166812561355,6.440401428286437,58.03944640925883,12.683924538910619,-2.9034506269757268,0.36720484851628393,0.4843480112652608,0.4725919844151489,-0.7478851672499013,-0.2402151317881771,0.024642754169501124,0.24413287947708368,0.7959511696539212,-0.032937362284556945,0.7143387778839653,0.5102798895887571,-0.20369849504475368,14.837947844604596,4.676493775312088,-4.016356785724267,0.32984293901189965,0.44018519380084414,0.38361314945938585,-0.8069865670394887,-0.24129908855138987,-0.023625509178984077,0.19888610524945427,0.6866793054973659,0.010273836857931812,0.7781872076676986,0.6055753301776498,2.376756184683681,36.87321362609415,7.1754446617718175,-4.4402045547861935,0.2837137056721067,0.3793403974698174,0.35510020053777225,-0.5591959573310893,-0.17093056905548348,-0.008598260308119091,0.20840982841433395,0.6786458125003141,-149.76754832146491,13.759139191216518,189.3139112832703,-0.3584290198884749,-0.41094588209367533,-111.9,-189.7,14.677761963205425,20.849999999999966,149.76754832146491,-173.19,-160.2,-148.2,-139.35000000000002,-129.82000000000002,-211.6976866813016,18.71271049473493,350.1655340597629,-0.24080924803802353,-0.8077151172017327,-159.39610971978792,-254.12069347367347,21.795370658403602,31.124768163640198,211.6976866813016,-242.54910234100132,-227.16160395115276,-210.10472604580042,-196.03683578751256,-185.55794444106274,-0.09717358183799099,5.271150007112806,27.785022397485335,0.36845244097442315,1.381016822514928,20.752610207134495,-15.46583335400714,4.59556301575208,6.095926262107785,3.9493473414475284,-8.681923483419341,-3.214060339392847,-0.21939960576277961,2.8818659227149377,8.270636423644495,-299.09563514997035,25.401606466346173,645.2416110711197,-0.2803975159930657,-0.9826975073783029,-231.95175897041054,-353.35700451908326,32.32675692222843,47.7328493287406,299.09563514997035,-340.4245821859472,-322.55886187128567,-294.92426053035774,-274.8260125425451,-266.8518349910473,-0.5437940708829121,7.260847900816089,52.71991223878541,0.06317748787565776,-0.5021946799646257,19.304353937317114,-19.546566469522315,7.738664591496192,10.420660937304906,5.893669772305132,-12.564404413322464,-5.784795116742853,-0.3508320226713231,4.635865820562053,10.917419958866354,-0.12857624989972904,4.740957108977791,22.476674309167052,-0.24469508524823816,2.878678634628405,17.175296818563353,-18.061285174863553,3.4715949788627567,4.652302161354939,3.2500133052572826,-7.509766649545924,-2.5219522498591136,-0.19002592040555003,2.1303499114958253,7.544198158142287,0.5104178060688268,5.6672977148015615,32.118263388195,-0.1198546064495376,0.03558859279887727,15.508016130016912,-17.29309993840145,5.975640570658993,7.905377401087959,4.530765074751032,-8.319610183697602,-3.4941061373887465,0.10623145190883132,4.411271263699213,9.605725843071198,-1.9781281790437437,8.074358126909939,65.19525916159658,-1.3062265917732827,1.8139983636322592,11.0,-33.7,6.8199702051257685,10.05,5.9382502543235,-17.99,-6.15,-0.1,3.9,7.3,-2.8204215878878935,10.67055674337967,113.86078121368536,-1.045813605270665,0.7459233342310463,12.253010417725621,-40.998993576699014,9.455279083774053,14.171441754095936,8.10905240545365,-23.583199436231826,-8.815407200231618,-0.181078452402876,5.356034553864317,10.110250533503244,-0.04648371760328242,3.9850853648853777,15.880905365423624,0.21019299802785468,7.5694936768474985,23.00272661762092,-19.348008443970492,1.898727637389878,2.5690407575869054,2.3197848199247524,-4.705009896196883,-1.364981558572628,-0.07582746329321544,1.2040591990142773,6.426584480279301,-4.052857231133055,13.279245393697137,176.33835822602663,-0.4022970155623004,-1.0846906712438245,15.700998741941293,-33.08820318530601,16.280962174596947,24.45949437649771,11.036951654178086,-26.769604241816573,-17.060214220608728,-0.42183337827264666,7.399280155888983,13.595287550522372,0.2526336778607296,7.021035229551465,49.29493569460279,0.39254531194810266,5.517684761863119,35.174819401150664,-26.798593038140915,3.1831031121079807,4.306604648114168,4.18591563824578,-12.542521083841333,-2.0819045015460156,-0.13558160786000445,2.224700146568152,12.737392831349734,-0.06554999820398898,3.159410101477769,9.981872189319768,-0.0555358744801129,6.012952927349852,16.426109891595832,-13.830747435840893,1.5583171539070804,2.0773286358854186,1.915054474006778,-5.7136258119948184,-1.033314989771538,0.046262078743017576,1.044013646113881,4.516870314654646,-0.045657423187901544,4.619116125368156,21.336233779636125,-0.11623290764038025,5.542661299948339,19.299971624176077,-20.29402121905033,2.0314615727136145,2.7539429758811735,2.726551392269895,-8.555448392977862,-1.3213798001074732,0.033439250724509845,1.4325631757737,5.292242817119169,-0.8034587995930823,4.214631810991217,17.76312130221911,0.0280034130568908,-1.3933501199180898,6.9,-7.0,5.7821486521718475,8.25,3.7692777212614446,-6.6,-5.25,-0.4,3.0,5.5,-1.141871689846432,5.981197527036865,35.77472385743191,0.038989169014371265,-1.3953025694083347,9.699904438800498,-9.83326323216034,8.28120791822835,11.796879419566267,5.356377800491569,-9.27974606494012,-7.500410207926887,-0.6603262066069115,4.29646921163938,7.779350645117838,-0.005731222986352262,0.14954818264061542,0.02236465893111087,-12.590105855328579,233.83138253232545,0.5340811597472191,-2.7697124925825913,0.06460588011213783,0.08720383139659607,0.062306259822787556,-0.10289113497495224,-0.046538623415536884,-0.0030919981259461826,0.04066520798105919,0.10438732106634652,-1.6303433616340932,8.516134289115076,72.52454323024153,0.05616054739560991,-1.3919272161016292,13.602825649163208,-13.8508114945647,11.753126680608352,16.75468142448578,7.6251304366402355,-13.096104477503253,-10.725884836593696,-0.8919380792588009,6.028796587892087,11.185758264817714,0.017239304204011142,0.28997629479011516,0.08408625154020377,12.01060725265939,171.09898328569435,4.2061499002719405,-0.8117142578113885,0.0762525886338632,0.09901177203984762,0.08668526943702662,-0.1463588473354117,-0.048447039397480574,-0.0012840048271907864,0.050564732642367057,0.13343104936954964,-0.008093890754210678,0.12934817053340278,0.016730949220338246,-4.530050319635706,40.75821861726104,0.4260675684652664,-1.1438074231608728,0.06255068079971231,0.0826109900930719,0.06657510061354728,-0.12952526996262326,-0.043146089599116595,-0.004157924291601076,0.03946490049395531,0.10569661830074664,0.007449223121116972,0.1654678232896781,0.02737960054422414,10.542000549511192,144.75106697701025,2.3014513661460154,-0.4878568090963444,0.06695446564162018,0.08988949453398756,0.06572781301464582,-0.11144669859490408,-0.04662683756310147,-0.0019422652886060257,0.04326265697088609,0.1017659460606056,-0.2991861648016277,3.5440864374943186,12.560548676431171,-2.1483022451449294,4.1748466459902085,3.1,-15.9,1.0378215529539212,1.8499999999999999,2.3679552390640892,-8.89,-0.2,1.1,1.65,2.3899999999999975,-0.4090783554864073,3.948737863537899,15.59253071493785,-1.2822972753925386,0.46854898664998723,4.397677068219436,-12.806486213512645,1.4517910955987245,4.9225360999998085,3.1149105122989624,-9.033966372221013,-2.6798076323560265,1.5357128266565467,2.242728467643782,3.032519722556147,0.031697770566297925,3.06289855952974,9.381347585969356,0.538099304779491,3.7392464946664203,13.086283317909043,-9.726974398180873,0.47647371873791083,0.6617680670645719,1.6560396688278154,-5.683951909813755,-0.3821037919773461,0.006101390897490122,0.2796642750872258,5.463920657095528,-0.5397526412488223,5.106465987476676,26.075994881256143,-0.9953072146101031,-0.5200512106739459,4.764274917718617,-13.937723933402976,1.6395052953001006,8.019893537667954,4.289181803243334,-10.452654288065897,-4.911224272857545,2.315645775345431,3.10866926481041,4.161624794199288,0.08456736570162932,2.1880170672381682,4.787418686525514,0.3773284709250535,2.9363963714138652,9.042484737874203,-6.7307426891484,0.805004174591121,1.0779649978781616,1.336423871746017,-4.099235800973504,-0.4862590645735394,0.040286549724735096,0.5917059333046221,4.253072360861061,0.04471533024128751,3.209465548083325,10.300669104333798,-0.3725572250441041,5.416962975475451,13.082642161359567,-13.83923357961056,0.29711602887765776,0.4015208316543383,1.5949350629074448,-5.284653795580843,-0.1853532584580687,0.007556665129188423,0.2161675731962696,4.897251752310468,0.08586860631620882,2.862362963802688,8.193121736549308,-0.45916554234722456,3.3445066969828545,10.458183035500424,-10.296225873787947,0.6544357379278636,0.8399609720407639,1.6282593914590802,-6.042669478568129,-0.2451700167610244,0.03864540019915277,0.5947909552797395,4.782112864804597,3.1702950152594096,3.2177048072022623,10.353624226292547,-1.6381167953956517,2.0237513358415846,6.5,-7.8,1.1860817748044818,3.6999999999999997,4.125127161749746,-4.890000000000001,1.6,4.7,5.3,5.9,4.487165338646929,4.50958294830432,20.336338367637083,-1.621457508936948,2.008287954778461,10.01255875784645,-12.081973929798966,1.7187858580420972,5.071269996761538,5.806465194510107,-6.328399239431247,2.358499047575405,6.623459591950141,7.429769044336943,8.356580062781601,-0.0028339323489340483,0.49604902122933514,0.24606463146258137,3.2968584300957415,96.41938611781954,6.108240617584547,-4.554080766269275,0.1055423170067679,0.14126912043506756,0.15267067204744236,-0.262019820581275,-0.0709311873422065,0.001231481443640825,0.07033793309286107,0.26591613621805416,6.355830994117354,6.269151333664495,39.30225844438731,-1.638128646795202,2.1674622375334556,14.055570533076656,-16.34443433380635,2.5001648007068535,6.91654296980229,8.11557296494571,-8.865051130892681,3.5180871246781464,9.271462885206601,10.434630094480436,11.583811594707461,0.07006818964740323,0.9389112891562122,0.8815544089049805,4.973672658046908,35.63511440967249,7.0687954742989625,-3.5498132287910416,0.1852663084277874,0.25212966422591704,0.3229093808180078,-0.483884310175352,-0.13208884487767927,0.0016104564338517147,0.12004081934823778,0.4311950433490706,-0.00403976208513698,0.3549779864541975,0.12600937086707642,0.633610372254554,26.439272583578518,2.6403174586536307,-1.8642935482954697,0.10941709670625763,0.14731311924768087,0.14831318796472182,-0.2382739818258109,-0.07739034767579149,0.006327034259015471,0.06992277157188936,0.23310487660705692,-0.01654331380594867,0.5991946404108893,0.35903421709713496,-3.39282129991403,54.89291621232308,3.770618102774729,-5.56634695258972,0.12897527358074787,0.170966208396787,0.19625555178005735,-0.31167962169186075,-0.09408822426454054,-0.00438922903331172,0.07687798413224647,0.2675616309450152,0.0008888804537521815,0.3058085915486558,0.09351889466497261,-0.43508816666179867,6.734488731322614,1.35808,-1.895353,0.060444209846254884,0.08146424999999999,0.15721395781477987,-0.5107585,-0.03936625,0.002517,0.042098,0.5248120000000001,0.0012598439614162145,0.41987980473676195,0.17629905042578137,-0.3167353284362267,6.586407170573189,1.937567363348157,-2.4077230422576705,0.0850188468594094,0.11481819630508766,0.2169075180390773,-0.6856120625803046,-0.05586386062974141,0.0031288216155097902,0.05895433567534625,0.742516344402639,0.0005639244459502979,0.10355030612624151,0.010722665898838331,0.149743361587894,11.502348969177191,0.8187560911258182,-0.8078849561932069,0.007764497235300165,0.010467321864308264,0.04544320581658858,-0.15616285980179873,-0.005233052610334654,1.871476507011476e-05,0.00523426925397361,0.16209280755719613,0.0017896099889842582,0.5883897556696722,0.3462025045770166,-0.28597003487305905,6.603171970999533,2.7118191015357787,-3.288308535796641,0.11979340168738958,0.16149812432095223,0.3037632657222766,-0.9645115273017032,-0.07825772752037714,0.004836214875202295,0.08324039680057509,1.0329009585201714,0.0009010900173108549,0.07959568778052567,0.006335473513254923,0.13643711843675307,11.738751158863536,0.6598087323600133,-0.6606764724098401,0.007396724535522771,0.009971847163072296,0.03583291645015443,-0.1168465547748134,-0.005020243666693479,-1.8531457271287258e-05,0.004951603496378817,0.1268898667239724,0.0007969314323080015,0.07424001037232027,0.00551157914008222,0.12298706095943188,10.19082633214985,0.6041962796944935,-0.6075744623890974,0.007705541727826398,0.010389277477051215,0.03425251203114723,-0.11616364794811529,-0.005145297949776742,5.774581190977994e-05,0.005243979527274473,0.12367997285805296,-0.0018697798840108914,0.12620058835725417,0.015926588501717118,0.001768297391849839,11.2086426055696,1.091142743674599,-1.009384680486253,0.007807797771300517,0.010537678667944474,0.05481748422860435,-0.20909678031939655,-0.0053479154928637185,-6.200897015105894e-05,0.0051897631750807555,0.18050643702292213,0.00761844525505679,0.507251367510251,0.2573039498410198,0.5924481703013249,5.511233322058295,3.495283,-2.721157,0.081510504769001,0.109897,0.263310793808829,-0.91021175,-0.049638,0.003598,0.060259,0.96238175,0.010773378386852684,0.6930653994817956,0.48033964795886086,0.5620621425516972,5.102211158749517,3.936402227572212,-3.590383439766909,0.11522057162593502,0.15498006387999536,0.36293666795976587,-1.243040080724021,-0.07012816458108508,0.004790008599265436,0.08485189929891027,1.3450678324739018,-0.0017629038087674303,0.18499007791806438,0.034221328928131525,0.049156310041699805,13.711024668931973,2.086083356312717,-1.7122047396966942,0.00898244068544131,0.012146201909063513,0.07883412588155761,-0.2768409096545272,-0.006222691101510426,-1.125348334498114e-05,0.005923510807553087,0.25950450763548044,0.015234102023759816,0.9466248669433812,0.8960986387155742,0.5455344433003603,4.698395157578823,5.093624114027412,-4.499049297694168,0.16150801085047597,0.21727752406469747,0.5022922372628748,-1.6922188524846014,-0.09671223590589843,0.00745013190154302,0.12056528815879902,1.851415008797414,0.0024143825826864664,0.25379391307358107,0.06441135031320042,-0.033053460040862556,7.974940900285988,1.6192993555637487,-1.7618408448732452,0.024589605424079862,0.033172015789737115,0.11951082631968737,-0.42776866014024895,-0.016088302212019748,0.0002581428314367228,0.017083713577717367,0.43012669996445146,-0.0024922504591173393,0.19212994421840845,0.03691391546536875,0.014612857382166555,15.227647843990482,2.0214176825287895,-1.946409834310139,0.007742110102731005,0.010399082431349519,0.08194444733874828,-0.29982530334499646,-0.005361124430316189,-5.390917132966531e-05,0.005037958001033331,0.27674821193472254,-0.0006331483971752808,0.17752917843095914,0.031516609194371326,0.007689880532222869,12.811370216315229,1.6817605718408635,-1.5720448043286248,0.010123493432894932,0.013643809986897272,0.07575003672176572,-0.2682606005674363,-0.007053665124696766,-0.00012561631233975787,0.006590144862200507,0.262822734334941,0.004961590121019656,0.17720086661285642,0.03140014712834733,0.06088472368005591,8.181337246172452,1.350417,-1.073278,0.024479245229745997,0.033023,0.08706637566160275,-0.28535350000000004,-0.011241,0.005331,0.021782,0.288561,0.0070162701091339985,0.2269490199668704,0.05150585766392294,-0.13646482435550425,8.423503192510797,1.3998272694425398,-1.476565183006038,0.03317476850526901,0.04473033066042259,0.11091644896715357,-0.3608113869410657,-0.014536227920116898,0.007853398877615844,0.03019410274030569,0.3691740749596246,-0.0006824444972921963,0.10624778213859677,0.011288591209370724,-0.012660264066935632,11.480282987532009,1.101485047270226,-1.0347459049130894,0.007750356888863393,0.010454944677495545,0.04768334660877523,-0.17095521648353448,-0.00521804911985148,-7.219059905676987e-05,0.005236895557644065,0.16825783833521846,0.009921067968611027,0.31534676671172834,0.09944358327554122,-0.1901179092544512,8.508509114060093,1.9823401897791981,-2.00467501858938,0.045874179908154865,0.06182880002271948,0.15381490133711054,-0.5001456719319375,-0.020267611651423673,0.010753169848982218,0.041561188371295806,0.5190902739016466,-0.00020451205691449299,0.0595855362696057,0.0035504361325364962,0.2223168311301366,9.072191521902733,0.4431558392421489,-0.4364321436989021,0.0070369752794187425,0.009478561853270926,0.028165559559205102,-0.09866318322344132,-0.004786775223529911,1.15606616333001e-05,0.004691786629741016,0.09400958435479781,-0.0009648263630168581,0.13545563310935274,0.01834822854105558,0.04280184558337235,12.106614560603186,1.4226413779786098,-1.1583570355758335,0.008492864775791658,0.011472731304789329,0.06017065747532469,-0.2162098874583194,-0.005834411226130494,-6.438854294457165e-06,0.005638320078658836,0.21392475926611032,0.0010510311194260888,0.0649922072172794,0.004223986998973785,-0.004016650172381341,12.883730755924566,0.5492574333905725,-0.5530334111463108,0.006731059551771385,0.009108733149331413,0.028810643925596013,-0.09192134965376664,-0.004372227191282166,6.791115446009116e-05,0.004736505958049248,0.10200135285944316,4.3198023059536745e-05,0.936194494875018,0.8764601322342901,-0.0013022249668428643,1.6032822187016622,2.936359,-2.94905,0.7002812123722972,0.9449335,0.6606209500615111,-1.818256,-0.47119,0.000115,0.4737435,1.8228232500000001,6.645678590569175e-05,1.3238516058914904,1.752583074421478,-0.0013048871022865827,1.60621328062712,4.123413051026085,-4.15587435389598,0.9872428425714833,1.332247211713153,0.9336342004530975,-2.562133039187724,-0.6652597210808757,-0.0004761386186577683,0.6669874906322771,2.5876707579763063,4.02177738716741e-06,0.015213964098988482,0.0002314647036053104,-0.7784492015922848,29.106286563621275,0.186688021522113,-0.47920366449185586,0.014565672871389325,0.019625242530969943,0.012010987100215318,-0.023300906670874363,-0.009762392692045735,-0.00010940222909995578,0.009862849838924206,0.023157144340703813,0.00011123224595626316,1.8713635651114715,3.5020015928267165,-0.0012904271074269157,1.6164369529652118,5.805283146049719,-5.7975410179745595,1.365887963263162,1.8429512110892459,1.3179555936672764,-3.6284481187625137,-0.9198934931197374,-0.0005428559396058151,0.9230577179695084,3.63514114927357,4.910208307772912e-06,0.05236656177016784,0.0027422567916288035,-0.08674642457423043,0.976046776584599,0.2790946087549658,-0.581282953382224,0.03981742961963782,0.05374185883226243,0.03931565723596177,-0.09408351370504567,-0.026058111963621206,-0.0005020466514189803,0.027683746868641224,0.0946739832038344,4.6870503512150324e-06,0.005884523534139043,3.462761722383625e-05,-1.5308238054745908,95.36717017174541,0.12372710427642547,-0.20029582475745128,0.005095812461523993,0.006877118861569841,0.004309769849664353,-0.0090445683977185,-0.0034384176308621087,3.291924515039604e-05,0.003438701230707732,0.009045627710239664,3.204156046092933e-05,0.02069634874847095,0.0004283388515183351,0.5385705787480247,11.179841590286333,0.437621670986315,-0.11698579392961468,0.02004004846905587,0.02708892879934751,0.016500429802541766,-0.03422231800189768,-0.013664311638381998,0.00022802216290345237,0.01342461716096551,0.03437285038502463
-5.763109756097561,7.803291134165056,60.891352524538966,0.7716497964615453,0.1355587338908517,14.3,-23.2,5.189107764769607,6.6000000000000005,8.861890243902437,-16.6,-10.4,-8.1,-3.8,9.284999999999991,-8.092867379165567,11.072544067404781,122.60123212462081,0.7953092300713275,0.1391444317443966,20.120108754970833,-32.331568656116886,7.450519763237999,9.254165277338343,12.547159964029241,-23.69354929127055,-14.575588610393208,-11.367986846136038,-5.321423333054865,12.941212769663805,-0.0854403585521876,0.6810654111329492,0.46385009424169305,-5.2357814149774455,50.16814971434053,1.8164626982110796,-8.037188192898101,0.2887434006230737,0.3956260152685071,0.34004223911443254,-0.8801580630536759,-0.22457491124168483,-0.021974484232542113,0.17105110402682228,0.5377850464043843,-11.295402441369284,15.761203823196979,248.4155459563591,0.8142267905687165,0.16299348760015597,28.318240285726404,-46.52808021059263,10.580667461759447,13.026161483085922,17.755547482569387,-32.07881825894856,-20.49516879377436,-16.173490087841397,-7.469007310688441,18.307032437267978,0.11833522798913526,1.1682000528237275,1.3646913634173599,6.859560875448933,56.32812040532567,11.943973068912145,-2.1629213157622216,0.28265631631398186,0.3816451264436607,0.3971818945942226,-0.5295710922044311,-0.18767151014041772,0.0044285955209177885,0.193973616303243,0.4959321994391597,-0.12011698644294806,0.6670889252668921,0.44500763421373724,-1.419828778106958,6.311367657280561,2.5351698565216516,-3.466649951077869,0.3203356937810968,0.4211463429026445,0.395298688119996,-1.585573490249386,-0.24976640125370378,-0.019463263057112625,0.17137994164894077,0.5242557503267168,0.1102579820028492,0.6780610020828289,0.4597667225455702,5.926459421700081,46.6069741111034,6.722830761211106,-0.928346806378441,0.2810903536525335,0.38433901509714974,0.3107334983426233,-0.44099139649459984,-0.16629143743730507,0.05705140467196857,0.21804757765984467,0.5651594076425803,-150.48760162601624,14.338037446772066,205.57931782503803,-0.38005650352378945,-0.5337121437980823,-109.6,-193.8,15.19667273968242,20.900000000000006,150.48760162601624,-176.38500000000002,-160.6,-148.95,-139.7,-130.5,-212.7154963502307,19.37896888150723,375.54443491042565,-0.23161761434420242,-0.9065591191639069,-159.82231887401036,-254.8381008951754,23.28126300021752,32.40829330865233,212.7154963502307,-245.51551577788595,-229.5667830835622,-209.55956297834592,-197.15848977490987,-185.73327540704133,0.30479277806953176,5.935585063395486,35.23117004480359,0.08207265777140835,0.6505407875020937,19.006862182875274,-19.518550642681532,5.094152769348336,7.103174445057272,4.507474492223159,-9.559914267884732,-3.1371191018465856,0.11197507293262632,3.9660553432106864,10.713234357291325,-300.4849703680442,26.55946473963284,705.4051672558002,-0.33037343444491735,-0.9500195916838314,-231.1570109546782,-358.35535977278266,32.65196368527127,50.90337956508961,300.4849703680442,-346.0801144903123,-326.61417919936946,-295.83878878878846,-275.71079963427985,-266.0961468362165,-0.3918818792430652,6.672955032796281,44.528328869721214,-0.06420974568694092,-0.3490499213415603,16.100055895030458,-18.502409832579104,6.7403064921476235,8.799856953358912,5.380316168716949,-11.314993990121867,-5.0637154058900355,-0.04487151680374524,3.7361415474688764,10.697538090005473,0.4297981493459386,6.314476340569255,39.87261145560889,-0.013472417069345573,3.6954347210022602,23.298817925275287,-22.942449979036475,3.7893568824787165,5.131637036451041,4.142335034739758,-9.784425119950352,-2.0211440108622165,0.4799124463538619,3.1104930255888243,10.027803580919263,-0.5514568244059438,5.415999808851708,29.333053929481736,0.16156383574392455,0.7786746981615553,19.06625490410708,-18.781281691603013,5.723624215614315,7.444519680081914,4.2780708733870405,-8.732452070259882,-4.109478768711435,-0.5653084403046225,3.3350409113704784,7.304412943028661,-2.205691056910569,7.31847312714095,53.560048912684245,-0.6800972754627806,-0.21161141466387434,12.1,-29.0,8.006051979930252,11.625,5.942479674796749,-15.9,-7.925000000000001,-0.5,3.7,7.0,-3.1447710908053264,9.862199076953129,97.26297063345514,-0.43260090828464104,-0.9798491540476122,13.313169845099418,-29.543638961716045,11.923390016151226,17.69704696644535,8.280580627123705,-19.223607337028326,-12.518333678694734,-0.6987072200433676,5.178713287750613,9.688610551442856,-0.012024629605857937,3.0780057336270192,9.474119296240804,0.1395813211698639,4.810780871121084,16.996090307667714,-16.45706716372823,1.78232656324636,2.4316428385386275,2.0218363408677718,-5.340213327439933,-1.338759233236365,0.004072036824968817,1.0928836053022626,5.485093188457802,-4.511605190918307,13.547374137188829,183.53134601297276,-0.33766914651184604,-1.2474062999419877,15.966606427899235,-32.33351727824161,16.44495426527116,25.981052723015292,11.505201699783985,-26.437684184785134,-18.58621562157439,-0.4638876765041241,7.394837101440903,13.210950153008008,0.02298873585905074,3.0645971243067307,9.391755534309084,0.724545412712072,5.477135125392618,15.647720113552147,-14.68127771382452,2.331859837040122,3.2386615096659055,2.151962660536231,-3.7519899273779203,-1.7407589399849042,-0.2483317971660493,1.4979025696810015,4.618015564977898,-0.01655557877629655,3.4115916770763572,11.63895777109667,0.4792599049379651,3.4862339926297095,14.844115809073289,-12.193141056531934,1.5334811557499992,1.9955270548561972,2.0938794479534364,-5.922135889173177,-1.080924368915997,-0.015754391522190738,0.9146026859402001,6.528745442113757,-0.007775196341907082,2.6548335757553887,7.048141314958144,-0.33609596663279556,4.187164040151692,9.864778486092526,-14.381819775767,1.879395853099411,2.4818165533008605,1.8607473741769929,-4.033769587311308,-1.3307204618673123,-0.008820163441292234,1.1510960914335482,4.0009196892362,-0.8525406504065042,4.166139842512723,17.356721187371935,0.06313883976538608,-1.3714917168773306,7.0,-6.9,6.2269293177235285,8.3,3.728556910569105,-6.6,-5.2,-1.0,3.1,5.4,-1.2039408985845774,5.91413960940816,34.9770473195705,0.0712381519756108,-1.37122519674228,9.854127955437937,-9.744204149741464,8.691538940195338,11.900790786446073,5.2954454751393945,-9.300579618939025,-7.40182409482046,-1.3219966284937539,4.498966691625613,7.686095169376282,-0.005948152489318618,0.09974041127532808,0.009948149641371593,-10.179273623639268,167.77933676547136,0.17507279790027824,-1.7021627970918458,0.05700487476300569,0.07747547837737975,0.050928992224344806,-0.10099959115196801,-0.0399032018094273,0.00013031192054213658,0.03757227656795245,0.09893151667195266,-1.7184026675317103,8.429909632069666,71.06337640486095,0.08919137424600758,-1.3695101553561313,13.77265101831469,-13.686812613629497,12.62668221341493,17.03854590211545,7.557708854296893,-13.111802571203064,-10.794787514258141,-2.3015822083593824,6.243758387857311,11.080788959682604,0.006622749110265945,0.19156003654670284,0.036695247601774124,10.189504959133789,133.61999670104254,2.6074248003797362,-0.43466584646798756,0.06829487646389996,0.08635417109742535,0.07303701219176846,-0.13485451805360976,-0.05144740970555746,0.0004630569805909035,0.0349067613918679,0.11992905991981295,-0.008292114790568106,0.08546410035384532,0.007304112449292143,-4.271499405268587,31.640604400708412,0.1391177841984483,-0.7098421624000613,0.06065651071108492,0.08161060651943389,0.05192955210716727,-0.11020186799285289,-0.03922861075468555,-0.001938490610818619,0.04238199576474834,0.08615969623517375,0.011103569487835429,0.11084048818812313,0.012285613821781461,7.922017354392108,95.55043625191651,1.3978898139023186,-0.17706451449521513,0.06214997908517059,0.08325269758628684,0.056424203122833395,-0.09495542040568021,-0.03566468505936134,0.0031625467236540833,0.0475880125269255,0.11145318995486889,-0.4184959349593496,3.6355353457205553,13.217117249983476,-1.9167567880118956,2.746359233087447,3.4,-14.6,1.1860817748044816,2.325,2.458943089430895,-9.285,-0.625,1.0,1.7,2.3,-0.5798681526684651,3.941302353076973,15.533864238370084,-1.0690088594111113,-0.23363384031516787,3.661167124283228,-12.681049109144913,1.7409737215456746,5.806117239447113,3.1859825114495974,-8.38989799513858,-3.604241462276338,1.3853754544387602,2.201875777170775,3.0652237139891843,-0.208988979414602,3.2744428096105285,10.721975713410092,0.10702593431804366,2.020125597109181,12.064295859824453,-9.534386508097688,0.5475539714054264,0.7641063371907842,1.8605091076722193,-6.8197427847478265,-0.5212386942032647,-0.020722702458072173,0.24286764298751948,6.498612208667331,-0.7795250149877815,5.32188998197597,28.322512980256196,-1.0125110423754529,-0.47230703204792324,4.878728181335749,-14.354643235668124,1.4912284667046973,8.40764265488655,4.392033588274937,-11.239585127648603,-5.426595625315301,2.3411907184973675,2.981047029571249,3.931239286266444,0.10717452366043703,1.5574660840763066,2.425700603047985,0.22856705508099942,3.1145128801698627,5.832967966752347,-5.559127630727944,0.8062602512581473,1.0490933749424494,1.0048282558434223,-2.4832377615981764,-0.4361908638754467,0.016548263697505977,0.6129025110670027,3.071716833827576,-0.29123363882995107,3.8694837811450533,14.97290473254462,-0.03680550639544485,4.100970405287003,13.862893712949196,-13.095191203581074,0.3028887049996596,0.48466377750496803,1.9225548746586962,-7.852007677642819,-0.33444842565906246,-0.014150830978486281,0.1502153518459056,6.697502305617509,-0.14245152434092917,2.4805498859077146,6.153127736476775,-0.7923450462042676,4.858130642894385,9.773419084674831,-10.292013769409017,0.6051882305594544,0.8182801032096962,1.352953008156057,-5.171543948120615,-0.4101852006633845,0.01828180106615243,0.40809490254631176,3.6052556596677854,3.06270325203252,3.3218391066022486,11.034615050152025,-1.5440975384325846,1.6013644694525073,6.5,-7.6,1.1860817748044818,3.9,4.123475609756097,-4.8,1.4,4.7,5.3,5.9,4.3286051252059154,4.665194982059235,21.764044220630666,-1.4997194382729466,1.4396566271375155,10.313678494953683,-10.758563198279047,1.8412572103577671,5.370848040465484,5.810713226292694,-6.664588201885596,2.051694332009613,6.631846334604527,7.422542372475097,8.296044057136212,-0.04152516070098189,0.42288682714740833,0.178833268574802,-8.503234937916412,85.26283369222072,0.6658997085015084,-4.833533733883717,0.10838547618854541,0.14519445472809236,0.14629371470878388,-0.2863302326698516,-0.07604402964639398,-0.0010831195979895125,0.06915042508169839,0.24684948928689035,6.117096680418218,6.4946884843651,42.18097850894464,-1.5602507300772406,1.7471171395729375,13.874174479142905,-15.811648508347144,2.6444963916225785,7.322078220623453,8.142737919623471,-9.185855630570092,3.1043586013007025,9.280354077814264,10.426436821924156,11.73503601454141,0.09976810246569606,0.8779644423173504,0.7708215619736161,6.265064625023752,44.10171663961149,7.231948476293942,-1.3963219911976195,0.16698569124991264,0.22592553163826187,0.2942628883463828,-0.4786103391161145,-0.09971914136485746,0.0068655150579731705,0.1262063902734044,0.4680538260299613,-0.05768804247286622,0.3377884337869405,0.11410102600023429,-3.9718219321652675,17.87641481069987,0.40070395724755237,-2.021516861458183,0.11238496928215216,0.15189356866379097,0.15448995754614273,-0.3185117784413348,-0.08051934233847642,-0.004098555942892702,0.07137422632531455,0.24297729570631343,0.05182746827671953,0.4858148863487057,0.23601610379800583,6.204236371982554,43.58318018907746,4.015458231188231,-0.5129899176770573,0.12361850833373762,0.1683137077261955,0.18154929864543604,-0.27514818369312316,-0.09055952288927016,-0.0006327610998014587,0.07775418483692534,0.32333509369977154,-0.000530628143320537,0.2833103821118741,0.08026477261237612,-0.5599160958021941,4.967360537491633,1.261802,-1.894581,0.06238345354806021,0.083976,0.154078815031396,-0.52879575,-0.041164,0.002042,0.042812,0.5152142500000001,-0.000750493502797024,0.38696243421580534,0.14973992549422147,-0.43198994016417136,4.302273699584065,1.5697102253766717,-2.0734109575102755,0.08764012583530703,0.11794701765733856,0.21269186706954757,-0.7430701066109514,-0.05827182565449625,0.0025632247659359594,0.05967519200284231,0.70731151323272,-9.202086401867815e-05,0.10380636423199165,0.010775761255064914,-0.04236249008681018,10.216326628880381,0.828294731023651,-0.881385966133999,0.008178675710352891,0.011026271489910765,0.04744372801024299,-0.16297740052031423,-0.005483829402836019,1.6832574475402406e-05,0.005542442087074746,0.1655045970029615,-0.0010616262905128917,0.5406536076897529,0.2923063235079452,-0.39100878003310297,4.105033432247659,2.035534853711507,-2.6178885363883695,0.12393152056001838,0.16667723520731914,0.29823215102607015,-1.0603029132825872,-0.08290598840484545,0.003925222649926838,0.08377124680247369,0.9975227656302729,0.001476704363538004,0.0843791257761162,0.007119836866741637,0.035255505304334064,9.612285641922261,0.6251160848015324,-0.6568291444699084,0.0076350302737932885,0.010312892521201487,0.03918691059158573,-0.13130284725534624,-0.0049506340638856535,0.00011700800594404792,0.005362258457315834,0.13862619947351545,-0.0001300612579675562,0.0709640818508057,0.005035900912927852,0.032768875910113404,8.337742333207714,0.4913990186980041,-0.5135998249383237,0.008053944272059334,0.010888809439808274,0.03401872229921906,-0.11774329987242227,-0.005430710789406401,-4.519648434016463e-05,0.005458098650401873,0.11741206278301847,0.0009821387068453757,0.1284944033508539,0.01651081169249194,0.1990102449266675,8.705943177833385,0.9532910792041025,-0.846743953670951,0.008216754815842338,0.011103938684358976,0.05871204797329107,-0.20799422353795427,-0.005645426625167596,-1.9602024643698994e-05,0.005458512059191381,0.22502914924103887,0.005214914754635002,0.4928079228356495,0.24285964880958746,0.7024493956186544,4.581012202909722,3.104548,-2.553458,0.08373737330119639,0.1126,0.2652618619914889,-0.879448,-0.054084,0.000413,0.058516,0.967098,0.00737821792119662,0.6700232861693729,0.44893120400920533,0.6277393823197758,4.178437438599433,3.9546423230787817,-3.3142142174600053,0.11861989474437443,0.1593145983325967,0.36463910104204,-1.2086286648445426,-0.07684188698967942,-0.0003944464183945111,0.08247271134291728,1.3600295203530677,0.0006748841792603127,0.19169167680899254,0.03674569895784325,0.06305254634426054,15.49829581649367,1.8581311126319418,-2.000873685792368,0.00921747408486407,0.012432714905395697,0.08251501741734958,-0.28306443626466676,-0.006141381850199459,7.785639168714589e-05,0.006291333055196238,0.2761200250649353,0.010443758317942014,0.9085082402273191,0.8253872225609402,0.5728265542864269,3.5009725307821604,5.267166570640293,-4.597176308489299,0.16570612526456088,0.22227196766785096,0.5031129218042729,-1.6436480598680558,-0.1071644876319097,-0.0010911063074892909,0.11510748003594126,1.9015738894701495,6.0161316633139876e-05,0.2689250371489756,0.0723206756055779,-0.2074706616482884,7.485475690629354,1.6112073588839428,-1.69031801541848,0.025533462511561408,0.034355595356303094,0.12861981310273163,-0.4542376160449451,-0.016945275975277035,-9.260050388430047e-05,0.01741031938102606,0.45897172581007445,0.0009540721195697761,0.19358688190498696,0.037475880845695364,0.10394135211675619,14.782877192617214,1.8781539641559908,-1.8452608252618614,0.007939965499547789,0.010710209632373938,0.08482395156690116,-0.2950034338430356,-0.005388638839333972,-3.2440704882591106e-05,0.005321570793039966,0.29448162579873294,0.0020746188224974554,0.18973165166662367,0.03599809964414502,0.18299259385246808,9.919460853007566,1.5368122313728056,-1.473553632561186,0.010397445547713165,0.014015768624172038,0.08443993844776283,-0.2927804372476913,-0.006870935198489098,8.508362708998778e-05,0.00714483342568294,0.2996379014950115,0.004615259783352676,0.16097602506311973,0.025913280645122154,-0.058229417465166244,6.31998766389491,1.099242,-1.24093,0.023402876019110928,0.031509999999999996,0.08235995329286075,-0.278731,-0.010938,0.004666,0.020572,0.286989,0.0065290861684029365,0.20321393256672163,0.04129590238923208,-0.0025745396379256765,5.56475916145242,1.203905690744206,-1.1140141338369571,0.03175522408209505,0.04279621179517838,0.10424963864217475,-0.3566456402896185,-0.01464401731673293,0.006686363193202722,0.02815219447844545,0.38125431461314796,2.6999144877253898e-05,0.10259713522789803,0.010526172156971594,0.022216594598191527,8.198060485418226,0.7814169739853145,-0.7652213007677929,0.008101185089113077,0.010924864598765639,0.048007952080647745,-0.1718323246498795,-0.005419605141279083,7.300286585535363e-05,0.005505259457486556,0.17102610967477644,0.009239632922547565,0.2806503535967374,0.07876462097397374,0.005183061304168369,5.435186267541605,1.5267162247283448,-1.602663192338346,0.044191509062610164,0.05954876563292672,0.14360352647447158,-0.5037986095127565,-0.02007727192626721,0.009510751015003868,0.03947149370665951,0.5210221287439813,-0.0009807079023678028,0.06174184941064883,0.0038120559686472375,0.24588182442550108,8.997247128685894,0.44791841665857907,-0.46953603205242483,0.007313675043284725,0.009862011022356334,0.02955269253290976,-0.10279924849640087,-0.005230687884187613,-0.00015285347034832859,0.004631323138168721,0.09885578567882278,3.830461465573634e-05,0.12983807083538432,0.016857924638254272,0.030090123845944738,7.6763660472852795,0.8956847173290622,-0.8314394728653002,0.008909738915321647,0.012041137721485653,0.060919242177579935,-0.2235041142775445,-0.005962708819048698,-7.440610608855907e-06,0.006078428902436954,0.22128979656788636,-0.0003384184728249934,0.06473444119925197,0.004190547877379411,-0.1279549205112927,9.473845717862279,0.5052781798702092,-0.4944991523622138,0.006986877666706777,0.009428594390727164,0.03035417007287795,-0.10788856988365597,-0.004715549353061698,1.5206902893475727e-05,0.004713045037665466,0.10583020700674779,0.00019243170252656057,1.0589009644428837,1.1212712524980695,-0.0011819991239353993,1.6546180646459154,3.401659,-3.404338,0.7161294887870129,0.96599525,0.7285009200815404,-2.0878755,-0.48203399999999996,0.0003785,0.48396125,2.08635675,0.0002559694187615415,1.497376613347351,2.242136722199582,-0.00114793514821241,1.657845241480457,4.748130438757837,-4.818551036605842,1.0064533704276004,1.3573112377080636,1.0296465599596507,-2.96363475109011,-0.6774093421569636,0.001856265738537385,0.6799018955511,2.9445931192555514,-3.764793073125508e-06,0.014482659416031884,0.000209747423760777,0.0507933489823061,4.704853918331913,0.252768860862781,-0.21637220945708585,0.013838522844296557,0.018619209384950958,0.011417998511788211,-0.02238358501614074,-0.00916449627507799,-0.00014287527039422154,0.009454713109872968,0.022489811518611905,0.0003194870424418612,2.1168399681749213,4.481011450862802,-0.0010796199014076427,1.6680609356516962,6.675149158727731,-6.7385603844822395,1.378988646256163,1.8601761368667014,1.4539234065003783,-4.1825052309089985,-0.9287463854347696,0.0007578366659147413,0.9314297514319317,4.164660587901614,-2.1958006885452487e-05,0.049742652824259895,0.0024743315099948512,0.012359073383718262,0.3937133213739994,0.29156289658532125,-0.24321693367922628,0.03609302103853533,0.048578109008043435,0.03718717310008831,-0.09045242222920999,-0.02429144222041328,-0.0008703463176040812,0.02428666678763015,0.09137023258347428,-5.616739303196888e-06,0.005566286475449029,3.098354512676678e-05,-1.673950508357793,76.94257870940604,0.10693474063250435,-0.1782228345559103,0.004566750453172074,0.006158229457408501,0.004058658558017921,-0.008657879977619761,-0.0031230174901404326,5.51518771117347e-05,0.003035211967268068,0.008643793277612563,-1.9581442167020593e-05,0.0197147151221086,0.0003886699923458976,-0.10740614384545742,1.0741495970618384,0.05259870370047274,-0.23074207072056951,0.018986318983554115,0.025566001659818174,0.015689494900230475,-0.0332968281794834,-0.012872445426394225,0.00018317899109183034,0.012693556233423949,0.0332272640935083
-5.773577235772358,7.699891312724776,59.288326227774476,0.8721352432464192,0.17483544697281772,14.4,-23.1,5.337367986620166,6.225000000000001,8.877845528455284,-15.7,-10.3,-8.6,-4.074999999999999,9.3,-8.113835447211313,10.92277241362148,119.30695719977041,0.8981048984330796,0.1847272030730518,20.048225269503018,-31.860789087656634,7.666789432646986,9.045410368449662,12.574950736789114,-22.36400803862362,-14.579662840836935,-12.323000520297628,-5.534252472387273,13.072814450156464,-0.050820443619966744,0.7705428412122677,0.593736270143474,-3.5026203732213745,32.550515058519856,3.612788300920217,-8.004848815514833,0.31915356059058564,0.43750920526848114,0.40065745051675744,-0.8740771584179007,-0.2296099534352373,-0.015732939075438657,0.20789925183324387,0.8425202842020298,-11.348341884119623,15.55789609950242,242.04813104291262,0.9131808461600162,0.19942973299353284,27.92913955577002,-46.00504892261585,10.778524887643766,12.702485910213737,17.811869485398265,-30.91352511011835,-20.454934775171882,-17.32573412333409,-7.752448864958145,18.462150774059864,0.14437098705267995,1.1738255637863082,1.3778664541982444,7.452695124399438,68.1153052574998,13.056720822459924,-2.0515004242158383,0.2955868264757169,0.39095543103720254,0.4056687895693872,-0.5393183696673198,-0.17545048865331128,0.0032261086128223537,0.21550494238389123,0.6456937462682262,-0.0728331814068216,0.7408532838789109,0.5488635882341661,-0.12879058459488632,10.170199200339388,4.422661536800631,-3.613923594354815,0.3155915478684258,0.42281344665119075,0.4177300739917643,-1.2240190353280305,-0.25532730977092544,-0.020060311923070916,0.1674861368802653,0.8031188702175629,0.08894242274578021,0.7847165423550968,0.6157800518457384,3.8107971185123715,25.9295159032413,6.554692430252966,-2.3202044235471875,0.2643814101003727,0.3527573218296952,0.3858366209424269,-0.6555850361236166,-0.1671314891070057,0.003946731551531718,0.18562583272268948,0.8166281866214014,-150.45701219512196,14.840857400773555,220.25104839009518,-0.49351548089091374,-0.3913862313454808,-111.1,-189.6,14.677761963205468,20.724999999999994,150.45701219512196,-179.6,-160.025,-148.1,-139.3,-129.715,-212.67648830783347,19.949315900990612,397.97520491751686,-0.31577136854883764,-0.8385634341890702,-160.23486224110522,-256.0949669720204,21.61287717070808,30.47166434652405,212.67648830783347,-247.8424342332752,-227.70387065349223,-209.54822286537086,-197.23220630696818,-185.0668743471596,0.1805111941532117,6.458659104419222,41.7142774270973,0.06558043241333691,1.2242273966786037,20.614516882507843,-23.207757667649016,5.231720773401091,7.019568756627539,4.760621067877244,-10.092644173258142,-3.5031143546797576,0.10221105861248958,3.516454401947781,12.152935259155422,-300.4506824026993,27.330055438769495,746.9319302862141,-0.43821880344391806,-0.8668404711725994,-230.0928939220054,-357.10364152631115,32.684303387925105,49.374239254565055,300.4506824026993,-348.4899924107841,-324.7607941489082,-295.9773012832547,-275.38655489434313,-267.3713452041933,-0.7537918773709757,6.730107170571737,45.29434252738111,-0.08878340082500036,-0.5312649517485868,14.614024095603213,-16.89656532000418,7.0117825935428355,9.794826206643256,5.5141354245454695,-12.402121676022805,-5.210860227440839,-0.9888649485664907,4.583965979202417,9.697479988528942,0.24397351507732742,7.165234466937819,51.34058496619369,0.307662366688324,3.5173287796645383,28.915600503329994,-23.60251603891101,3.310271397041344,4.593452289066731,4.428097919225546,-13.457601682425617,-1.8436191182588626,0.0030150507133874516,2.749833170807868,13.384311680449681,-0.23422548249223932,5.560560384984317,30.919831795056936,0.3405260687564234,-0.06662455064894246,19.169625383499447,-11.878774439653856,5.749082025234436,7.6283419796569385,4.45671824665627,-8.593073419090796,-4.4500762331913295,-0.30689546166814974,3.178265746465609,10.001362569258564,-2.027134146341463,7.2319824839853855,52.30157064867142,-0.7004131275901748,-0.2658612266555185,11.3,-27.6,7.487141203453289,11.125,5.77530487804878,-15.584999999999999,-7.425000000000001,-0.5,3.7,7.1,-2.8941440871426587,9.754165825080099,95.14375094316051,-0.46104933084717403,-0.9452592022652704,13.260174980993932,-28.600811980957683,11.19868462678402,17.103412662647273,8.069183607090684,-19.348344863097832,-11.892128381897036,-0.2909969137408031,5.211284280750238,9.710291344618476,0.05188839997261282,3.01292181406756,9.077697857684155,-0.025869925217486555,2.5076167273921683,12.63282346074174,-13.144415209339366,1.7918429851905864,2.3775148562477417,2.046158874031524,-4.975342893828275,-1.2033525059259567,0.07302617933047408,1.1741623503217853,5.943955224415153,-4.161906196347319,13.467125548205502,181.36347053112934,-0.4046800899510982,-1.1364244727536215,15.879273137033948,-31.88298607030641,15.875531891846878,24.106781091881086,11.19608292691078,-27.1920275743387,-16.8657500881642,-0.0057248749467242455,7.241031003716884,13.410704324691974,-0.09123495957303805,2.710120360519092,7.344752368500133,0.26443024268741144,0.5163585717266823,9.303986379842366,-7.948488767795603,2.413751508574446,3.265273957612777,2.152906800851409,-4.401406898114646,-1.6252267135870766,-0.17468250383824002,1.6400472440257008,4.308729397699722,0.0749852459020023,3.2481054661760043,10.550189119402438,-0.06847696216829512,3.989635021253058,12.15392676429541,-13.66757250053889,1.4457186576245056,2.0011861331991807,1.987369002659646,-5.890214179666135,-0.9293626292481227,-0.008711328879242784,1.071823503951058,5.54521817021932,-0.04170044409064157,2.7127624196851103,7.3590799456558145,0.46367806718223536,2.950975695220693,12.965555861806484,-7.71550777109318,1.965064217962322,2.3981550855643206,1.91462230440677,-4.521966701630804,-1.1246301700567276,-0.1653059545487288,1.273524915507593,3.9152995964770336,-0.7827235772357723,4.197602187778457,17.619864126842486,-0.02795099752309874,-1.4481392094118006,6.8,-7.0,5.7821486521718475,8.4,3.7591463414634148,-6.6,-5.3,-0.1,3.1,5.3,-1.105960177777082,5.956087647793426,35.47498006819743,-0.018051250300575288,-1.4487862340378592,9.533460957479843,-9.788339033797866,8.250953528265919,11.968103947604462,5.338659651524648,-9.330493099988269,-7.552036758015033,-0.1763820498933161,4.416067189589429,7.467984504493269,-0.009274945573607609,0.14358806541207883,0.02061753252878343,-15.524525291056078,302.3174478492987,0.39618881949712015,-2.839026862368575,0.058487140241549045,0.07884949215408409,0.05349866814358306,-0.09851114388441656,-0.042297979052277376,7.468359264350966e-12,0.03655151310180671,0.08706816894696699,-1.5824500417040164,8.48229840129755,71.94938616865498,0.00010586166503682049,-1.4442477263645326,13.51079428518408,-13.83604754044166,11.755331721806021,17.091879168542683,7.597067350436053,-13.22203550185316,-10.786924442367695,-0.2812069043909645,6.304954726174987,10.724360528564464,0.022707255781579533,0.2885032273374359,0.08323411218411621,12.745894883393488,185.40559885823984,4.274453044423041,-0.7910036717308231,0.0664348454119074,0.088893623465549,0.07938827965623703,-0.11180126983112479,-0.04078826246149849,0.0071323135128426585,0.048105361004050495,0.11900857862793243,-0.01262129163615746,0.11626734074818469,0.01351809452465449,-6.0611355800164795,52.95318117668825,0.22459115780974567,-1.0860105610853932,0.06796612085789157,0.09134929222089361,0.06075772752610455,-0.10880449610565328,-0.04990045712492185,0.0012358022088364302,0.04144883509597176,0.09138393477900235,0.012380219441679493,0.16478312707732384,0.02715347896938146,12.210340443724911,174.67156773843993,2.406154945732873,-0.33706981008271325,0.048290468661755404,0.06395937163722763,0.05497946840823784,-0.09543274684876338,-0.029345704844243117,0.00013484882886044547,0.03461366679298452,0.09483033799976161,-0.19298780487804879,3.425766428971412,11.73587562586754,-1.9519715134525217,2.9276329096048164,3.8,-14.2,1.0378215529539212,1.8,2.3767276422764225,-8.7,-0.1,1.1,1.7,2.4,-0.2615678754888608,3.700877312683848,13.69649288353802,-1.0876068684221751,-0.1295581353131916,4.475029167041057,-12.070359044776476,1.6489065537548002,5.504082493895993,3.0610353550018625,-7.572790560172406,-3.119914609039265,1.5754234252127797,2.3841678848567276,3.1807679605050345,-0.1366846142292514,3.104594593703487,9.63850759125292,0.1897551362772982,2.4304415700177957,9.802325692050866,-10.25123348210891,0.5189249479490594,0.749206034236747,1.745916415234291,-5.884434484513835,-0.49538104878160194,-0.0484669550815352,0.25382498545514504,6.5850017662270215,-0.3312368126668703,5.010819981012571,25.108316882114828,-0.9952104929803323,-0.51473663512924,5.254655190118418,-13.658355558258647,1.5525393741356843,7.418376119902559,4.266962109770241,-9.55742378963938,-4.303818528384649,2.499685173749463,3.1145575915179107,4.229792115256938,0.12831422179652588,1.416044514499102,2.005182067042998,1.08020601683934,3.4087149817216105,5.859126031007993,-4.4282856144525855,0.8571445599119959,1.1176927925131248,0.937637065863807,-1.8834525000387092,-0.6050472072463728,0.050074696221207776,0.512645585266752,2.9231167267147207,-0.19079582596371236,3.3363166107744666,11.131008527329623,-0.2117167382102,4.980233974530325,13.211752932946187,-13.816012421804114,0.28187916678407043,0.38836965010556096,1.682200244911086,-5.774177500536084,-0.21923619666190314,-0.03325627483273611,0.16913345344365782,6.0568294718809685,-0.13125702753676327,2.8036692606078653,7.860561322877454,-0.8804588485890036,3.8700317315437296,8.72846891639822,-11.153154049810029,0.5723762244822869,0.7256778573164524,1.5293109223587933,-6.674589340402987,-0.34715772261960587,0.04089653367587281,0.3785201346968465,4.307223896275508,3.172357723577236,3.170924842981732,10.054764359838721,-1.6454052072237597,2.123606213373252,6.4,-7.6,1.1860817748044812,3.6249999999999996,4.086178861788618,-4.5,1.6,4.7,5.225,5.884999999999991,4.4815528894009935,4.451831780805423,19.81880620458919,-1.5925484198957025,1.914327130777047,10.00956779885629,-10.68254358451698,1.7354847402258495,5.1753207475317655,5.758413982189292,-6.196558360371183,2.250367199227402,6.637186793440955,7.425687946759168,8.281555927896237,-0.042250138868370105,0.41820528120544,0.17489565722812114,-8.721674315771592,87.35698701157011,0.6227146403466947,-4.715669062295586,0.098717068403261,0.13210595063690342,0.13876222350429543,-0.25438130413915805,-0.07202627257007999,-0.0012603967283536521,0.06007967806682343,0.21703763922010486,6.325439159302904,6.192682806099763,38.34932033696364,-1.6522377533410941,2.275229959834247,13.137265416268315,-15.777785386118477,2.6130032048483782,6.989780884271429,8.051129829471437,-8.048081927682293,3.391372752569676,9.305795465394533,10.381153636841105,11.700456397866503,0.08824056621049177,0.8713148564123925,0.7591895790049482,6.3871775191931395,44.7453765943894,7.088454685505242,-1.3889004473138038,0.17433831884968684,0.23687298241336885,0.28230134918196015,-0.35918304207853946,-0.12641068011513829,0.0004912180326099302,0.11046230229823056,0.4297023325579987,-0.05892270489522905,0.33567650604856547,0.11267871671297262,-4.115185181196976,18.630369819813023,0.5148219752635995,-1.947781568739059,0.09771818520882504,0.13008481159608654,0.1478560961009755,-0.2705593513402921,-0.07053943034928606,-0.012122526977106344,0.05954538124680048,0.20877616769753737,0.06569071026914831,0.4775239701799895,0.2280291420964595,6.262250896492355,43.73030012478006,3.9244044332032857,-0.46929104215423345,0.11619766940860513,0.1572280941136286,0.17613464621744984,-0.2843922782798783,-0.06960738049246767,0.006547919574110276,0.08762071362116092,0.3572168779115386,1.4504346794053735e-05,0.2671375163976693,0.07136245266711504,-0.6566843400428595,4.908701341708474,1.215029,-1.70036,0.06123888463537389,0.082609,0.14631823460819515,-0.50303225,-0.039619,0.002636,0.04299,0.48466624999999997,2.2351872096426348e-05,0.3623926129133006,0.13132840589412934,-0.528094701818054,4.2519397747276235,1.697002239458547,-2.0690158806995966,0.08646857894723207,0.11649715590066846,0.20203663179526812,-0.7044979110398583,-0.055929363063641914,0.0036616460239817655,0.06056779283702655,0.6716134637247764,-0.0005059439009846528,0.10669389884614441,0.011383588050991296,0.028280680190041825,9.775448825208278,0.8510846291048993,-0.8174608481020541,0.007945754062056958,0.010716177107526856,0.04803754388941408,-0.16946073992946206,-0.005373727704415928,3.706779271080954e-06,0.005342449403110927,0.1639001381269624,3.6704685244415836e-05,0.5027160642397489,0.25272344124470336,-0.46459477687427986,3.975530525609737,2.455643099244527,-2.8154014014248645,0.12199197166144211,0.16435472916038982,0.2827636715014078,-0.9749390237828212,-0.07925871903100709,0.004564423050999057,0.08509601012938273,0.93375996425434,-0.004607664325257232,0.09932563101177838,0.009865580975887953,-0.5754838940624089,10.435366800565694,0.6910909307238629,-0.7965184770119155,0.007509574110088758,0.010165620801854292,0.04430297552927924,-0.1703677780259706,-0.005315093207883092,-0.00012987309104117608,0.004850527593971201,0.13862224305018206,-0.0007151492603932119,0.07504575006754136,0.005631864603199884,-0.010337579428994144,9.700733846408239,0.60386552119484,-0.5496042198288795,0.007723004946710142,0.010409464909422649,0.0348757394887695,-0.12278373871126486,-0.005151535359805404,1.3583640862134107e-06,0.0052579295496172455,0.1162689003599964,0.0029936123390170307,0.13085220583500096,0.017122299771885455,0.05505682402311844,9.155785605869273,0.9502222565848483,-0.960755913184847,0.008027880519190294,0.010826191930833645,0.059054720423082636,-0.20209617157803353,-0.005234577415793814,6.419432155063779e-05,0.005591614515039832,0.22397400096690853,0.004573078761534582,0.45522608363893413,0.20723078722524185,0.7169857553621932,4.521883752794159,2.899897,-2.263186,0.08186781190366083,0.11025599999999999,0.2436680362727353,-0.81744,-0.054324,-0.000969,0.055932,0.902521,0.006463784277407884,0.6174148534677262,0.38120110128257384,0.711334522915895,4.272508260495059,3.5140203337707803,-2.6717832892685,0.1153971081888947,0.1552391546962375,0.33249543440903084,-1.1154915413978792,-0.07649441412456986,-0.0016566590455792778,0.07874474057166762,1.2585787046023156,0.001631977734490052,0.1822675337336753,0.03322145385335647,0.1281407453610183,14.368383019899895,1.9670902527163674,-1.9036023427983597,0.009261710425687008,0.012490517877754695,0.0796997679277498,-0.2670730226207129,-0.006121760019760369,4.635019899483537e-05,0.006368757857994325,0.2774033797548051,0.009131353438941045,0.828347319163001,0.6861592811645305,0.7141534043678821,3.613266678264873,4.094105564989683,-3.3400583760426725,0.16161017670536226,0.21675803154609874,0.452948591975017,-1.5214373384676407,-0.10736821725986534,-0.004088325077912361,0.10938981428623341,1.775297946057781,-0.004618755435532456,0.27584046608885465,0.07608796273211657,-0.6820113198410184,8.931847893965665,1.4535305907069875,-1.980249410615754,0.02484671751239317,0.0334003000643644,0.1277290400640579,-0.45702755205469675,-0.016752959291284716,-0.00018454504919460752,0.016647340773079677,0.4373771669164858,0.002307672683048935,0.17249904620763717,0.02975592094254454,0.10329630542136074,11.90596159241299,1.4808835811633339,-1.6098091736612554,0.007904326701574755,0.010665342971274232,0.07700974122777633,-0.2665882408359623,-0.005157695700801283,8.024794105046312e-05,0.005507647270472949,0.2820878767799872,0.00016698669537107178,0.19150755919136497,0.036675145227434154,-0.24087007139096983,10.411389783719185,1.530233493497294,-1.745113327983717,0.010321590082117566,0.013936962040847007,0.0848264473241412,-0.3058113737429679,-0.006793761703308526,0.00011952785566100792,0.00714320033753848,0.2995414567307027,0.004785476381924458,0.13716044489869691,0.01881298764480847,0.21532301814765814,8.89958362485418,1.224134,-1.26609,0.022237550675365526,0.029938,0.0691543144082129,-0.21389575,-0.010636,0.005028,0.019302,0.235459,0.006766845505509905,0.16159988444161552,0.026114522651543494,0.19576102624881775,8.521157850732576,1.2190731743507865,-1.1793687077950146,0.03009718678738842,0.04055627091739464,0.08279649385802046,-0.257489880501247,-0.014002042755988233,0.007217284741201908,0.026554228161406408,0.2774720696384646,0.0008652115501484132,0.10727247700197941,0.0115073843221402,-0.037451689966087304,10.028655418064814,0.9041966819180507,-0.9193887984996509,0.007896872379860505,0.01062578280659054,0.04915292645055728,-0.16902717838332537,-0.005168036443912485,9.658339570414205e-05,0.0054577463626780546,0.17562367586497613,0.009567490375594855,0.21742645011490727,0.04727426120957026,0.1597433100470158,9.07993205892297,1.660014470751294,-1.5744926506474148,0.04174760601473218,0.05660236520034134,0.1114899404745397,-0.3339952229617323,-0.019587725583364038,0.0100901246348192,0.037014639616977305,0.3729071877601634,0.002537418727369295,0.07027915101756255,0.004939159067749364,0.9194017951494545,9.596484106332676,0.47410652383109125,-0.4769698359741557,0.007248405464298624,0.009756714242499877,0.03243592948070374,-0.10134962653882296,-0.0049734829420951445,4.5483673155446096e-05,0.004783231300404734,0.11800951671634143,0.0012230833507557509,0.13260322040274242,0.017583614061178282,-0.02801734616688324,10.553771248247385,1.022748815045803,-1.1611854758324052,0.008779699814048348,0.01184906063652164,0.060706659311454705,-0.21100358162296212,-0.005748118481093448,8.883256183195831e-05,0.006100942155428193,0.2141230638509252,-0.0017747285929624991,0.07364720973147405,0.005423911501231726,-0.13611001622975702,11.429832848457558,0.5917034062852188,-0.5061318412876189,0.006764051963981281,0.00913149478260882,0.03296951191409534,-0.1208955849774348,-0.004744624833538635,-0.00011103419024836259,0.004386869949070185,0.1044439020616594,-6.815059490253144e-05,1.2002642061099134,1.4406341644686604,-0.0012064135263671924,2.2744970010947148,3.9612,-3.957078,0.7074510767009903,0.9545250000000001,0.7914852338515858,-2.3266452500000003,-0.4762555,0.00036399999999999996,0.4782695,2.32513625,-6.966826734815637e-05,1.6972973032943344,2.8808181357702196,-0.0012532760639140574,2.2782389657261435,5.566261696081305,-5.572085864339081,0.9968025757993546,1.3444661844151056,1.1187400952146207,-3.2880587677181725,-0.6709675908728407,0.0021378061894223527,0.6734985935422648,3.285608658364648,1.1914245421765211e-05,0.0146930951275667,0.00021588704442772428,0.47410841319809754,15.020278864226146,0.34267019459000325,-0.23111336770422009,0.013400987097939404,0.018090443654553284,0.011394199949979289,-0.023219272930945323,-0.008991404597540886,-9.900703982113762e-05,0.0090990390570124,0.023317647594544362,-2.146333411329118e-05,2.3994921701575964,5.7575626746476125,-0.0013544022171014835,2.2886804984479276,7.823583209253915,-7.786443582900318,1.3754583044685336,1.8542808886472715,1.5793129585780719,-4.647443864925495,-0.9242423284150205,-0.0017136849861651895,0.930038560232251,4.624332423892621,-9.656715229916238e-05,0.055972432623651126,0.003132913213809165,-0.07289139506104397,1.0265627595569056,0.1892281991029624,-0.5777094076519067,0.043022082481306935,0.05789986664489784,0.04199870491049913,-0.10010282501984806,-0.029003297720493412,1.9218307199461715e-05,0.028896568924404422,0.10072576277049528,1.7243130229425206e-05,0.006263686903163538,3.9233773620862434e-05,3.6992215591319577,127.71919694165888,0.21737234321170626,-0.09246242256089082,0.0052553061270613185,0.0070832252324039575,0.0044946875606063615,-0.009351451183601587,-0.0035390817547636694,3.10227330947292e-05,0.0035441434776402885,0.009421875020286557,-2.20032801367612e-05,0.019814296223671944,0.00039260633483942023,-0.03986852213774754,2.7549043101721793,0.21489731713146412,-0.2663707495700644,0.018244861306039906,0.024593974199528468,0.015580936617143467,-0.03348825184872227,-0.012362268415499674,6.0036603979596025e-05,0.012231705784028792,0.03346205365513837
-6.058841463414635,7.741742458908679,59.9345763000694,1.070831076892216,0.2201855713575478,14.2,-20.5,5.633888430321289,6.625,9.219613821138212,-14.885,-11.025,-9.4,-4.4,9.4,-8.527573907505193,11.003921021202666,121.08627784086595,1.0877404362989715,0.22440380200824483,19.94872881651452,-28.772828509622077,8.024806945372807,9.424360914808826,13.068255636739565,-20.99475529678672,-15.62061188166063,-13.385915951003637,-6.196250966851803,13.206175032627145,-0.048260988692207574,0.584553967351588,0.34170334074648145,-7.9190869609424706,98.34871507327185,1.5533941495252206,-8.459559606064758,0.26865489147479465,0.35447101993966634,0.2648753832808743,-0.4891909731828282,-0.19856030076910922,-0.013347057705396015,0.15591071917055715,0.4547169762215815,-11.970673006989365,15.710636874024164,246.82411098744774,1.094908190067782,0.22648688218152557,28.101947715041508,-41.31990742707315,10.466191006280749,13.352996132701632,18.548067336098033,-29.82399796074802,-22.109761798717965,-19.113062792205422,-8.756765666016333,18.87178371682711,0.10051490331954378,1.1270209353948681,1.2701761888183236,7.786404398446677,75.56467967673926,12.950755597137091,-2.425650604506837,0.26699670821232063,0.35708466988011245,0.3764273477666824,-0.5574920415975482,-0.1789446417246734,-0.004470408666141568,0.17814002815543908,0.5490446434128824,-0.06548111289355191,0.4719761403673606,0.22276147707607047,-3.895831642648559,24.079171732593082,0.8836812840140221,-3.7454722745319167,0.26379951519387385,0.36319054774947584,0.2634301175807136,-0.5484590739878527,-0.19301890803221022,-0.028677766186901533,0.17017163971726562,0.3820670692267812,0.09826512917311937,0.6654367452195744,0.44280606188842075,5.759314911716356,49.479574632974945,6.923229298082061,-1.4005802601397463,0.2648453540930546,0.3440961157626648,0.31112394952487343,-0.5033573366629631,-0.14489609963821198,0.04255866284382082,0.19920001612445282,0.7054656216986837,-147.64928861788619,10.936110631943063,119.59851575409809,-0.3172297376287369,-0.4113881628008338,-112.4,-179.0,13.417550077475672,17.42500000000001,147.64928861788619,-167.585,-155.125,-147.14999999999998,-137.7,-133.01500000000001,-208.77817098445516,14.937521149701537,223.12953809778074,-0.1655280407929452,-0.6918895886801315,-160.94052852618407,-241.66266260017568,19.657663341023262,25.72636921229082,208.77817098445516,-234.9972807745133,-220.52779421428335,-208.35244713677875,-194.80142500199253,-188.547320655816,0.0071895673109987875,3.932924840913832,15.467897804277094,-0.27798288310752783,2.445109731082577,13.444078943731501,-15.90690105953231,2.211378781195538,2.941048859723754,2.6393849407732968,-7.24319940127459,-1.4662973819322822,0.06796193965778308,1.4747514777914716,6.749226780860063,-295.1358895599265,20.763255076887123,431.11276138787895,-0.1567774677500753,-0.7878540711274913,-230.46321662377815,-338.0732214762196,28.625099105502898,38.37803060726998,295.1358895599265,-330.51946557753405,-312.9277773847028,-294.4592618756896,-274.5497467774328,-267.3248721480245,-0.3324277895333304,3.592830881978224,12.908433746496424,-0.12953099006558744,-0.019947956288676405,8.820147047021521,-12.40648219465002,3.6989465588670654,5.13597995923176,2.8695058585102853,-5.968800815213351,-2.74514829550351,-0.35083520606001173,2.3908316637282496,5.075720650644572,0.010837183000223459,2.452119134366726,6.012888249127421,-0.49013895871953683,1.5593134136349862,7.973777688766542,-8.920484719149652,1.8421468806480095,2.443061863493919,1.7857715081682812,-4.397669840701434,-1.0643385484507362,0.11921323841513334,1.378723315043183,3.223922303049177,-0.35850490106111016,4.936586093630996,24.369882259830938,0.6387174107555862,2.9616614056474466,19.802884161396335,-16.111729925695922,3.1075567964357234,4.125508328323387,3.301061670273877,-7.809879707297705,-2.6179455410096404,-0.49679314855027,1.5075627873137465,9.376598421807213,-0.39684959349593507,5.473834678833389,29.962866091199025,-0.4609351625586572,-0.7264579987466582,9.4,-14.4,6.2269293177235285,8.5,4.473678861788618,-10.4,-4.5,0.6,4.0,7.0,-0.5979993996094911,7.60016974523847,57.7625801564382,-0.38056495938236135,-0.9596588734779861,12.591792657239814,-18.062643876631494,8.910982827255514,13.012917851029677,6.298642778081443,-13.767708133369668,-7.385041743174527,0.8501787574257823,5.6278761078551485,9.630961682779931,0.020865323707917854,1.5001074239158532,2.250322283287457,0.21480628605094876,1.2562307159204948,5.4776662751451255,-4.418174691571459,1.164179209491803,1.550085342461656,1.0968466528122283,-2.6148935575195873,-0.7828837438991738,0.0051094681167438635,0.7672015985624823,2.610810230644779,-0.947803219952556,10.580134327633061,111.93924239075947,-0.33158411408382876,-1.0600885397766555,15.335242015806418,-24.31143289835345,12.545558924930697,18.320295939449462,8.860300505981554,-18.811370651248176,-10.408119754903957,1.275532601581225,7.912176184545505,13.693360697203428,0.1360458799271111,1.946243337568955,3.787863129031545,0.6992863774411172,3.294949205840717,9.09876505058814,-6.503551272138959,1.250688709160033,1.677340837804549,1.3408087462876963,-2.5484690094959346,-0.7729295469050846,0.04885668240817326,0.9044112908994643,3.283029142242015,0.027702022191389328,1.0507990912630878,1.1041787301993313,0.13310483596224013,-0.02319960568774837,2.8225667930893867,-2.9857419851529645,1.060345475159385,1.429131250415903,0.8255709435371033,-1.5274030099290212,-0.7315821569501877,-0.0029842128124918862,0.6975490934657155,1.8933455930614755,0.0997357798015628,1.8237365197868987,3.326014893604429,-0.22466815592869485,1.4276880932027494,5.092818512025698,-6.52606726209432,1.3853089398259568,1.9134289998165954,1.3231529720121071,-2.980923609996309,-0.8382121977152095,0.06700717287506344,1.075216802101386,3.2206108446184727,-0.41006097560975613,4.4805825872854115,20.075620321485232,-0.18414272647823007,-1.5663775003046712,6.9,-7.0,5.485628208470727,9.1,4.099288617886179,-6.8,-5.5,0.8,3.6,5.4849999999999905,-0.5824930488878494,6.353707572779893,40.36959992040055,-0.1740573920050714,-1.5689448040339482,9.731166140296686,-9.91003506085519,7.771591111789504,12.95190785543297,5.816333162562624,-9.550908373054384,-7.779835705051516,1.1165247394680005,5.172072150381453,7.849882866950398,-0.00825108742704266,0.16928590214258243,0.028657716664227995,-17.22487962892657,348.3657282526904,0.4038214806566729,-3.464674550403701,0.05883790971034982,0.08028280745039418,0.05489696777801728,-0.08480085243784857,-0.04007145398235675,-0.002939519301702276,0.04021135346803742,0.0915971864087465,-0.8533819960681115,9.037550840236173,81.67732518985356,-0.15707992876661128,-1.568563475938994,13.714417266732463,-13.96074845173542,11.164593230889677,18.41632223823735,8.274625602288681,-13.514827194269657,-11.174723477167687,1.480111423098097,7.241598761069663,11.201290718107582,0.024419163350367947,0.34968749069546834,0.12228134114889325,13.241284297342157,196.22301336847906,5.251408447975003,-0.9710634378526779,0.06846863008667599,0.09138179394464106,0.08813720611642709,-0.12781229068018624,-0.040791312192869245,-0.0007158439544937001,0.05059048175177182,0.13805769713344831,-0.011242125637719176,0.13834819414492233,0.019140222823161124,-7.780320049672066,75.31356013377166,0.24906806228203676,-1.4240560307321446,0.06394991956750425,0.08681821961754799,0.060651928902693476,-0.10048181495077158,-0.044713614482251,-0.004237208540610576,0.042104605135296985,0.09137081007962636,0.0150670963573114,0.1930101048214723,0.03725290056319572,12.880400920140504,188.12123536715487,2.870736212539078,-0.441241809772652,0.052609436164398324,0.07220043308923393,0.05733579520824485,-0.07505645635217886,-0.03477057028587256,-0.002404073762887571,0.03742986280336138,0.09849055795655193,0.4878048780487805,2.420817921505435,5.860359409081895,-2.19017140593939,4.296311600229448,3.8,-10.2,0.889561331103361,1.2000000000000002,1.9091463414634144,-5.8,0.6,1.3,1.8,2.4,0.6969042942271685,2.526408858747602,6.382741721558361,-1.4072990886973062,1.2879897333107033,4.818645028057495,-7.983434578208695,1.259521899972618,2.76448185023611,2.2673628690060506,-5.067524630086682,-0.40455243032311095,1.6694548078999731,2.3599294199129988,3.1932561877251358,-0.008663655574398235,2.296943893693479,5.275951250775759,0.16028144071191466,4.127837758729983,8.78800519073124,-9.24596959347673,0.4275488207724629,0.5734375348297297,1.2150158066192587,-4.313454811353075,-0.3211233300507204,-0.009873122592902323,0.2523142047790093,4.755256789428392,1.009216011723998,3.24680279490882,10.541728389027723,-1.1231057226940755,0.07135826644620513,5.158856274038904,-9.012751743488376,1.5097225359902953,4.320318456752142,3.0845778759255915,-5.423193681427927,-1.1748254085302479,2.538232730671392,3.1454930482218946,4.274905140130934,0.06925397140452612,1.4436200510382493,2.0840388517596775,0.23199452585033617,2.6947403031563146,5.407364533586582,-4.97631890614946,0.7705701404653466,1.0685654492315018,0.9516499740583414,-1.9956490588255864,-0.5110112896598753,-0.013914827405010405,0.5575541595716265,2.451617446407934,-0.012839947803544456,1.0696834607866597,1.1442227062805255,0.5551488033185642,6.579947561583703,5.126703114686493,-4.613981655812035,0.22259363535703885,0.29947543107032193,0.5516082482086746,-1.785080262298989,-0.17033125811764782,-0.021384720473085185,0.1291441729526741,1.668890646894206,-0.08034786570076564,3.042082413473462,9.254265410364523,-0.47098418798637987,3.1210807430131116,9.565677936790358,-11.471770824452772,0.6115568652538705,0.8249417623618076,1.6672042040084158,-6.530112059236112,-0.3612145224990277,0.022193394896947653,0.46372723986277997,5.4828350083474255,3.183028455284553,3.1392879181968385,9.855128633336639,-1.5530535381105002,1.5227775047720709,6.6,-7.2,1.0378215529539216,3.5,4.115142276422764,-4.784999999999999,1.7,4.7,5.2,5.8,4.503378470503815,4.407887390748861,19.429471249522805,-1.5059633818145075,1.334692345201983,9.65205929022222,-9.38126483310271,1.5938628050730979,5.010958715307355,5.8038927230616135,-6.1567285464616575,2.411360169354875,6.603791143648778,7.42231888466223,8.210989020246876,-0.03171282860146656,0.41187772194517336,0.16964325783474554,-8.606921020849663,84.23969633185924,0.66273855476891,-4.563711314933672,0.09305716295805061,0.13119444565410912,0.1362371090669825,-0.2550821889939686,-0.05476887587367543,0.0053788325939584936,0.07642556978043369,0.21580352589950824,6.378941341600725,6.133791079572644,37.623393007844946,-1.5720849486644963,1.6707997746081729,13.442992369966417,-14.205057115629687,2.356299120826227,6.54714008331416,8.141494566626253,-9.117638729055079,3.843324907693841,9.268580587188348,10.390464991008,11.513436180379935,0.10490230134121221,0.8556470689024938,0.7321319065214289,6.200836641676263,42.44106179217644,6.950692051486705,-1.2906103148691703,0.15417382051391768,0.20963466296677652,0.28101983701148053,-0.3538834775410988,-0.09374281028921627,0.003906784445893097,0.11589185267756025,0.4576851017208031,-0.044526301199190016,0.3214434734259976,0.10332590660817002,-4.339161778665159,19.617669988795893,0.3744752519469482,-1.8719799434178148,0.08646977796995924,0.11580185789446354,0.1306433178712366,-0.16599286469781765,-0.05070469511009808,0.0011123664232283084,0.06509716278436546,0.19544946567889135,0.05262019683272399,0.47821444322104456,0.22868905370521364,5.996807264359099,40.415297450819544,3.8308931219845976,-0.5150263611320384,0.14307982245652018,0.1892342046877974,0.18716715415520477,-0.3267660317571447,-0.0979124532365506,0.002777848545848971,0.09132175145124678,0.2968361673539367,-0.0014824656402722396,0.1790750402677928,0.03206787004691162,-0.3706091489500536,5.42902384991134,0.875381,-1.420915,0.013745205167765435,0.018483,0.08761370474919797,-0.335274,-0.010379,-0.001286,0.008104,0.34417125,-0.0020971001870503567,0.2114334732266084,0.044704113600666937,0.23027612476575524,4.725645321350988,1.0196956837151292,-1.0972701912738965,0.017449057962804746,0.023590068680837212,0.10393875421217658,-0.39343329263653404,-0.014332613836439074,-0.002229664276148322,0.00925745484439814,0.4122275726864582,0.00024229916074410132,0.1393764904983969,0.019425806103649725,-0.022100817780412042,13.817580143143914,1.3870554444778587,-1.2932913096819507,0.008040709274585169,0.01083919155244769,0.05932659814393424,-0.20686610941622047,-0.005346155119207965,5.275811939907305e-05,0.005493036433239725,0.20887445581398348,-0.002967448612469104,0.28292831991264633,0.08004843420859274,0.5308705159694036,4.254582339308571,1.3340303800006,-1.0923836241713358,0.023929257847670013,0.03228568412798536,0.14169671472690373,-0.5462019351471029,-0.019641174515895483,-0.003267899338469604,0.012644509612089875,0.5454735848632967,-0.0007199241399388902,0.09666034358076771,0.009343222021152061,0.06140390711395979,7.770871598268078,0.6031819915100273,-0.595790934030197,0.006199336421848659,0.008364037550502534,0.04420435886854238,-0.1667692217678897,-0.004250698064592731,-0.00012726797250150025,0.004113339485909803,0.16246483452764415,0.0003425351573942541,0.09785662021403625,0.009575918119714128,0.08945144643194763,14.31915124261716,0.8999705217244782,-0.8328385558880828,0.007698861968811393,0.010377309646071711,0.042902066837931296,-0.1412553162006726,-0.005224659985119493,3.157877143459501e-05,0.005152649660952219,0.1474954659576134,8.195706954313617e-05,0.1710809865558416,0.02926870396092006,-0.05885658410066289,10.964597154291388,1.3638676226850546,-1.2672242025009384,0.008304648310619571,0.011206494392597698,0.07350676721150773,-0.2626905600396795,-0.0054846111140684824,0.00014362082802404238,0.005721883278529217,0.26261344275955245,0.005949907864360028,0.36354671287278856,0.13216621244060978,-0.07725224810205346,6.345828153227666,2.240159,-2.207667,0.022716431191942832,0.030643000000000004,0.17273655449284922,-0.6522950000000001,-0.00914,0.006122,0.021503,0.64814975,0.008415080079377583,0.47234322335561263,0.22310812064997018,0.10476735330996306,5.203563975887828,2.6701910777682976,-2.3104134018799134,0.030830476348050296,0.04154007143236297,0.22933399207569388,-0.9015273475477207,-0.012163642366839452,0.0086895497351271,0.02937642906552352,0.8637111855487032,0.0008342739075359884,0.20297747547436829,0.04119985554994778,0.06755777269294928,11.358568205338692,1.6989175948983053,-1.7724940881054823,0.008241538153207873,0.011115802463398187,0.08815179520374711,-0.3094547297074567,-0.0055673371276301455,5.926258365292333e-06,0.005548465335768042,0.31456405857617453,0.011902629183968677,0.6197314418139003,0.38406705997273566,-0.09439735917594085,4.01777096630046,2.8739410911256114,-2.855527458480608,0.038106135236166475,0.05144617057961186,0.30650777627744724,-1.2944259013336805,-0.013239600034563726,0.012436061055936195,0.038206570545048134,1.2130360236213267,-0.0003163777489410501,0.24913629500579984,0.06206889348921693,-0.3407106378725236,7.188640394036494,1.285450734396655,-1.6047169676410031,0.020526269258804308,0.02758175544132605,0.11706242124397792,-0.4276039141012512,-0.013156487467789312,0.0004896778155996828,0.01442526797353674,0.4134285793521475,0.0011800273182017193,0.18211310425538862,0.03316518274153405,0.1697843520592943,8.919226165703272,1.4272944696829568,-1.3708129413416335,0.00702216344401711,0.009472272065988347,0.08221966839473013,-0.29242694063367286,-0.004735758798110832,1.360006863581969e-07,0.004736513267877516,0.3033815801470172,-8.522854706505335e-05,0.22185518315589228,0.04921972229313451,-0.22379678020064211,11.759348821508723,1.6436791969348696,-1.739494396343771,0.009070787753170278,0.012231743593361832,0.09475467843208732,-0.33171213986021436,-0.006137473048430598,-4.44826573819911e-05,0.006094270544931234,0.3313223474981505,0.006968721194495248,0.11926610070606053,0.014224402777628172,0.22484196763424305,7.761915236473913,0.959895,-0.851375,0.01120847277190235,0.015181,0.05890632848619315,-0.195767,-0.000294,0.007508,0.014887,0.210602,0.009856692113667543,0.11623183670877256,0.01350983986469477,0.04812966706909584,5.422347827136351,0.6539355937396746,-0.6334764014329957,0.013225461960471524,0.01789928763439804,0.06133099061270031,-0.2000390840787473,0.001481996039560671,0.010764030611574733,0.01938128367395871,0.22286832345728091,7.912355074514916e-05,0.12221468436498237,0.014936429074432267,0.09950961834624623,13.948132140207885,1.1826132398188645,-1.2149905897985698,0.008359187599583666,0.011272804014147087,0.05342559157087888,-0.18310995478336134,-0.005695172637804089,1.508055055657407e-06,0.005577631376342998,0.1821212130804865,0.013943518845763206,0.15238735013061586,0.023221904479830906,0.06227233400025975,5.107577849177099,0.8683345856154703,-0.8094171196386654,0.0172997362768259,0.02352116108175255,0.08206104224095641,-0.2665971462400499,0.0029091645596387083,0.015236077220623503,0.02643032564139126,0.2936539942141832,0.00040112489794764125,0.06158626048029222,0.0037928674799464035,0.7950578647472235,9.03188881839564,0.44884739922805794,-0.3685540386711981,0.006586098901856941,0.00887613900170028,0.02883044975916537,-0.10197662404135721,-0.004647785149153611,-8.165119693927291e-05,0.00422835385254667,0.10181959767569705,0.00011194962574055107,0.14238699212443634,0.020274055526244294,-0.018462752177945897,10.306437922171153,1.0121411899671309,-1.105972898668411,0.00844940500711501,0.011394614815325884,0.06333753830873629,-0.21879681933544248,-0.005781343459369173,-1.3787054739937645e-05,0.0056132713559567116,0.2214241199970199,-2.0885433941845177e-06,0.09794608729910165,0.009593436017203241,-0.07093675639322056,13.692482109520334,0.8659368668254069,-0.9144670009233457,0.007947242786907326,0.01072092142498182,0.042153294632090554,-0.14352025368805166,-0.005348024121435405,-8.656955170688302e-05,0.005372897303546415,0.14011553795157733,6.95837256018951e-05,0.7100838667503497,0.5042190978191284,-0.0013018852654660376,0.8222494276762422,2.151936,-2.154233,0.6747626629873789,0.9101175,0.5392853161934459,-1.3243485,-0.45319325,-0.000219,0.45692425000000003,1.3236795000000001,9.049601946343429e-05,1.0040465172698896,1.0081094088417946,-0.001271707591029726,0.8245905750802698,3.045724508926977,-3.0427527770636598,0.9561953635775102,1.2897346624624089,0.7621259934210407,-1.8718708492473133,-0.6427285689662217,0.0019240929697672332,0.6470060934961872,1.8686341922901246,-6.5006623838773846e-06,0.016284617648641232,0.00026518877196243746,-0.28033086592975504,6.6425950407754755,0.09879597992238322,-0.34765393134904243,0.0150624543680116,0.020304120875714655,0.012601984716933119,-0.02468788087767444,-0.010191467198305229,-0.00017622076427700577,0.010112653677409425,0.024853129168920622,0.00010470291449750813,1.4187859791000332,2.0129536544908397,-0.0012150659514713318,0.8346117431632858,4.227972130815237,-4.254027528751877,1.3194798922629134,1.7801939015190045,1.0751707395657157,-2.6405399164735397,-0.8880491166758246,0.0010468465723247715,0.8921447848431797,2.6268515767284764,4.410195510532313e-05,0.05483722054355851,0.0030071207569428754,0.08029422507524592,0.9105118408160284,0.6042982477446873,-0.1927571160142803,0.04568915997012065,0.061477931013036266,0.04138144520872213,-0.10123128354431485,-0.03115291617340253,0.0001239137052587505,0.03032501483963374,0.10216734668491409,-9.455280675994375e-06,0.006710711778396212,4.503365257270565e-05,-1.1021694522508179,31.036123420517747,0.09433976089809583,-0.14983310096289545,0.006228902545036073,0.00840800533629326,0.005076243972609779,-0.010795535889720577,-0.004176604785710579,8.98208730713743e-05,0.004231400550582682,0.010728358862384556,1.5139368833939892e-05,0.022032086351902576,0.0004854128290176917,0.11572170676568318,1.4972473427860065,0.27661641047185936,-0.059347754998218566,0.02058626154758579,0.027775212411528805,0.017189530259430486,-0.038222504080433053,-0.013902076878374893,0.00031603056566142663,0.013873135533153912,0.037794234798167174
-5.965040650406505,7.666803467211848,58.779875404851616,1.0680105050855195,0.2225790785842796,14.8,-20.6,5.485628208470727,6.3999999999999995,9.102032520325205,-14.785,-10.6,-9.4,-4.2,9.3,-8.390974249440614,10.898463288620421,118.77650205340706,1.0874857615917612,0.23240918662518206,20.663241001261344,-28.121122087772417,8.103364283291775,9.03692403996417,12.90125965538685,-20.75671311062989,-14.999671192593361,-13.654832120145814,-5.962747152629191,13.023983079565019,-0.04407182510059451,0.6023725856355344,0.3628527319252393,-6.707270683777142,77.07392429731566,1.8237694650643337,-8.155038266017277,0.2563784881309966,0.344847743605178,0.2844262834690913,-0.5569936790830744,-0.17459639405776378,0.006212755574537765,0.1702513495474142,0.4675253974718019,-11.76463223289912,15.564657730390806,242.25857026421428,1.099314666298309,0.2462201044497192,28.886955911642325,-40.4545604610503,11.075683883504182,12.678974759194663,18.306527278743243,-29.29185941257466,-21.164616700265597,-19.392734368221536,-8.485641941070934,18.60974149279793,0.1077521359356093,1.122565424706539,1.2601531327465725,7.525871993563985,70.72489783361075,12.663087720896302,-2.5786719801321825,0.2501106702254521,0.34049475122796186,0.3785582819011354,-0.5893029776278651,-0.16720544728053394,0.025909589043426107,0.17328930394742792,0.4668990136899476,-0.06181702694795036,0.528610998865433,0.27942958812151075,-2.6886856579573117,15.197347022869454,1.8213956052880802,-3.785406772330318,0.2505538641800275,0.3498536767016541,0.29656089000440805,-1.0035809069323811,-0.19563715951330793,0.00937004135108237,0.15421651718834617,0.48695712206936037,0.07121446970742863,0.6582303164590546,0.43326714950578715,5.602654110928592,46.67774339872715,6.643556994348904,-1.4165163677337695,0.2575782691130035,0.3615556279632123,0.3089708514285797,-0.493187515984304,-0.16957393755647734,-0.017990657263010683,0.1919816904067349,0.6395759339992713,-148.73871951219513,12.378596413703741,153.22964917335912,-0.40144869441712283,-0.49288667768583894,-111.6,-188.4,14.529501741354917,19.92500000000001,148.73871951219513,-171.0,-157.625,-147.4,-137.7,-132.715,-210.3003965033662,16.916654270473774,286.17319170673863,-0.24583726757852065,-0.836032864081588,-161.0354906048312,-252.22590867144,22.365767492713573,30.593235966902597,210.3003965033662,-239.3259564101535,-224.88693522889318,-208.6743888090646,-194.29369926199058,-187.96651591165283,0.10105703060457155,4.402835275599003,19.38495846405895,0.04341321986147095,2.460866590041232,16.680040321492058,-16.949394233636454,2.5997759315406532,3.4988793631317066,2.9764090849948373,-7.228083979077747,-1.653827689567187,0.08449001664461342,1.8450516735645195,7.8932985510326255,-297.2308496244371,23.58757649174924,556.3737647541213,-0.2535633550025627,-0.8949240762355197,-230.21698104945884,-348.9428944060638,31.515612222004115,43.44402017116488,297.2308496244371,-336.6917307572635,-317.5048541411144,-294.5615591164932,-274.0608339699495,-267.051318152906,0.035369582416351006,3.5790815963655844,12.809825073442822,-0.11221759275933571,0.493215757786595,9.572299725894668,-12.979113687317277,3.2892744039605946,4.23140575646628,2.7693044887347664,-5.870796739538811,-2.0406277749708845,-0.09891443104254449,2.190777981495396,5.796984386728755,0.14114729863643383,3.432728906784242,11.783627747472137,0.24766681751311853,5.468688510614214,18.78309365113818,-14.559641684247175,2.0428314417626914,2.6951679944616482,2.2340413067984146,-5.428426862599418,-1.1407675317441393,0.11602581737832555,1.554400462717509,5.271825952880372,-0.15817618415766105,5.142522957116181,26.44554236446695,0.19238510957685298,2.8341010509551987,20.0058839450994,-17.43051476547485,3.009672199914556,4.004770561749191,3.4710443717813435,-8.405720340592962,-2.0876393090028316,-0.2581258643866788,1.9171312527463593,8.300773687494374,-1.2796747967479674,6.196672780838071,38.39875355277943,-0.4299447162160639,-1.019603272303637,8.8,-16.1,6.968230426976328,10.525,5.150813008130081,-11.985,-6.825,0.4,3.7,6.9,-1.833503513735062,8.592887020506813,73.83770734719447,-0.34298804613279654,-1.2149629830837319,11.268027506520095,-20.593915478717605,9.981382704902595,16.0083882417272,7.260051750839818,-15.622375018968002,-10.582921917164557,0.7601827974582221,5.4254663245626435,9.727305097922395,-0.07027388956748451,1.6851505356407925,2.83973232777045,-0.08385136603476306,1.6155657302045467,5.483825382707864,-6.016695807807611,1.0239437231845558,1.3761580433199891,1.1569412879211043,-3.112830418766093,-0.729699753649116,-0.0268019499629496,0.6464582896708733,2.7969174327477986,-2.6535776672148965,11.97500679493165,143.4007877386592,-0.30321923815629553,-1.3074317534534527,15.560893933927087,-24.32046067992997,14.197740122138148,23.195002173765978,10.151810315816165,-21.2532905315611,-15.666219520344995,0.7036010407893848,7.528782653420981,13.248340081416984,0.13390543522760337,1.9192283508295733,3.6834374626280035,0.8510413838783703,1.9766992105059016,7.017196128653856,-5.688688682767574,1.485639486822133,2.049283666845044,1.3868318268977895,-2.4716353989488558,-0.9724345959059337,-0.046017498472478935,1.0768490709391103,3.824513392910699,-0.09833598268324754,1.339034587990478,1.7930136278348288,0.015037225991121034,1.450488720271622,4.280420966984602,-4.531142169355542,1.0055571863449777,1.339942158922867,0.955414077598911,-2.142395799783439,-0.7847767465772589,-0.04988880992000305,0.5551654123456082,2.013926315879098,0.13751616041396075,1.9476437384368221,3.7933161318721607,0.3464165513872453,1.54045122530969,6.587966646829658,-5.613389478848621,1.2343499940694203,1.781098560409489,1.349946909773187,-3.1121665786797648,-0.7996802278131342,-0.07897339559351708,0.9814183325963548,3.6705335503362084,-0.46880081300813015,4.438684822353854,19.70192295219446,-0.16129075585883226,-1.5016211149733572,7.0,-7.1,5.2632378756948865,8.9,4.00660569105691,-6.8,-5.4,0.95,3.5,5.6,-0.6646906959948733,6.296162264345303,39.641659258965774,-0.15156507073775732,-1.5045645866830966,9.872587496533995,-10.028052234765811,7.540130283713939,12.670996749293629,5.6883611344096305,-9.564939116185178,-7.702806434768089,1.268894141658838,4.968190314525539,7.937931033188416,-0.012894602170751748,0.14321515933991297,0.02051058186475666,-15.567023536796752,305.1758256447795,0.2835534699495239,-2.8426382416523897,0.057694210246376616,0.07809364825378863,0.05452009650716216,-0.10598782478750074,-0.045960619259193536,-0.007625403247542406,0.032133028994595095,0.09119758900547541,-0.9673219397191198,8.961611219417255,80.31047564798521,-0.13242781470505433,-1.5055772100564757,13.918850321351316,-14.122322315818028,10.84246758417531,18.108689611368053,8.093279821965083,-13.518399832024175,-11.07632972438288,1.7049910242810966,7.032359886985173,11.417686973873,0.021074668311336274,0.29159002019460556,0.08502473987709049,12.481786233363952,181.12113844631025,4.29376288878833,-0.8482620654858916,0.06700153640076684,0.09526589370068755,0.08273343731019984,-0.10879760554468776,-0.049545681432278346,0.005837820686277584,0.045720212268409215,0.1331386097006378,-0.017259811083604547,0.12186521651528595,0.014851130996317524,-6.468780239783458,58.8239694591017,0.20842529669506926,-1.1746483568142163,0.05980849213964999,0.08442398043365684,0.06138100237485796,-0.1114264759205823,-0.051026169376504,-0.012326220953492194,0.03339781105715285,0.10460984652540722,0.0065152115668319615,0.1607193129232273,0.02583069754651426,12.117514743563834,173.34879093571703,2.3373054621547906,-0.21542044847169858,0.05963439842638775,0.08018266874875753,0.05725166483457329,-0.09573249111133278,-0.04426694221170746,-0.005108540410203667,0.035915726537050066,0.09847387377813425,0.1528455284552845,2.809687081591782,7.894341496463745,-2.021251788247687,3.347079486617262,3.7,-11.2,0.8895613311033613,1.5,2.0573170731707315,-6.969999999999999,0.2,1.2,1.7,2.3,0.2276206274869876,3.0466623727336835,9.282151613431239,-1.2560158618381148,0.6257214058059501,4.1541373491157625,-10.727757194488383,1.5953954384418483,3.719522057165785,2.5698334615455827,-6.430142141159873,-1.3868227494759173,1.5532262849701495,2.3326993076898677,3.1448241303020934,0.032860510512524414,2.536807718828694,6.435393402308842,0.4252989292958011,2.9297309186710354,9.234322415838934,-8.084968648571381,0.4874005638915803,0.6207810447597584,1.3967694732135105,-4.822586244117853,-0.3511678551581553,4.696520396686721e-05,0.2696131896016031,5.5194442402422235,0.36105752703367855,4.001248985224034,16.00999344175636,-1.0046146481456038,-0.3455704463446385,5.508241757694842,-11.010813964038299,1.6352898241531062,5.919674865201146,3.560690291068891,-7.149250487973406,-2.8160327102883,2.444981795681485,3.103642154912846,4.28927581156594,-0.08445872799080292,1.5539281908150921,2.414692822209865,0.6267141711080843,3.677628564187195,6.7184379821880675,-4.386932526713376,0.8837114680580357,1.124534968852191,0.9878344976102343,-2.8147216885656414,-0.7133893197794221,-0.05548666971589833,0.41114564907276907,2.278462675943133,0.04557928526584064,2.039503942521827,4.159576331562076,0.3112522816812296,5.817328451294866,8.778867028546664,-8.192938313558898,0.23119191837325215,0.30643044428436916,1.0003857409847725,-3.643791110130378,-0.16340826713474538,-0.007159927541227204,0.1430221771496238,3.6924943255473615,-0.009404395129426297,2.920923488989276,8.531794028529283,-0.6015606291600758,3.9692823768190344,9.162828768292389,-11.653800825633349,0.5281680291260775,0.709529024196774,1.5659810278545394,-5.305519350286824,-0.33717442244841495,0.008174786447563465,0.372354601748359,5.791725232170377,3.1836382113821142,3.3787425162418363,11.415900991060216,-1.7248992792221776,2.250273608303914,6.5,-8.7,1.334341996655041,3.4,4.257418699186992,-5.584999999999999,1.9,4.7,5.3,5.9,4.507670991017542,4.744755003134379,22.51270003976872,-1.6808001613003902,2.0756900479991938,10.330467273088454,-11.85020412386454,1.750976343221217,4.9558179123360615,6.007569635721049,-7.594092377300983,2.6023748088524323,6.674899816441847,7.558192721188494,8.314620358376509,-0.03771787827089193,0.43800447597837433,0.1918479209770903,-9.003653337498152,91.24449233337654,0.6037025601672892,-5.163233434456011,0.09756006214737138,0.13097229972795768,0.13873618915662375,-0.23917088041034984,-0.06129234332108405,0.003884453382016595,0.06967995640687363,0.21729665826996672,6.394526516549361,6.603807466801185,43.61027305857908,-1.7607616697504398,2.468980716522582,13.122574597857291,-17.761178371959733,2.4102148431167216,6.45620193505126,8.43237169373161,-10.263035869520182,4.058282198576709,9.36397848362576,10.514484133627969,11.815171852394371,0.0874509773003026,0.9170390340372891,0.8409605899480443,6.417581929291861,45.77276126214511,7.874919664325533,-1.525497954990172,0.15847926533592324,0.21932626545145173,0.29296663713209325,-0.4263341058689657,-0.11516933064980957,-0.0003058227498646815,0.10415693480164215,0.48797052053044637,-0.05302600365837869,0.3499443335478875,0.12246103658227514,-4.4521592921907,21.086610667100434,0.37222043967584,-2.2145551057734143,0.09169528620066641,0.12278845938195232,0.13989994220172627,-0.2474802111140709,-0.062470392117110425,2.1521280904769646e-05,0.0603180672648419,0.21346702549696212,0.055390859627929126,0.5028230455966246,0.2528310151830652,6.343951413774945,44.37430668920439,4.192410757257971,-0.5001885331901091,0.14274461772008257,0.18678304132765658,0.18353313085438874,-0.28550936713223424,-0.09671439393805456,0.0028493735609687178,0.09006864738960202,0.3137826200810768,-0.002333049756374615,0.19751786504114788,0.039013307010413105,-0.11655338764238836,4.000823655099113,0.893923,-1.061179,0.01409806449576977,0.019077,0.09962811208262337,-0.3740525,-0.011746,-0.002296,0.007331,0.38769,-0.003298879082461927,0.24447115502829372,0.05976614564086802,0.24378396771902416,3.9068189218403466,1.0348252553854356,-1.058618253978248,0.018028008009520324,0.024322174185905848,0.1230417918429982,-0.4577192766599051,-0.015744737962696136,-0.003519083305807908,0.008577436223209712,0.5006386127053547,0.000305714976294126,0.13510511276857162,0.018253391496208457,0.03928692345241641,11.512580146451947,1.0081850460230468,-1.2482121049635735,0.008407841229713633,0.011332473000904869,0.05976056238637565,-0.20377449702435954,-0.005653964802579662,-6.758478305079495e-06,0.0056785081983252075,0.2112257507715134,-0.00466383988242135,0.33197610687638224,0.11020813553679916,0.3915318080299072,3.6941080760960014,1.4295377059200836,-1.3041572642633512,0.024771487903287485,0.03348105537325141,0.16876901946517198,-0.6105875169486685,-0.022136872261167166,-0.004911805397255156,0.011344183112084242,0.6799956555846687,0.0007480967380924275,0.09644789363820351,0.009302196187246217,0.16606332173819904,7.078570485033094,0.6559709295199501,-0.6253406832630413,0.0064769951112896434,0.008758654611446374,0.04543948704511159,-0.16034116366311063,-0.004484264748530047,1.6573714883127554e-06,0.004274389862916327,0.1728809954659063,0.00043230244889864376,0.09799162356169942,0.009602358288257805,-0.008225214944745107,11.770412051128032,0.8781265216477395,-0.8824043625167673,0.007906046745962056,0.01064663323888889,0.04482688801583606,-0.15461998425583656,-0.005181856523849744,7.663316063916051e-05,0.005464776715039146,0.15803409128543744,0.000631530735613134,0.16400455107506792,0.026897492773334565,0.031790519721472524,10.171728497573845,1.340980180750363,-1.1808165614490482,0.00876369015526527,0.011819844720622037,0.07311942261449804,-0.26073196924459646,-0.005762244044016224,0.00015948436741966782,0.006057600676605813,0.25805171898630186,0.00566813486084955,0.38416712251821195,0.14758437802392285,-0.12689028852716416,5.434646184225048,2.164511,-2.32964,0.023162694459713015,0.031349999999999996,0.18897113037694677,-0.703322,-0.009621,0.005461,0.021729,0.686199,0.008016034380799347,0.5018343881799707,0.2518377531599656,-0.021650530452770777,4.191150982105476,2.661779880950517,-2.604227706015463,0.031506228721660985,0.04276959187661611,0.25279821273293107,-0.9927911879541919,-0.012506497496933814,0.007761885244532328,0.030263094379682293,0.9433030253283683,-0.002153028339023459,0.20808642842550992,0.04329996169488486,-0.13922798143678064,10.427165904352748,1.56828570488892,-1.5915570667994219,0.008452015558754588,0.01139302646774638,0.09191319559239705,-0.330645483552525,-0.00590113305307821,-0.00013850221859694587,0.005491893414668172,0.322691471945437,0.011336465576811146,0.663318015408493,0.4399907895654618,-0.16365710929076555,3.172009113221697,2.846909692248812,-2.75628731300147,0.03874162214846803,0.052722122417375894,0.338176486225709,-1.4289896385847847,-0.013941499791372432,0.011350762817727527,0.03878062262600346,1.2868575246176137,-0.00020848654691615052,0.25217970051943484,0.06359460135407186,-0.26963078447692984,5.894504643278582,1.382063862165752,-1.4315092262691065,0.020651403484986973,0.02785376131886118,0.1220865635349144,-0.45021064595940175,-0.01331180476125084,0.0003330345292753929,0.014541956557610342,0.43801276675146356,-0.003044640871559798,0.1930615713267309,0.03727277032314641,-0.07913838234937037,7.748455998083692,1.5087454884393525,-1.2118172790714183,0.007398966216012262,0.010021508973561844,0.0893096039094239,-0.3254080611442779,-0.005343232186532621,-0.00017539191664228576,0.004678276787029223,0.3254977106859857,0.00040152919127663876,0.2220618617657098,0.04931147045085321,0.1341348696175025,11.759939215275484,1.996548240033456,-1.7047342309981723,0.009150420687407033,0.012331875807729611,0.09608856099016604,-0.3278821624916306,-0.0060662066598020595,2.1434039271986947e-05,0.006265669147927553,0.3336468194282758,0.00610080518937016,0.13714584925252055,0.018808983967195093,-0.07302198251380972,5.905580624628605,0.898144,-0.923891,0.011746657377219883,0.015785,0.06876166941679371,-0.24044675000000001,-0.001382,0.00648,0.014403,0.25413275,0.008629141111804779,0.1513638806201253,0.022911024356383543,-0.10741649552152038,4.666649917539731,0.8143203614798928,-0.745699457392767,0.013945738821376756,0.018814816258981928,0.07829921797650462,-0.27701778121130555,-7.809353698546343e-05,0.009191012669794498,0.018736722721996463,0.2864296134060115,-0.001543174193440194,0.12124856270588967,0.01470121395824406,-0.024980024086555988,9.732777619550507,0.9979686249274016,-1.0148583450701207,0.00864998291275634,0.011685899124477445,0.05578902540968063,-0.20224757711773408,-0.006045843728057417,-0.00010899189897429809,0.0056400553964200285,0.19214677992025037,0.01220725005810919,0.2044231327161152,0.041788817189470445,-0.10395850101103299,4.2527914157318865,1.0445061214040745,-0.9958474013357496,0.018580921288989794,0.024986366689611114,0.10730821715382563,-0.386312981363772,0.0008652196440118304,0.013018290765108614,0.025851586333622945,0.39115821234048986,-0.0005462831835073143,0.06344138269129086,0.004024809037782819,0.5182527904124434,7.070642590467717,0.45747285952050093,-0.39071113518518685,0.006700777393877357,0.009035175519336325,0.030926072629077275,-0.10972430829283722,-0.004773236599933563,-0.00011637896874313084,0.004261938919402762,0.10797304210758951,-0.0021822550600470087,0.14502150783873016,0.021031237735818876,-0.05327309397811113,8.751589800272551,1.1945180000002076,-1.0751001325338974,0.008810942502545436,0.0118810376601414,0.06717712328770752,-0.24210719401914854,-0.00616846478103205,-0.00017915872634567367,0.00571257287910935,0.2340951520992573,-0.0003964336667626854,0.09146456837689665,0.008365767268372001,-0.03901947296562054,11.261432324040229,0.8261506125765242,-0.7755116615754636,0.008273996694950193,0.0111797502189997,0.041394389610638384,-0.1379202099929541,-0.005672733707744392,-4.8617109651871525e-05,0.005507016511255309,0.13807612267714317,0.00015533557528472764,0.8742208283120853,0.7642620566546684,-0.0012951356687116791,1.2411279822268853,2.828158,-2.834205,0.7037542080691466,0.9492175,0.6309765917555974,-1.70154725,-0.47325375000000003,0.0006725,0.47596374999999996,1.701289,0.00015801256934572783,1.236190912116013,1.5281679711982201,-0.001156267528114075,1.2441038790290806,4.001377626917244,-3.9852605812253707,0.9933909411270597,1.3408846069598943,0.8917874486869879,-2.41340678475758,-0.668440491496171,-0.0007977562116996632,0.6724441154637232,2.3974992049773585,3.491148284935054e-06,0.0161876233444219,0.0002620391495408728,0.40095059488396784,16.39607472444275,0.42276403049469874,-0.2523425788371943,0.014249351548473265,0.019290688622447302,0.012320537020968306,-0.024024428214187196,-0.009866717778737545,-8.173222398298596e-05,0.009423970843709755,0.024053888539051993,5.046865025393018e-05,1.7472465519725084,3.05287051337982,-0.0008908897298760458,1.2553380687727271,5.569824525471428,-5.621766601635472,1.3606575935820049,1.8370705954382234,1.2585393761233916,-3.403961356196083,-0.9159583157074258,-0.00273314124025658,0.9211122797307977,3.3702632216869204,1.0698023065067154e-05,0.055549245589436934,0.0030857186855555788,0.012261664836117115,0.2707493404320167,0.38319291885656304,-0.21786961512144562,0.045647907295848195,0.06122079964112578,0.0418819618330859,-0.1030611496970936,-0.03077059657275248,0.0005239691241192834,0.030450203068373295,0.10328346090450194,4.228071488786601e-06,0.007270788374460992,5.286436358619712e-05,3.0305451050434433,174.83162845787936,0.29256687497022876,-0.16772280002161982,0.006169596306139839,0.008333088580115444,0.00524196783524834,-0.01105114878928739,-0.004189211030198536,5.135414965457821e-05,0.004143877549916907,0.011160379144609128,3.951696007178548e-06,0.02171083362493644,0.0004713602966896708,0.1079096610638792,1.7164379276938542,0.254459386420728,-0.15429849078274693,0.01957576293158787,0.026331709742098364,0.016761131980424008,-0.0377361441074425,-0.013194939162351274,0.00016344005544615702,0.01313677057974709,0.03787572072464
-6.277540650406504,8.13553092697672,66.18686346379471,0.7827178326917611,-0.022203208197833835,14.0,-23.6,6.819970205125769,7.500000000000001,9.39298780487805,-17.0,-11.3,-9.4,-3.8,9.3,-8.836812908780022,11.552890753617168,133.46928476501307,0.801640900440609,-0.0199701867880413,19.718006929134884,-32.72746007488197,9.965509949414741,10.507647351959424,13.311703916298471,-23.88867524875439,-15.954661822488085,-13.346231101837498,-5.44701447052866,13.076499411542448,-0.05641444704172737,0.6170881071046995,0.38079773193006117,-7.228894792407477,81.26900821985241,1.475163323617073,-8.33269942807444,0.27770912928778346,0.37358512219327644,0.2901949033488632,-0.533750752389113,-0.20155491630886763,-0.012778510779632879,0.17203020588440882,0.493951555058454,-12.40853320787029,16.468649051791918,271.2164015910869,0.8165014430456232,-0.015355631230953737,27.659390158012904,-47.239007193278404,13.986952436814967,15.212920943545047,18.89274473478829,-33.60608980679821,-23.00152173571296,-18.889095161099874,-7.788600792167913,18.58931735953246,0.1270813519992154,1.1314019634981565,1.2800704030074839,7.196182122354272,62.70188729643367,12.169820761606058,-2.2741927685731715,0.2716729744703351,0.36612752712712227,0.37464391842740186,-0.45893045373000485,-0.17090521972882156,-0.00772298392156423,0.1952223073983007,0.46772218559078393,-0.07941183703418359,0.4760362285583534,0.2266104909000609,-3.3718528864241413,17.201196411501122,0.7525483789567277,-3.4792715105438083,0.22718679856580615,0.3244572056919977,0.26965520955031613,-0.6719613166261056,-0.18294539521156358,-0.0113903459712301,0.14151181048043412,0.4428179812466322,0.07981491526219821,0.7202713134860427,0.5187907650309092,5.086796631824257,40.55887270367745,6.966302750972162,-1.6052801792791425,0.3004215039947604,0.4096533106165371,0.3476520451055113,-0.5888579268323899,-0.18520622728935204,0.010123155023208107,0.22444708332718505,0.7420609334177364,-148.72662601626016,12.041626750364566,145.0007747950955,-0.34811282038264874,-0.5204310829969594,-112.2,-181.8,14.529501741354917,19.69999999999999,148.72662601626016,-170.685,-157.6,-147.7,-137.9,-132.4,-210.27913964962647,16.42842815846893,269.89325175797484,-0.18824131164998856,-0.8568562803887345,-161.4703006762835,-243.57459953731683,21.589324618988567,29.078359801291384,210.27913964962647,-237.7862180418103,-223.81231682165094,-209.000620945794,-194.73395702035955,-187.63281821796417,0.28388409573074985,4.3654192366170035,19.056885111425782,0.01983955057780409,1.9051130003687948,17.296129305904827,-14.705687310999988,2.857069640128595,3.796693350281754,3.046650912438197,-7.612733472966203,-1.6586197469762958,0.32633906483218666,2.1380736033054584,7.648335143431187,-297.1958626821335,22.88335873021019,523.648106775487,-0.2080425793638737,-0.9325137768914482,-231.68281717693318,-342.88262880536104,31.555384827777146,44.11486619444128,297.1958626821335,-335.4315645527118,-318.7841968978329,-294.8083459564983,-274.6693307033916,-267.43004266905587,-0.221548513418366,3.522321704263363,12.40675018832476,-0.47396348085371504,0.36355841582276405,7.550164072542605,-13.247253365785248,3.6920879271568143,4.922506669921131,2.7391204814203185,-6.402609218089578,-2.4398411551288373,-0.07744388057038876,2.482665514792294,5.1885061162402115,0.3934038739138294,3.4425423599373794,11.851097899963221,0.38630006368038916,1.912477055695371,13.088934146021868,-8.7341511793408,2.237975068415875,2.81716132442435,2.386190089535832,-5.5785474295265205,-0.9556472314066322,0.20353643842743374,1.8615140930177176,6.572176497631041,-0.21731746262764925,5.069684767032897,25.701703637085398,0.20505427921259373,1.9414001883460514,17.36983965667888,-18.990510059167484,3.406046012261492,4.6308535518925416,3.5430279148443096,-8.352082149948224,-2.7480322587956074,-0.2994625944780405,1.8828212930969341,9.397228185451251,-1.2164634146341464,6.248145521025703,39.03932245191355,-0.46462462555640327,-0.94980171149136,9.1,-17.4,7.116490648826889,10.7,5.191260162601627,-12.2,-6.7,0.5,4.0,6.8,-1.742683873981185,8.675365645171443,75.26196907742091,-0.3866259416206689,-1.1654636906682592,12.644911992177276,-19.561296782175464,9.984509274782917,15.42921075221173,7.305446860178636,-16.17654126241824,-10.137735178064233,0.8639885589342169,5.291475574147498,9.4539367524802,-0.046062482657121324,1.6499795647860318,2.722432564211503,-0.2956313211432779,2.125494567735675,6.026074855047689,-6.837959701878195,1.0947234433174005,1.4952744747801145,1.151063321283678,-3.1863456225588447,-0.7854844029077579,0.035621946441328295,0.7097900718723567,2.5176885635358603,-2.518914241964729,12.112251453928629,146.7066352831962,-0.3659717167978442,-1.2215821536490716,17.069185595912803,-26.259534269889112,14.089802438057774,23.408746904893135,10.231196975046648,-22.39829376596456,-15.297504639974994,0.8972436184099098,8.11124226491814,13.400850293257243,-0.08885273820344582,1.82008105998129,3.3126950649026163,0.45379107435508403,2.262482943789186,7.287899396123893,-6.40739926754571,1.4286266299908825,1.9423605618214856,1.3224792597848163,-2.969685535406838,-1.1768215704288942,-0.1754017645335333,0.7655389913925914,2.8504340739317717,-0.0647207985452309,1.407837527276972,1.9820065032093392,-0.024486485267462825,1.916075260337423,4.947390815837344,-5.5493101987943625,1.0286543765903777,1.3986262519943071,1.0128545620855303,-2.302270320218625,-0.786120040871936,-0.04203436514720149,0.6125062111223711,2.1732477573164757,0.10550144843630815,1.8377353819047566,3.3772713339046216,0.3420255439486083,2.1616319223671914,8.038596901275731,-6.172086120250025,1.2095499019055393,1.637783171646649,1.281438885630138,-2.9882817547336824,-0.8117317228536328,0.03731035267738979,0.8260514487930162,3.35135846540032,-0.45040650406504085,4.414683536683393,19.48943072906339,-0.1659761051957064,-1.5198433256341288,6.9,-7.1,5.411498097545447,8.925,3.999390243902439,-6.7,-5.4,0.8500000000000001,3.525,5.5,-0.6390200527793564,6.262029584024823,39.2130145112021,-0.15621876407561067,-1.5226615267293424,9.771006052702203,-10.01774681086357,7.7830055293262825,12.636403033979558,5.678144018044473,-9.499877930781906,-7.5500232130760185,1.2031394419521646,5.086379820903541,7.853471961078537,-0.008638719779978637,0.14835126293607712,0.022008097214729086,-15.893717586709206,312.56300766417826,0.28050283734321124,-2.9572479547834476,0.06036854493188143,0.08119954143418698,0.05526999715847213,-0.0971237993442427,-0.043188801273052614,-0.002529384889523534,0.03801074016113437,0.10440557770533279,-0.9317675636843998,8.912530316209324,79.43319663735028,-0.13742719993544214,-1.5230615221532222,13.807440392866729,-14.080275906509923,11.179476561439747,17.868248030165656,8.07754027866446,-13.464005717812704,-10.7886486729438,1.3398653884763643,7.0795993572218565,11.33257414094459,0.019314504177713784,0.3039717766692665,0.09239884101147042,12.836317326634731,188.14832432031062,4.515746461610333,-0.87664058978142,0.06942265556687412,0.09301335380010459,0.08446969666191095,-0.11832620819336762,-0.04728164834722409,-0.006715988551585839,0.045731705452880494,0.13452687501627908,-0.011924610875498717,0.1255627369015341,0.01576600089820387,-7.305027693333397,68.98956172579992,0.1700650303500545,-1.2537721827729407,0.060982775827740185,0.08106485169210939,0.05826156092028116,-0.10667594738356381,-0.040191642285634606,-0.004159930736560912,0.04087320940647479,0.10038959778003752,0.008883707351175765,0.1662945292922593,0.02765387047253409,11.806649831320222,167.40292397761698,2.399712279711943,-0.35174265531100385,0.06164289622320385,0.08217359724928446,0.06112680698161137,-0.10329861096556996,-0.04499025543312691,0.0016756081293692587,0.037183341816157546,0.11717636162302658,0.14806910569105686,2.893691682989052,8.373451556200013,-2.0202008481255675,3.3530387594587108,3.4,-12.6,1.0378215529539212,1.5,2.122459349593496,-7.1,0.3,1.2,1.8,2.4,0.21833378141241966,3.1026276807766466,9.626298525521474,-1.2083400806584583,0.3191875352902209,4.667035117598817,-9.37465741199721,1.4655506318418206,3.9420279430362055,2.6234980233985725,-6.352378797100194,-1.6141210662437722,1.62680597512231,2.3279068767924334,3.158834245364865,-0.05728373483218714,2.651816422379913,7.032130338003801,-0.05485780330575055,2.825322391972021,8.723442113528632,-9.051606259818803,0.4240371695018218,0.5576993728144699,1.449062741201271,-5.398112600573602,-0.33990494883382716,0.0004141256920040248,0.21779442398064272,5.299914847384503,0.3392263864510017,4.1421242126184525,17.157192992760038,-1.0984812872112502,-0.048218723095570404,6.207470232402206,-12.116529632809648,1.3830977627167467,5.472978544947209,3.627439782746497,-7.949817434314933,-2.2842598100847944,2.5134238542862235,3.188718734862414,4.28467644573448,-0.10274593089972098,1.3768305514333807,1.8956623673603472,0.4466523946554744,2.118069549444855,5.211447306101403,-4.044046040976312,0.9017299973910393,1.2677063967157112,0.9511564709428293,-2.3057312785192257,-0.8384008970453067,-0.05336537976918222,0.42930549967040443,2.453856943062513,-0.08002717552074425,2.17659660029532,4.737572760417146,0.38011075010453343,4.884751773072863,8.807700952132194,-7.268281297204814,0.21040891323162927,0.3008829210193329,1.0760171264775547,-3.957065663651469,-0.1869300145531918,-0.013383877790489818,0.11395290646614112,4.479298648049144,0.020204542367717935,3.02165466264272,9.13039690027049,-0.04383229511141888,3.0412799667011496,10.449941130433391,-10.8607237416834,0.5536597493793726,0.7357601403856404,1.6586031917737718,-6.0481292763152545,-0.400365257566133,-0.005630900654587665,0.33539488281950736,5.654017546599945,3.010772357723577,3.5283615426740598,12.44933517582127,-1.526769695214031,1.3886289939706975,6.5,-8.0,1.334341996655041,4.0,4.239227642276423,-5.7,1.3,4.7,5.3,6.0,4.264148527477407,4.95906411322605,24.592316879086468,-1.4866163940979802,1.2472967080079806,10.307155409933415,-11.116059590672492,1.7477202080073104,5.678658305748875,5.982092854076207,-7.790791490684196,1.8663643793677993,6.661639047368929,7.545022685116674,8.421723279657098,-0.04474871012814562,0.44089120738533677,0.19438505674970002,-8.706401716066747,85.83368117210942,0.6568039830007344,-4.821778311559628,0.11036664375102069,0.1478423267567608,0.1429624263970698,-0.2557815002284658,-0.07808182346630758,-0.004705082572519892,0.06976050329045322,0.21952949172279798,6.055770226679188,6.917696891704426,47.85453028549708,-1.5487229752207623,1.5310097953197674,13.884629467573287,-16.531112713345053,2.3976781844392345,7.74511094439033,8.404859361701433,-10.937593823640054,2.8476931108942463,9.403207833240831,10.592804055284576,11.7687306216107,0.09522191361257579,0.9095466269549752,0.8272750666051729,6.261225027362467,43.22684733165908,7.228606101711875,-1.356578509825915,0.18496335908539888,0.23392035309672027,0.2978019344217494,-0.3818035511455681,-0.11080080858911778,-0.003146063093391993,0.1231195445076025,0.4628912802523381,-0.06181718273308124,0.3464818040594738,0.1200496405443076,-4.299010271094408,19.5722589172905,0.39886200028381996,-2.0584694957821243,0.09550730604591924,0.12909038310690846,0.14493363785757393,-0.24557274938598211,-0.07095832205432635,-0.005386934492063594,0.05813206105258209,0.19634766894731234,0.06386097763610793,0.5093191462106912,0.25940599269678744,6.145510984834911,41.80688816955863,3.976314315099253,-0.5619462093349046,0.1397367575241584,0.19434719843159382,0.18857830761272001,-0.28000585034854253,-0.09512056351973722,0.008922354063067107,0.09922663491185661,0.3168203221769694,-0.002924525764681592,0.19903702211428742,0.039615736172123335,-0.05095332918939839,4.242228344722621,0.947352,-1.086556,0.013745205167765439,0.018483,0.09936492481491313,-0.37634025,-0.012043,-0.002831,0.00644,0.39100324999999997,-0.004135875519484334,0.24879326058952544,0.06189808651476751,0.1287252322564653,4.362863864460363,1.183355648657308,-1.2058270550749115,0.01744254042738002,0.02354838647631712,0.12349090021724182,-0.46151822429975453,-0.016019070061208816,-0.004041585756748933,0.007529316415108303,0.49385526823832915,0.00010088915674262973,0.13162968118975074,0.017326372970115418,0.012043956107275523,12.846838473962192,1.2102776293332498,-1.1791881835346973,0.008082926878015841,0.010908595688174282,0.05737734310402083,-0.19791672807570113,-0.005452521333776385,-5.980778804339507e-06,0.005456074354397897,0.19798773940436426,-0.005849062349997831,0.3391100208099271,0.11499560621370916,0.22012546594538177,4.309348011569436,1.581190013112472,-1.5048823269505192,0.02384637737014968,0.03222539662629729,0.16932629934839397,-0.6032194438844336,-0.02216218740384386,-0.0058301604184095935,0.010063209222453427,0.6444454695081855,-0.0005761506831230272,0.09369278495553013,0.008778337952723212,0.11985959709485178,9.173567136781829,0.7266123576943646,-0.6886909334562149,0.006333785163190717,0.008597482723611823,0.04283447571546732,-0.15237414817136286,-0.004475939771194547,5.880353298016322e-06,0.004121542952417277,0.15617165430854585,0.0001430089105758785,0.09363306766265424,0.008767151359919187,0.005383565376599648,13.672872640842165,0.8501931497629629,-0.873909582596971,0.007844867263918552,0.010571065151208578,0.04228484167416577,-0.14656563997718036,-0.005328758739705576,1.1200575459698422e-05,0.005242306411503001,0.14670123667222063,0.0006104031790344753,0.16086983014533102,0.025879102250987655,0.10165888246293445,10.998025318867413,1.3582724062574838,-1.2633674755443653,0.008270680920009855,0.011183520820041221,0.07120445825991452,-0.2496955263133352,-0.0055132025132405135,2.6632412511304803e-06,0.005670318306800709,0.2472734767494903,0.005644342772026074,0.38532520670920584,0.1484755149254922,-0.0625217989089587,5.60742088859044,2.389471,-2.256997,0.022983299591273838,0.031004,0.18835547155119012,-0.710007,-0.009561,0.005461,0.021443,0.6848770000000001,0.007980638074054495,0.5075313267575533,0.25758804764028237,0.09537189929473996,4.684578039382425,2.9803336623205707,-2.582820368806282,0.03141125157571279,0.04243562900798183,0.25264879866880097,-1.014035454636784,-0.012566860254310126,0.00793990875882712,0.029868768753671705,0.9198481192652137,-0.0013088197943097895,0.1983307099519841,0.039335070510058044,-0.035627014244747776,12.25574478253233,1.7056129260458002,-1.64504909446215,0.008198814040184197,0.011068709010365687,0.08646204290340691,-0.3075138729160669,-0.005622068549041551,-6.666109100885809e-05,0.005446640461324136,0.2978895251319812,0.011281750064726292,0.669132829893854,0.44773874404175734,-0.06206840034232807,3.6311118900213923,3.530643319653536,-2.8631088315039097,0.03888682257162039,0.05258982803245285,0.3378450325298819,-1.4168506122113906,-0.01345178184535353,0.01171133240483183,0.039138046187099325,1.2653593474459153,-0.0009591252406475051,0.25951023263281564,0.06734556084113809,-0.2559902038828853,7.038731843556905,1.3058985904666858,-1.756052323844604,0.019217357048363675,0.025939981224600193,0.12287957458821618,-0.4482203870425784,-0.013130089402861714,7.381574223748802e-05,0.01280989182173848,0.43792960091231237,-0.0018503597801335903,0.17470526271258977,0.03052192881947501,-0.08132156001897149,9.632119412222238,1.3793059064042084,-1.6537876152167783,0.007345616657071699,0.00991019492967459,0.07934187774329271,-0.29516305048886454,-0.0051492543738025885,-3.005731250653078e-05,0.004760940555872001,0.2893418242176475,-2.0821591793388365e-06,0.21939530055866324,0.048134297907226176,-0.0003442464758928274,11.394366962184222,1.8575294471889814,-1.876427723371828,0.009067671654136146,0.012225645679833485,0.09534092850269184,-0.34373666648725276,-0.006111789103019125,1.1285048522458252e-05,0.006113856576814359,0.3441863778350054,0.005802189702976138,0.135439181286219,0.0183437718274813,-0.2284724079897923,6.621679484791175,0.911208,-1.059247,0.01210544711409824,0.01639,0.06762156329823318,-0.237196,-0.001624,0.006601,0.014766,0.245,0.008206223670812392,0.15283481273472097,0.023358479983657223,-0.17797288411858095,5.535086268465772,0.9513905260596306,-0.9143784835081686,0.014379775582353245,0.0193995864083041,0.07805873837722534,-0.2810322784476489,-0.00044682761152539874,0.00927514832486749,0.0189527587967787,0.2811142031420536,-0.000756609653868849,0.11543505417053378,0.013325251731354069,-0.08341685602417657,10.547699710230631,0.9486473671391038,-0.9587517734695086,0.008891605956861077,0.01199918307561907,0.052735639472078856,-0.1871092650092138,-0.006129314017413687,-8.647311919632333e-05,0.005869869058205383,0.18181269872196185,0.011607426132696304,0.20701232371683875,0.04285410217064524,-0.14706118942774765,5.070743749173669,1.1450679417587248,-1.031455029496571,0.019268485616950506,0.02596362528572036,0.1069823756235461,-0.3820895886941985,-5.235480691867315e-05,0.013043619302254731,0.02591127047880169,0.3765675635916998,0.00025918914620830696,0.062085024311387405,0.0038545502437455654,0.7990834967959819,8.906664212363633,0.43636111253727355,-0.37051127709120685,0.006553358356674795,0.008869791904383317,0.029342339501290723,-0.10147943294118875,-0.0046724359010700735,-0.00013114349358190691,0.004197356003313244,0.10163140751583327,-0.0010698490407985946,0.13777141939732468,0.018980964002753533,-0.09163941083082952,8.641660848874428,0.965336276567012,-0.9466673083944106,0.009114332334779927,0.012301774168467351,0.06372344438122064,-0.23489464355521195,-0.006269000796982208,-1.8064098829507934e-05,0.006032773371485143,0.22846033886391373,-0.00035204563270975866,0.0875482886888061,0.007664702852338535,-0.059209837022117746,11.827295366524124,0.6924889211558403,-0.6963366086715244,0.0083493117813106,0.01126710689761011,0.03901102691650807,-0.1321529386773648,-0.005633905087524158,-6.768564274803436e-05,0.005633201810085952,0.1299777511004181,0.00018858713093236571,0.8568978129974354,0.7342738619197877,-0.0018039322146938886,1.1720840001405621,2.595102,-2.589132,0.6965376417705706,0.939575,0.6200852620269592,-1.68543175,-0.46826975,0.0006169999999999999,0.47130525,1.688349,0.00029294358483311167,1.211681334375162,1.4681716560731732,-0.0018648068319828694,1.1752312283707935,3.6400576018252617,-3.6573398130026247,0.9824062588764474,1.325785008298246,0.8763836594439535,-2.378219927372595,-0.6618359407224574,0.0024194861419297043,0.6639490675757886,2.3875280467233515,-9.64015023842388e-06,0.01597867912879589,0.00025531818670101737,-0.2703716964782562,8.435529230568559,0.22130221303225409,-0.3434490582680148,0.014930902009414727,0.020134290753056863,0.012376710185051295,-0.02368476794127275,-0.010153409753840697,-0.00016954303696636018,0.009980880999216166,0.023725944095598427,0.0004904898960788086,1.7125545399217326,2.9328430522065374,-0.0020084225377137947,1.186525458864204,5.133350758247058,-5.086117675949014,1.343363626296312,1.8122950385346055,1.2366001340701436,-3.3491735291112237,-0.9051692459938515,0.000534087217822235,0.9071257925407541,3.3745384884170804,1.5077823331352468e-05,0.054942118316279015,0.003018636365080002,-0.015947007734879226,0.5100951733354187,0.3403546685612775,-0.4583000375074721,0.04792028293349678,0.06435781252841433,0.04142390417168112,-0.10059476806982963,-0.032441250774862804,0.0007933710373674505,0.03191656175355152,0.10201445038194637,-1.4592292112405172e-05,0.006641422755293396,4.410849621452892e-05,-0.22621429502747756,60.60457819828664,0.17804735537356628,-0.15935888768313408,0.005604267379343541,0.007560962157025346,0.00483979698115223,-0.010649426387676256,-0.0037753260395794576,3.499663457834316e-05,0.0037856361174458883,0.01047787430715524,2.949255233600504e-05,0.021597609446910422,0.0004664567338212744,0.1745945948093166,2.4563426022179833,0.3075021534095256,-0.11550476479723872,0.020563258968511678,0.027775080333622405,0.01692254845106671,-0.036454166914690875,-0.013959883524231298,0.0003662397337023031,0.013815196809391106,0.03649548155127608
-6.045528455284553,7.865692998506315,61.869126346751266,1.034459643524795,0.13556979072050668,14.7,-20.9,6.078669095872967,6.8,9.257317073170732,-15.2,-11.0,-9.5,-4.2,9.6,-8.50728872733389,11.178250297390637,124.95327971111388,1.0513814365692857,0.1415977857052937,20.62801597412958,-28.277849830645838,8.72826727926871,9.670745916933432,13.121859108450728,-21.435709734736218,-15.523421386625156,-13.599743431973657,-5.852675469691723,13.492265955778628,-0.046926311581770325,0.6148892490313206,0.37808878857430145,-6.513323090502878,73.79324213368159,1.6958069923496073,-8.179646547066643,0.2864342413150115,0.3736921813819491,0.3072753546989479,-0.6849778605942267,-0.19247181981090616,-0.016549451285738093,0.18122036157104293,0.6308666213532144,-11.937028568690963,15.961005249337484,254.7536885693787,1.0607772662141768,0.14915894012368414,28.87340968045779,-40.84319650388323,11.886946484379898,13.582243682511104,18.626375785179917,-29.837632219573475,-21.9392563107734,-19.20989241847404,-8.357012628262295,19.054108740824052,0.12016771417129575,1.094548700298869,1.1980368573259434,7.6484553175475005,72.0852248816701,12.398543445390874,-2.5396480988995513,0.2524721533828801,0.326820049609,0.35878311229788756,-0.47540003811991205,-0.1758122423546522,-0.002588332108142355,0.15100780725434781,0.587106506567876,-0.06334858061621473,0.5230122696116677,0.27354183416434774,-2.748912950746236,14.390104169468124,1.3025961616764155,-3.748810122873792,0.29136845917778337,0.3762965726623776,0.30529233543658335,-0.9188427117267792,-0.19247293355468126,0.008104072466666518,0.18382363910769633,0.4986414571894649,0.06825931771206624,0.6856932624790618,0.47017525020917955,5.283226181662875,43.30276046710165,6.80488713226153,-1.2708524124570457,0.2982028982970033,0.4152866113690402,0.3480856727116565,-0.6029339647533196,-0.2090538356703015,0.01858448005222621,0.2062327756987387,0.636057484695747,-148.84369918699184,12.238050457443885,149.76987899894246,-0.4516767689011708,-0.28803503024326016,-112.4,-183.7,14.084721075803218,19.325000000000017,148.84369918699184,-171.17,-157.3,-147.3,-137.975,-133.3,-210.425911140168,16.699596780765027,278.8765326401377,-0.2733389878042686,-0.7375531661524204,-158.84088882277072,-247.30137362860043,21.28333833738793,29.279367356754392,210.425911140168,-238.93283325082766,-224.0149624240325,-208.70535524709808,-194.7355950672781,-189.00268203437093,-0.035540829739386895,4.466875876628251,19.9529800972034,0.2528758736051189,2.2671525285617076,16.924858593424027,-14.841611437693814,2.592002407986553,3.4819747461868085,3.0159145259403584,-7.369997230784368,-1.9307362587602297,-0.1478330197889015,1.5512384874265788,8.077143275955246,-297.34422656967337,23.30713594254513,543.2225858442791,-0.2827294658453858,-0.733321990705853,-225.2477558915922,-347.934163801291,30.04033634586433,41.65052048370103,297.34422656967337,-337.3062535188442,-316.7542926791963,-294.4875470606244,-275.10377219549525,-266.595249038142,-0.1361660162769207,3.4812083863580447,12.118811829249582,-0.12354552342275549,0.4750558947897834,8.779694305841748,-11.762851851064195,3.2171581475939344,4.405256480388212,2.707702204602558,-5.757029401163532,-2.4250204787899747,-0.3091639978334051,1.9802360015982376,5.953509473435652,-0.05282540320335177,4.445682962346684,19.764097001699586,-0.20448876489640277,5.144608913293975,16.33202679335625,-23.1882376132732,2.2217724903128446,3.0961050732038125,2.7877366411699085,-6.660848949638665,-1.5799500075950001,-0.15120755278927062,1.5161550656088125,6.800963070603281,-0.34488649710162933,4.416440431851121,19.504946088089316,0.08303168398561132,3.269824055761272,17.071071212373138,-14.953456513259335,2.9221241130515403,3.8600401263818815,3.006634388640083,-7.345131834703806,-2.253435075327441,-0.2718761460288693,1.6066050510544407,6.346579958122488,-1.1964430894308942,6.363476956381901,40.49383897440346,-0.49399654470927395,-0.8218518797910188,9.6,-19.9,6.968230426976329,10.325000000000001,5.216971544715447,-12.3,-6.425000000000001,0.4,3.9,7.1,-1.7185354967276834,8.79306755073859,77.31803695185195,-0.37828874720079475,-1.1472224298665354,12.15565413232333,-20.495153721957855,10.170674573695829,15.73444595207414,7.350150928025951,-16.25885695538524,-10.12480142685882,0.6155227858428103,5.6096445252153195,9.96666473434663,-0.015116469775429086,1.8672699372980988,3.486697018737246,0.1316030598336379,3.6397457983565946,8.6862074288061,-7.557487346079728,1.0810701291526117,1.4296663031036176,1.2396108015999823,-3.197265378556995,-0.7354201442179698,0.010318155803163198,0.6942461588856479,2.98391711936978,-2.5001859243301174,12.274357336145448,150.65984801538755,-0.35565488181336935,-1.2024963816936065,16.87110631608501,-25.998156773282123,14.3063278698925,22.088604172235506,10.310902935722115,-22.14196032491347,-14.0313646253807,0.9680705408238183,8.057239546854808,13.571605275789313,0.015063819587838369,1.7614315848209559,3.102641228004864,0.4388884867605251,2.1881481817123234,6.590218257410183,-7.069818992848129,1.4751587840973968,1.9478644713681394,1.305634228648733,-2.642154547823168,-1.046968390340946,-0.11771909017914758,0.9008960810271935,2.745426269361226,-0.019371809648249978,1.9076156523995509,3.6389974772797644,0.06130020403507765,8.018428789935365,9.971280639438723,-10.288003275552883,1.0767987214303552,1.4331345723268893,1.2007457511847637,-2.7155261432617834,-0.7532995127194514,-0.0592265705720832,0.6798350596074378,2.8668966913221974,0.1425364377521705,1.7940008207986502,3.2184389450262305,0.1943328269995246,2.160503546799374,6.4352707116034695,-6.249738847163754,1.3313406835251622,1.7875260279452871,1.2633971488568405,-2.6282333790658834,-0.7730968187167897,0.03825810821841209,1.0144292092284974,3.368896175609023,-0.5169715447154472,4.442965868258203,19.73994570650737,-0.13436712137154092,-1.503139690136416,7.2,-7.2,5.559758319396007,8.9,4.0131097560975615,-6.8,-5.4,0.8,3.5,5.58499999999999,-0.7318015912186132,6.303148779418116,39.72968453548008,-0.12444042895723115,-1.504989242564225,10.128522768930948,-10.126078597317429,8.010159726285499,12.770538724672067,5.696903795539783,-9.557928328494512,-7.776535289019732,1.0051283988104744,4.994003435652335,7.870158626074866,-0.005026916607663252,0.13427332021558233,0.01802932452171631,-14.914339805874441,286.6039977291284,0.36742459585457865,-2.6165086653033267,0.055318339094026184,0.07440752545904318,0.05208607137987309,-0.09943874332695186,-0.036048826830441395,0.0022169375093147453,0.038358698628601785,0.0881874797028155,-1.059489571746961,8.97353660603159,80.52435921978895,-0.10475958788145429,-1.5037102826360718,14.225923354566648,-14.243335334713779,11.638437145800955,18.379673551098172,8.107486327678808,-13.539861027588053,-11.258074974914896,1.0996700356359517,7.121598576183274,11.380002326337273,0.0193952108667159,0.28776953794151217,0.0828113069670714,12.866858101761238,188.6841207087621,4.279467338206953,-0.7979509181651425,0.07478586756090083,0.0987179751534856,0.0816809963422117,-0.11220975726419016,-0.047984063415120876,-0.0010593161178326094,0.05073391173836472,0.12281860790128801,-0.007288741669216549,0.11391870020681862,0.012977470256811015,-6.742189193401866,62.26860059977086,0.17209777617931216,-1.1580538836213028,0.05696217984709517,0.0771153041860617,0.055944936283109266,-0.1134181572806342,-0.03949812047780417,0.006078112694594736,0.037617183708257534,0.10257896921232881,0.005507678946679147,0.15033376233261705,0.022600240097079793,11.621895573442455,164.24548210923578,2.1567156224340933,-0.3439151152320837,0.05647048602256863,0.07765005002988429,0.05746739318497183,-0.09849173562317445,-0.04457738911069216,0.002304979717699978,0.03307266091919212,0.10897580854787764,0.11910569105691059,3.058687615942307,9.355569931918833,-2.124056198856975,3.736533292310244,3.7,-12.6,0.889561331103361,1.4,2.1975609756097563,-7.5,0.4,1.3,1.8,2.4,0.17960041104864624,3.2276300647770007,10.417595835052385,-1.1444997664658267,-0.019919973405237545,4.540443023251992,-9.558626510593522,1.4431696494119335,4.307088586094439,2.7577388059638723,-6.479572051344654,-1.874688309062034,1.6581785029055827,2.4324002770324045,3.1588489198948513,0.09148298482025571,2.8623909424085014,8.193281907182229,0.2561082125987372,3.0254467714991984,10.028827969133541,-8.92245984524785,0.4735482360401542,0.6264863648564818,1.5449187306462806,-5.495091516027168,-0.32688087321882436,-0.0060085856927166725,0.2996054916376574,6.182713033973804,0.29117900671129765,4.385093273761312,19.2290430195867,-1.140445236958455,-0.1197347919763927,5.36567571928539,-11.626386337677294,1.5523568312302878,5.686848885045839,3.79764647440989,-9.208395733202542,-2.3896709706253594,2.5458524519031034,3.29717791442048,4.154898393249352,-0.10351260743869092,1.1863884107288272,1.407517461111672,-0.4122755988411911,1.6447148003973577,3.6630634569554146,-4.5377792037311,0.8340782677527901,1.0750264552422508,0.8368678883919731,-2.510503741623757,-0.6074992141229969,-0.023577904350506135,0.4675272411192539,1.7643543168919862,0.128542489865747,3.338416965907301,11.14502783825771,0.8584615788558415,5.6234317489784775,13.649526225409135,-12.578482345198045,0.22840413794817988,0.3182594835388747,1.5210582268345965,-5.126795893127821,-0.19307699404442977,-0.0021690895878684418,0.1251824894944449,7.945971288767911,-0.13933631067739344,2.234680539887026,4.993797115349771,-0.23266802625626765,3.58141691005025,8.047681466661082,-8.468434495954668,0.5021223894516967,0.7290482107638716,1.2482278637862765,-4.810994088131701,-0.433323472577975,-0.012354734085422203,0.29572473818589656,3.1761157146706136,2.930284552845528,3.639323051991023,13.244672276753256,-1.5404944954775242,1.4003636828667885,6.5,-7.7,1.334341996655041,4.025,4.269308943089431,-6.484999999999999,1.3,4.7,5.325,5.9,4.142985417026654,5.111889641769802,26.1314157096334,-1.5046928446468841,1.2864156325176301,10.597365893560296,-10.564416422513936,1.9726904231576095,5.671966374102106,6.017047603770203,-8.70987319091882,1.886313107343752,6.607816724474641,7.558279481445858,8.382460935546952,-0.041909565493368064,0.4517546943872464,0.2040823039009144,-8.383661716105898,80.67102833225806,0.6724480245582851,-4.937587139402994,0.11995711873045796,0.16619803028704,0.1555003878675513,-0.2704591630234466,-0.0870490407522532,0.005229322040082883,0.07914898953478679,0.24466006617231034,5.860256971792883,7.1206182527787885,50.703204301806444,-1.5668868641775455,1.5597854072185875,13.64691581569359,-15.719041909700149,2.759647869663059,7.732967039327772,8.42528700497131,-12.268314450927168,2.8781565685339423,9.252726449120836,10.611123607861714,11.735562987552866,0.10188947086760856,0.9283792655292046,0.8618880606645453,5.972811771017338,40.065028162078875,7.229438124685303,-1.4167051578269563,0.22304816316122825,0.2962700687474175,0.32956934836467205,-0.4633353238664658,-0.1363962546243253,0.0077799377763509425,0.1598738141230922,0.4902534817692258,-0.058005524745679826,0.35762382812437343,0.1278948024423314,-3.9960460308981385,17.485030440534196,0.481777603620238,-2.0418795529639024,0.11953522403287394,0.16626521012740644,0.15953838362255093,-0.2668136893566895,-0.09212351649603434,0.0010985148313004639,0.0741416936313721,0.23589997049896244,0.05799367428778113,0.5210632492530963,0.27150690972219443,5.959121549002498,39.48604325112131,4.062593534602885,-0.5503747218810578,0.14285636637492521,0.1921551120765984,0.19747896676019774,-0.3103366506676606,-0.10081919719341244,-0.0040553286356319745,0.09133591488318599,0.3041638634517245,-0.00271378080586298,0.20617210346654785,0.04250693624782091,-0.4178638925461165,4.595361665404785,0.949016,-1.170295,0.013568775503763269,0.018305000000000002,0.10159567078598343,-0.389891,-0.01133,-0.002356,0.006975,0.39033425,-0.0038373768488291953,0.2618510084920682,0.06856595064831318,-0.49441509467909756,4.4535339393734406,1.1057751056219371,-1.3256724190352116,0.017253223720421408,0.023254217907665152,0.129431103634752,-0.504108440019246,-0.014655499010638232,-0.003266312762567213,0.008598718897026918,0.5025970326242831,-0.00034727145645788697,0.12821952148857438,0.016440245690758987,0.05807564182234725,11.563612618220189,1.0037688094245674,-0.98658276631447,0.008034743743635928,0.010855982308274049,0.05614105193144756,-0.1927634663050357,-0.005520081786764493,-4.5849667281492215e-05,0.005335900521509556,0.1914538685165904,-0.005425544347269453,0.35785277301555046,0.12805860715491907,-0.5012188082510047,4.330351617355038,1.3286789174191729,-1.711281245772988,0.023504759259418025,0.031678429045135015,0.17769158711013303,-0.6765172884233903,-0.02006999785943777,-0.0047217204991117055,0.011608431185697241,0.6827039409518594,-0.0009523970640789087,0.09512102089281571,0.009048008615691484,0.030971991122319735,11.322261177447109,0.7936938110120506,-0.7467160732387564,0.006318379108403758,0.008527544528250972,0.04259226104300179,-0.15355192052245314,-0.004419319525071161,-9.781532394043666e-05,0.0041082250031798115,0.15388687787457225,-0.0004917578264632658,0.08644423227349575,0.007472605293354085,0.03625591244801122,10.174020592756564,0.723390830372164,-0.7017310809059415,0.007595024821444586,0.010272085981052387,0.03963026262940709,-0.13853364325926623,-0.0052418325654558584,-3.754676907572353e-05,0.005030253415596529,0.13452054563322502,0.0017812793910664132,0.15937024040873257,0.025398873527937217,-0.0394990043744789,10.62664161091246,1.2030799419227194,-1.3015603908521678,0.008231352317576856,0.01108989025506724,0.0697550572339205,-0.2337213069204249,-0.005448018373873251,-1.3174295090220142e-05,0.005641871881193988,0.2449229464526082,0.00564624235231285,0.3889565954609944,0.15128723315260767,0.10614966141918643,5.401370258318472,2.133687,-2.307589,0.022270167924172645,0.030102999999999998,0.1883682576921936,-0.71343175,-0.009621,0.00516,0.020482,0.71636175,0.007984695467572495,0.51144550713663,0.26157650677024463,0.2289459272133669,4.760257397280341,2.963042032585445,-2.3136894271787565,0.030264731156809062,0.040833651421690306,0.2521470192489032,-0.9908834973593157,-0.012580809184682348,0.0072666187152099545,0.028252842237007962,0.95492446087339,0.00046636753285324317,0.20241262099933818,0.040970869139821724,-0.04756993318314948,11.410502469992608,1.5040113400885236,-1.9890270400323797,0.008408151524986085,0.011355999559508428,0.08778008837053873,-0.30756514271669905,-0.005681961975377059,6.463238697304742e-05,0.005674037584131369,0.31614579649880925,0.011291043622805523,0.6723386365081471,0.4520392421416343,0.11802668809609718,3.6018114282177125,3.7375312147229236,-2.74014538991524,0.03767884212966192,0.050751339873574663,0.3378216955641585,-1.4179994593771352,-0.013296359511817266,0.010694283844056325,0.037454980361757394,1.3040877149741834,-0.002367285466111779,0.26648686782926634,0.07101525072545288,-0.15142477730237594,6.437332032582219,1.3926431241241362,-1.8675271929514252,0.018849613693372978,0.02542607815922502,0.12726884836148653,-0.49407282621244886,-0.012690935327141556,9.094315711546692e-05,0.012735142832083464,0.45447869520390094,0.0006597190229108873,0.18467741042878044,0.034105745922680224,0.10009477878666026,9.761050131636509,1.3764762387471796,-1.6098848887568,0.007076027342020892,0.00955929459118456,0.0830044171128018,-0.299601434222861,-0.0048193713014374725,2.1921941482972145e-05,0.004739923289747088,0.30594770573927005,-0.0001371682531101446,0.21868106093730105,0.04782140641266358,-0.023745590435817313,11.846822504067132,1.8186993286674766,-1.8015789709027406,0.009330361623638376,0.012578271257336847,0.09390957167277923,-0.33721259504242806,-0.006214729733713358,-7.439153307089701e-06,0.006363541523623489,0.32702086177429196,0.00615861510844732,0.1265301570179286,0.01600988063498167,-0.3132744485228057,7.941419157420274,1.01844,-1.110595,0.011387867640341528,0.015361999999999999,0.06249774975521468,-0.21347275000000002,-0.000657,0.006964,0.014705,0.224573,0.00871091953522218,0.138040296997349,0.019055123595116314,-0.13070396537859855,6.332605690255006,1.008032353086248,-0.8479786604101573,0.013778110243397078,0.0185911881482914,0.07024206900621575,-0.24379747391205492,0.0005751096836636835,0.009888503062941739,0.019166297831955083,0.24650938192847377,8.37924320770505e-05,0.11384996834542553,0.012961815292254394,-0.09405342277896826,9.995639935792777,0.8869510985354947,-1.0077318205526502,0.008005389315728702,0.01079633965119706,0.05140740222503938,-0.18125065587229144,-0.005382697435136332,7.789921545698193e-06,0.005413642216060729,0.18266555467806436,0.012322916739137263,0.18443889384369494,0.034017705562285776,-0.06464049548616398,6.28621420747152,1.2837121325186576,-1.0833142773586042,0.018650269067983234,0.02515561429451682,0.09477589675897549,-0.32534414097360104,0.0012584948798536524,0.013840838291344672,0.026414109174370475,0.33632564025102635,0.00022505918308136273,0.06392057141414864,0.004085839449911277,0.5423049538177125,9.088424258163974,0.47263634017188727,-0.43650058295705063,0.006412895920143781,0.008662379934161076,0.030130342553762793,-0.10212049297617982,-0.0044363111995030895,-2.8987867275663136e-05,0.004226068734657987,0.10380503466824975,0.00011891526399420888,0.1369076615590877,0.018743707793577702,-0.08730266436838731,8.199725347304682,0.9214122059396151,-1.068715444849801,0.008386173974969938,0.01131562414020278,0.0626194858153186,-0.22845238770560536,-0.005639614338920953,-2.4152237692401028e-05,0.005676009801281826,0.23295960641339641,-0.0012196637205222627,0.08469844078237074,0.007173825870964762,-0.02010770937287331,10.02382029857428,0.5899986452606232,-0.5268477701778984,0.007411349776208327,0.009995554865113408,0.03823858421511904,-0.13694194102892177,-0.005116146260157883,-0.00011262888887948879,0.004879408604955525,0.12770850281740592,0.00012374692163902396,0.9242330464033629,0.8542067240640407,-0.0008301277813364923,1.7746266454290964,3.0778,-3.075753,0.701910592210435,0.94746575,0.6495334086431476,-1.7655865,-0.47270675,-3.05e-05,0.474759,1.7637040000000002,0.00012449692296889408,1.3069246986476488,1.7080521679352474,-0.0007186061605627095,1.777983228288865,4.353448532810329,-4.345233208653037,0.9918463356490367,1.3375368242268568,0.9180224892739131,-2.5031453484717923,-0.6677735667039674,-0.0013910873486216325,0.6697632575228895,2.4840803011739854,7.897844900178267e-06,0.015509777875422367,0.00024055320974494118,0.22239593002014857,6.042185867908229,0.2843783357543099,-0.18591379306944888,0.014209404343564198,0.01919054919094745,0.012025797243472218,-0.023091970573349822,-0.00970630469023961,-6.699420643621352e-05,0.00948424450070784,0.023110685878431993,3.5054362715358386e-05,1.8473633171877277,3.4127512256908448,-0.0005005346568155191,1.7897309430857975,6.083178982718202,-6.111965391298253,1.356690771972918,1.8306483621168597,1.2955914939141437,-3.524626583058875,-0.9154731581346631,-0.0023854273879435183,0.9151752039821965,3.5076727036453272,-1.9047784521608575e-05,0.05353501165047383,0.0028659974724163685,-0.020474470673719027,0.3444572433401696,0.2526952600253807,-0.3924240979816221,0.045755864928909366,0.06172094068485215,0.04042268996825062,-0.09769567699113846,-0.0312507638294451,0.0004862980760167168,0.030470176855407056,0.0987216946177586,1.0238256117717452e-05,0.0063203484151644895,3.9946804089072277e-05,0.16530340009130734,33.52164851121167,0.11832999184233031,-0.12464438703117701,0.00519998983505176,0.007025575733662824,0.004632634463670328,-0.010072932957652495,-0.003537072462725606,3.0209137838726715e-05,0.003488503270937218,0.010115067379100905,-3.379658087058932e-05,0.02100731750572932,0.0004413073887865215,-0.15086161632454811,1.5218546000216255,0.05396720134609212,-0.23319927683019967,0.019801378249760117,0.026639556504323356,0.016512358791280986,-0.035807953694012545,-0.013265999564281594,0.00022076980791001905,0.013373556940041761,0.03600774717097359
-5.830244399185335,7.67609772703647,58.92247631501445,1.0698684731399097,0.16761369808546123,14.1,-20.1,5.930408874022408,6.6000000000000005,9.020468431771894,-14.4,-10.8,-9.3,-4.2,9.6,-8.203248942912804,10.905987438284747,118.9405620040247,1.0867914793600466,0.17503499216120044,19.872308216314625,-28.419991842255012,8.174284161064469,9.383935258278454,12.785221767424932,-20.02338112045727,-15.266162882637293,-13.259916404844889,-5.882227624358839,13.38022691765876,-0.017868106556569657,0.6344175357992693,0.40248560972961717,-3.780275009029828,62.49531193482774,4.82044191549583,-7.869218091317618,0.2849486588920577,0.3727300191053329,0.31032574161496723,-0.5742159736078187,-0.17897541267221018,-0.00767423500112735,0.1937546064331227,0.5509268883295483,-11.484352876084667,15.572520062525236,242.50338109775095,1.0934328641704547,0.16585331842601292,28.143725001049198,-39.16680664433507,11.194006626845177,13.230869205395523,18.136414028010847,-28.973341174269628,-21.498780189211743,-18.78200584916568,-8.26791098381622,18.925878980241393,0.127670495032779,1.1057801262491533,1.2227496876075934,6.979785670441829,63.804408563655926,12.094251636320484,-2.4716475526288,0.2750411143392642,0.3700382053712208,0.39277736027464394,-0.5082543700345861,-0.17031272329897018,0.018656173175896407,0.1997254820722506,0.6168388139911192,-0.025811351475765566,0.520284059371455,0.2706955024360398,-1.1609449577943873,9.13918816776953,2.440017137851355,-2.861324642240109,0.2893526067956383,0.375938667772271,0.31524676632296983,-0.7265233735984198,-0.19171308004827908,0.006007448928715417,0.1842255877239919,0.6155202036361805,0.03686216644667113,0.7239024329507096,0.5240347324319565,3.196766746358832,39.18621188156153,6.884621623179671,-4.0231207823337,0.2852049784826821,0.39310757991793566,0.3441901066092439,-0.6097865447219071,-0.1990448269088503,0.01621008039459427,0.19406275300908535,0.7139991762014667,-148.9529531568228,12.184521851318577,148.46257274525988,-0.36914870836420155,-0.5940835645019571,-113.5,-180.5,15.270802850607717,20.5,148.9529531568228,-170.495,-158.1,-147.9,-137.6,-133.20499999999998,-210.60441065715952,16.677951350071133,278.15406123533955,-0.21397179978335928,-0.9254992452326825,-162.8214134943247,-248.82165618419847,22.479572690314466,30.3020185703121,210.60441065715952,-238.4377861715821,-225.04929848235565,-209.14666204251455,-194.74727991204355,-188.83210490318612,0.09251812231812484,4.250156067804267,18.063826600693428,0.06512495721732914,2.091042880654425,13.943539014547262,-14.874003164692946,2.4381153091293526,3.2840890422291125,2.872758883140274,-7.573458047509862,-1.5951814137462006,0.03815872650316976,1.6889076284829119,8.195208278651572,-297.70910828932927,23.2581548013242,540.94176476236,-0.20945331050208735,-1.0007279742818946,-233.00543463820344,-342.11660850295266,32.1637202946725,44.26322504490918,297.70910828932927,-336.5672926314281,-318.6503745230025,-295.62564165185165,-274.3871494780933,-267.16803589530696,-0.2689809087097946,3.598505545052303,12.949242157772172,0.013820745692433096,0.1909870365137314,10.502975329004347,-11.59637243996649,3.50016084005218,4.760177665131788,2.814550173616967,-5.860295080477181,-2.367677670390635,-0.36990549264501915,2.3924999947411534,5.808725396737014,0.12541914045012703,3.080193133894978,9.487589742093766,0.14626016909767056,5.565921087932809,14.312156779415675,-15.975297315816922,1.841436997059561,2.5235676484630627,2.0434875289606462,-4.667936587847896,-1.160145293431826,0.15315863026342252,1.3634223550312368,4.480049389446815,0.06727746996785205,5.120398405794743,26.218479834065352,0.1786542806652526,1.8025062556986935,16.256440651119497,-17.136743995947164,2.9860672467829943,3.9923908036166904,3.4526877247247523,-8.821945579592976,-2.0162054438769266,0.06667877849104306,1.9761853597397638,10.351697076661797,-1.035743380855397,6.147278917781923,37.78903809300609,-0.5306102131196965,-0.7238854221951896,9.7,-17.8,6.8199702051257685,10.0,4.988492871690427,-11.995,-6.1,0.4,3.9,7.0,-1.4884106927428822,8.469815716773573,71.73777827610463,-0.40222134907420704,-1.0762624466717274,13.233672812726365,-19.528741307338283,9.87043395009816,14.53782521411522,7.00081738924349,-15.787597599013477,-9.279498746897008,0.6277212339943632,5.258326467218212,9.747202740111218,-0.014129076925638587,1.9242430321691402,3.7027112468514862,0.18840796283531322,2.587075584500387,8.611758580034284,-6.692444621200563,1.167821984592377,1.5717604573983062,1.2989260679165784,-3.8314692227223497,-0.8061482803747717,-0.024255895813572154,0.7656121770235345,3.4325859538889287,-2.1717555683269487,11.740982096940202,137.85066060067035,-0.3380972541893258,-1.2260731676355958,15.35690210887155,-23.57409176366536,14.436195187219521,21.318256576564718,9.83484400714877,-20.690714327102278,-14.025451626705316,0.8214222794734065,7.292804949859401,13.687521526208531,0.09019429209563193,2.2824423121710145,5.209542908388567,-0.09625511015484989,2.217148471813795,7.42715595973203,-9.619193064239411,1.494055121311307,2.044190021405284,1.6053401755782657,-3.598943779763192,-0.950736213718943,0.009397124340930457,1.0934538076863412,3.945280524710601,-0.020584710418681255,1.683830281400155,2.8352844165601248,0.24539580107957315,3.178088006177245,6.829219315257379,-6.62853182021353,0.9934648880488971,1.3527735670366348,1.1159014705700234,-2.8104726321309523,-0.7463265952802911,-0.03665029430340552,0.6064469717563437,2.9831440823834563,0.08576186248701835,2.1152839270425243,4.474426092004443,0.3075773482919114,1.9499874046826946,8.063472191532732,-7.5806521221153815,1.4659195129391742,1.9673052134442472,1.4884870111875848,-3.6582905735043365,-0.9661731867511002,0.028998625554709404,1.001132026693147,3.894968130431637,-0.5483706720977597,4.380742945047781,19.190908750585905,-0.11590088830993914,-1.4725087093446665,7.0,-7.1,5.7821486521718475,9.075,3.912932790224033,-6.7,-5.475,0.4,3.6,5.594999999999993,-0.7762871833591228,6.215555843226073,38.633134440261784,-0.1066620578191581,-1.4743020371458941,9.912427408939513,-10.051456417092501,8.125360089259608,12.770475061556091,5.557942112328009,-9.492124009334363,-7.728282327824855,0.6066689685920972,5.042192733731235,7.9070405697257495,-0.006752205657721379,0.12279737567901204,0.01507919547365242,-12.331958455143836,226.44699495014032,0.3922733422018302,-2.2575425663205664,0.05841529174656478,0.07898506451670202,0.053798196330813744,-0.10258330976538554,-0.04152226318642367,-0.00047920367681067444,0.03746280133027835,0.08795189477985162,-1.0997761696309327,8.845775399568057,78.24774241960341,-0.09077705639021856,-1.4728999049478322,14.0092723881254,-14.227111951189551,11.38667462118094,18.21194521153748,7.926712301917405,-13.423084315627552,-11.108181188332345,0.9583596603120053,7.103764023205133,11.353272144883364,0.017725953188212674,0.24564086328613915,0.060339433715959706,11.414382746061639,160.19533193575302,3.5058455176309655,-0.7161821320434884,0.08225272256809439,0.11521598820436565,0.08432620376689931,-0.12995759256311662,-0.057648144065973475,0.009683946609581474,0.05756784413839218,0.14509103180178126,-0.009578350057291999,0.10295591847879004,0.010599921149811262,-5.476031401789557,47.62114323978437,0.2631963026829206,-0.9728322953806506,0.05421133609339826,0.07375715916186361,0.054539200324656305,-0.11078140185449599,-0.03864484792449192,0.00041076034584076437,0.03511231123737169,0.09892894365591647,0.008938344222937426,0.138311189166086,0.01912998504853683,9.681346573841916,129.51819328333877,1.8731254119791507,-0.3740798953875405,0.05984047239692142,0.08427411658411704,0.06041769892256649,-0.09139560258732907,-0.03898803768691292,-0.004026539187043487,0.045286078897204124,0.12371476393172313,0.24928716904276987,2.805321989974076,7.869831467432108,-2.1569284390735333,4.010280845121396,3.3,-12.4,0.8895613311033613,1.4,2.0613034623217925,-7.0,0.4,1.2,1.8,2.4,0.36323928969356406,3.0026600145857936,9.015967163192357,-1.3508206090041714,1.0060869504247254,4.37007445758311,-10.169669407621615,1.40024425866058,3.589038420004347,2.5436710429429703,-6.217299080503304,-1.2106091386385844,1.6610630660921357,2.3784292813657624,3.2186517664785335,0.0006920598820430285,2.5785313990246808,6.648824175756178,0.26896824739289754,3.134185282738974,9.686419316103159,-8.083283339521524,0.4709974141028237,0.6400357595326593,1.4024433151147373,-5.017237679283816,-0.3213591372619737,-0.01210754743006354,0.3186766222706856,5.294689306154604,0.5434194953971447,3.92185032938426,15.380910006091428,-1.0672114887865123,-0.21541509758638044,5.736127737809505,-9.676919726249725,1.6610408674730588,5.618982275931021,3.521626946946093,-7.670772777686415,-2.413039186375226,2.515943500770404,3.205943089555795,4.186244641241058,-0.04891937321401682,1.5851095579536287,2.5125723107159486,0.6990723643208997,3.8683992600890127,6.823687997637761,-4.858556005269348,0.8433968320162372,1.1664442429263915,1.0107397119679136,-2.9796601676489045,-0.6642550035664846,-0.0179099418692492,0.5021892393599069,2.2533911347981648,0.0011751950109248383,1.991052017968088,3.9642881382547954,0.6215984594688274,7.9288504994278455,10.067852509027116,-8.245168794787558,0.20301278555202584,0.2698284987230402,0.92477122338331,-3.2535804635583414,-0.15228934093121968,-0.00974377599300274,0.11753915779182054,2.962744212440804,-0.032380786633611644,3.028666382721809,9.17282005782921,-0.18046977470007292,2.9896160828285785,9.553129841927442,-10.977089466973458,0.5722706968322132,0.734969836611056,1.6622038362948046,-5.663631330972103,-0.4789151233381574,-0.024490766291437822,0.2560547132728985,5.888781208390016,3.1683299389002038,3.3517276848850726,11.234078473625049,-1.6473934265656145,2.030542269238442,6.6,-8.2,1.334341996655041,3.675,4.219450101832994,-4.994999999999999,1.625,4.7,5.3,6.0,4.484775981072082,4.6973576629432685,22.065169013611843,-1.639053240396561,2.0681846500476517,10.24671788832669,-12.630965807755487,1.931518749771933,5.126997856972416,5.936820036127433,-6.394233097173691,2.414577943434063,6.5993756014696086,7.541575800406479,8.42103977143064,0.0029312747887438474,0.529415504722892,0.28028077664099443,4.9752963877477345,103.13728922017461,6.49921718153652,-4.370250613764531,0.10915441270413287,0.14522681595345777,0.15896698597729775,-0.2713586251058935,-0.06692990250447065,0.00012844536878156565,0.07829691344898712,0.24268165292057498,6.353661156035751,6.531842147368321,42.6649618381372,-1.6434120312412146,2.160978136182017,14.951473874428308,-17.142728223485776,2.434005395463763,7.4647950324987455,8.296700062504714,-9.500715061386144,3.15980505957712,9.34102453758279,10.624600092075866,11.808255037493339,0.08312487334004948,0.9910519088124777,0.9821838859608556,4.828932159742359,35.375154232047336,7.413838446758257,-3.7631650196921584,0.1980069637452139,0.2638058722402885,0.33961328188914514,-0.4946103609402525,-0.12424390026728223,0.005665579662087777,0.13956197197300627,0.43384962780221303,0.003991371806705839,0.37342858555952013,0.13944890851298383,1.6638443537054426,28.58336625096667,2.758143770131814,-1.805498441970533,0.09468604713302474,0.1319718630369928,0.14847076560419922,-0.23096544577364628,-0.06598100573324256,0.0060205949004681035,0.06599085730375023,0.23421059991168022,-0.015396761234750507,0.6435578705397921,0.4141667327337118,-4.590538363565564,58.849315507573394,3.607140323289116,-5.911066409158801,0.12592717571692671,0.17130700890985062,0.2023285271483095,-0.3148542582494239,-0.08417777784796214,-0.0014559246819897842,0.0871292310618885,0.2974965331763009,-0.0023140501122350817,0.2024173579214319,0.04097278678789307,-0.22507821206594178,4.88269922102346,0.924828,-1.254865,0.013657731636873605,0.018424,0.09874859120193571,-0.37409675,-0.011271,-0.002118,0.007153,0.384763,-0.003272679161350249,0.2588086999912756,0.06698194319117409,-0.16916867336796626,4.874163914421933,1.1935907904202818,-1.2736002257395027,0.01711911396095227,0.02308350592550735,0.125796324913521,-0.4775210909569761,-0.014434293685865253,-0.002922573804801378,0.008649212239642096,0.4953258319400212,0.00013377767356148853,0.12229661905343996,0.014956463031902213,-0.010835361585605205,11.371415960676625,1.001463886845011,-1.0310838002520997,0.0079734242674945,0.010762935089527352,0.05353422337509582,-0.17926464437289297,-0.005462462600792934,-5.803045548712047e-05,0.005300472488734419,0.19030684795372657,-0.00462829409457075,0.3542869324714991,0.12551923052006456,-0.1542227886679869,4.717970858692835,1.5734546707794483,-1.6640291026809555,0.02330298055034436,0.0314317773950305,0.17287384243685472,-0.6491884517922843,-0.019891819542159267,-0.004171819415786176,0.011539957852871237,0.6825119866741127,9.504828857252184e-06,0.09176749592265894,0.008421273307915225,0.1628579021398131,8.994478854180082,0.7123319846364023,-0.6356181140835488,0.006309619906681202,0.008509002692222734,0.04197756625118323,-0.15170453772400058,-0.004351836235425348,-0.00010199583457512338,0.004157166456797386,0.15202329812742335,0.00018869025526337347,0.08338616271836244,0.006953252132893217,-0.08093156318179463,11.382980335130714,0.672408031273812,-0.7362724866737282,0.0076228227108006245,0.01027339708474061,0.038188250763026614,-0.1298312920443325,-0.005210866484553945,-6.735466826587182e-05,0.005062530600186666,0.1373597920794546,-0.0010959501472397977,0.15150331435416636,0.022953254260297352,0.004606464293535461,10.342394840958331,1.177118284279847,-1.2354618981265506,0.00816259200426524,0.011012181559374775,0.0665350231629387,-0.23713929408643547,-0.0054292077830295545,3.511480049114618e-05,0.005582973776345221,0.22456388954943352,0.0062813529428912915,0.3901921245973422,0.1522498940977878,0.04701524787319556,5.304033354975758,2.752687,-2.279409,0.022448080190393318,0.030282999999999997,0.18973455123458585,-0.735243,-0.0089,0.005821,0.021383,0.71918575,0.00888598060465836,0.5146023342071876,0.26481556237148596,-0.0058782871955204465,4.293748536624141,2.8983710660879174,-2.5161531950922003,0.030460731588676095,0.041180723971125155,0.25501754338627725,-1.017006623048955,-0.011134214009222624,0.008424078953375432,0.03004650996190253,0.9695226281103134,-0.0009689189442685529,0.19914005113266595,0.03965675996512081,-0.07870595743525807,14.731618186656789,2.117276189106105,-2.448030777122979,0.008558559337312185,0.011562614303513425,0.08380744532383978,-0.29190786958070086,-0.005942474087776469,-6.27774856833702e-05,0.005620140215736957,0.2878733251570581,0.012574821458545002,0.6863429125316206,0.4710665935823878,-0.14196245122218198,3.4340975168131225,3.148293465214639,-3.106948574173901,0.03762505074176404,0.05111956005975565,0.34387696504478893,-1.4734998614332226,-0.011674471299899753,0.01209785204889708,0.039445088759855904,1.336745338054059,0.0009074171472123932,0.24180881602404997,0.05847150350695284,-0.1253691134218904,6.548884011477634,1.2173288049108442,-1.5136134838445818,0.019965205104777006,0.026843084491046984,0.11476920903568837,-0.4326595627285178,-0.012892822975049177,0.00016195043649370688,0.013950261515997809,0.40751491197670864,-0.0013698533778456368,0.1876836587899964,0.0352251557767998,-0.05387747299688844,15.015971981402032,2.0812224950422546,-1.8801564659830396,0.007336172895863879,0.009904648146850221,0.08127311134367844,-0.29613819056740076,-0.005226988577217008,-0.0001331000356100181,0.004677659569633213,0.29050674858393644,-0.00014879029934756897,0.20993924875860975,0.04407448816932943,0.034906721630584135,12.7665297399564,1.8104018591838467,-1.7977739634317793,0.009446610166459138,0.012755670334808766,0.0880066397211297,-0.3129855126209442,-0.006277935527261993,9.67308341608003e-06,0.006477734807546773,0.3022497045623057,0.006711353963210215,0.13367329720346485,0.017868550385245843,-0.1826990782434279,7.031287460510599,0.898749,-0.967075,0.011837096112548726,0.015967000000000002,0.06634004920852403,-0.229938,-0.000536,0.007266,0.015431,0.23990475,0.009492944103516018,0.15825488106398664,0.025044607380576553,-0.05062452590728117,5.699405414944186,0.8910726738346014,-0.8686651344631913,0.014248144363815685,0.01919811673860602,0.08012951393506783,-0.284407259837993,0.0009915181973703005,0.010339892900682936,0.020189634935976322,0.28311626913704796,-0.0005300862688810709,0.10338823594997482,0.010689127332847664,0.03529649165297815,10.400499544236103,0.7701162516641747,-0.9603097833749248,0.008063057938415965,0.010873455373637804,0.04668113533460292,-0.16496703296243465,-0.005558610449800831,-3.463497645874602e-05,0.005314844923836972,0.1601227173954978,0.01342956759399086,0.2158613306302964,0.04659611406148213,-0.04052036855529768,5.586250913375904,1.1842474581593974,-1.0918103864894646,0.019029140622600863,0.025669184159798755,0.1100231619503806,-0.38831449903357135,0.0019217595327076747,0.014498758833636285,0.02759094369250643,0.3894610572475977,0.00015782279075486906,0.059029222464905315,0.0034844491048112826,0.4622956543060949,7.39567158512814,0.43364942067482776,-0.35557937061291717,0.0065389133396884435,0.008815434107182281,0.028253798209690904,-0.09930472124713624,-0.004570030000277259,-4.64438174308362e-05,0.004245404106905021,0.10074844928977306,-0.0007493561767221098,0.12057926155591855,0.014539358317370618,0.014312785501662541,9.135496222601661,0.9418438387141558,-1.0587187583691426,0.008564932124643748,0.011554940569491988,0.05506136535715898,-0.20201337260543822,-0.005862130213660224,-7.689865278809164e-05,0.005692810355831764,0.19259424119800012,0.0006841123391281903,0.08267220318909398,0.00683469318013884,-0.028278807412600773,9.767187813644233,0.6216725342574629,-0.6061597533867374,0.007564909893451513,0.010229058578333634,0.0373570249293757,-0.1244972431207739,-0.0050600871848428194,5.561746694858705e-06,0.005168971393490815,0.1322887561292065,0.00028996253971955686,0.8471065184245944,0.7175894535574376,-0.0014071659103863153,1.3255067924637807,2.598886,-2.598627,0.6945672634221767,0.9369145,0.6120570717721481,-1.640021,-0.467003,0.000184,0.4699115,1.64048175,0.00036379348602764966,1.1978493188127772,1.4348429905802347,-0.0013047440834153305,1.3285262670554925,3.688818977967783,-3.648982016567022,0.9802467064245178,1.3221270438963293,0.865023646500476,-2.3144032211057874,-0.6585920266080968,0.00010232435436503991,0.6635350172882326,2.3202631416881934,-6.854056463849792e-06,0.015436492712349188,0.0002382853072584096,-0.09411009377267748,2.383208710009863,0.15560742388215842,-0.2471188848553006,0.01525128833024829,0.020572399011726767,0.012204995097886374,-0.02342617656308253,-0.010332596542171913,-0.00012831622172822916,0.010239802469554854,0.023633040957540277,0.0003811271177188437,1.6931204122569032,2.866656730400986,-0.0010804414401201774,1.3394506158774346,5.182087468464199,-5.128161002848201,1.3437264252524024,1.8115088739852974,1.2208530018924542,-3.270521098747366,-0.904465331213632,-0.0007886836746235203,0.9070435427716652,3.2677382221299927,1.4636650527504547e-05,0.05138288255189249,0.0026402006193415777,0.012569285053979062,0.15571943808038302,0.15687136612038033,-0.1528516943085023,0.044910655248554886,0.06051401518890777,0.03895853593847748,-0.09371474176208736,-0.030748560074136504,0.00017049239830604912,0.02976545511477126,0.09498232694965336,-9.718559910828668e-06,0.0058352051158870365,3.404961874447425e-05,-1.4201234448349151,51.84255062627545,0.09310087961663126,-0.17358453243560576,0.004978624567444184,0.006726082068231363,0.004312600627395252,-0.009425891212641424,-0.003380962776436385,-6.977947665976099e-08,0.003345119291794977,0.009319565921096434,-1.766258022612751e-05,0.02104066807594411,0.0004427097130820537,-0.01681246712712631,0.13102499495910225,0.1359178557753393,-0.1636404694435531,0.02119730843355091,0.028568027530256324,0.016847740185605344,-0.03532972087155425,-0.014304049605329442,0.00024109396431122674,0.014263977924926882,0.03535573561447036
-5.808934010152285,7.589775474746712,57.60469175706667,0.9049938668377339,0.13756623523500755,13.7,-21.0,5.930408874022408,6.3,8.830659898477158,-15.7,-10.1,-8.9,-3.8,8.9,-8.180813393338054,10.780279975743866,116.21443635542418,0.9277044053283398,0.14625255734545428,19.367766661562666,-30.48907203053436,8.439800704780398,8.981779403098065,12.5195718189712,-22.366202599686805,-14.35269869868905,-12.636433320705871,-5.370919295590985,12.596214670922734,-0.02190673035350425,0.5863330869824694,0.3437864888903921,-5.6852961380004485,90.19928764675787,5.040981148816412,-7.870215613779467,0.2558371472576248,0.34025665463328203,0.251375013366234,-0.4106730043777515,-0.16309704581383921,0.01297773797607138,0.1771596088194428,0.4150555304542662,-11.45268339667808,15.388862286043661,236.81708245881694,0.9387033729617805,0.14533525395592495,27.326851766788575,-40.2785812276036,11.927627143085308,12.701208474051995,17.75425337680802,-31.25533739297174,-20.320560342843805,-17.85120838537489,-7.619351868791811,18.200372513534944,0.07688780395039117,1.0547550734276807,1.112508264921432,8.079988097297734,78.97351378889309,12.112069181225767,-2.0352739186628184,0.20608000933156118,0.2789894430771992,0.3209432768635121,-0.4396283288461975,-0.1533019440098438,-0.02237642559912545,0.12568749906735543,0.41965298172626553,-0.030839490828167927,0.5055463159273965,0.25557707754776304,-1.262190741192259,20.35548777427229,3.4384096808256577,-3.281391424642459,0.2643941979382399,0.35518622759096063,0.2795612812660223,-0.45119548242727636,-0.1857398895105952,0.017324534093323775,0.1694463380803654,0.4602144023087471,0.06542471982421046,0.6480096929436858,0.41991656214897005,6.096795152510453,48.44720273325123,6.522865176138817,-0.984366883759568,0.2346153254150673,0.31131174961549307,0.27830934441567384,-0.42813954560596323,-0.1602534069588042,-0.010278385306348555,0.15105834265668888,0.48844563149274023,-150.92802030456852,12.545206241194503,157.3821996341055,-0.27331551201011417,-0.4133804680108697,-110.8,-184.5,14.82602218505602,20.0,150.92802030456852,-173.17999999999998,-159.9,-150.0,-139.9,-134.1,-213.36128522828645,17.22242482794762,296.6119169543066,-0.12199413747273281,-0.7156118599510242,-157.62282500846092,-256.7786270258658,22.551660367340833,30.99901052937159,213.36128522828645,-241.95403703844644,-228.6406565121697,-212.20132800770108,-197.6416459827981,-190.01796321902222,-0.04919674072620873,4.233528094579104,17.92276012759058,0.13062531619998718,2.068792485702339,14.867200896538364,-13.065992107772962,2.6874984135777913,3.450079121724125,2.880071528873762,-7.611783372438396,-1.7348110781151451,-0.20663889655833856,1.71526804360898,8.362476793325381,-301.56490031166595,23.941548733373196,573.1977557524837,-0.08526378593363572,-0.8116279731272567,-223.7786072695072,-351.5439114090971,33.373549101326745,44.8941700231469,301.56490031166595,-340.1767836889718,-323.42026540498506,-300.39390491478383,-278.52609538183816,-269.41157982903593,0.14118320758570307,4.364732080442558,19.05088613404442,-0.22553440911052808,1.0922729572519767,13.588417718721386,-14.718881271687742,3.9205460081917884,5.29140342369682,3.2938351368026613,-6.678580587894487,-2.645752429541809,0.24260437886694852,2.6456509941550106,6.881996313959382,-0.07147397320184264,2.328944996993448,5.423984799020811,-0.331234925990103,5.294963890232529,8.955542755769585,-13.286267747485812,1.8167950817803113,2.425461446633668,1.6391028990971366,-3.393734782914704,-1.256658146949523,-0.06226995626199355,1.168803299684145,3.3395984836699864,-0.2631783206736849,5.471842977356476,29.94106556884539,-0.36035291794020574,2.0797924090176947,15.439938662621389,-18.656013281737987,3.245575480227469,4.4163294308907215,3.6849507934963985,-11.458138563950532,-2.3830594094488915,-0.2535427351637362,2.0332700214418304,9.6704938548379,-0.4941116751269035,5.660977462880806,32.046665835244404,-0.4612871507894386,-0.7851041822583822,9.4,-16.2,6.375189539574088,9.2,4.681116751269035,-10.7,-5.2,0.7,4.0,7.2,-0.7224099298619957,7.842077173537186,61.49817439571299,-0.39676647840230966,-0.992665392405006,12.94012515841963,-19.729522620632657,9.347549015945058,13.484198848535662,6.550352367545207,-14.02020050539326,-7.685077859245951,1.0467168196351426,5.79912098928971,9.771319920010377,0.043042303933989834,1.5882308649541121,2.5224772803928874,0.013728476128820529,1.901659041456126,5.625313127087458,-6.098967841380413,1.261713212455988,1.691617983367523,1.1531790620444515,-2.4656836725425606,-0.8455363541301243,0.03996772058054343,0.8460816292373987,2.6490526914296355,-1.0943314810697324,10.935686968928659,119.58924948239606,-0.36635174843170876,-1.0429945073450457,17.393930306880893,-26.861232809000075,13.15831406117524,20.07233353186772,9.18335402595629,-19.09315411750226,-12.011339006260684,1.1451619143310146,8.060994525607038,13.505564463297485,-0.03336605346149078,1.849993004900404,3.4224741181804266,0.048279157181774016,2.424489907959069,6.967915521506356,-6.536809035747192,1.3326314683057598,1.7883757624010346,1.322913069182292,-2.8738239193032284,-0.9437175592161459,0.076561122532107,0.8446582031848888,2.7810894350021687,0.059883167431965825,1.2487496061339105,1.5593755788195964,-0.03865975721219814,1.206330596340651,4.148332943829989,-4.808070779820799,1.0791818848492951,1.4552669021771476,0.9417878215986903,-1.8852204472441572,-0.7064343699584501,0.021335289364171135,0.7488325322186975,2.1133364651244175,0.05173563080483262,1.8503468917575563,3.42378361983685,-0.5593926862497401,2.1740100077862285,5.172424387161202,-7.650211410560066,1.3717840133740882,1.8595404721043596,1.3083265913110136,-2.947128882909925,-0.7962461302886611,0.0287193094102577,1.0632943418156984,2.957922420911059,-0.23431472081218274,4.524527645922533,20.471350418717304,-0.19935680290329338,-1.5319282716099878,7.2,-7.1,5.189107764769606,9.0,4.128324873096447,-6.8,-5.2,1.1,3.8,5.8,-0.343254124035681,6.4193768139577,41.20839867957771,-0.1870227563314297,-1.5371943956029346,10.124168507512424,-9.978783825639587,7.464805569256453,12.818862729202888,5.8621949679523375,-9.525846173367018,-7.465125362061302,1.4730607890459058,5.353737367141585,8.187160096623352,-0.006865875089409264,0.16929427076301626,0.028660550113181457,-16.97869161818153,342.3068123567823,0.3952883683931636,-3.4502680226998237,0.06342708075466952,0.08554480930974895,0.058271012771461995,-0.1066799872979771,-0.04036524983364331,0.00010496276576912877,0.045179559476105635,0.09538450413960067,-0.49474386818508426,9.128454012916999,83.32867266594046,-0.17402869622729594,-1.5347138475509883,14.20725870378206,-14.063796404274381,11.014319787495051,18.363301908053465,8.33569263277653,-13.532683526760362,-10.714012026218668,2.0245881452428915,7.649289881834798,11.908082584799677,0.021872930420273586,0.35456498509012996,0.12571632865196408,13.062919955768116,192.92095688569614,5.299658395919392,-0.9955407484020822,0.07929219354054694,0.10648387786743824,0.09688686271555956,-0.15292283895292236,-0.054014003503559976,0.005715462613741229,0.05246987436387826,0.1590024089117254,-0.00984033326702385,0.13964784006356964,0.01950151923442033,-7.595884393580829,72.63215802603891,0.2100812167264106,-1.401200509881089,0.06503866005624005,0.09054703213380041,0.06321390186876864,-0.10956219910210438,-0.04499191592125376,-0.0030550749621998294,0.045555116212546654,0.11276935757615517,0.009952595847070278,0.1926112691446219,0.037099101001501975,12.690794341553165,185.08832540670775,2.848463077585226,-0.442002540888245,0.058471591244187444,0.07906217221234521,0.062399058694219904,-0.10973077288580503,-0.03991647251412676,0.00021840150327412117,0.03914569969821844,0.0952927434078644,0.17573604060913708,2.550240377118765,6.503725981086862,-2.056774131222398,3.6102504928021766,3.6,-10.4,0.8895613311033613,1.3,1.8689340101522842,-6.2,0.3,1.1,1.6,2.2,0.2630865109021048,2.7916141969077386,7.793109824376837,-1.3516061433820674,0.9685593421775276,4.224772782306536,-8.724163280010869,1.3712510756059122,3.3745215067662917,2.3237493640276226,-5.909331114929465,-1.28885725045034,1.3870356646303899,2.085664256315952,2.9347693279640907,-0.04150452504192586,2.2703999185773145,5.154715790275877,0.036352533030801076,3.5838220752859966,8.644300687589126,-8.832324697850197,0.487608897016806,0.6389847377615794,1.2426861559587017,-4.7065589567085375,-0.33916819069784754,-0.005851991323187283,0.2998165470637318,4.087672379105553,0.40530805518363094,3.5363076113199607,12.505471521879487,-1.0369021113721588,-0.16198594843800596,5.292626505329727,-10.435609589505404,1.6553010633020284,5.1097893294696775,3.140106255344761,-6.524751982917396,-2.2077367392534084,2.136306049316964,2.902052590216269,4.015004880067252,0.0064764219046998224,1.7324233203981472,3.001290561059341,0.3708592877575085,2.9400177489565813,6.630275466754709,-5.4632401770412296,0.9231534669794133,1.2515702881470119,1.109060098503801,-2.9178025249311776,-0.6670196290771306,-0.007392518161458361,0.5845506590698812,3.2102210393892747,-0.0582083833770974,0.9627654377427168,0.9269172881119251,0.9199224170765307,8.84261450183836,5.513584995749241,-4.11493320112463,0.19785098349809763,0.26189917941870744,0.5099877288683333,-1.7856138771477745,-0.15355303432211606,-0.019430230836658312,0.10834614509659135,1.2849036238313154,-0.2600788568422261,3.0318201902754898,9.191933666162107,-0.07551491450653,3.449370716208157,10.455973596848606,-10.457014120552168,0.5873412740377858,0.8324348448462897,1.6688451971619018,-5.867914742538221,-0.5857278720867984,-0.04071048159150837,0.2467069727594913,5.033061518095446,3.00243654822335,3.441905704027276,11.846714875415497,-1.6083311700452645,1.7649414182189913,6.5,-7.6,1.1860817748044812,3.7,4.179289340101524,-5.56,1.5,4.7,5.2,5.8,4.244423505357652,4.831127113518,23.33978918696876,-1.589534249354345,1.7179976742072975,9.088965680885472,-11.160078210170838,1.7438202618477565,5.150814155991034,5.883335299769484,-7.408903660238313,2.2287669074740037,6.651845445968555,7.379581063465038,8.253779781763704,-0.02261158770229155,0.4398841076086219,0.19349802812663366,-0.2754731556867486,89.28958906685949,5.594672234770587,-4.477930840578807,0.10335530416913062,0.1396191492051181,0.1489322439698735,-0.27546477949375014,-0.0751886870863962,-0.004896754494870648,0.06443046211872187,0.2681530217238473,5.995098970880591,6.750452088256751,45.56860339584994,-1.6115321189473628,1.8416063918421868,12.489966243846908,-15.50842138721018,2.6328609010414916,7.198878520417919,8.251189752691978,-10.959491911205909,3.263662177370451,9.377678460579022,10.46254069778837,11.684682041495712,0.0646650620538424,0.7583896806438065,0.5751549077070148,5.5146880321966325,40.89976888416207,6.71348968464931,-2.0587842585460363,0.19445799642282552,0.27319365697170883,0.29688567350142,-0.5344057253549253,-0.11434289223092531,0.008214861476470547,0.15885076474078352,0.47019013042918095,-0.03168250839377006,0.37187380517768603,0.1382901269773316,2.4345599787685552,47.65801797188669,3.7667524049050813,-1.792645160918558,0.10870765748438294,0.13868869204638012,0.14792626598568528,-0.2598606644424231,-0.07497293667441622,0.0018993727830133272,0.06371575537196389,0.19476249347990532,0.05022495603902659,0.4915099635621616,0.24158204428087743,5.199607081178831,30.868039278231223,3.7548238712710087,-0.569589809066077,0.13138344843640146,0.17720043980817246,0.20109839714465919,-0.3175178672365226,-0.10010382484959031,-0.013312094962481175,0.07709661495858217,0.34917276550659104,0.0018778819262208544,0.17390725927750816,0.030243734829414445,-0.378778029798425,5.374862501897725,1.035904,-1.047569,0.017975069297161916,0.024248,0.0866622829758996,-0.321501,-0.009725,0.002399,0.014523,0.32288025,0.002655420216421804,0.2043937905850146,0.04177682162971081,-0.19471567018591104,3.5333316848106904,0.9312327832044226,-0.8684738830058183,0.02431343922785279,0.03280888485385666,0.10598670489515205,-0.42419181280947305,-0.01262490046166552,0.00372471096269725,0.020183984392191146,0.3960209395329056,-0.00026230246824970877,0.13676663928487276,0.018705113621278503,-0.03378172556591143,12.265574328506471,1.2818981647598988,-1.4116495774259776,0.007744973048252496,0.010444045974409299,0.06019480848007918,-0.21545851094652788,-0.005184954808503825,2.5000963709270925e-05,0.005259091165905473,0.21253465145375408,0.003754338877566787,0.27816353437847746,0.07737495185792641,-0.18161140919076932,3.2158351779308045,1.1483871066527545,-1.0928139013997695,0.03361086067930875,0.0452933577735418,0.14567986202787606,-0.5921926956490885,-0.017434220191931114,0.0053314568949611825,0.027859137581610686,0.548921890417815,-2.1189225110554505e-05,0.07850856289027754,0.006163594447096664,-0.18855009797576963,6.456519106647319,0.46124272331126065,-0.4893100542792436,0.006025619690035824,0.008128247860701595,0.03706883080535021,-0.13585757305702406,-0.004060221738656242,2.0247953773095155e-05,0.004068026122045352,0.1373776562440117,-0.00037115023027054167,0.10715088881381712,0.011481312973591,-0.03389903903461479,11.357120378547561,0.8590083823352125,-1.0401775822137809,0.007689549254023599,0.010397000086598135,0.048200376305503,-0.17296080503547087,-0.005117564081631326,-1.8282305001070961e-06,0.005279436004966808,0.17050846111167894,-0.0007945522712973226,0.16100161691309783,0.025921520648631912,0.037579817008081405,10.012092083878768,1.4332870970989562,-1.2923862587968762,0.00779211608036237,0.010490631856994928,0.07151795266282532,-0.2622306770295444,-0.005388036274135133,-2.510803941027954e-06,0.005102595582859796,0.2585707181563361,0.008539246252224535,0.3804444977213273,0.14473801584643303,0.31453021328377084,6.711731945175709,2.418011,-2.698925,0.027883299923434853,0.037793,0.18158278973245254,-0.651874,-0.010762,0.008525,0.027031,0.665019,0.012074886594175443,0.5001676548707699,0.25016768297892555,0.5952145603364166,6.420041459594794,3.30671621765647,-2.3675350944391362,0.03863832682382263,0.05227855143686881,0.24152973599492494,-0.8933963442976148,-0.014592607982882333,0.011965598867190534,0.03768594345398648,0.8966182366662233,0.0006050210807724835,0.19819661735011118,0.03928189912902639,0.07889404840655753,12.679297117097427,1.7502303064332485,-1.8634934455864807,0.00825273528965522,0.011131894746053667,0.08458562701578211,-0.29450282531307675,-0.0056338493386842645,-5.089939092341113e-05,0.005498045407369402,0.29633289031205057,0.017072138580361492,0.6554301811480773,0.42958872235980144,0.5162953528506498,5.262500750341239,3.934074144455921,-2.794146619186661,0.049949634709858255,0.067482143098934,0.32483243927979616,-1.258029901143484,-0.01797095327455746,0.017645621908543675,0.04951118982437653,1.1655321727147854,-9.487744713527834e-05,0.26581295300640795,0.07065652598598683,-0.12727287589571795,7.7799873786348765,1.6963738327129165,-1.8272230531567528,0.02189824710851979,0.02956413486587999,0.12572739138835842,-0.45331999683174484,-0.014584216104376583,0.00011630037490579538,0.014979918761503409,0.45775978549952306,0.0008551734461029462,0.20484369062690275,0.04196093758965025,0.06209969327551701,9.018723696873147,1.3341614522354905,-1.3830911369918273,0.007158530202729222,0.009661531939738819,0.09047683787205171,-0.32567551673486195,-0.004858988431778998,-1.3587248780038786e-05,0.004802543507959822,0.33832062789356293,-0.0009773425628653231,0.19127912290215712,0.03658770285821853,-0.048405345194380375,11.018735339939651,1.6131556931308388,-1.6298844662168894,0.009139305980825968,0.012321410642506213,0.08355385255724358,-0.2968544561615558,-0.006248618811682977,-5.4452152670463646e-05,0.006072791830823237,0.29656277355531463,0.006153000889813893,0.10663747370315117,0.011371550797790259,0.14287702208665073,8.376458762294634,0.969995,-0.752127,0.013808957063161176,0.018567,0.05284808486411486,-0.171696,-0.002894,0.006299,0.015673,0.183506,0.008702241263478431,0.08563067736520713,0.007332612906024198,0.09726075859605139,6.385906894335635,0.6104986204710371,-0.4952368248148317,0.017298375887295547,0.023368383910549746,0.046737008558921996,-0.14531201106950936,-0.002599819761464164,0.008892704418663872,0.020768564149085584,0.15573779429891813,0.00010077359437560289,0.12413069697088303,0.01540842993047719,0.005019283407966912,10.338004269970629,1.148116099762766,-1.0598915917506335,0.008346746206815237,0.011262415647808256,0.05616678223869804,-0.1985243525589319,-0.005610717783552039,-2.1593246993737483e-05,0.0056516978642562185,0.20032796070108436,0.01230846909459734,0.10481461030356232,0.010986102533087632,0.14762491225195098,5.685369724566144,0.6303572792769137,-0.6243759891106752,0.023532485278836595,0.03166828034274588,0.05867745912760087,-0.17567606117146878,-0.003168821675884758,0.012218171887548486,0.02849945866686112,0.19615582436331788,-0.00011323550270302616,0.06063407213179799,0.003676490703284082,0.25152630781036517,8.362320492362427,0.4413554097284914,-0.4074164581941009,0.006693160908103952,0.009027383071365642,0.028878541604474266,-0.10236384630243683,-0.004651005505312592,-0.00010103452600016212,0.0043763775660530515,0.10033402388380151,0.0001422684841132491,0.14053153995037204,0.01974911372082301,-0.004649625465563521,8.401004391546214,1.0012273413032076,-1.019899690394177,0.00871656061600182,0.011756579657691989,0.0645306536775397,-0.2364916385624948,-0.005870110052199459,1.6249948957936848e-05,0.00588646960549253,0.23238318784111525,0.0003741993953854868,0.10517619704174204,0.011062032424163346,-0.03174349128353594,12.457602691889315,0.9473125093212084,-0.8883186662547191,0.007953532256614854,0.010722482540232475,0.045734707803434894,-0.15670303535714913,-0.005275658630894399,6.253325304778136e-05,0.005446823909338076,0.15699824717527286,0.00025221145899315275,0.7118016238797606,0.5066615517578643,-0.0034687264377611235,0.5354353225668649,1.94783,-1.951596,0.681246823790013,0.91897375,0.5457633137725093,-1.35694025,-0.45825325,0.0004215,0.46072050000000003,1.35616825,0.0003853894977744379,1.0064565601760822,1.0129548075214716,-0.0035190891512144463,0.5378697924846523,2.752629365864976,-2.7386506543917464,0.962413459885483,1.2982413180792047,0.7712428169071781,-1.9158865601053112,-0.6483486827015912,0.0001267802885565267,0.6498926353776134,1.925633251791622,-1.8595308668325797e-06,0.017437829672373506,0.0003040779036827099,0.07334682942412966,6.817466583016493,0.3401552613269186,-0.2894054243496875,0.018375255155599124,0.02479111181120138,0.01392244038833021,-0.026802277274208423,-0.012127755991550549,3.31353076223808e-05,0.012663355819650834,0.026557888323126045,0.0006264316114505935,1.4222700513462327,2.022852098956416,-0.003534269993198205,0.5483818858261587,3.8249780633027126,-3.843874598803421,1.338948831199461,1.806394517267289,1.0886233611670837,-2.701228101375264,-0.9025950105905023,-0.0010814133150524735,0.9037995066767868,2.715037556241164,-4.251526057999903e-05,0.05290612731024801,0.0027990583069681706,-0.05291256200243253,0.4897639913562726,0.15440444188545424,-0.4710393418642642,0.04074808209285117,0.05495944599802389,0.04058348577705134,-0.09736187997547108,-0.027090673082221916,-7.23395229143553e-05,0.027868772915801972,0.09864441945775666,-1.8212293785392325e-06,0.007802162700116875,6.087374279909504e-05,-1.4945342531519563,63.09236781419368,0.12802813348015235,-0.24114187352095676,0.007338712750157872,0.009899162498200286,0.0059106225728074975,-0.011951515757664429,-0.004932660637906112,-2.3672686770362665e-05,0.0049665018602941735,0.011990377097851827,-4.657555491672379e-05,0.023396943682034144,0.0005474169736602775,-0.14505068551410022,1.4253698257725151,0.05868813675372182,-0.3012103773344997,0.025583589303179465,0.03453844760528263,0.01894422989801554,-0.039504516055077724,-0.017458395975775264,-0.0001469611773466926,0.017080051629507362,0.03969152293465708
-5.982621951219512,7.466281442091924,55.745358572526264,0.8141883879466468,0.09807949831992824,13.5,-22.6,5.782148652171848,6.5,8.798678861788618,-15.9,-10.4,-8.8,-3.9,8.3,-8.409863853498331,10.604617108334239,112.45790401437523,0.8373979784857676,0.10602098756284883,19.112351279851985,-30.830813917891838,8.422392767195044,9.203173155097971,12.462155208538745,-22.594073583981615,-14.797272638777844,-12.56657186478436,-5.594099483679874,11.812636936528442,-0.05698769302696939,0.5729204830663516,0.32823787991698167,-7.830758678427369,92.26079180965061,1.3017459639967155,-8.061592273782066,0.2592862326716848,0.34795473439443936,0.263758220655506,-0.5158890850824271,-0.19676196003515756,-0.027937253425478703,0.1511927743592818,0.45711271537217096,-11.767029114497014,15.110959901235814,228.3411091367567,0.857227831068733,0.13058224344032343,26.916592006026647,-44.742716998426395,11.703190659375176,12.754511708023882,17.64988058338416,-31.134030435892385,-20.75021324434261,-17.78768967249837,-7.9957015363187285,16.92891111421326,0.1270200625279421,1.1276972502397737,1.2717010881983468,7.422232795571592,66.03101768067118,12.288414865713591,-2.319657282882616,0.26478210685719783,0.36105274226902073,0.3666257546969236,-0.45440256594713946,-0.1826735479871468,0.006770795654871042,0.17837919428187393,0.5223932645199425,-0.07859946429110709,0.45601999170104646,0.2079542328310225,-3.54575932680708,19.68271353144557,0.7193427703112314,-3.432477154840834,0.2603765624667887,0.35205554374453685,0.26000109323370285,-0.583537543123114,-0.1992871797978933,-0.022191696946474458,0.15276836394664353,0.41363351920057545,0.08008745395330884,0.658453167376616,0.43356057362829786,5.806608574853995,48.95422307165201,6.763563557841599,-1.2869441728358817,0.2745258261626309,0.35546631421892694,0.29684500709259365,-0.5056573172601999,-0.15017357818414787,0.013267515749227743,0.20529273603477904,0.6021846819291947,-150.85497967479674,12.904658813981792,166.53021910527795,-0.35706582036818524,-0.540934369930512,-111.8,-186.1,15.048412517831848,20.42500000000001,150.85497967479674,-173.88500000000002,-160.3,-149.5,-139.875,-133.4,-213.26059779382925,17.595511993238468,309.60204230419873,-0.18341995743497122,-0.904380271791466,-161.40142103090173,-251.92983689341318,23.233125535789696,31.775863004277767,213.26059779382925,-241.86377409383886,-229.46149522602838,-211.49562760365237,-197.6856322217506,-189.33858549176904,0.27253242832341446,4.784962305496913,22.895864265026333,0.5431496684324565,2.822066209870326,22.160295168794626,-15.04189173877347,3.1295972927241644,4.155176932648103,3.277920282343547,-8.064721865509027,-2.0188018253798763,0.13992310765373261,2.1363751072682264,8.100837656267979,-301.31840019416404,24.50567639968393,600.528175806026,-0.18249750318813668,-1.0324696068709283,-232.71797820644244,-347.7055826625224,33.20199481466698,48.773971132992074,301.31840019416404,-339.4365808301004,-327.3636879125455,-299.3039420379031,-278.58971677955344,-268.3699317865694,-0.505189835127831,4.147941012990216,17.2054146472463,-0.0007344698322128373,0.02314857414859972,11.066050507131681,-13.281456077089082,4.3113017792642,5.8711064224085066,3.304274159577799,-7.211382808524171,-3.3930030515465397,-0.3332450858259115,2.478103370861967,6.26088144084981,0.3756629439930497,2.4317082297768726,5.913204914764571,0.1941446937359637,0.9214198986872022,8.451273175060487,-7.810383146198015,1.8948442773119145,2.5485899381999437,1.7891367570588212,-3.311499013324387,-0.9411438529766316,0.13201758414762113,1.6074460852233121,4.754395502432963,-0.6037315512030423,6.238235235047589,38.91557884778924,-0.45533111375641144,2.6498721773822993,16.40742967429414,-24.357801687307678,3.602391257130234,4.787021889267501,4.213625846086283,-10.732053754822164,-2.5723557269764354,-0.6135246355579524,2.2146661622910653,9.779379720900433,-0.8355691056910569,6.0612083806648895,36.73824703384229,-0.4826051220081404,-0.8589856734038359,9.3,-17.0,6.894100316051049,10.5,5.004878048780487,-11.6,-6.4,0.6499999999999999,4.1,7.1,-1.2081999929102738,8.421995605995976,70.93000998741552,-0.4095485042926779,-1.06933861248484,12.10292035852227,-21.356526723149823,9.67862084098798,15.109552585599548,7.0494013494548335,-15.131706805908946,-9.264445447716831,0.9840982914508614,5.845107137882718,9.849522590810501,-0.05246175414566724,1.5705174703412212,2.4665251246469886,0.026012082643437306,1.3827843521875858,5.220258693624079,-5.224542046409367,1.15633736432711,1.5618514199387847,1.1161476768405671,-2.824265860042528,-0.849780571550667,0.004673516319976534,0.7120708483881177,2.8363468382350563,-1.7773532250704,11.726599706722807,137.5131406817114,-0.3762820102876825,-1.1533186535969775,15.846332448044818,-26.109843883684032,14.026199308940756,21.983330141070546,9.861789177750335,-21.240946024691002,-13.40766015514891,1.1303086820146278,8.575669985921634,13.776764087628235,0.008717212501910345,1.9729604011530806,3.892572744518125,0.2872333054053803,1.8311821910792085,7.1387515756539734,-6.559248968431588,1.5188048002810277,2.0395447612886155,1.4289373716581162,-2.8386739885663586,-1.056059430557337,-0.062160347086259504,0.9834853307312785,3.1229207525205305,-0.07309869226365334,1.0832545267442493,1.1734403697119073,0.09288650728807123,0.36266476852428076,3.268275956611783,-3.2339796579624593,1.040021524286876,1.344945343763742,0.8391629337920883,-1.9049380156013491,-0.7487776868381311,-0.034074837734158495,0.5961676569256109,1.6564997364166831,-0.0004820085637846161,1.921349927118212,3.6915855424371586,0.17940621926622807,1.483176484440011,5.9952222572729035,-6.555847483187786,1.2145704301992608,1.677820333045244,1.3622167471490603,-2.7191525939560526,-0.9066963562186665,-0.12461621056317324,0.7711239768265774,3.606869860037735,-0.31565040650406484,4.548791381483211,20.691503032255934,-0.17001145160213585,-1.567620453158422,7.0,-7.1,5.633888430321287,9.2,4.164430894308943,-6.8,-5.3,0.8,3.9,5.6,-0.4493546338219141,6.450085442003776,41.603602209149045,-0.16007419992893604,-1.5703040489860116,9.912427408939513,-10.05796832625406,7.921827765950871,13.056718656466623,5.90886499873167,-9.568372282027154,-7.5345248997435466,1.106782731361823,5.522193756723077,8.008731203783318,-0.009160250708588195,0.17669021550311395,0.031219432254536852,-17.31845141940182,350.81151875914907,0.4918899146812257,-3.6226570668257305,0.06320044833768462,0.08440366074181233,0.05647905049057757,-0.09618219470301419,-0.041536906165578986,-0.0011300847906769995,0.042866754576233346,0.08413618523756308,-0.6669857758143614,9.174267942763617,84.16719228562017,-0.144479257466298,-1.5698793088795162,14.008813443562,-14.11969266465832,11.446508334530316,18.607486839238177,8.404260354249539,-13.548357068502389,-10.76540821168626,1.51253929654525,7.842078627551917,11.608109301008119,0.01988653486183391,0.3656512728177334,0.1337008533132285,13.642480536671378,204.05304645856435,5.538732814150811,-0.9915818385733807,0.06822833816626664,0.091297205467023,0.08508275950762158,-0.11333226093947389,-0.050069243740116315,-0.002723285844846657,0.04122796172690668,0.12147806337773684,-0.012344852343222974,0.14605429859988364,0.02133185813950397,-8.074425216373246,79.89835678665814,0.2668847308161984,-1.5754564158117768,0.058355804150696446,0.07747115834237617,0.06070990824755938,-0.10403820165944137,-0.04061767725826822,-0.0029380924196553884,0.03685348108410795,0.09863937774806586,0.012715512631069082,0.2003938147745049,0.04015768099987858,13.068018255556083,191.69010158232192,2.9915684686916957,-0.3889262133010998,0.061552444474222145,0.08270978647625035,0.06081751318746847,-0.08150827353047896,-0.04044277522718399,0.000682829169443267,0.042267011249066365,0.0988393424958572,0.18058943089430898,2.7203201139737065,7.400141522489919,-2.108230842764061,3.827889334877451,3.5,-11.9,0.8895613311033613,1.4,1.9816056910569106,-6.584999999999999,0.3,1.2,1.7,2.3,0.265017009143837,2.9407200550786174,8.647834442341587,-1.2698660309982253,0.590250875339712,4.897039457030351,-9.280219975078364,1.409833075942261,3.632716633505774,2.494113423834365,-5.9444124046692846,-1.3545643256631745,1.5275515772316866,2.2781523078425994,3.0452837851216676,-0.034691848968724376,2.465402367504042,6.078208833694536,0.40869172378263013,3.26383127725418,9.092473185805495,-7.209005552562067,0.38797624136741515,0.5430942776006089,1.3276003318190839,-4.935099462997109,-0.35216568318144226,-0.03434809995113132,0.19092859441916665,5.033060883450103,0.40728282622214046,3.7868797387676705,14.340458155889099,-1.0017983914582136,-0.309956308867934,5.46163444673294,-11.274685231118687,1.69143030714126,6.194159134655964,3.418713443243155,-6.967512483304867,-3.097084433749908,2.3044541450470697,3.0970747009060555,4.052318364875882,0.1213810766782412,1.6676509162207127,2.7810595783717824,0.47021841653268326,2.246901726477125,5.995210321218216,-5.142585327282175,0.7889370486724323,1.0418179938854215,1.0670675823423121,-2.28992398604034,-0.5203517837275609,0.04241228787980278,0.5214662101578607,3.4943516962967323,-0.048398410976769064,1.0278317306124942,1.0564380664538748,0.1847612165623125,4.574202540761415,4.312657339699615,-3.806905674112595,0.23051145944683749,0.3134123205024424,0.5478076939839102,-1.961777606776054,-0.19597427251573582,-0.03130631148879454,0.1174380479867066,1.7491200686896917,0.04678681300937527,3.3058023315787413,10.92832905547144,-0.530771192896695,3.1004827661384846,9.724544311256023,-11.82407787187455,0.5785794642535111,0.7781085638493822,1.7893950166044397,-6.5776906793490575,-0.3388039547218288,-0.00178513806618469,0.4393046091275534,6.582053198076738,3.631605691056911,2.7619413798963715,7.628320185983871,-1.9373079753802613,3.3661723719994923,6.5,-7.3,1.0378215529539216,2.3,4.279979674796748,-3.2699999999999987,3.0,4.8,5.3,5.9,5.140531036142062,3.873882487189868,15.006965524556357,-1.8811608398822621,3.068827240386307,9.796210029075871,-10.041391446494714,1.4890916967439376,3.2104066054199487,6.04166372635769,-4.65049709050969,4.267625604573971,6.754646546445294,7.47803220999392,8.260084375998165,-0.040323586922443415,0.4009235114779035,0.16073966205577261,-8.043571502553005,75.12186980954836,0.7117197240476343,-4.4340010237291,0.08944783463853931,0.12392415927928,0.13659533623555997,-0.2931477840769423,-0.06996089235282257,0.0008731940562535234,0.05396326692645742,0.21517332134179099,7.284654677988723,5.37587648366095,28.900047967578825,-1.9637373476502447,3.5651768710694745,12.528719976843158,-15.000750251947462,2.041106796089989,4.074240954018805,8.497603604406988,-5.393222215173367,6.400209838757647,9.562044201218018,10.474450792776452,11.577386152587462,0.0804462376765367,0.8429871651158608,0.7106273605500756,5.797939998737168,37.28514837080197,6.443987082796423,-1.3151631597762665,0.17011590823710496,0.2306106303272211,0.29643224048701233,-0.509514353368859,-0.12557803073425916,-0.002794971938960722,0.10503259959296193,0.4200008230426829,-0.056595651557038766,0.32015885184681164,0.1025016904158687,-3.9149635023063136,16.531262900605284,0.4672124908102324,-1.8875802989099282,0.09063868239272979,0.12300668301951093,0.1416879530042825,-0.3002786342793037,-0.06419119599572878,0.002621873567020353,0.05881548702378214,0.17815141462397233,0.045849604680068774,0.4609148348274105,0.21244248496397913,5.719678471189445,36.82344799786951,3.6306408374689845,-0.5153006357142617,0.14760815111674927,0.19793962764434903,0.1826488659730549,-0.3190461237705873,-0.10601823771313332,-0.008086046729205397,0.0919213899312157,0.26312291778939534,0.0021184289855929947,0.1852745289823056,0.03432665108961519,-0.12905213841009966,5.400178908145504,1.113997,-1.097729,0.019032164678956413,0.025675,0.09214184205543889,-0.3422715,-0.010439,0.002696,0.015236,0.340442,0.002995669122797975,0.22142940278836237,0.04903098041921082,-0.19139560206394673,4.102716051567412,1.057796572898809,-1.1480001104295985,0.025774183274900293,0.034702437306906836,0.11341620031472913,-0.4550865007449286,-0.013099913754412183,0.004405425799163499,0.021602523552494653,0.41361720001309826,-0.00025350475589063664,0.14005785100837934,0.01961620162908538,-0.0844472597838943,13.633129274906487,1.2933303388064872,-1.6135361540400974,0.007518219071320458,0.010139105842891804,0.06160407532899394,-0.22828517512345678,-0.005000760072962129,3.385255804577155e-05,0.0051383457699296755,0.2250675177059249,0.004236080850974549,0.30088468633800164,0.09053159447271762,-0.23650035879318004,3.8465340590913444,1.3663391579473345,-1.4477126902815232,0.035747297496788774,0.04807012903747433,0.15529699556719784,-0.6315622769451882,-0.018264911919239988,0.006241999528411797,0.029805217118234348,0.5765221325626831,-0.0016909690814575808,0.08666167602273057,0.007510246091068716,-0.2309516296473246,7.8806127159032915,0.5519132039600527,-0.5856097607796634,0.006250741956037116,0.008455017091573818,0.039867266254480525,-0.14939073714087162,-0.004353992651268734,5.806176308417862e-06,0.004101024440305084,0.14019848018075745,-0.0003583756804778195,0.1083922239355999,0.011748874209705235,-0.05890261870798421,11.276239696557283,0.9427217139978433,-1.0999444821175102,0.007670365254115163,0.010333027523890127,0.04918019155276175,-0.17457414589880837,-0.005154995210396848,4.642905014778824e-05,0.005178032313493278,0.17433702173402327,-0.0005136613318723413,0.16575981080649274,0.02747631487860427,0.06873101822250463,11.093165041166785,1.464138983037608,-1.4097499143159642,0.007385528147283526,0.009964042892015954,0.07255927774822186,-0.2680807304118675,-0.005041383711267911,-0.00011487658635212812,0.004922659180748042,0.2631930874914134,0.007524459959175222,0.3907741384625095,0.15270442729111658,0.08684590671543559,6.766778814440299,2.243944,-2.499922,0.030378519457179787,0.040978,0.18583071103156526,-0.672529,-0.013346,0.007443,0.027632,0.677636,0.010640663467532573,0.5122438685772268,0.2623937808949632,0.3590910276099886,5.968920704513467,3.106317343775504,-2.6421515778772227,0.042314697459602424,0.05698128479645703,0.24765006536190134,-0.9418832367832932,-0.018283899575742394,0.010736377870034494,0.03869738522071464,0.9118591225324906,-0.0006837821556126894,0.20733430567884142,0.04298751431132726,-0.038547290356090634,13.403469994078101,1.900656316224291,-1.913116494162905,0.008602854203050899,0.011617836275865386,0.08901012057624182,-0.31372582966449747,-0.005897887554649505,-2.6177224742102075e-05,0.00571994872121588,0.30897656098880966,0.015046851732851963,0.6741864218518469,0.45452733140939644,0.36499897680623117,4.991911303359624,3.959362433527762,-3.1571685362532427,0.05506273804712524,0.0745551076239811,0.334341538159395,-1.3167332445265656,-0.0238568331694613,0.014716593105371906,0.050698274454519805,1.215075384918717,-0.00015720810611851446,0.264890742073057,0.07016710523601483,-0.17140168698632316,6.764678302969362,1.5885265081443412,-1.6957484770923252,0.02432040088967162,0.032881268232523055,0.12678557670093596,-0.46764187774261945,-0.016203144531977146,2.9413712896013758e-05,0.01667812370054591,0.4544882526294732,-0.0009668867168557118,0.2054292883546472,0.04220119251389678,0.05164154331946165,8.085826800228055,1.5493211748010536,-1.3957818818652654,0.007269034049893198,0.009805120848949727,0.09289721976643499,-0.3529790594789987,-0.004920015132875274,-6.805421395603428e-05,0.004885105716074454,0.34197208064581314,-0.0017918708455056285,0.20917789908672604,0.04375539346633654,0.16132161358282013,12.678777250797829,1.729409344174704,-1.6418915406984735,0.009583450184677936,0.012938781343913458,0.08811654377877531,-0.3113393495283342,-0.006709802523826761,-7.310410657954895e-05,0.006228978820086698,0.2994022092965614,0.006367623702038281,0.11613916393783974,0.013488305400180416,0.05765844139098154,7.588289635142695,1.158694,-0.828514,0.013718518327832337,0.018507000000000003,0.05830108721119427,-0.196069,-0.002229,0.006903,0.016278,0.204796,0.009006506220661669,0.0992217501852573,0.009844955709825605,-0.18584782464850202,6.9724244860001505,0.6402918803349925,-0.8202116911890588,0.017471281299812205,0.02362530028427044,0.05293860731423784,-0.16644214598383444,-0.001911350142664958,0.009583671979074703,0.02171395014160548,0.1748105650060311,4.3826047676136554e-05,0.13087887490822292,0.017129279897242264,0.013881625804484876,8.863189271858941,1.3647021420196006,-1.143357568885421,0.00760815717542844,0.010261331822163013,0.060879671707086525,-0.22720864117998707,-0.00514282624277067,-1.6076730379494854e-05,0.005118505579392344,0.23000992544222376,0.012740706978085612,0.12611686158514124,0.015905462776085677,-0.06650980231976479,6.499030008008734,0.7397868737874993,-0.848963143226141,0.023619814060396305,0.0318986686574601,0.06833401355205633,-0.2090301073096311,-0.001882692599276645,0.013500999397403915,0.030015976058183454,0.22642624671461975,0.0011252353538482717,0.061479772543363835,0.0037797624319837538,0.6602624563335463,7.571234101361231,0.5206011314816841,-0.34811759124642866,0.0070358827632145465,0.009474410517900359,0.029759086662217625,-0.10010929676924588,-0.004847505658699651,-7.957991547774288e-05,0.004626904859200708,0.109246225310892,6.20250240671703e-05,0.15246372530519087,0.023245187533936694,0.08179625850127312,7.383837412967518,1.2242560714911526,-1.1007523275032238,0.008294022507675247,0.011198280432710164,0.07147819940035097,-0.26328438895407213,-0.00564636051789176,-3.802969119115464e-05,0.005551919914818405,0.27301959352819555,0.00011961569059846463,0.10491557966837663,0.011007278857151484,-0.004157995355209806,11.905397378482734,0.8741583639431677,-0.7777160320032248,0.006721982097546805,0.009083708217380661,0.04578121760075737,-0.1595623093479106,-0.0045850001486581965,2.8356229354402357e-05,0.004498708068722466,0.15762814790150384,0.00023588264355234797,0.782045061194363,0.6115944777384951,-0.0018249173741413055,0.9178870485323802,2.332872,-2.33058,0.6839807422809374,0.9227155,0.5806391702807443,-1.5165307499999998,-0.46048675,0.00048249999999999996,0.46222874999999997,1.51460975,0.0003832514844359074,1.1058163980610378,1.2228299062206875,-0.0019327316901716035,0.9210121212945417,3.2976860557254515,-3.2653806329423336,0.9645275890705545,1.3008069588880131,0.8205826802885638,-2.1472487977199983,-0.6496903299055106,-0.00043619775808155514,0.6511166289825027,2.1392118211557793,-1.5816363586954545e-06,0.0168531633580253,0.0002840291151722867,-0.06746820008383497,10.459579187307593,0.32566391400305894,-0.35912685096873465,0.016651759188307937,0.022461401280700857,0.013280303907283603,-0.025189418337307177,-0.011113777503936037,-0.00012815215430610379,0.01134762377676482,0.02518097052263123,0.0006830825281273185,1.5628895359134343,2.44262370146771,-0.00209688076833037,0.9332103031664536,4.588402428705003,-4.609383668380329,1.3368670139125316,1.8030015821761722,1.1582862960411358,-3.013594980481824,-0.8993890909471062,-0.00033869761033451795,0.9036124912290662,3.016728069924631,3.6792619268226226e-05,0.052336728582093386,0.0027391331586757105,0.01873043196847895,0.1942497673759731,0.31268802809472634,-0.23034984582398002,0.038547789110915796,0.05198308572090736,0.039575459451492545,-0.09748179007663957,-0.02605041408530944,-0.00010807885833504817,0.02593267163559792,0.09825627308209792,-3.9638764707915026e-07,0.007497959129443645,5.621939110680731e-05,-1.5908760300637559,72.05815425667645,0.13335584112009952,-0.2425699024106274,0.006753662684032704,0.009109158483791707,0.005650954967356281,-0.011705148326379568,-0.004585924678777373,3.296462588357724e-05,0.0045232338050143345,0.011715713722063786,-2.6308763181377388e-05,0.022622961242892453,0.000511798375397414,-0.2023328656886622,2.2582602348483913,0.08608456760667446,-0.295923584823064,0.023444422305044958,0.03163075842191136,0.01806548774696516,-0.038287466192689204,-0.01589737699234261,5.855182028772219e-05,0.015733381429568753,0.038121452824710994
-5.978048780487804,7.579866480851702,57.45437586753916,0.9939827631258625,0.1860023052705424,14.4,-21.2,5.337367986620168,6.625,8.990853658536585,-15.2,-10.725,-8.8,-4.1,8.8,-8.412809541123984,10.777885988990468,116.16282639167703,1.0156265919684357,0.1968125094736961,20.332371101254406,-28.97989896724628,7.575934037622662,9.239261750635144,12.747983376229241,-21.452242593836438,-15.157679762862857,-12.46586146679491,-5.918418012227713,12.433960685720134,-0.04199453113714601,0.6045615724432185,0.3654946948750169,-6.751985151769445,77.12724123665822,1.707568502895116,-8.168161207082477,0.26641532801883244,0.3579546656349432,0.2904333395123622,-0.6190845474857904,-0.1783512389500363,0.014981465492738155,0.17960342668490692,0.503191002605515,-11.80663012761412,15.402171386685106,237.22688342482138,1.0305651017301563,0.21590559699099687,28.619760475151544,-41.897907810488846,10.652177809979417,12.999544217551913,18.099775634734467,-29.991414059964626,-21.411181839751663,-17.621660631455683,-8.41163762219975,17.84597486822033,0.11639016338869275,1.1139990573821894,1.2409938998484067,7.674576151349806,72.72814994559388,12.579626313906576,-2.778757984213054,0.25399960397570975,0.34056327750475757,0.35985261573313937,-0.459254662486717,-0.16241559940537675,0.0055372687308562485,0.1781476780993808,0.5209090621333914,-0.05894550155480211,0.5248234406445038,0.275439643849935,-2.440545036898343,17.085915925590488,2.460644572146475,-3.8016391665792537,0.2868126979213264,0.38387137634541874,0.30274627238765345,-0.7214705679890303,-0.20057281583261272,-0.007243122952870546,0.18329856051280602,0.506411675032755,0.06362519856964491,0.6647509646457418,0.4418938449974442,5.35777332161318,43.50082526413755,6.563491278569223,-1.3015688150654623,0.2777111154188867,0.3731483651239798,0.31690674896393795,-0.5678534424105253,-0.1705482070618501,0.006560057168705783,0.20260015806212972,0.6013191276811203,-151.27713414634147,13.489452199725216,181.96532064867145,-0.41805420995683273,-0.46507708151560934,-110.2,-187.6,15.715583516159372,22.0,151.27713414634147,-176.085,-161.4,-149.5,-139.4,-134.1,-213.8707611578078,18.470061401987337,341.1431681931825,-0.2540306477141072,-0.8362792222295714,-158.10757122669807,-252.53650734315949,23.33851907296487,33.16625135347243,213.8707611578078,-245.28417739203206,-230.39564465461896,-211.59879663681238,-197.22939330114653,-189.80085398123165,0.13252773917603808,4.698302769309811,22.074048912104246,0.18131012590951345,2.9066927296191007,20.279988884116236,-15.21065233493968,2.5139217053867404,3.3731243057383544,3.086197860151194,-8.794769770052724,-1.6290924894439582,0.260128498567445,1.7440318162943962,7.719282776108189,-302.21497754571527,25.827733235477243,667.0718040829757,-0.2698598259800209,-0.8629617405774108,-225.59513625949464,-353.5065875812339,33.98317191644644,48.02990952952911,302.21497754571527,-345.84891148376414,-325.94116270909166,-299.4276259027315,-277.91125317956255,-269.09258882906124,-0.02054052016620747,3.63065680900832,13.181668864798477,-0.08449738192905366,1.1999009327053995,12.236678751742875,-13.444386430439046,3.174269477038438,4.306542490007371,2.742528931794342,-6.341927966745979,-2.096169594570598,0.10663568362673104,2.210372895436773,5.970408051396896,0.18459494745515076,4.264184279432307,18.183267568957625,0.6063849097495101,9.130220157725361,22.886694680343,-17.330017153003254,1.9052720832855998,2.596820008404067,2.437008898441676,-5.182588779530352,-1.0991066905433065,0.08205315524795193,1.4977133178607605,5.04345433663771,-0.3604813924105701,5.022629323240329,25.226805318673602,-0.001990611264304295,2.046263673459041,16.250550024650916,-16.48237692745097,3.191812745948435,4.163629325965848,3.4650972365968937,-8.851859897217754,-2.4431801346931423,-0.2831994860244024,1.720449191272706,8.665913551755512,-0.9722560975609756,6.307162384864384,39.78029734904818,-0.5045595920155161,-0.8835750887218023,10.3,-17.0,6.968230426976329,10.425,5.188516260162602,-12.3,-6.325,0.75,4.1,7.184999999999991,-1.397765464889782,8.728710912916194,76.19039420126225,-0.40681812436309134,-1.1664278070521268,11.575203838500657,-19.884391611968443,10.220551134473828,15.74873889424964,7.294111166521461,-15.720729421810326,-10.138899795964395,1.1002663598641151,5.609839098285244,9.912243257472289,0.023759296599501455,1.7809516036695943,3.1717886146132996,0.33841798045616417,2.722528714994204,7.6321160933982695,-5.749823116526577,1.1338719725698454,1.542957935114186,1.2134340302906628,-2.7987676491504665,-0.7612163963509915,-0.009862485124518372,0.7817415387631944,3.0524887220359007,-2.033606464794203,12.144106656327136,147.47932648024903,-0.37208076838191856,-1.240147314048445,15.117947894355483,-24.51343680545053,14.915791928583621,23.72146085771511,10.21419761413043,-21.490051952067674,-15.575379918567007,1.2692357487504706,8.1460809391481,13.560802877658748,0.14155887775708045,1.9813444164473035,3.925725696586906,0.5923287024974948,2.210330708540945,8.608488771032576,-5.702080979714806,1.4459316905539807,1.914137335581527,1.4094342168414373,-2.8683528809812273,-0.9413364118221026,0.08249384759245781,0.9728009237594244,3.686750618446445,0.03305032506761722,1.678929477887234,2.8188041917187,0.36250165070039514,3.483796000958283,6.106911527499972,-6.512739335368768,1.0434617676045603,1.4161380420251208,1.1184702271331342,-2.110292442146931,-0.7241937750648639,-0.04532190238967736,0.6919442669602569,3.0423948375643026,0.20869901178471348,1.8431130011430057,3.3970655349823775,-0.25796320713552784,1.6079860897419431,6.211746397892473,-6.092979573379551,1.3509696046791235,1.994011770099091,1.3224690795915317,-2.9127450247335522,-0.7155494375097311,0.14270240974369103,1.2784623325893598,3.4094154854294807,-0.627540650406504,4.390881586432402,19.27984110607112,-0.03536009127180828,-1.4798131802635113,7.3,-7.1,6.078669095872969,8.825,3.9681910569105687,-6.784999999999999,-5.225,-0.3,3.6,5.6,-0.8870980666586212,6.23004562314232,38.81346846643478,-0.024635201556457317,-1.4796211935887256,10.269944125168259,-10.018260592335848,8.677697362885361,12.549293093641069,5.634249530691822,-9.542749994864042,-7.445353504230972,-0.4018876106524443,5.103939589410095,8.028292115329354,-0.01241648843020819,0.17542165161345988,0.03077275585479409,-17.298068430017796,349.76551455476533,0.40798987349894733,-3.5976146179068618,0.057431378762707624,0.0772800104840049,0.055652578512222516,-0.10841080433636872,-0.04066520797568496,-0.0013110950552386869,0.03661480250831995,0.08200486967472971,-1.2758723875410416,8.871563775203729,78.70464381750705,-0.008493368216778251,-1.4732492160625827,14.425923354566647,-14.125031239804128,12.69556659221363,18.05547007626364,8.023112203763674,-13.52427284358583,-10.824551840467898,-0.892311030847377,7.230918235795743,11.640640967173889,0.023731089924247165,0.36571065576619344,0.13374428374093922,12.804100877493966,188.90838392691376,5.438126305330106,-1.143530473337417,0.07016182919264832,0.09620225259872311,0.09429490132073523,-0.13077227932028615,-0.045702989611467904,0.0054458533987847835,0.05049926298725521,0.13119222483751208,-0.017383954748971444,0.1456938699684931,0.021226703746396174,-8.100428115694674,79.49516363979805,0.21535207385034824,-1.5395572365086652,0.05995355888543762,0.08084313828603379,0.060009033801003274,-0.11301931445979915,-0.04724646566701516,-0.0021202218586497926,0.033596672619018636,0.10311980135693562,0.01234988454814878,0.19865001439382862,0.039461828218668324,12.751645546515817,185.60666880293363,2.9420146582510487,-0.37748094302088897,0.058638679746023596,0.07654436287740207,0.06253818176756072,-0.09331596081515589,-0.041239367158449704,0.0017685432467268196,0.03530499571895236,0.11512674359986189,0.14664634146341463,2.8685795989611385,8.228748915576045,-2.1328726998985683,3.9447974635178165,3.5,-11.8,0.8895613311033613,1.4,2.074288617886179,-7.3,0.3,1.2,1.7,2.3,0.2179659926422378,3.0794326077229672,9.482905185507473,-1.2223198599241953,0.32856574877332223,3.818998594751524,-9.545894461153331,1.4679783955502,3.9874409882268234,2.6079085558999724,-6.5824288876996775,-1.6210974090257868,1.573891921726105,2.3663435792010366,3.1235995567479367,0.02375044769227175,2.6264778741989865,6.898386023656828,0.2616904897410855,3.0618466367596966,9.940987778321377,-8.661669127287231,0.4670838787139364,0.6365636822599754,1.4229881559987756,-5.107378858995252,-0.3504582502591541,0.0006181698847321643,0.2861054320008212,5.183756269346685,0.3441685486514281,4.090939463388655,16.73578569311066,-1.03941301483059,-0.320889606915693,5.296219388912713,-10.578527834316198,1.7908978452937674,5.923716698994476,3.6374933104184857,-7.886731456604433,-2.659367523540527,2.3974166752380874,3.2643491754539493,4.068192389503583,-0.1439359791292885,1.435271534653045,2.060004378185307,-0.17121249539666733,2.8554921574256875,5.230546116991576,-5.150727747313676,0.7737296929147855,1.0246261092969537,0.9294080503878095,-2.895326766417191,-0.608389765625429,-0.00959197033844339,0.4162363436715246,1.9601231352734647,0.03325572481280039,2.459494322382994,6.049112321834182,-0.07272944221311692,7.8241529948958295,10.583824711477412,-10.733381861675769,0.22378103799634214,0.2963565053663576,1.1169983774647294,-3.77851248751871,-0.14002395652476327,0.012446562680099346,0.15633254884159434,4.057883435350705,0.0775508508699494,2.747608353427647,7.549351663825386,-0.18205137888683692,2.6867049150078497,7.940466533910054,-8.839732841217804,0.528677058779565,0.713289723876909,1.5272027381998396,-5.4866423939279985,-0.3321953851436642,0.008749752423685845,0.38109433873324483,5.44224188250836,3.4939024390243905,2.9076754703522814,8.45457664088836,-1.815810912364897,2.6521046976886016,6.4,-7.4,1.0378215529539216,2.7249999999999996,4.258536585365853,-3.7849999999999993,2.575,4.7,5.3,5.9,4.954172303854709,4.083224453314912,16.672721936148864,-1.7664322238119798,2.411026602185359,10.251279827709117,-9.995930381625653,1.4628592505981908,3.716464746175121,6.018555515163469,-5.135767155780493,3.7359836221081366,6.714376940645299,7.452448368283258,8.27462143538861,-0.033904925943105076,0.40495381343838927,0.16398759101829377,-8.346028208565334,83.52171788400467,0.8133252248336347,-4.858090191403886,0.10564317902381368,0.14077666231132646,0.14367205759088522,-0.31275150077367425,-0.0667937171681294,0.0022657692698753173,0.07398294514319706,0.23083345045366763,7.049147686153218,5.683663065040984,32.30402583691107,-1.8522718915523753,2.8614261149232814,12.927359284546684,-15.057636969166943,2.040832514012527,4.714823549348365,8.494762404697111,-6.980441971798536,5.766533200395429,9.546604412322969,10.481356749743794,11.581455543099981,0.07418393384121234,0.8451073459476739,0.7142064261747214,6.135374492369898,42.8346215162669,7.197166245006952,-1.2644886541839542,0.14431355928329526,0.19714079061372167,0.28661372470242924,-0.4858767019307612,-0.10883052038854377,-0.000520960086897504,0.0883102702251779,0.4313606025073041,-0.04746892487904124,0.32264988381260756,0.10410294752428917,-4.057316622857011,18.79826551559437,0.594155361680192,-2.0281567318653324,0.09618275276045239,0.12614586729429886,0.1448895972819363,-0.2660387179778093,-0.056905823572447944,0.010036863738661974,0.06924004372185091,0.20933778869061842,0.06564627352402493,0.46370839548971515,0.2150254760476461,5.909770578055092,40.67916515816496,3.986731213356464,-0.47705093538364773,0.1312626250685841,0.17734541306625923,0.18636460675925923,-0.2876703691115119,-0.07485110159374626,0.013998487695724687,0.10249431147251298,0.3603398254240179,-0.0002493823730425222,0.20145332605551408,0.040583442578829274,-0.3407685528346029,5.4278075118489575,1.106746,-1.180695,0.018679305350952077,0.025197999999999998,0.09906798662823524,-0.3801885,-0.012221,0.00014,0.012977,0.36732025,-0.0003531468087578323,0.24813734412001343,0.06157214154693396,-0.5086086605886285,4.873571760390626,1.0793329686220545,-1.2685651300876395,0.02513626818696464,0.03398940094462244,0.12351158986537894,-0.4762770885047714,-0.01599505740975731,0.0007189915895818594,0.017994343534865127,0.4613131196104594,8.24786378008606e-06,0.1399554876284915,0.019587538517328834,0.013271148379051705,11.291541933975411,1.3377133821995626,-1.5687077671200444,0.00742350967882024,0.01000638660324982,0.06190608716575598,-0.22692366189665747,-0.004975420613954511,-3.9093666547093534e-07,0.005030965989295311,0.22621577734063558,-0.0005008982705743144,0.3381382749295249,0.11433749297231496,-0.5443709515966768,4.858480580157644,1.4044504893043004,-1.6993285389904709,0.035086269224141736,0.047397311884880146,0.16883949756701055,-0.6606216268082001,-0.02206965284612096,0.0009945097858812398,0.025327659038759186,0.6374119245842113,0.0005606488007785745,0.09372632100797275,0.008784623249689554,-0.04289386212077625,6.831070988923873,0.5681290870460365,-0.6212722722079559,0.006398394555047686,0.008617706543128496,0.04357740447587014,-0.16372827624583297,-0.004189261870927317,7.212807006929224e-05,0.0044284446722011785,0.16793336151614513,1.1938332931548126e-05,0.09692242476923317,0.009393956423147663,-0.02070364594999732,12.009289256809081,0.9008828074306727,-1.1043353373383187,0.007459538741592819,0.010069650369754596,0.044219437468054394,-0.15841898684706598,-0.004945948102253727,4.009656862320019e-05,0.0051237022675008695,0.16106310612145794,-0.0014132792343119706,0.17254606398817818,0.02977214419781248,-0.048458568575762605,9.240411396697558,1.4454654298776206,-1.3754120086900992,0.007431857263871849,0.010019280316480158,0.07642852518817728,-0.28589891858484,-0.005162528976072334,-0.00010779943062093952,0.004856751340407825,0.2814070185102645,0.006103220812408998,0.4086179738881926,0.16696864858449165,0.3187897579944345,6.474515041352925,2.600611,-2.511339,0.02975286132097042,0.040077,0.1931488793272516,-0.729009,-0.014848,0.00516,0.025229,0.7189450000000001,0.008628809733774088,0.5364792838114817,0.28781002195888034,0.5837424706557534,6.178014839584046,3.579660006233512,-2.5588122298516036,0.04121603244886774,0.05558708573047294,0.25753872842339653,-1.0018334914328897,-0.02059970566597424,0.007318023974391468,0.034987380064498697,0.9377733185845428,-0.00041219845440801096,0.21470319005286198,0.04609745981887538,0.019881882047615422,13.804024872640476,2.2361334516005043,-2.268415937049837,0.008608435931245259,0.01160711264298691,0.09211599791254897,-0.33053628741673063,-0.005919553193600141,-5.082460833545307e-05,0.005687559449386769,0.32668312378208575,0.0121961394362255,0.702724584110505,0.49382184111328215,0.5147006221388806,5.174140710136257,4.148576610007148,-2.792288328085901,0.052065131840650904,0.07024795243608017,0.34482497009774316,-1.3885041940046898,-0.025244881864931464,0.010238126401013233,0.045003070571148704,1.2720747426279586,0.0013292201115783619,0.2858222671524042,0.08169436840014033,-0.12003793107026087,7.381579220404763,1.7233785059747273,-1.9814691482293973,0.024178649824752145,0.032624058561959046,0.13539330444086753,-0.4907635672217253,-0.016116760934575283,8.107488493223371e-05,0.016507297627383767,0.503870193195901,-0.000582619438293556,0.20289448126543796,0.04116617052797116,-0.07213030141921223,10.387541103693698,1.7463215045622935,-1.6361612179017635,0.007165625168851738,0.00967217787086498,0.08963462908092157,-0.3339669289363618,-0.0048203429516939685,-5.15448655253167e-05,0.004851834919171011,0.3248608744683403,-9.111280039802038e-05,0.2258590636502391,0.05101231663296277,0.04033327987937642,10.792333832798793,1.8551729561485235,-1.7617261939366895,0.009713407154193806,0.013103869300621206,0.09774534738515077,-0.3444566624591001,-0.006676989141386819,2.7508242751007102e-05,0.0064268801592343855,0.35567457936564995,0.004912698867857249,0.12273957924959357,0.01506500431436726,-0.0656059207534918,7.782186943229027,1.070513,-0.860085,0.013808957063161176,0.018567,0.0600057853386028,-0.20375,-0.003499,0.005694,0.015068,0.210904,0.006948289176537837,0.11919729232654529,0.014207994497979893,-0.24301768630727077,7.439337738708801,0.7771922780381458,-0.8555444434491228,0.017687785493712763,0.023915890336821188,0.06094541119762564,-0.2035911147735098,-0.003477268025134564,0.008146599248429684,0.020438622311686624,0.20304840399717614,0.00028180170026993674,0.1261715663849745,0.01591926416403803,0.06133298621912248,8.815102387398497,1.2922337029546358,-1.0272826327933418,0.007552687016574939,0.010195901368295797,0.057775175387902444,-0.21240244914836187,-0.005163777357914085,-1.7497256686703575e-05,0.005032124010381712,0.22007083823811344,0.009828369273293416,0.15474568552970766,0.023946227190059177,-0.17330017341658407,6.3916245240951515,0.9256804664336055,-0.9410700158425573,0.02405320773813222,0.032535927948665,0.08045004392357225,-0.2660983926580013,-0.004274507814629871,0.011387951214185149,0.02826142013403513,0.27484895347856164,-8.283147381671075e-05,0.06681865085431286,0.004464732101990565,0.5027583232935608,7.533294064237529,0.5045911861187703,-0.36933160247022917,0.007003489615124979,0.009405553613915263,0.03203052679116708,-0.11718099358223036,-0.004912756268271611,-6.36673488624755e-05,0.0044927973456436515,0.11535789349153386,0.00039810867002184675,0.14570029753202252,0.021228576700919887,0.08254458121306127,7.905647990746326,1.1296540404851592,-0.9676805056717426,0.008227350087850612,0.011072466716192638,0.06696263711110732,-0.2442794362923409,-0.005537372514941925,-5.568973125343635e-05,0.005535094201250713,0.25110542138796876,0.001064555097877467,0.10297158619819638,0.010603147564172587,0.01297654043942604,10.791582688556177,0.9182017923489506,-0.8708591679566372,0.006727447137816286,0.009089282345205818,0.045620439231410286,-0.1559988637194543,-0.004386616992031579,9.170229979441725e-05,0.004702665353174239,0.16605920789087897,0.0001594426945591773,0.8814048427715777,0.7768744968611897,-0.0014985769511738475,1.4746187676660814,2.772945,-2.766003,0.6945124071400919,0.93655225,0.6300824489941461,-1.71395475,-0.46698249999999997,-0.0004015,0.46956975,1.71338875,0.0002370533841896553,1.2463480532714166,1.55338346989345,-0.001516292618411719,1.4782146428104008,3.9118412402064964,-3.895962597015864,0.977715296396252,1.3183440914323017,0.8905730759263593,-2.415617786891787,-0.6566083207902464,0.0007295307924386372,0.6617357706420552,2.4313401651267927,9.87272483870154e-06,0.01661476106768717,0.0002760502853363333,0.03681049972758408,0.3212460689127181,0.12889547617173924,-0.0548003485233018,0.017377203397823355,0.023405582178367475,0.013317677944697003,-0.024840848354398797,-0.011597582842976885,-5.326424902816866e-05,0.01180799933539059,0.02490001524689437,0.0003696852091358752,1.761699110449499,3.1035837557585557,-0.0015266949532199228,1.4914397835640125,5.472627297512593,-5.463961750872617,1.3554468814244163,1.828961872524809,1.2570850242116052,-3.400506973233955,-0.912389003803381,-0.0020644332584120323,0.916572868721428,3.419016406001391,-1.5475521185989518e-05,0.05317057328844406,0.002827109863821801,0.007387382577143863,0.14561929346323943,0.20310867099725538,-0.22873439609538407,0.038352753997802594,0.05166880633024823,0.04022719395817886,-0.09896667011327198,-0.025480515581330528,-0.0001536582038529563,0.0261882907489177,0.09980943607357864,1.4531698481145088e-05,0.007096868760863011,5.036554620891329e-05,0.1188366609403492,1.1314381924298829,0.059835621537476846,-0.027872411231067384,0.006767585365627638,0.00912432391268073,0.005623997168780063,-0.011608731815474546,-0.004530745569758077,4.99845411702843e-05,0.004593578342922652,0.011705115394725137,-1.3351159929657069e-05,0.022399112186935882,0.0005017202267629396,-0.007923462561459463,-0.19320199713486907,0.07469496702904302,-0.11107467653345708,0.024253840226498423,0.03271717743760125,0.018170964808766073,-0.03702404448240247,-0.01652160564312155,-6.937790733506279e-05,0.016195571794479696,0.037092520031761986
-6.1559063136456205,8.100993171830329,65.6260903700416,0.7507142378958782,0.0397967027806132,14.7,-24.6,6.078669095872969,7.675,9.270977596741343,-17.185,-11.375,-8.8,-3.7,9.194999999999993,-8.662445324616753,11.507872521645202,132.43112997443671,0.7728183916103389,0.050377319083499295,20.67260108373678,-35.78868270194708,8.867493555185844,10.515433859189788,13.142025198030447,-23.668998426140284,-15.980316243218128,-12.548164828404186,-5.464882384028341,12.98456622104158,-0.028598151624587235,0.645429964179269,0.4165798386604525,-3.5740090124563144,73.72633760531602,6.132074516823862,-8.124510753025055,0.26792882482778285,0.35636765373558454,0.29012814026093525,-0.600860208173234,-0.1757959436327777,0.011277151936180174,0.18057171010280687,0.5063958459715545,-12.12963353892442,16.424690445476582,269.77045622972975,0.7950813857549737,0.04776294763661504,29.07869531218899,-49.16253930452142,12.324881438061118,15.008632565279235,18.647121895189887,-33.6195423355074,-22.656714291216343,-17.827483418947825,-7.648081725937106,18.62896532749808,0.09399917905360099,1.165594164763376,1.3586097569304325,6.4084454986565635,53.70052434709282,11.819761868435922,-3.7114832924718817,0.31485294514713474,0.3866833331361905,0.41430560025643925,-0.5624179950587698,-0.19793297421457412,-0.03264916277025645,0.1887503589216164,0.48550701207210817,-0.04024610217823649,0.5123828171145568,0.2625361512742494,-2.20044627620857,19.645361396598222,2.9041989640828803,-3.5172971587109023,0.2558502514093521,0.350060080756574,0.28286933960791993,-0.5836483081947746,-0.18082818874320136,-0.0016332880035241004,0.16923189201337266,0.5101319507400974,0.041365705518456426,0.7494470396721574,0.5616708652733603,1.8390900209315857,36.85736526668313,6.5478280499564,-5.488391751963746,0.2821026477845685,0.3852438128081217,0.34079548909408897,-0.5755204361289585,-0.18574650967770934,0.0014514652291539776,0.1994973031304124,0.6407556045501821,-150.97698574338088,13.328256581444366,177.64242350081506,-0.34662697497841677,-0.5550486963704344,-110.1,-186.8,16.456884625412215,22.049999999999983,150.97698574338088,-174.5,-161.17499999999998,-149.8,-139.125,-133.6,-213.43724186050142,18.23238797110742,332.4199711289826,-0.18850039099040827,-0.8858455197598216,-157.937232447297,-250.74122151383466,23.73129878279687,33.79672220605141,213.43724186050142,-243.11735975769068,-230.6030137511877,-211.47823620909327,-196.80629154513628,-189.1895733016997,0.1454898413139774,4.709104410216439,22.175664346319916,-0.06263594920350637,2.324911128100636,17.5981946227168,-17.45192739829536,2.9435720382154273,3.9898981034132257,3.200771532426187,-8.983473154615522,-1.9188871110509509,0.18317275102824748,2.071010992362275,8.078250564713533,-301.63257054415055,25.44930123339935,647.6669332683017,-0.19472246197532575,-0.9789864754380497,-227.06232494821194,-348.7457613232399,35.25381074839279,48.08539941115913,301.63257054415055,-342.903581337242,-326.3069336615996,-299.0021644421246,-278.22153425044047,-267.53839783418977,-0.17502457310185332,3.8770127612265295,15.031227950713358,-0.1122888799791887,0.09975026476616922,10.081396982653178,-13.676971256303403,3.8047778201438023,5.063624765325043,3.0631159149006555,-6.194734816587195,-2.6800349078410357,-0.024734800706052162,2.383589857484008,6.280716426444224,0.1972568904003708,2.954854630763955,8.731165888947189,0.514485440098569,3.388841887090824,15.468991679153383,-8.311066539496734,1.7316347566414356,2.4099160394394463,2.0311294840272214,-5.006426572221608,-1.0836477451517614,0.25471108463792863,1.3262682942876847,5.311833337193767,-0.1359964075046449,5.924532737433072,35.10008815691621,0.39445558466992525,2.6914012961490945,23.25199851610792,-19.800226942964112,3.4511733872275325,4.672284816571809,4.007738129090541,-10.020322387328214,-2.6110384971921685,-0.3457095430589364,2.0612463193796398,10.908001393998967,-0.9726069246435847,6.1488820640627395,37.80875063775245,-0.4552081701873282,-0.9555244681347079,10.6,-15.6,6.8199702051257685,10.6,5.0980651731160895,-11.8,-6.5,0.7,4.1,7.2,-1.3970612657484747,8.499790857157505,72.2464446154183,-0.35879772661944836,-1.1933170784443843,12.758987914792254,-18.863727222779687,9.670422846283856,16.06401324856294,7.162182272929796,-15.372573564402526,-10.324338962918088,1.002127586124819,5.739674285644853,9.968133032028206,-0.029395087288035828,1.8004565723362254,3.2416438688687093,-0.2190633347503635,1.9149537666835723,6.5346107372898485,-6.619018348524569,1.295646032711972,1.7442903780967423,1.2646092061692336,-3.2968874248856324,-0.9019902188517346,-0.02955701164716333,0.8423001592450076,2.8546029022875006,-2.0372252772317245,11.855197240441449,140.54570160977053,-0.3344500932183145,-1.2591093256516188,16.13365996781909,-24.837953645669888,13.78200612631136,22.63978519051491,10.052980674222631,-21.18229421764144,-14.908696657902215,1.3432002846142677,7.731088532612695,13.814315248132242,0.11214734946837916,1.8774932602988559,3.5249809424676277,0.45379922505713877,1.4713689598746083,7.337123460918289,-5.312575567074802,1.5204425859131947,2.003205573792444,1.3930602045756255,-2.5455988333611583,-0.9287522982036619,-0.017593413456854945,1.0744532755887821,3.393417475823003,-0.04178382053861461,1.269206787483747,1.610885869394813,0.5626023753238498,1.570527596043389,4.768207413441189,-3.7588295995142307,1.1147659380062034,1.482585127342873,0.9440235476274004,-1.7968986312703112,-0.862494677799978,-0.06496500650048058,0.6200904495428948,2.024116286171073,0.0878512560987755,2.1880030468948735,4.787357333221249,0.06957739423982802,2.287671010622489,7.074854185534748,-7.898453615347526,1.2323105796856781,1.5678711046975504,1.459826020370626,-3.487872535591974,-0.8083142998469997,0.029833295772621015,0.7595568048505509,4.308155653639538,-0.3142566191446028,4.45799819077728,19.8737478689735,-0.17593122278765708,-1.5118883125757447,7.2,-7.1,5.1891077647696076,8.8,4.052342158859471,-6.7,-5.2,0.9,3.6,5.7,-0.44685337613452863,6.323995745620287,39.992922190623496,-0.16505142017884786,-1.5143859267965856,10.208072281814262,-9.983078797290478,7.470898173567184,12.52584059089104,5.7524693780282865,-9.48882877346116,-7.380689220124227,1.2103802988673538,5.145151370766814,8.163355305155969,-0.011394637185217478,0.17512246255378344,0.030667876890901287,-16.96431790532236,341.2291151805335,0.48388104189293046,-3.5666135402660606,0.05954781115430484,0.08031753328850874,0.05742251574179018,-0.10537994662942445,-0.041946441384696824,-0.0009167339886583803,0.03837109190381191,0.08991157085846929,-0.6387111249835116,8.996758974939604,80.94167205315631,-0.151406763976914,-1.5103450234420062,14.373307653158477,-14.018470328430261,10.774563851770768,17.75137322938499,8.180571865480221,-13.45117287487148,-10.441275535405218,1.7632275697938127,7.31009769397977,11.955683335464299,0.018929057166769087,0.35630766337458913,0.12695515097945953,13.55684866376224,202.5454450249082,5.381454371560857,-1.008286269224618,0.06962046886931392,0.09434663102106333,0.08514995432325624,-0.12542024442629074,-0.04654335769328623,-0.007954944333257323,0.047803273327777104,0.11669775567937662,-0.01562929909440462,0.14396275981414122,0.020725276213304115,-7.478889648978602,70.97640883313167,0.20865545999079663,-1.4856134790179845,0.06699379442836047,0.08906410066909706,0.06558209463540111,-0.13675415602556387,-0.04819555504055956,0.004125925791769056,0.0408685456285375,0.10226794602042852,0.009662425118225727,0.1996716373933706,0.03986876277934967,13.049657611021544,191.03510902881442,2.972368948460809,-0.39244901448689673,0.050662933709384454,0.06368445416954849,0.05867392416414425,-0.09227863669769924,-0.038300532441186336,-0.0037111043437061206,0.025383921728362145,0.09750773265528197,0.24765784114052955,2.7163774271848102,7.378706326919169,-2.0420108071719287,3.4663859960552843,3.4,-10.5,0.889561331103361,1.4,2.054786150712831,-6.694999999999999,0.4,1.3,1.8,2.3,0.36092677358172914,2.930160568282839,8.58584095591961,-1.248927714614569,0.558418749970317,4.67251465533255,-9.614008653627147,1.4177273228910328,3.7895998636543724,2.5372235321352687,-6.190118887080503,-1.3561808164700464,1.6810206580956608,2.433419047184326,3.147160098139975,-0.013599099826247449,2.4706894918243005,6.1043065650110195,0.13778438470262055,3.271491631121857,9.686471856383134,-8.816324328464546,0.5148505443495579,0.6814454339219638,1.3472050718848338,-4.735957720006906,-0.3545284718808198,-0.005138816916762004,0.326916962041144,5.251092700983063,0.5399056225630476,3.827040541614445,14.646239307160585,-0.9496196343737545,-0.5784218537864474,4.996364319003927,-9.582662565773518,1.5954313463098468,5.858247614776176,3.515594170514159,-6.693339268872793,-2.6079048354287098,2.533956840741128,3.2503427793474664,4.271916440667598,-0.11711969923556541,1.5465987833084578,2.391967796531202,0.13356042676756366,1.7642951964009175,5.262214986857723,-4.391009287488238,0.8229941678979721,1.0827702369522807,1.0163334284711065,-3.1038567594152147,-0.6897794592617442,-0.03322202992422618,0.3929907776905365,2.3898218354983416,-0.018867595566285474,1.3315729500623212,1.7730865213376732,-0.29288575147587387,7.790799454063254,6.615011908807868,-7.341485946106354,0.21970913047410748,0.2951614998082569,0.6605223141603797,-2.317915126013735,-0.16282080836501556,-0.013698653979286903,0.13234069144324134,2.3116364551214827,-0.06487490070172561,3.2070331567834396,10.285061668708353,-0.28100904063854115,2.9984951601502567,9.587296728611236,-11.050248927579728,0.6624664460545594,0.8569323729988187,1.755387478791693,-6.525849610402174,-0.5366909432017867,-0.023568326307414712,0.32024142979703213,6.189155787851652,3.239816700610998,3.171058848873745,10.05561422302048,-1.5815281517913629,1.7814847242683216,6.5,-7.2,1.1860817748044812,3.5999999999999996,4.144908350305499,-4.4,1.7,4.7,5.3,5.9,4.591284318641854,4.455605632507348,19.852421552431206,-1.5536585096437658,1.7017294569991561,9.996744335762195,-11.08609244878591,1.5743847404262714,5.154867819940769,5.849769727418303,-5.9577752301921185,2.300367869143075,6.741119703191548,7.455235689083843,8.358129902017115,-0.017247732438001834,0.44633968270529956,0.1992191123574675,0.8748256700826196,100.5085559184917,6.0306185030779975,-3.9893608310538053,0.09600589193144465,0.13512188294370125,0.146865464313542,-0.29951770615991585,-0.06721600290200551,0.012505462858458452,0.06790588004169576,0.2209868343855796,6.519508096891912,6.218434870448602,38.668932238011124,-1.5734391776633,1.8551224540897513,13.934256557334313,-14.494274610969908,2.2314709122225937,7.050745166661411,8.214773737486311,-8.176588881871966,3.4590162571068634,9.57891047230854,10.509761423768275,11.843735269372104,0.08135018522948498,0.8948049811230095,0.8006759542425496,5.018269228103214,36.251872186496556,7.082768869690584,-3.8947164323096515,0.18113641030890346,0.24887882834659894,0.31598869446145306,-0.48394339525059954,-0.11971414200685399,0.018232796303781884,0.12916468633974496,0.4415469116032626,-0.023993224849600744,0.3224011033571691,0.10394247144592005,-0.7217362565098054,26.10651680426644,2.5096858108662956,-1.6811659486238812,0.08242949639940221,0.11156582705314128,0.12968217196445064,-0.23051842162231634,-0.05144994848611366,0.006018931909180569,0.06011587856702762,0.1678325537287094,0.017966877376547456,0.538185357802749,0.289643479353273,-1.8456868464721916,57.99767513272062,3.330463151925836,-5.548234982851023,0.1440499703174477,0.1925006291344349,0.20112995742244402,-0.29595962435244094,-0.10354363320341034,-0.0003802014390811817,0.08895699593102453,0.3308714869842973,0.00043159472971725693,0.19465120592849408,0.037889091969417005,-0.10482584051511006,5.055931544656893,1.109183,-1.057019,0.019032164678956413,0.025674000000000002,0.09723221196504939,-0.361661,-0.011924,0.000853,0.01375,0.35885100000000003,0.0006095132543798624,0.23422807484903688,0.05486279104748602,-0.08892256950278975,4.1172339864872765,1.1108887629162443,-1.0088890286806471,0.025603817996995983,0.03449175367208412,0.1200325845801344,-0.4683580615282773,-0.015476098356762365,0.0015089560870224844,0.019015655315321754,0.42861922966388666,4.7002352915192216e-05,0.14459740090895903,0.02090840834962623,0.06408830487664932,11.423891601439944,1.3248885551485705,-1.342049830729477,0.007716213187185713,0.010414687475695926,0.06468941350294077,-0.23414335817327656,-0.005135232694611701,8.855768946968757e-05,0.005279454781084226,0.23164887517448493,0.0008596157644462392,0.3166388718013032,0.10026017513560209,-0.0789420517037743,3.6321122757033217,1.3067927599917983,-1.3455283000836913,0.03574676230043171,0.04815168956885397,0.16429049837656787,-0.6558712079692327,-0.021454353514387646,0.0023234696922495024,0.026697336054466322,0.5951635355472893,0.0006744950456899371,0.09718406996310464,0.009444743454593616,-0.13744096029585562,6.25683387211042,0.5255887383376435,-0.6088810483571276,0.0064193301203818295,0.008662814039540221,0.04634362586390113,-0.16600211276822416,-0.00431316697596279,2.7850310131627193e-05,0.004349647063577431,0.17829559860158659,6.633791159632398e-05,0.10073906909586731,0.01014836004230193,-0.03141042801055176,10.219020289357244,0.9714016997410758,-0.83807375385871,0.007620862447344771,0.010306374160766234,0.04710547297348604,-0.16970604834445768,-0.0052238816016190945,7.453261765105348e-05,0.005082492559147138,0.17332664110566723,-0.0009107713184667356,0.17793233154211,0.03165991460801135,-0.04054200469257078,9.757979345152055,1.4619130873179624,-1.3857365123189735,0.007725527363594654,0.010423686684283787,0.07929594161223541,-0.28910048603043265,-0.005200576430555848,-2.0017998495611153e-05,0.005223110253727939,0.2918357512639309,0.00645052613604898,0.40271954703647245,0.16218303356526154,-0.04260830561283651,6.090019210953416,2.332991,-2.71611,0.03082181752051296,0.04158,0.19570552115189366,-0.712606,-0.014368,0.005941,0.027212,0.714604,0.009122982832593527,0.5204332470341045,0.2708507646184613,0.19031009465190468,5.125204752801833,2.9238285103311576,-2.546270288421862,0.042466333399431365,0.057409825414920304,0.25761025833356077,-0.9835137391674497,-0.019623939031756524,0.008633790961716552,0.037785886383163776,0.9424578069110072,-0.0005290197780177305,0.2312684982475198,0.053485118281663066,0.13916448473742632,14.473426910098894,2.345847642429367,-2.095363516882573,0.008592324105673427,0.011581898288299109,0.09818351867287169,-0.3413024724162975,-0.005915443907670448,-5.7473436023146134e-05,0.005666454380628661,0.3355378970149548,0.012903404936390002,0.6872169313791112,0.47226711077412203,0.25773461959315985,4.143832931934536,3.6138171256766496,-2.916897184226678,0.0541012626310498,0.07294871178390398,0.34921932891821755,-1.3975050195062004,-0.024718905001087827,0.0117152312435059,0.04822980678281616,1.2676390600596485,0.0014016581138627314,0.26331084484778877,0.06933260101445628,-0.14885657826019597,6.801536422006141,1.563945019314443,-1.8920700950519618,0.023672781400625457,0.03192351822494682,0.12675880226042793,-0.4414334113715114,-0.015680704606982895,0.00019571826435627965,0.016242813617963932,0.45910420412421565,-0.0007480810607380836,0.22479498885268132,0.05053278701327711,0.04761598972148282,10.037587964437352,1.8041407966362908,-1.6878406922305733,0.007351299904600214,0.009914962178152832,0.10038498420250183,-0.3729047625754736,-0.004990968985793187,9.280727711044994e-07,0.004923993192359645,0.36202267626609497,-0.00039353027075685943,0.2375238145623881,0.056417562484267735,0.01732527939100351,11.25337120848061,1.7937296850827347,-2.0133730350804173,0.00966847590586167,0.013022935611651035,0.10130829048745582,-0.3576469619263724,-0.006703465115377891,-7.258702211516678e-05,0.006319470496273143,0.35075982694991276,0.004987225840691628,0.11642243149297113,0.013554182554735556,0.3121179990980595,7.446856365412371,1.035314,-0.715536,0.014167746800039533,0.019112,0.05816844222071809,-0.19563075,-0.004165,0.005391,0.014947,0.20026,0.007055380043749465,0.10914810616105378,0.011913309078544664,0.036418116129251984,6.416169805132142,0.7387114527611294,-0.6218684858019359,0.018176679361418393,0.024509092469644854,0.05726806979999726,-0.1850961511122569,-0.004228622857787397,0.007788992019318026,0.020280469611857456,0.1900198954522957,-0.0005622875426767829,0.123257098396034,0.015192312305009609,-0.024464518473674684,8.44534613357334,1.0151437541801833,-1.1132628395411328,0.0077159780485156065,0.010406579895135527,0.05757167332973352,-0.21201199740605328,-0.005265793721171655,-9.986580184221435e-06,0.005140786173963872,0.2099517414389033,0.009984441868753378,0.14000765466288345,0.01960214336420123,0.11720914967690058,6.4141208434714,0.8341030621312772,-0.8483548470922575,0.024687814487601413,0.033323728311863796,0.07456482040080888,-0.24331190812648948,-0.005466329233924265,0.010883317087865076,0.027857399077939528,0.243644290443307,-0.00023633112335948552,0.06496392833163347,0.00422031198427761,0.3824985859714537,7.436629015814102,0.49616067877175235,-0.38090018363401384,0.007086332658756894,0.009567611831690569,0.031406048317258115,-0.11135454683700874,-0.004914586404700015,-4.326880425567991e-05,0.004653025426990554,0.1092147287032918,-0.0007947037497619123,0.140503656563763,0.019741277507787865,0.007251403549690913,6.715573242036495,1.0025941190019627,-1.0423438319136735,0.008433401315188552,0.011369876201376708,0.06655397997155346,-0.2513637462189764,-0.0057887036801489156,-2.5769394091597602e-05,0.005581172521227792,0.24605091118804034,0.0005633715123094881,0.10313789825516076,0.010637426056491893,-0.05487043525631541,10.894266276358154,0.8749653513439348,-0.8361906833912361,0.006823945263914878,0.009206758497586336,0.046278576845116444,-0.16096072907995845,-0.004523062827880312,1.3222909757129341e-05,0.004683695669706023,0.16606517411797211,9.406317878349677e-05,0.8295923894653493,0.6882235326588279,-0.0014067515940388217,0.8775664842523541,2.336761,-2.335539,0.7027571580772016,0.94804125,0.6113560473956251,-1.6351785,-0.47280649999999996,0.000123,0.47523475000000004,1.632865,0.0001168404585315737,1.1730517761867265,1.3760504696148341,-0.0013597540810420057,0.8806440927931458,3.3043440268213438,-3.299204350418791,0.9876050497904038,1.332158736584904,0.863994314717533,-2.3089318121793725,-0.6641790495972435,0.0015893666114436327,0.6679796869876605,2.3072758990057145,-5.774656692056292e-07,0.016922125857391144,0.000286358343533386,0.07151471194316068,3.7520465430193006,0.28590372693937505,-0.23673861816233852,0.017135945393088426,0.02310603752121817,0.013448294683589544,-0.02512816128771481,-0.011424202127174944,-0.000159523847217634,0.011681835394043223,0.0250351327041778,0.00011987582118855125,1.6579349992041672,2.7487484615861217,-0.0012354966247462237,0.8923410136910106,4.647038380481743,-4.6088538795188585,1.3629502296934015,1.8385866313267958,1.2194634407132694,-3.265922379397298,-0.9168234994215891,0.00043392465808547546,0.9217631319052066,3.2650334711577194,-2.037183817238801e-05,0.05394232849748444,0.002909774803730522,-0.001428633442311966,0.12809306518389052,0.1476630724156467,-0.2545383518470369,0.039246941341333906,0.052905086199326254,0.040750167865794655,-0.10073065691265726,-0.02637231305572474,-4.697700977114583e-05,0.026532773143601515,0.10093164717077513,-1.558653459577682e-08,0.007350514652897146,5.4030065662455646e-05,-0.16358266063384005,51.39336816256989,0.18216178022913432,-0.19160558056023544,0.006803998439130324,0.009180082889872977,0.005675465077562386,-0.011472671044539775,-0.004594017321692587,5.166809032072141e-05,0.00458606556818039,0.011659860228190502,1.1469570839779588e-05,0.02277433830391809,0.0005186704851813106,0.034846310651476246,0.21357814836515043,0.19569198009009756,-0.12134336202274326,0.024306271595770475,0.03285993554458539,0.018315815967795003,-0.038037222190041756,-0.016623161006775675,0.00010477217871181766,0.016236774537809716,0.037848371996412694
-7.100304878048782,8.565953469996135,73.37555885013882,0.6242304603770282,0.16049952296312275,14.1,-28.0,5.040847542919046,7.625,10.133028455284554,-19.5,-11.525,-9.6,-3.9,9.0,-9.989914533003237,12.156476079335084,147.7799106674461,0.6458929141882547,0.15614549252469567,19.84439712106023,-38.288861000172574,7.218312819119439,10.763333897223099,14.349005821416892,-27.406872773827654,-16.334571476229133,-13.639247801082977,-5.571237579006034,12.689327405232735,-0.05474560886665813,0.6387022924626861,0.4079406183970906,-7.191688448296344,74.29885629423153,1.378806906824523,-8.140493242290557,0.2691750197008961,0.361425622171191,0.28773768722427856,-0.5714461891596098,-0.19360734903612636,0.009493511869409277,0.16781827313506464,0.4787611176439405,-14.002878240300118,17.29779800379483,299.21381578008845,0.6668765666099862,0.16309295817873926,27.651785270871294,-55.318184389155824,10.067153249044415,15.53603136793716,20.322885745134226,-38.32096751789808,-23.139745551844058,-19.325269991017908,-7.603714183906899,17.799242530942756,0.11832370549730144,1.245881452789572,1.5522205944050549,6.8586981803652,55.331252826491365,12.618270959773731,-2.123967286612494,0.28669638584698287,0.3875508140655275,0.41481318434293757,-0.602343020979061,-0.18450890623375807,-0.005442199660138591,0.20304190783176945,0.4925009292226162,-0.07398300985361053,0.5221240473510421,0.2726135208222332,-3.1848740766804116,14.49248981714257,1.0601278893904316,-3.3273555623959212,0.27440584145585173,0.3694119466224342,0.29426807770527746,-0.6486948008476998,-0.1832998322595294,-2.9858707454514903e-05,0.1861121143629048,0.45800617314115355,0.08961968788754393,0.7247461969527391,0.5252570499974585,5.349685777592021,39.18583931079877,6.765377978991431,-1.6951404041036657,0.304605793499509,0.4038183459587079,0.3327290166285358,-0.5035952091253797,-0.17631328992774642,-0.006231875808358782,0.22750505603096152,0.6534734925875163,-150.9099593495935,13.048592049332076,170.26575446989227,-0.3903889918843947,-0.5666051608111675,-111.7,-182.5,15.19667273968242,20.94999999999999,150.9099593495935,-175.085,-160.45,-149.5,-139.5,-134.0,-213.34373379715515,17.834948361215048,318.08538304720736,-0.24243248753601868,-0.864304939807437,-161.1549721644688,-252.8427255722461,23.531582350814418,32.49093777495878,213.34373379715515,-242.59936317920085,-229.32148278841206,-211.2162010162713,-196.83054501345327,-189.9179091317119,0.17190326514866805,4.667986106228076,21.790094287938356,-0.17979106797274433,1.4207040648206055,16.28814638423046,-15.516904799815908,2.9912363845952537,4.158128560803284,3.306324899084486,-8.278369740519823,-1.8903664563532976,0.33167309507705944,2.2677621044499867,8.008013091098299,-301.45100058291587,24.83367563781961,616.7114456844353,-0.22774104652265867,-1.0091249161741904,-231.61677119687454,-349.4706981708082,33.53407762861202,48.49044757287248,301.45100058291587,-341.02104780140667,-326.3842176240101,-298.72931188943585,-277.8937700511376,-269.1488800469783,-0.4974242428647183,4.173502807910591,17.418125687637588,-0.05370158220721966,0.5381576764025189,11.355883275205906,-13.326139946012265,3.707181154311108,4.904925422587928,3.259993361442788,-7.511335782250248,-2.867244049523981,-0.6211082663872531,2.037681373063947,5.936964321621926,0.2362999346625758,2.577049332623745,6.641183262776491,-0.08966745127701342,0.3642896197106098,8.555342723065408,-6.435288210858862,2.2775047325735804,2.8883975609326047,1.9758831686605032,-4.189350407150993,-1.081302014209561,0.1375420261790597,1.8070955467230436,4.30546006970237,-0.3149685790466001,6.021570607468261,36.259312580725684,0.17294867512149634,1.5312152049850445,18.399431734861302,-21.610338997741646,3.893767366677174,5.662202363128646,4.2189057376417205,-10.104189655467438,-3.477934764525776,-0.31974776444191494,2.1842675986028706,11.116898705065204,-0.7840447154471545,6.031531265991637,36.379369412634674,-0.47464686155012037,-0.9142551814742008,9.5,-15.5,6.8199702051257685,10.3,5.0011178861788625,-11.7,-6.1,0.7,4.2,7.0,-1.13461465346694,8.380237580667236,70.22838190842745,-0.4072148635793624,-1.1162124070769024,12.708761686208323,-18.971326052401633,9.707312406732212,14.959826920824725,7.0272749464152335,-15.265738533903914,-8.97418452021521,0.94492057287768,5.985642400609515,9.778597842657614,-0.08023744623883021,1.574714956571798,2.4797271944509194,-0.13481453529344606,1.2277652151498222,4.639341392734973,-6.082063073032629,1.1979507674581378,1.6014628254189796,1.138215269406106,-2.9647504727005454,-0.8408009241211671,-0.043792827037634485,0.7606619012978125,2.6877369297726177,-1.6703966365785463,11.64019227374064,135.4940761696513,-0.3534362227638635,-1.2432243778454324,16.0005844569686,-24.53902550068566,13.878640672998904,22.41371989798219,9.873445417861257,-20.293044125271944,-14.019252476268749,1.297867132128601,8.394467421713442,13.569563278064795,0.08642535733021332,2.151282302276972,4.6280155440901085,1.0567927340303853,2.7984195542520256,8.545017139258613,-6.7630425433051995,1.506101769055094,1.9602107265772744,1.4914245293684334,-2.8984780863238653,-1.1152600380548194,-0.09801250654515482,0.844950688522455,3.9740754099724613,-0.11230104982381761,1.0823020918955664,1.171377818121519,0.3241159351017911,0.5687401383550417,3.9178236187789,-3.1382375529794366,1.0371727240663207,1.4029746947062804,0.8513579708194371,-1.8549457421612776,-0.8755578987698893,-0.11278808629831602,0.5274167959363912,1.6365249150828234,0.036958115412350896,1.9286800990533128,3.7198069244842964,-0.040875945198263784,1.330420439009024,5.701265869769514,-6.753576072801571,1.3570837783733212,1.8301229787055528,1.3928751189708362,-3.176862738758861,-0.8515090977322319,0.02663548344757916,0.9786138809733208,3.4237345041923994,-0.3043699186991871,4.51199296290525,20.3580804973065,-0.17999325885251913,-1.5261475267756424,7.1,-7.1,5.2632378756948865,9.1,4.109247967479675,-6.8,-5.3,0.95,3.8,5.8,-0.4333969759266966,6.399386407641683,40.95214639430912,-0.1696183523396025,-1.5288594395916455,10.0494945037583,-10.046272193697895,7.542844960064471,12.833463839061249,5.830983449733157,-9.654972713181444,-7.467014260629117,1.3101674382708857,5.366449578432132,8.20666224029274,-0.010220895726150757,0.1762490839879501,0.031063739606591492,-17.039533068169945,345.2107814692171,0.5785799646145411,-3.600317546816411,0.05964081002791651,0.08039829107500815,0.05663135723605374,-0.10165788427891315,-0.042079399245313925,-0.0019581802192452646,0.038318891829694224,0.092017661487066,-0.644525294067778,9.106431637415588,82.92709716692353,-0.15316309555375907,-1.5289772223143185,14.184926889866404,-14.14927930357615,11.084494990107924,18.29935444579031,8.298496487494644,-13.642305507483826,-10.67215630205969,1.8279596211964282,7.627198143730619,11.882756763382439,0.02077067670211528,0.3665423332870662,0.13435328209152672,13.285378678034773,196.9745691588409,5.505041167680029,-1.0066546032963393,0.06919274577501988,0.09425226190051184,0.09194600558814713,-0.14275811527052173,-0.048778732122223334,-0.00045140573102275816,0.0454735297782885,0.12498090890065014,-0.014022727689137416,0.1412281658769832,0.019945394836976684,-7.670686595736414,74.42641415115575,0.2724008855810586,-1.4939648925082234,0.06184626063621987,0.08166951640099011,0.06098982538475753,-0.11612638747315779,-0.045668336968698625,-0.002367669243987355,0.03600117943229149,0.09970738384481304,0.014539935457314372,0.20283220420790915,0.041140903063838954,13.264777587729077,195.90147826158685,3.046006572665018,-0.4029579653981856,0.053163390413244985,0.07024755856541123,0.059623292866573856,-0.08020064576540031,-0.03514319484712356,-0.0007565120240245939,0.03510436371828768,0.1117367450673866,0.3698170731707317,2.6579634845567313,7.064769885236961,-2.066228875286236,3.812040327708993,3.7,-11.1,0.8895613311033613,1.4,2.0716463414634148,-6.0,0.5,1.3,1.9,2.5,0.5330100705834946,2.913494972596981,8.488452955347885,-1.4134347233313656,1.2214758594308224,4.0504960913518575,-9.192284974458865,1.5641160484634944,3.4753941091752414,2.510193522294449,-6.039333667606016,-0.9397734123863484,1.7137308692339348,2.535620696788893,3.2864417565056074,-0.03451338907131472,2.3617028021890127,5.577640125867434,0.07056453606058438,2.9406157933491492,8.10654333102258,-7.668733919725797,0.4492756822039909,0.5958293270320386,1.2956424524778951,-4.983767598333172,-0.3034164525518035,-0.015506697709069539,0.2924128744802351,4.659681242118684,0.7876556300619362,3.672036022918982,13.483848553614655,-0.9307349185017509,-0.5435403914223782,5.209329603548078,-9.130722964726626,1.9119616734065437,5.962889848985118,3.4692464890981913,-6.108666670003606,-2.4825106294575274,2.575475768371835,3.480379219527591,4.407642316311932,-0.02450841106197176,1.8345431485455779,3.3655485638755223,0.28976054876445345,2.203738748535537,5.86749751196234,-5.772219338361661,0.9114970472273043,1.224597515632124,1.169117745241201,-3.2222550283367886,-0.6590959913779194,0.02134967805294051,0.5655015242542046,3.4682617123500767,-0.048076942034270626,1.0502493677261322,1.1030237344091403,-0.6256608346757166,5.1522699996503505,3.5758358748576113,-4.929675339086405,0.19322271606126068,0.26501467363696096,0.5538266421986044,-1.791679108789949,-0.16092371353509036,-0.016195729115817327,0.10409096010187062,1.8767603404694566,-0.07678726866805018,3.1449992666059687,9.89102038695208,-0.21337089267345688,2.948195225815941,8.62458351256564,-11.577676442182197,0.5254196679733372,0.7101131094670734,1.723147714474463,-5.92485403923115,-0.44759247285889314,-0.005085233409689076,0.2625206366081802,6.658834056487004,3.279268292682927,3.20220279130428,10.254102716636922,-1.874666283215901,3.0020246155980743,6.4,-8.6,1.1860817748044812,2.9000000000000004,4.232317073170732,-4.5,2.3,4.7,5.2,5.8,4.643650473729838,4.495229863020907,20.207091521394965,-1.830984171355932,2.818847286250425,10.214174727754527,-11.989788279016402,1.6438665901235665,4.114702623886015,5.974113587379399,-6.247004885394136,3.2838660422860064,6.641221733406187,7.398568666172022,8.287962271024634,-0.04360861838174482,0.42891848566789953,0.18397106734764415,-8.779480962855304,89.29366143664043,0.6406639247685942,-5.214390868196605,0.09159650636965402,0.12171302511958254,0.13905469182155247,-0.28008750478578986,-0.059829523972352555,-4.526032326701568e-13,0.061883501147229986,0.20417978010112267,6.5920235153322695,6.25355082934498,39.106897975201285,-1.9190182143745893,3.264952511719212,13.12416186630268,-17.743430978356884,2.2504916997371174,5.357106092578685,8.40483707333059,-8.176510989174776,5.0709996182183525,9.34256868271632,10.428105710797038,11.621352100238177,0.09932338510137854,0.8950378714582075,0.8010927913444387,6.079624702535325,42.413885936820726,7.622177737944138,-1.4855890618776397,0.18463239477690757,0.248878849913657,0.30568022830046543,-0.4041023506024327,-0.11021320651589044,0.012322807732411678,0.13866564339776657,0.48644434958498567,-0.061061519875106385,0.33672423366616067,0.11338320953806316,-4.320499242687694,20.390649436856283,0.511582587608392,-2.204692028496364,0.09394717993255933,0.12543603752046503,0.1399066059864112,-0.24924306619307493,-0.06470408316807502,-0.007310040138083918,0.06073195435239001,0.17872262864937064,0.06321380235944013,0.4955641471452747,0.24558382393582345,6.172649329585973,43.47214311052604,4.290573627767027,-0.5131200534371189,0.15754854322967787,0.2065479240045771,0.1901498664603647,-0.31255737695164865,-0.09177927484932333,0.00730311286228936,0.11476864915525378,0.3199552244937741,-0.0012269481168775034,0.1818450743632867,0.03306763107018927,-0.0546530169555484,5.842127551616089,1.098901,-1.138202,0.018062542828053748,0.024307000000000002,0.08816415605279082,-0.331069,-0.013053,-0.000751,0.011254,0.33519775,-0.0017348024681303293,0.21627579735388855,0.046775220521060264,0.026295585371243074,4.6535074428857275,1.1178246776079614,-1.0101492479095238,0.024159174332839053,0.03259334426300966,0.10780549797467921,-0.4282962241854661,-0.017338393768539403,-0.001198561028693677,0.015254950494470254,0.40098484866607287,-0.0001772894111068002,0.13911975569043075,0.019354306423365136,-0.005514687037161243,12.6806043033166,1.3505358402202936,-1.452566261921694,0.007469514931788733,0.010092535036418628,0.06037164012272958,-0.22287093438444025,-0.005001436081184574,2.5902224501890884e-06,0.005091098955234054,0.21710124754439156,-0.0024525164554196036,0.29278523737484113,0.08572319522464208,0.1020775343549368,4.209865286253343,1.3752374706911723,-1.2459669935233966,0.033781026749291,0.045533774201085384,0.14716816190726964,-0.6055453332205778,-0.02384362602253385,-0.0010422134607206979,0.02169014817855153,0.5655560833979402,-0.00097884816225107,0.08837511716399343,0.0078101613337495665,-0.13191040109009733,6.657504256969515,0.496741347137456,-0.598552150476563,0.006346747718055574,0.0085550686471438,0.04125910948500203,-0.15531811862256747,-0.0044647224843461135,-0.00015444604623518664,0.004090346162797686,0.1569322966447118,-0.0002508365035851015,0.10200291085803811,0.010404593823512871,0.014174893998038169,11.686838586929428,0.9824205228647196,-1.0400807504397724,0.007361717345959284,0.00991540556970337,0.04604725952187074,-0.16879340004672158,-0.004872290954481712,5.394750905044305e-05,0.005043114615221657,0.16435945326478982,-0.0014479639425467408,0.16821189127013741,0.028295240364676535,-0.04748065345555322,10.603263537429791,1.4410814921639339,-1.3960386393888968,0.007451038342890103,0.010039161039607244,0.07329465059430225,-0.26930696041129326,-0.005190090530922158,-8.143881217563973e-05,0.004849070508685086,0.2723254676392626,0.005012852130939687,0.38034067677278627,0.1446590304079811,0.12386912935207392,6.824075790995337,2.309377,-2.53315,0.028995992888423312,0.039176,0.1793121922456272,-0.663816,-0.015029,0.0039885,0.024147,0.6656340000000001,0.007085938609871125,0.490937638145439,0.24101976454782198,0.27992144168087324,5.733712624207119,2.675763757849548,-2.5279180966489023,0.04015765208010511,0.05421523103142753,0.23567634016173925,-0.9064178926315798,-0.020781538933442447,0.0056400778887304,0.03343369209798508,0.8586855449107219,0.0014208769462170801,0.21970757011975886,0.048271416367928754,0.3187653382458812,13.080820582874289,2.168953198836098,-1.9795864552786386,0.008604859745002712,0.01161215980280086,0.09224738384016704,-0.3220399146440726,-0.005962196865391704,-3.723409137027238e-05,0.005649962937409155,0.3306612409731198,0.010011702482601656,0.6480688652309053,0.4199932540816733,0.2996676124305575,4.779295401581568,3.509323051797749,-3.0288899534373432,0.051360903449096794,0.06913620947732298,0.31839648054967806,-1.28412644398213,-0.026431330849898682,0.007581213845966355,0.042704878627424295,1.1602694015318509,0.0015659711704782626,0.2489198345140601,0.06196108401450707,-0.11518035516427255,6.899743477402826,1.3838348934760103,-1.6686028739036256,0.02338909448527626,0.031561854381544324,0.11842443773463819,-0.42614741475663565,-0.01545352267721065,0.00015906891261618136,0.016108331704333678,0.4388050804380349,0.002008983050185848,0.22121210582178033,0.04893479576210654,0.1654165621257328,8.108493490420107,1.7599948707694248,-1.6725783178660427,0.006929187061509776,0.009362480323626332,0.09787077277642554,-0.37187563773713933,-0.004632285523662884,-2.5808336596018416e-05,0.004730194799963448,0.38053175653063,-0.0016022388838338932,0.21814855735433752,0.047588793075778686,0.12280644692126672,12.078348523989003,1.7019666505479787,-1.8007951999304406,0.010009797964777764,0.01348507192937416,0.09264695317542296,-0.3327508757248746,-0.007101915501148082,-0.00023686694456173397,0.006383156428226079,0.31327785486215326,0.00360211801573351,0.11216869290885567,0.012581815668881167,0.5109843804831133,9.389892425819925,1.036342,-0.697271,0.01372000093005084,0.018507,0.05401300966775206,-0.183353,-0.005193,0.004121,0.013314,0.186409,0.005095289325085537,0.09992763271872215,0.00998553178076783,0.3478551757192507,8.443704201314661,0.7035537259409712,-0.5845684905174539,0.01749439338493234,0.023575124885553692,0.05055467697369775,-0.1592007937324427,-0.005849238470712205,0.005853621914298073,0.017725886414841487,0.1585420631338571,0.0009747537444650547,0.12318684470503806,0.015174998708383163,-0.059952291194406766,10.808139435268952,1.2394669174411264,-1.1334848281797758,0.007437220189580696,0.01003985565021992,0.054605237210001094,-0.19540687107879703,-0.004896552619537096,9.005625283778801e-05,0.005143303030682823,0.1991125659787767,0.007209137432927224,0.1277773989080618,0.016327063671709958,0.38978342208754435,8.363264944275711,0.8416001717870187,-0.7488871378257255,0.023508507330617674,0.03174051285183179,0.06506904561723886,-0.20584673407804768,-0.007672326817332769,0.008286198176154305,0.024068186034499024,0.20260844987159377,0.0008640800424123167,0.0603315710560637,0.003639898466092864,0.4759609999698415,7.903821104801375,0.5211963813892689,-0.3867245562051376,0.006898038567152216,0.009296962795803346,0.028675092377299573,-0.09836584921130737,-0.004711428061884456,-1.4319715678119682e-06,0.0045855347339188906,0.10897439253303562,0.001377613307948185,0.14433867666215358,0.020833653580581715,0.002502214385805485,8.410490364626757,1.1667201075680946,-1.0996303327033385,0.008104155796190766,0.0109282128010911,0.06508943356759699,-0.23557892922799784,-0.005274067084842737,0.0001088189707129235,0.005654145716248362,0.2468670896658706,0.0006306453969543635,0.0975228835516947,0.009510712816237403,0.030718512763927303,12.561795789402968,0.8742648738617481,-0.828634654170522,0.006770137225209305,0.009165660041938573,0.04242382429123821,-0.1456351919732779,-0.004603104921272694,-0.00010088168421070258,0.0045625551206658795,0.1504820825114004,0.0002441506353917528,0.779646312149543,0.6078483720483827,-0.0019189715912928506,0.9335882275535283,2.241567,-2.263542,0.684815447329956,0.9234745,0.5787340341613118,-1.52336775,-0.4603125,0.0004485,0.46316199999999996,1.52224825,0.000386406965303114,1.1024316316315463,1.2153555024217935,-0.0019909371000536038,0.9365511061846585,3.1777213790667944,-3.1423999958553086,0.9669076578158066,1.3036604275662333,0.817986831088857,-2.1502206403622597,-0.6498514067115416,-0.0004093671732027758,0.6538090208546918,2.1507655211839714,-2.302541522352353e-06,0.016196233732012785,0.0002623179871019888,0.06177513132319562,1.4051226769607732,0.22420552597124335,-0.12024058719780577,0.01595327178196794,0.021512963188553166,0.012763967085373397,-0.02437802158621314,-0.010708157519498208,1.704848431276912e-05,0.010804805669054958,0.02428772367012503,0.000660538301002274,1.558130903103927,2.427771911207459,-0.002092877406766158,0.9482533475420802,4.438494729097515,-4.439511799214661,1.3384272126067367,1.8054113858315386,1.1542515500233568,-3.0422239698772557,-0.901651040921428,-0.0031264928568272374,0.9037603449101105,3.0423158387198543,-3.7113591129615683e-07,0.051180282499075296,0.002619421316685153,-0.00034212374137953145,0.19077162042908302,0.18235164288060352,-0.26492219702317343,0.04051096267463281,0.054577304997910435,0.03856298485203594,-0.095387339355495,-0.02730430370660597,-0.00022407859436968623,0.027273001291304465,0.0963210424409273,-3.04619005285859e-06,0.007068411829478118,4.99624457911062e-05,0.523165282045785,15.714044509429119,0.15840732171340643,-0.08473114589174147,0.0067180821630640495,0.009047803666317517,0.005559500494359072,-0.011435965955751774,-0.0044788839808340645,-1.1401592835117661e-05,0.004568919685483452,0.011435036259551879,-1.453366619690372e-05,0.021788146866969792,0.0004747233438966456,0.024076909845555283,0.0026123359046401617,0.12855465895215928,-0.060558171589840816,0.02222071573689851,0.03001679465949776,0.01737827743949638,-0.0363003616747979,-0.015232365668957486,-9.98883879958264e-05,0.014784428990540277,0.03643637564363102
-5.742581300813008,7.908384575178336,62.54254658891863,0.7736468320991704,0.08219045404338754,14.0,-23.0,6.078669095872967,6.5,8.90680894308943,-16.9,-10.1,-8.7,-3.6,9.4,-8.067544109397723,11.21353812989912,125.74343739070146,0.7968613148908645,0.08951408192363397,19.7018915200266,-31.83907387024711,8.618304388235032,9.145983843732761,12.61074750923009,-23.929490465215157,-14.192097841628566,-12.364343787205618,-5.046113997895806,13.197408926166569,-0.05165714552937017,0.7484256929935182,0.560141017932828,-4.03544052025223,43.03326441252154,3.7816933083218984,-8.555931926004055,0.2993800843243635,0.3998090327486174,0.37151938801001183,-0.8178446588051778,-0.2049030506461224,-0.01563913433966091,0.194905982102495,0.5546080469902516,-11.272869119678926,15.94418930846028,254.21717270401908,0.8134788241335691,0.10759488154124597,27.613204311236366,-45.809963931790534,12.476128188668559,12.843404969416238,17.850805737123196,-32.789970446594396,-20.06611136063576,-17.588858831195488,-7.222706391219522,19.005563506152804,0.13706633467263005,1.2671873874917232,1.605763875018099,5.370093233035057,41.87382578932705,12.297833153423882,-2.577696531954393,0.3649250644962364,0.48556152239019906,0.5324396597362518,-1.1102140314118136,-0.21746680772540028,0.028813601675315548,0.2680947146647988,1.1592530817269284,-0.07227073745479859,0.7602882241415153,0.578038183768259,-0.8435106449329228,7.919615654923293,3.8632278951659553,-3.7614465366041085,0.3148972819603489,0.4211245183359198,0.4333673619741891,-1.381474622206492,-0.2103996019677239,-0.00046642968797285314,0.2107249163681959,0.6695270587508213,0.08318745549503874,0.7211632344962987,0.5200764107891634,4.7471510582860486,37.656871419869525,6.887654141447182,-1.888321494812288,0.2840885658389119,0.37757635340680007,0.34863802511796194,-0.5689829287768993,-0.1743543554266778,0.03007395736979221,0.2032219979801223,0.8767686384025888,-150.7418699186992,14.07541010678324,198.11716967413577,-0.34070101045608164,-0.3723155483611422,-110.1,-192.5,15.344932961532992,20.775000000000034,150.7418699186992,-175.985,-160.85000000000002,-149.6,-140.075,-130.715,-213.10070142822124,19.322463312678277,373.357588469798,-0.24054660502767666,-0.5946856214663949,-156.19596263155262,-262.3415163705586,21.756921459224955,29.65893221084366,213.10070142822124,-245.803976298391,-227.54466798316673,-211.46965330520652,-197.88573577232307,-185.80051955489532,0.07350228429471502,4.7150707171488335,22.231891867714417,0.4803047891180368,2.406161389140813,22.077302953953513,-13.596700690316815,3.8295101672430945,5.265707109502389,3.464292232560171,-7.718218109268577,-2.6950958264109044,0.06955027022944726,2.570611283091485,6.957188150948776,-301.0960397386218,25.83676920122064,667.5386427571434,-0.19641355945894468,-0.7729008752476525,-221.49701174607904,-358.33003309233845,33.97007495358897,47.41407395110116,301.0960397386218,-344.3967145932906,-324.15207112450435,-298.58994648788246,-276.7379971734032,-266.0701736798598,-0.04728188626127167,8.773657335317331,76.9770630375676,0.07082690583722981,-0.23160639539542016,22.941835124135363,-25.692984096953865,9.636752036927254,12.610871493274107,7.057067669458456,-13.518110114475803,-5.948636876864344,-0.35137733313363384,6.662234616409762,14.74907558939197,0.09748460520559789,4.199769965173105,17.638067760370106,0.3698066556156881,5.064399615064367,18.286875451738894,-13.283416114523702,1.8647822453509704,2.5053365504612306,2.530193804734051,-7.523369786361219,-1.119212932135341,0.0855685732927126,1.3861236183258896,5.922257381292068,-0.45603766179335464,5.105317414871318,26.064265906588357,0.0018392879249412583,0.5427632457256832,15.340428746267433,-17.437256718737007,4.957207899378319,6.5389803377047215,4.0072395787448345,-7.991993218205173,-3.6878880584816844,-0.42335247438196266,2.851092279223037,7.014652404977697,-1.4805894308943088,8.766727289938272,76.85550737614845,-1.7282395201026428,3.5077917647178403,17.0,-39.0,6.2269293177235285,8.8,5.991971544715447,-21.97,-4.4,0.6,4.4,7.9,-2.1137892589637004,11.639745791819278,135.4836820981746,-1.6414367959270653,3.1017547435523314,12.978298656986517,-52.54094620500535,9.02537416091405,12.977008360264092,8.153134670065139,-26.652606203103062,-7.035731804146392,0.7513653530758322,5.9412765561177,10.831214058702006,-0.06431870802595667,4.1831902809523145,17.499080926653903,0.4895670157752777,4.331878228150065,18.028684120596523,-15.044021246866127,1.6078360448165756,2.167131570802754,2.4681304710496725,-6.075119386026982,-1.255285484626739,-0.20859466899352186,0.9118460861760149,7.765620079116199,-3.037401486961088,12.809895825899172,164.09343107038902,-0.38762166452792024,-1.065265822171086,16.178111770983975,-31.74061449080249,15.945403347598889,22.393844092707845,10.732115223201596,-25.024046290239575,-14.403596296443752,0.1162699999749228,7.990247796264092,13.90481759035745,0.06479840104152967,10.193879759882904,103.91518455895034,0.3059582870801221,5.891054561975578,39.1885675439939,-40.035352193078054,3.4094661019217516,4.624202557747448,5.364286905483796,-18.104337649855307,-2.316052229609796,-0.26700402647798704,2.3081503281376516,17.568141536544765,-0.08930544996659207,2.769737599279189,7.671446368860846,-0.014674279496495269,3.7645133990728397,9.936556800374738,-10.28354762717697,1.1413742533815712,1.5692477156123732,1.6843265597951464,-4.382460802484424,-0.9874363929729342,-0.13045551003294423,0.581811322639439,5.2733909560214975,0.04210439113448489,5.180740277737269,26.840069825369238,-0.6743540521294711,4.837225214862748,19.102991785416364,-21.632560222011023,1.7321038175472605,2.3679829109112007,2.9719950724876423,-8.54216164274333,-0.9996869965252368,0.1625317367130326,1.3682959143859639,8.774033674662853,-0.7591463414634146,4.245061416014926,18.020546425738647,0.02425677446632645,-1.4295222538759365,7.0,-6.9,6.152799206798249,8.325,3.8536585365853657,-6.6,-5.2,-0.95,3.125,5.6,-1.0730778599605684,6.024048380304846,36.28915888825343,0.0341008474343065,-1.429953693763942,9.841325795037806,-9.747985339920074,8.683376639868511,11.792665273064738,5.471864338758795,-9.344261236763765,-7.327236573057107,-1.3637310038700696,4.4654287000076325,7.9933886303764,-0.008516272412706716,0.16487437838663013,0.027183560648377687,-16.46317753005684,328.2867406410916,0.45868795721247085,-3.3254775979151137,0.05829670687095028,0.07902577316561507,0.055849150657980066,-0.10953737411602822,-0.039491583262065255,0.00038906922140928557,0.039534189903549816,0.0996032550537132,-1.5377675614017468,8.581106034078706,73.63538076810198,0.04944662089291415,-1.4236835992956207,13.807129662947416,-13.690383030092484,12.294314415788438,16.84321565225449,7.7888373770178045,-13.250187525184636,-10.564188219661961,-1.7985418145763516,6.279027432592527,11.597130418471703,0.020012945940944094,0.3347841460756881,0.1120804244636277,13.006681518167833,191.45851925122682,4.994189307098047,-0.9015555645465194,0.07312032454661457,0.10124320133588338,0.08991328843007945,-0.14208790686702466,-0.05124678201702193,0.005287630016119815,0.04999641931886145,0.1347288560476271,-0.01218388147889539,0.13643594333734607,0.018614766634351507,-7.152868891379929,67.32268003754285,0.27307524391887583,-1.3648434650617658,0.06424957977977222,0.08599273023412252,0.06302396038959954,-0.1209283451489712,-0.04524405417655978,-0.001928102150602014,0.04074867605756274,0.10236135021940426,0.014866948048328806,0.18668870372141885,0.034852672097183714,12.81080114259999,186.39299465900834,2.7711182177292386,-0.3246232974811592,0.057374279647955204,0.07620516678841682,0.06023808119132177,-0.09030379834816653,-0.03656636326133648,0.00014399530453585276,0.039638803527080345,0.10477904346713668,-0.27428861788617886,3.3422461384573476,11.170609250033051,-2.252268076777102,4.952700638409714,3.0,-16.4,1.0378215529539212,2.0250000000000004,2.2175813008130083,-8.184999999999999,-0.42500000000000004,1.0,1.6,2.2,-0.37650996668969317,3.883474096782343,15.081371060379436,-1.5384559489282001,1.4964788740483526,3.6866489070609427,-14.590463271196807,1.6743233333279166,4.274803284805188,2.9216036021179583,-9.782622201618905,-2.143032678899126,1.2976676838945822,2.1317706059060617,2.948085820150541,-0.03332124071280816,2.6731571680002433,7.14576924483108,0.6378438287059635,3.9650894240131267,12.393042868056487,-8.536818731179366,0.5026746347917233,0.6621914341802245,1.4658422768830994,-5.097034742223819,-0.3568308372834587,-0.008272488408862307,0.3053605968967658,5.2011944265809715,-0.4942439563732496,4.711379496498655,22.197096760027918,-1.0063934112684048,-0.4417235629735483,4.9961820169538775,-13.240136810543033,1.368277998896868,7.080459568397659,3.9575907128379186,-9.380670916455887,-4.318126918948121,2.248608864399641,2.7623326494495384,3.7792206950162317,0.032660614638306426,2.7664018384638225,7.652979131856017,0.513217806161696,2.2872448538335677,10.618370102973046,-8.230699246232543,1.109052730737258,1.5316075393998467,1.7237698131666879,-4.7595475925943305,-0.8179788873981881,0.007296678057961498,0.7136286520016586,5.952724370428614,-0.04619110154252763,2.2503094539950217,5.063892638739372,-0.30850008971436876,7.009488060560617,10.188633666841552,-9.547619153560396,0.20323913033657348,0.2745154061705909,1.0678799365774099,-4.241283223141549,-0.1323609652101064,0.003954149966673808,0.14215444096048452,3.242923039972065,-0.15649615109851397,3.000658145894403,9.003949308522435,-0.6691007414669976,2.9379918352866685,8.830764140901023,-10.517181278697043,0.6203093446337187,0.855754598961272,1.6872988364467478,-6.196891304298401,-0.5140612894213494,-0.009045178522039343,0.34169330953992255,4.797179175519483,2.9724593495934966,3.4585941690803104,11.961873626396324,-1.6449488731999122,1.9430391350810448,6.5,-8.0,1.3343419966550423,3.7,4.167581300813008,-5.4,1.5,4.6,5.2,5.9,4.206278259916045,4.857721402213722,23.597457221525243,-1.6050460562675766,1.794681416627249,10.302178096806356,-11.169785524426866,1.913133267001289,5.2250725958824615,5.8776957785610415,-7.582111959207262,2.0952512720784684,6.4830676652170816,7.32032386796093,8.252117218769621,-0.04361397414983795,0.43679163105230545,0.19078692895733332,-8.64166985843225,86.69267569617413,0.8565677161968381,-4.822524926814008,0.1004025049568852,0.12853417447961807,0.1432865690800173,-0.2821100698864462,-0.060364347136762114,-0.003222310064166539,0.06816982734285595,0.21259654750956275,5.963903928870513,6.765609565022831,45.77347278632842,-1.6739824702935941,2.134723424189268,13.974633208280087,-16.55603480943919,2.649821738523318,6.742686011332648,8.239294094212076,-10.62600440873099,3.4703132087836437,9.124086387303704,10.212999220116291,11.656597969640227,0.07157793997727797,0.914281495840682,0.835910653636675,6.11925243061241,42.42099420306412,7.303034517883856,-1.3586849405937913,0.2215555860685025,0.2910970424693152,0.3253508916050173,-0.5005838859356584,-0.16806312774785712,-0.017712424108974306,0.12303391472145814,0.4746449103224586,-0.061473824532777235,0.34736310554576943,0.12066112709440134,-4.080529915155262,18.324320886071533,0.5688180656837303,-2.010420705473076,0.11284311504667027,0.15354029994965326,0.15520789371973887,-0.3087618730321847,-0.08868411358127032,0.008072730543606145,0.06485618636838295,0.19225773424543943,0.05757334103165386,0.5024755968122292,0.25248172539180597,6.182491794369318,43.46048655088507,4.021396262287064,-0.5623500650359698,0.13787137095420215,0.1822161360856685,0.19043677189425837,-0.31620879527737455,-0.083885709680317,0.01201681683177408,0.0983304264053515,0.3199970354185733,0.002515119103181402,0.33505909826462077,0.1122645993299008,-0.46570145023084647,6.437727115637461,1.465531,-1.902307,0.06652436154434636,0.08974,0.1718211386878563,-0.5418265,-0.041996,0.003468,0.047744,0.584466,0.0035612616253490755,0.4622182166397814,0.21364567979365992,-0.3491108980132055,6.3844618607587975,2.027286068968211,-2.5069710285304443,0.09357240920335447,0.12622154990139944,0.23817721179860663,-0.7289279879822863,-0.05960712077044909,0.003771555538269105,0.06661442913095034,0.8330039024795897,-0.0001570469980441779,0.10422976280329667,0.010863843454031486,0.0938671455876235,18.829515362139247,1.1219675270860696,-1.2470002246571572,0.008224154073271126,0.011096517814686062,0.04415318136953088,-0.14823337302764608,-0.005541371709617479,2.6091394818660843e-05,0.0055551461050685836,0.14670550378457972,0.005048587770645365,0.6492271401749281,0.4214958795397158,-0.32746306403612524,6.416768365081522,2.8167726636837394,-3.5486107074761883,0.13215516166881078,0.17862704108179592,0.33427334047809015,-1.0153234620915246,-0.08461213620450994,0.005271360027518067,0.09401490487728598,1.1746384847703724,0.001854520454299377,0.07561277147452154,0.005717291210058218,0.29369244353506124,13.500696438104896,0.6143301611783069,-0.6756650548732666,0.007448958030694729,0.010058432703311493,0.033442493688309205,-0.10331613443843271,-0.00488523734434145,8.171104706843936e-05,0.005173195358970043,0.11806763668243883,-0.0002224805612907331,0.07136408749490533,0.005092832983980503,-0.06300033421521282,11.32544730417879,0.6116509731691964,-0.7275194035740437,0.007871817201163329,0.010615199105358773,0.03257515858285349,-0.11051441870857506,-0.005289448312257302,1.4010198891211665e-05,0.0053257507931014705,0.10957202694298303,-0.0005042185338197082,0.12896028667077614,0.01663075553820876,-0.27199375390638997,20.65470972852762,1.2569709912749683,-1.252000013027647,0.008582821111225877,0.011573300517993603,0.053346594338673524,-0.1794001451493953,-0.005742190909145814,6.493381217184625e-05,0.005831109608847789,0.17935999697691582,0.0071060051989483945,0.5202340916964175,0.27064351016319654,0.545756174718132,5.1207878521055665,3.345611,-2.648273,0.08819259296780572,0.118669,0.27449914474344966,-0.912285,-0.054505,0.002396,0.064164,1.00688975,0.01004164101933747,0.7137747230215019,0.5094743552244217,0.5377341902362657,4.799577539558771,3.9773548898613615,-3.4228765131896255,0.12445697523396056,0.16718150152074682,0.37883130685397054,-1.262557682391314,-0.07648361813033969,0.0032782225223080192,0.09069788339040713,1.3599582732563247,0.001231469665142961,0.17822452968979102,0.031763982983147206,0.10281068136661682,13.421690137560798,1.7386223119776423,-1.851516203261651,0.009327344503089903,0.012574096280991771,0.07541285220870549,-0.2608957212414785,-0.006240644969635351,2.1504575275044062e-05,0.00633345131135642,0.265838844520572,0.014178975468312314,0.9834809069932555,0.9672346944202764,0.5406062325922274,4.703832090737105,5.229010463328802,-4.4808278482458315,0.17466934862988293,0.23433499435581331,0.5247090642975459,-1.739222473792126,-0.10668912483182921,0.004400166011335908,0.1276458695239841,1.8905616149606979,0.0005317543907061377,0.22701631805696557,0.051536408664141345,0.09751189256299687,7.9330639720844225,1.7407476179251706,-1.8606910880242133,0.026862763441235938,0.03628965051821707,0.10883546430190802,-0.3945486993277133,-0.018114996422900365,0.00025755551537114205,0.01817465409531671,0.3943561945400624,0.001741756379606716,0.18310620898527402,0.03352788376895885,0.09863380874819196,9.638545709219658,1.3687231429977897,-1.4258067122642866,0.007759904945781243,0.010441843886454614,0.07953245696891593,-0.27932657142171174,-0.0052759887192754505,2.062319135936086e-05,0.005165855167179163,0.2959403753684968,0.001467576394464803,0.1731666098785335,0.029986674776824217,0.00818364899387082,15.95729242572742,1.8403901014717141,-1.781611853327002,0.010435093607181698,0.014080325450923678,0.07217041522873392,-0.2341956911181898,-0.006824760598633888,0.000185545915245924,0.007255564852289791,0.2534052408545313,0.005479394573597613,0.1928535392112187,0.037192487586293066,0.23550641309086776,7.236717940550113,1.275361,-1.087552,0.024749078833514012,0.033385,0.09575496743272384,-0.31707575,-0.011241,0.005331,0.022144,0.314628,0.007748297359932398,0.25048709766090055,0.06274378609458153,-0.08307810129480157,7.1355097298073815,1.3396231792258047,-1.4284864771476822,0.03337423897904576,0.0450409393065254,0.12260374102754477,-0.4110245641163009,-0.014504180373688755,0.007743772943987061,0.030536758932836642,0.41370911004779737,0.0006877747511793888,0.10786164004002427,0.011634133392123767,-0.012410445503438648,9.867174296260616,1.0861300738484303,-0.979707209700095,0.008003181722148204,0.0107970327706061,0.048404970563003434,-0.17042076264019684,-0.0053798788119688145,-2.3163647191207996e-05,0.005417153958637285,0.17984383417122693,0.010955770424002457,0.34974609242193455,0.12232232916441237,-0.16614200744222574,6.992316538700019,1.7756893494846133,-1.9847577009486619,0.046500479386636095,0.0625967543451702,0.1711538146823017,-0.5662584488035853,-0.020119698488118117,0.010625568589902172,0.04247705585705209,0.5893462981299975,-0.0011683583243585819,0.05605061571550749,0.0031416715220874956,-0.06713522433171647,13.546937108843732,0.5957067119144874,-0.5077378596248993,0.0073247796728846196,0.009893629715908075,0.025773405345864916,-0.08918109742014846,-0.005118248508431054,-8.028374525907581e-05,0.004775381207477021,0.07975877810263883,0.0009726891107340078,0.13402994837345455,0.01796402706099089,0.005877070600690049,8.524489812522555,0.930900954353878,-0.900567243835475,0.008764431781179232,0.011815491917553812,0.06040795494565865,-0.21134520469026813,-0.005944273121782323,-4.7539916068316066e-05,0.005871218795771489,0.22605400486731128,0.0005709100705009179,0.07279968259454135,0.0052997937858659675,0.24669991728004945,23.33641854309128,0.7971951633708504,-0.7969823878477484,0.007073659856554433,0.009522944123691743,0.03038809281110947,-0.09582382223605151,-0.004706128815942102,-4.219511493513798e-06,0.004816815307749642,0.10111882862144993,0.0004324808288777956,0.9035793310327253,0.8164556074695473,-0.002453632942067319,1.5582475352500893,2.872775,-2.895041,0.6962040562714068,0.9392097500000001,0.6414147513809707,-1.6948745,-0.46842225000000004,0.0012675,0.4707875,1.69623825,0.0006415561380221401,1.2777066463399123,1.6325342741011857,-0.0025128702555919247,1.561776167928346,4.040532895458786,-4.1037317578623265,0.9781889797254525,1.319406916672797,0.9064476814342688,-2.4019320862092126,-0.6575423191226216,0.0010628734354331789,0.6618645975501755,2.397490553216171,-6.7143520008817215e-06,0.015595785815694936,0.00024322853520903135,-0.21742255257965112,12.090643314183104,0.25446524264712994,-0.36680356073778186,0.0155524790120744,0.02091376038365432,0.012436458237741362,-0.02352590235321019,-0.010393637427521807,-0.0001392500871729603,0.010520122956132512,0.023566733104712256,0.0009904887401624746,1.8061442785834763,3.262157155059826,-0.0026013200806122116,1.5746423762241903,5.677990592187123,-5.757275582010586,1.3497074375246296,1.8208259129834252,1.279759900518711,-3.383715524903585,-0.9073752604917029,0.0017546014685044797,0.9134506524917223,3.371625279501561,-4.1809751388544957e-05,0.04872538591388168,0.002374163232456699,-0.06207665606589377,0.8093476033074856,0.17087053976075628,-0.5171907887248514,0.03684090605045255,0.04970199749027532,0.03700309879069313,-0.08876148937110041,-0.024845540328754013,-0.00020664441945711723,0.02485645716152131,0.08988776556151089,-8.866356285071298e-06,0.006800886851071466,4.6252061961076756e-05,-3.806834267429847,251.45065618479316,0.16533371667353353,-0.2991870770114442,0.005849375129677483,0.00789102413250644,0.004889254328433783,-0.009826963370617548,-0.003947707206690718,-3.368339244939981e-05,0.003943316925815721,0.009782346342762625,1.0217011558745442e-05,0.020984013504762238,0.00044032882276804405,0.005483467625948745,0.6334374721928051,0.17571181731400537,-0.173155393600413,0.02158804905686098,0.029133014854157972,0.016887908801813085,-0.03595119304568967,-0.014667367016415193,6.630352503281028e-05,0.01446564783774278,0.03580392245951192
-5.652178318135765,7.512515920619692,56.437895457564345,0.9507161537095831,0.1887880639596502,14.1,-21.2,5.040847542919047,6.1,8.723100303951368,-15.2,-10.0,-8.6,-3.9,9.0,-7.957906563065251,10.659644384777842,113.62801840992577,0.9679601119111626,0.19516958299253417,19.445527087269994,-30.363766083404837,7.725092812437692,8.591298559651518,12.349619122806088,-21.45688175627632,-14.128610163675825,-12.404698990135643,-5.537311604024307,12.624912407486796,-0.013382664457647596,0.7558354783447712,0.571287270324669,5.3263091127348865,88.33059642465231,10.655773358155482,-5.148323606767769,0.2827722242897144,0.3876877795682933,0.34105886226965393,-0.7407972908133501,-0.1965537223289216,0.0048019025648992075,0.1911340572393717,0.5623211090949759,-11.1556214279005,15.219618202321914,231.63677822444856,1.003638844622534,0.1868237702547666,27.547538491163905,-41.65988100482099,11.039731329171783,12.105068151452645,17.567426115290626,-30.075823181426518,-19.97045896152241,-17.634673613532478,-7.865390810069766,17.811518513206575,-0.056339530106451284,0.8952147120036592,0.8014093805877944,-2.9334230471580285,32.69015169387043,5.878945950229792,-7.504687919620659,0.251603729694807,0.3677344494755076,0.3733365995632771,-0.6662129985095647,-0.18115810492363038,0.042462524764712795,0.18657634455187722,0.5540460772419841,-0.016284573838031426,0.7810496880772696,0.6100386152456001,1.971289785308286,31.505953119856173,7.1132320510183815,-4.504444588281558,0.29480291522968743,0.39571307173872006,0.39486753566673444,-0.9727978387120852,-0.20351789943367388,-0.0027246210643916335,0.19219517230504618,0.7846336089603363,-0.014692264487372491,0.7200683818291173,0.5184984745100034,2.714908575147259,43.97993389732379,6.769940443342766,-4.991718792055652,0.2697970970369696,0.3700969728853111,0.33057079264610184,-0.8006354028713094,-0.20453993595347975,-0.010160035380176787,0.16555703693183138,0.5138879936134708,-150.88966565349543,14.48519401258522,209.8208455822347,-0.3109543194705008,-0.5382780237591285,-110.7,-192.3,15.122542628757165,21.55000000000001,150.88966565349543,-176.2,-161.85000000000002,-149.3,-140.3,-130.4,-213.27785666153738,19.615670104264396,384.77451363933204,-0.18012503445064026,-0.8566987662795369,-154.98021876093756,-255.88234906660426,23.64060080326236,32.65411179995826,213.27785666153738,-245.69200844777833,-230.4918546028953,-210.7948091648629,-197.83774280293704,-185.41692347368385,0.4997527237656307,5.808907722682017,33.74340893063478,-0.0014232838063308862,1.2908157659454513,18.405684326532015,-23.761585900748763,4.674042467153189,6.226411811572497,4.315323727194556,-8.584014524469252,-2.7024126703223867,0.3714054051740785,3.52399914125011,10.272901729569696,-301.3098128072256,26.925743773855192,724.9956777753016,-0.2607863346926476,-0.8604211390877334,-218.3945372512016,-355.8585054449282,35.09473112390509,49.456742295434196,301.3098128072256,-345.6601416347424,-326.2506156092485,-297.1999522792845,-276.7938733138143,-266.45256047688207,-0.28711159138666414,6.4726128896157045,41.894717618819364,-0.05830798773879874,-0.46638498686272944,16.188472372677886,-15.29420560976613,6.902846948446784,9.384891610380468,5.290056612288165,-10.644512222019722,-4.982371372272923,-0.049019647712952974,4.402520238107545,9.73967814850059,0.6865127205980994,6.095319704091414,37.15292229508505,0.3430451529396627,3.4815068320051425,24.722229638175666,-24.28034298373192,3.904352789269828,5.213649762450414,4.093026258488785,-8.134716304151318,-2.161088568088065,0.3878529191923344,3.0525611943623496,10.841609569055619,0.5716330719194306,5.401406945779857,29.17519699391888,0.04830480875670407,-0.035928148880563615,16.699602096212068,-15.85730710280592,5.925487920342359,7.9571241950443445,4.382971103770505,-7.6781775965165675,-3.589205133556171,0.4214818049921192,4.367919061488173,9.064837091706517,-1.8558257345491387,7.322621401969509,53.6207841965819,-0.8059244235263623,0.16829570861059784,10.3,-29.2,7.41301109252801,11.0,5.811854103343466,-15.27,-7.1,0.0,3.9,7.4,-2.643646961396017,9.85772211573204,97.17468531099257,-0.5488849115654687,-0.6614754238385685,12.979548535946158,-34.2618892183436,10.986334497229608,16.9085374114011,8.082692629544898,-19.72490764999938,-11.28983943095892,-0.18289075867549215,5.618697980442177,10.262219643230615,0.03930223830313031,3.089483432468624,9.544907879498112,0.723904957565495,4.220042437554216,15.943111879887429,-11.688916145912193,1.5962117173698693,2.1944210930305577,2.010932549234068,-4.9716223274604285,-1.207773209682228,-0.04415117497057314,0.9866478833483294,5.674517892665508,-3.7928874819299754,13.234478632020862,175.1514246614168,-0.3303043104209743,-1.2502990398279947,16.103795244175185,-29.19181593624303,15.977822140087481,24.153742788453044,11.178048940831218,-25.54798276541373,-17.058103341048525,-0.12983416092709804,7.095639447404517,13.886232682122236,-0.29066421891252797,4.1670561313717895,17.364356802003226,-1.8582169559673043,12.132899483692201,14.77358490742567,-28.117502693532906,2.503486988232335,3.2103880468964423,2.5759429776345,-6.102448864364168,-1.5852399796935646,-0.1169006607505858,1.6251480672028777,4.02235500784536,0.05780652180510459,3.113381984869045,9.693147383707114,0.4461647243636097,3.046182834713223,11.9656086257997,-9.054514046793942,1.3570304372038087,1.8293351558589277,1.945904441897352,-5.308638593363897,-0.9804478548439,-0.06869459598166389,0.8488873010150277,5.608667638135725,-0.10559167904654716,3.0208594520491654,9.125591829034784,0.4438976645715354,3.2798468662060136,13.426961264071654,-11.393572354431699,1.9105859623210608,2.549169026793667,2.0737294897923726,-4.782670851706725,-1.4211496680467441,-0.1705541946144974,1.128019358746923,4.661427050305805,-0.7817629179331307,4.201332800122938,17.65119729738885,-0.03333396464595019,-1.4391063646699958,6.9,-7.1,5.7821486521718475,8.2,3.7789260385005066,-6.6,-5.2,-0.3,3.0,5.4699999999999935,-1.1120938025123503,5.962622138543165,35.55286276704506,-0.02242074135643772,-1.43521666802666,9.779584263611532,-10.493742102936762,8.10072039384289,11.66725887431503,5.362972171136176,-9.33049160317696,-7.426767835665666,-0.3747391761973101,4.240491038649363,7.738758043696524,0.004374065580016404,0.20605319438730307,0.04245791891721171,16.555529545858974,336.7987794288343,4.179562698279727,-0.7373235146520614,0.06430738173187678,0.08655301312064692,0.06604081451455505,-0.11340659026386901,-0.04236070585895687,0.000746615251098981,0.044192307261690045,0.11055647548148143,-1.5907867404303377,8.498616145540367,72.22647638923941,-0.00044291305577270174,-1.4387145705012545,13.801473823246248,-13.99167944653225,11.402313790661005,16.68668699186821,7.656813026579728,-13.19815677411485,-10.683675847773378,-0.3901297740870673,6.003011144094834,11.228073643693932,-0.005431944242970571,0.1562102475703235,0.024401641445981764,-4.792860277619977,39.15124731853579,0.4644787159184329,-1.3738340402118214,0.08575024501527857,0.11679497839624137,0.08411523665354069,-0.1399348979173132,-0.05039071018543884,0.0042036095908670745,0.06640426821080252,0.1486754602067945,0.006365387606347998,0.19801204729967803,0.03920877087580993,10.867063762202653,153.7140755566936,2.794170353225186,-0.6993002837239862,0.0638497317504217,0.08722413515965834,0.07127359113197897,-0.12607938975791338,-0.04289561198147489,-0.0059045322532806895,0.04432852317818345,0.115931166185829,0.01421035831451745,0.2106645774478307,0.04437956419127306,9.913266814583267,110.64926663760765,2.619015307927957,-0.24566516834948712,0.06029852820653065,0.0808488307254576,0.06910840568514268,-0.11885972935431924,-0.039688861337801806,-0.0005847726875821066,0.04115996938765579,0.10510519177421536,-0.5243161094224924,3.6823570175961176,13.559753205039373,-1.898775612403271,2.7994667059117218,3.7,-16.5,1.1860817748044816,2.3,2.464336372847011,-9.469999999999999,-0.7,1.0,1.6,2.3,-0.7273691610765541,4.202571434016583,17.6616066580122,-1.2321403357304095,0.6139437245355399,4.04791627799315,-19.946003819257925,1.6847454524462326,5.555082629311883,3.289446490679033,-8.99937220023019,-3.34668661805407,1.3588468299583358,2.2083960112578125,3.0633490244325694,-0.1673266062246016,3.0449568162484075,9.271762012817637,-0.09186983174157608,3.0498083437987784,11.862136141006935,-10.5289479897955,0.49041260042039264,0.6592628543160278,1.6694590346561706,-6.161099269411307,-0.3511471853969059,-0.017675802972449556,0.3081156689191219,5.734633997391475,-0.9894927312347076,5.597262157187401,31.329343656282155,-1.0198393532563743,-0.408042682393273,5.024045709374736,-19.25584265489036,1.8287849932999984,8.685086536348964,4.53460124417693,-11.693888679733353,-5.765017758073187,2.2327898958585353,2.920068778275777,4.005141655630634,0.10321756323673173,1.9025308124116798,3.619623492175846,-0.5327783557982929,5.357412363014401,6.420628138943913,-9.815858174528914,0.9379956698883459,1.1826944129509416,1.1737726342256574,-2.9970201050638106,-0.4080872530520032,0.031866507821619976,0.7746071598989384,3.393547485495379,-0.23368286459374188,3.290250471148162,10.825748162890704,-0.32670920142018234,4.849821338769705,12.887735216330471,-11.46074992378763,0.35198435016539975,0.45495362371008125,1.6144078339488002,-7.554408018584403,-0.24709197409277212,-0.0011517114688527187,0.20786164961730913,4.254845634529358,0.049339780094243973,2.7310368284190867,7.458562158181383,-0.42072882667820716,4.283834355146361,9.627435176715984,-10.914678965911765,0.5403878881395101,0.8728282172380137,1.5017466459163398,-4.701297756207335,-0.2900752929850484,0.04917921087835998,0.5827529242529653,5.155549267746599,3.044782168186423,3.543631733744832,12.557325864403403,-1.7130672968589162,1.9497628538342688,6.4,-8.2,1.3343419966550423,3.55,4.349949341438703,-5.9,1.75,4.6,5.3,5.9,4.3250372374160415,4.975407343869412,24.754678237429676,-1.6977428173711457,1.9273343813443171,10.058732177076418,-12.265194657432053,1.9328906691094596,4.925910674160516,6.141241373662883,-7.9647232773659224,2.5426005356716703,6.54405384076008,7.468511209832186,8.33918117122939,-0.012267020852855626,0.4965081368132348,0.24652032992174988,1.0819708590931871,87.09558017366679,6.2262318679809034,-4.571546643708629,0.0983763041197224,0.13118621313690304,0.15765646636226566,-0.2780010020878368,-0.06936506811201293,0.0044827067855896935,0.06182114502489011,0.25780194074276785,6.169382343771144,6.948571377850773,48.28264419308699,-1.6669191168578,1.8760456657012403,15.060917631082505,-16.412557574165543,2.7747281353889126,7.115007996609169,8.633532575784324,-11.033452338116527,3.3573207817155293,9.285841031619885,10.472328778324698,11.841047012753231,-0.04523824519564471,0.8855013907800569,0.7841127130734149,-2.3036703551854893,43.34345818615533,7.051722860167381,-6.567514003324254,0.16555851858553847,0.21663264161215984,0.296423936248998,-0.4675919088241545,-0.09418791201668175,0.021070444065784122,0.12244472959547809,0.4207684112728023,-0.016933402768980487,0.48010273365111716,0.23049863485927558,-3.3574691724066397,39.10959888055114,2.62146046975816,-3.758384779561548,0.10895614170952297,0.14578868955691876,0.16819366296382682,-0.2501505529746201,-0.08185948919201014,0.0019857437601640735,0.06392920036490861,0.2697732318831879,-0.039569957387205396,0.5041462031048879,0.2541633941050748,-5.912021142964667,66.01481408541217,2.370412525320937,-5.709585834819023,0.13861656894700067,0.17167207349373498,0.19224123361235657,-0.303947594756331,-0.08381060315988094,-0.011330693256253785,0.08786147033385404,0.3073032128486001,0.0015899644987465063,0.27858042631755225,0.07760705392726916,-0.2825524725092561,4.46304262735132,1.219665,-1.642296,0.06784684272325335,0.091584,0.15341258646226552,-0.51061,-0.043958,0.002636,0.047626,0.53074,0.0022523127341349397,0.37964745071430367,0.14413218683386964,-0.14694703628441755,4.033665885557872,1.5894597230690424,-2.0529225594476284,0.09601989745595677,0.12963127773446942,0.2122382489187505,-0.705081165151609,-0.06256572107930325,0.0033487042684293943,0.06706555665516616,0.7392210589741817,-0.00011014597869394473,0.10520828706545295,0.011068783667246755,-0.07728558114048752,11.304309789207897,0.8050317861704218,-0.8607426336845936,0.007874476200010071,0.01062223975723155,0.04611640300571028,-0.15824991608688102,-0.005356031448630289,-3.71887094043719e-05,0.0052662083086012605,0.15917910696837184,0.0031956210227644098,0.530745187787079,0.28169045435914175,-0.09557171408293405,3.910046958973335,2.2511357024349534,-2.8380307060381362,0.1349335898689928,0.18182130698887622,0.29784030835895775,-0.995904596858458,-0.08760140005784593,0.0052435726423215,0.09421990693103029,1.0183708539198388,-5.374680061683219e-05,0.08077867016545434,0.006525193553699264,0.022685361305627736,9.887468124647864,0.551875376308937,-0.5469983399586412,0.007588206640164855,0.01025356502693425,0.03649301228583042,-0.12329879688910486,-0.005134864955531662,6.852818745054873e-05,0.005118700071402587,0.12433185426962542,-0.00015559849078393856,0.07803918662709032,0.006090114649417832,-0.08094582965730024,10.443573841671075,0.571077062853584,-0.6107879499054156,0.007923394081823522,0.010668783130320787,0.035392007726233216,-0.12165438877444365,-0.005342716999113804,-5.95303644465954e-05,0.005326066131206984,0.1190077372685909,0.00040290766676368255,0.1266628575201877,0.016043479475179367,0.029456010110906282,10.434237653679675,0.8763530733812795,-0.8674533975084776,0.007863397176340324,0.010610107868577748,0.05486214789728256,-0.1879282369395856,-0.0053030205090041985,5.458895675151065e-05,0.005307087359573551,0.19370037536894397,0.006942452424862406,0.4861459380807007,0.2363378731123645,0.597090698226761,4.3675257696962815,3.067595,-2.198834,0.08765737356692521,0.117947,0.2604310707575714,-0.872433,-0.054925,0.001855,0.063022,0.977733,0.009814872415686323,0.6579421404008498,0.43288786011525154,0.5044929051357672,3.7321072534594526,3.167107969062686,-2.895999013586959,0.12349127820245925,0.16642128160632969,0.3576155500474592,-1.1931211214253283,-0.07784758600167392,0.0020688334255759976,0.08857369560465578,1.360185534592471,-6.566902380335791e-05,0.1993669307348881,0.03974717307064967,0.05555782522066224,15.626150756090457,1.9498256448044275,-1.9980894324135092,0.009247450819361699,0.012468886355777278,0.08319612902359523,-0.2827301668556773,-0.006271320960264164,-4.526406272083302e-05,0.006197565395513114,0.28666718176390327,0.013870710617987104,0.9006203356699761,0.8111169890223004,0.43628542834808465,3.3330505366115597,4.238895189310418,-4.014396891597486,0.17331599605775044,0.23266296096421207,0.49654219594110593,-1.6639550309498417,-0.1074079817723359,0.0028697100312991,0.12525497919187617,1.8834248488635663,-0.0002401732398222733,0.2334731003014955,0.05450968856439218,0.0037606045732346102,8.195882422919043,1.651765760835461,-1.6684374010198528,0.027724836396889618,0.03734145832584358,0.1108050718628562,-0.38987705041854703,-0.01898227671199684,-0.00019589810195557995,0.018359181613846743,0.38845320443192866,-9.328365766464267e-05,0.20860587675785647,0.043516411817914005,-0.003273886894087312,12.693661754256837,1.9239922686674724,-1.7809297144730771,0.007754648739340914,0.010456264290547126,0.0882948866386381,-0.31122540088453343,-0.0051928372498081625,-3.8664907758447676e-05,0.005263427040738964,0.3169400186231103,-0.0001246149265403597,0.18964229768618796,0.03596420107169673,0.10757771238783025,12.645290098805365,1.5341053930320114,-1.6826817976984267,0.010425183363019702,0.014060735753805589,0.07997213920256381,-0.27753233376544606,-0.007087880547799617,-0.00014847313485789323,0.006972855206005971,0.26983301941954857,0.006449313546379275,0.14936035392630032,0.022308515324989692,-0.1591290570993092,7.715334801002369,1.061199,-1.218311,0.020443601990973746,0.027519000000000002,0.07428040780335994,-0.2405375,-0.007189,0.00642,0.02033,0.262373,0.009120398957148074,0.1723743040075804,0.029712900682097747,0.0012507079497299043,7.297341599847011,1.0626868967807042,-1.0782692830776772,0.027289657636674212,0.03681712450613183,0.08667394490218538,-0.27847550532744214,-0.009047334270324671,0.009213391870190966,0.027769790235807158,0.2972542519143049,6.781374410655506e-05,0.12206676034103305,0.014900293980155199,-0.06473505255887091,10.24178987646735,0.9305463132822082,-1.0346506797476949,0.007905648197233708,0.010667409783576866,0.05393646545074344,-0.19115503661987415,-0.005281082781010956,2.8936365576566654e-05,0.005386327002565911,0.19226029403724862,0.012897194725312179,0.23773627578815135,0.05651853682561996,-0.013966332703878365,7.48646591316038,1.4585057364293776,-1.5188729231232556,0.03768199753967177,0.05084728317742261,0.11869339667513294,-0.37632540028377,-0.012516979108853507,0.012891975392921588,0.038330304068569104,0.40324323565998954,4.536216798166929e-05,0.053824580475720515,0.0028970854633873144,-0.2283243889719904,9.47206912268857,0.35225883690200094,-0.4918234091858033,0.007614034278042012,0.01026642400089545,0.025779245476895925,-0.08664514886989105,-0.005020912597362244,3.425344792658985e-05,0.005245511403533206,0.08342026507624759,9.571816451943947e-05,0.159532750049275,0.025450698338284457,-0.0993809747999403,10.197153804311867,1.1786409229306232,-1.1273925280534658,0.008621580281433096,0.011610891483563857,0.06975493012736371,-0.2511835935480543,-0.00567570174081289,8.34024278614511e-05,0.005935189742750968,0.24769812420510734,-0.000285052590882321,0.06591409204475507,0.0043446675300844425,-0.04323312821540006,12.937820566262785,0.5439448420177476,-0.5827470266070521,0.006982325787327117,0.009424870993579703,0.02918982305134215,-0.10013453199423325,-0.004826390154580255,-2.9357613949512577e-05,0.004598480838999448,0.09653360073215464,0.0002418241650577759,1.0950133930873305,1.1990543310406283,-0.0008698542623678815,1.9809522679958151,3.57664,-3.574643,0.7128862964340319,0.9618990000000001,0.7395797702504107,-2.10526375,-0.4798895,0.0003155,0.48200950000000004,2.1055455,0.0003864276678677197,1.5484516548719744,2.397702527475756,-0.0009482909594163022,1.9850151118976997,5.005682567909856,-5.043163322335825,0.999809121379469,1.3484659661150875,1.045336465812166,-2.9760054646870078,-0.6728229472857061,0.0020916009155693737,0.6756430188293814,2.982878369850132,6.45947071745709e-06,0.01514232758675929,0.0002292900847447314,0.23865818271390535,4.707547864572521,0.29522318260830066,-0.0989366604223445,0.014465839730407017,0.019474558440088413,0.012033643458610504,-0.02273463193139128,-0.009737871470692829,-0.00012193009087937967,0.009736686969395583,0.022882673217073143,0.000673003845185825,2.189128158150037,4.792282092805373,-0.0010861260413393928,1.9980264524423967,7.0506371573202555,-7.081099150804746,1.3748792370354386,1.854293781505924,1.4759499778469882,-4.215977743745912,-0.9258780237354418,0.002339068382258185,0.9284157577704821,4.201503606755715,4.021739430946707e-05,0.04918393623947037,0.002419059584008287,0.02750762868246898,0.39681542905948675,0.27194048567883755,-0.15442313782561107,0.03515869020089001,0.04742057198983922,0.0368563787587981,-0.0900460639113854,-0.023894789213022356,-9.955693188996861e-05,0.023525782776816866,0.09108705812138974,9.72028768063373e-06,0.006680152558614484,4.4624438206363636e-05,0.6605355351071376,12.446583709536434,0.12884859076257493,-0.04518099448574498,0.0062223528554633,0.008397739153918416,0.005279849186993163,-0.01073266100842739,-0.004196637617920567,2.0373378157534166e-05,0.004201101535997849,0.010714764012322487,-4.016323115323681e-06,0.020347482630806355,0.0004140200494109663,-0.12659175862498984,1.6763310148102262,0.09185628118366743,-0.2711585193455752,0.020960691805320047,0.02827815949970472,0.016290649656668932,-0.034068216883193815,-0.014160866494945369,-5.947509164100275e-06,0.01411729300475935,0.033889713974755035
-5.611812627291242,7.6183415035216475,58.039127264280474,1.0269441662805694,0.23413230391128526,14.6,-20.4,5.633888430321286,6.500000000000001,8.787983706720977,-14.594999999999999,-10.3,-8.9,-3.8,9.5,-7.889225222769331,10.814750775276186,116.95883433133686,1.0412347593794014,0.24181725657001296,20.575113277468066,-28.547345994937945,8.199046112269231,9.11875344764667,12.437947729619754,-20.64690789758146,-14.488535561723046,-12.805175802407687,-5.369782114076376,13.389123968968835,-0.015299472358402155,0.7658558008131043,0.5865351076390813,5.581436424957916,96.56247394158798,11.205307118166663,-4.801424020470645,0.2625808615475393,0.35444798502532604,0.34234962781226597,-0.5953462266446343,-0.19621341615005497,-0.03190721277453029,0.1582345688752711,0.6291851340410003,-11.026402470817526,15.459953934786338,239.01017566571556,1.0688432179470315,0.23336992302367454,28.841260826950663,-39.27516652431695,11.822582254810875,12.857928154387174,17.68419752044763,-29.42047263296224,-20.552948154277217,-18.226943437727584,-7.695019999890042,18.906712651404636,-0.05699534444985342,0.8171838262105053,0.6677894058200414,-5.2396884263227665,37.169035698437185,1.7463515581389706,-7.463694095280228,0.2908614588646518,0.3936199565433004,0.3610185754398256,-0.5735766223507381,-0.16939775774858076,0.016584084394466375,0.22422219879471966,0.6232554089264833,-0.019844400666177205,0.8350759898648806,0.6973519088488102,3.075232646198874,35.840004813025296,7.969661176197634,-3.7370188188460616,0.283697853941264,0.38251475357369724,0.3889981088032053,-0.8030261254086211,-0.21154675458605185,-0.000848330787458094,0.17096799898764536,0.6036499874568012,0.027512052614969487,0.6795697988475926,0.46181511150575744,4.038449110335121,39.856670184684546,6.583755809156848,-2.451138850230924,0.2909904017210845,0.3837180725639445,0.3402228905881193,-0.6959824070375803,-0.17968519075582556,0.018825267723892772,0.20403288180811896,0.6309382865615611,-149.98095723014256,14.382800952474335,206.86496323849664,-0.36889115672028344,-0.5045305537621392,-109.1,-193.0,15.567323294308821,21.774999999999977,149.98095723014256,-175.29500000000002,-160.67499999999998,-148.5,-138.9,-130.105,-212.01256500271742,19.385761719182437,375.8077574329192,-0.2028384842778341,-0.864197781797571,-152.12993163200053,-261.22489050993414,23.774691955221083,32.78957148967527,212.01256500271742,-243.69686824839354,-229.13615770164964,-209.66476079300406,-196.34658621197437,-184.92381985477815,-0.0163470232903121,6.097322247997617,37.17733859592672,-0.14626156768812074,2.0833850451680958,21.62021466755823,-26.199999695203196,4.379442874520365,5.954556267855089,4.354309213725997,-10.028907339233418,-2.965074059239876,-0.023182709021111414,2.989482208615213,10.113255578766383,-299.5789999449785,26.516019161741973,703.0992721858674,-0.265746718600888,-0.8721478525187027,-219.72668377276042,-354.2954707707786,34.527925090247635,50.245327126063216,299.5789999449785,-343.90495654726885,-324.53368695818466,-295.2251561432096,-274.28835983212144,-266.80491415613693,0.4458990874785303,6.775847093625363,45.91210383619128,-0.09165946387275273,-0.47351712181523453,16.14778271975976,-17.587206316829374,7.250145106076946,9.75711527792884,5.526280292779765,-10.879002155155563,-4.3857419053938385,0.6587213638489295,5.371373372535002,11.54124131721176,-0.030278630747089096,6.753049477224501,45.60367724184211,-0.4432015974349811,3.8836158110887746,22.905004626342873,-27.42358952873316,3.5651057653677616,4.7602039586751825,4.236422886273805,-13.565602406884155,-2.026326339464555,0.029789464639852933,2.7338776192106273,9.156469631951333,0.30003581272523083,5.27268969075393,27.80125657498278,0.29664179814957553,0.6137243065688476,20.576648738656026,-14.235544394083998,5.6129354921965975,7.593441253380554,4.162152442555658,-7.336067705901149,-3.74803628651504,0.12322894101786208,3.845404966865514,8.332249442068285,-1.8814663951120163,7.439710337554269,55.34928990671185,-0.8072521561343107,0.1662961964369436,10.3,-31.7,7.85779175807969,11.4,5.913238289205703,-15.594999999999999,-7.4,0.0,4.0,7.1,-2.6829708213787304,9.992130703693755,99.84267599969947,-0.5065126396504944,-0.8302607741582779,13.295497542023577,-31.065946174491504,11.079180786012756,17.444223973421945,8.250817229363124,-19.958931376251723,-11.677478271484302,-0.033792563201479636,5.7667457019376425,10.240506176269236,0.00340181036847833,3.2326667574277947,10.450134364578734,0.20913222861279812,4.510436298429791,14.473372039196835,-16.108887960986728,1.6186022657071275,2.173809848267773,2.064564293194618,-5.6017267879017,-1.0775807083501299,0.01975354937687887,1.096229139917643,5.148674462282429,-3.855553296306769,13.67605233161666,187.03440737711747,-0.3866726519487731,-1.199224849077431,16.60348550086508,-31.452616956404093,16.05612730605026,25.708748818741817,11.450231148784646,-26.276188786826406,-17.371153814601694,-8.418323932149474e-05,8.337595004140125,13.828193935851319,-0.13174873507838647,3.3632481801042773,11.311438320974732,-1.3741622017681279,9.529256580330246,10.659272856656479,-22.26443589404688,2.1545644191251863,3.081831352820737,2.2160376566245357,-4.939142780881449,-1.5000873974854712,0.20260561281866152,1.5817439553352657,3.849429496675934,0.007597273777654521,3.1146380388849417,9.700970113269037,0.28476398901912625,4.982833934338208,12.989158220613117,-11.645196595198973,1.5560396412115973,2.02858522547242,1.8827216055665053,-5.068181448670067,-1.0225980893198086,0.06990283771406933,1.0059871361526114,5.436337546122115,0.3190584934652371,3.293856821357417,10.849492759602787,1.903073963368646,7.437597387027969,20.010009496574323,-6.979043491208004,1.7736386912960778,2.3809830005795733,2.0888450771332057,-3.9681043598332373,-1.335220813041901,-0.11352131170141977,1.0457621875376724,6.041013497541313,-0.7464358452138493,4.248795507460215,18.052263264214105,-0.010540898844982856,-1.4017211280818467,7.2,-7.1,5.782148652171848,8.3,3.794093686354379,-6.7,-5.2,-0.2,3.1,5.7,-1.055426464891551,6.031362393641929,36.377332323438104,-0.0016324416475577256,-1.3982721653258052,10.13274671842175,-10.10639316077193,8.186124966973766,11.782111988444822,5.388264929880813,-9.50249414220094,-7.407733416228576,-0.22640161766017872,4.374378572216246,8.064980781783053,-0.0020326844037010434,0.17525530762086564,0.030714422849284245,15.786754642579996,315.5940028307049,3.4870483892204507,-0.5778264443710913,0.057384357874329536,0.07672939430298702,0.05871903945735955,-0.12260026211258188,-0.04147988087699231,-0.004547862749958803,0.03524951342599471,0.09971131546229114,-1.4919604446578079,8.598057050026293,73.92658503550685,0.015065936717732249,-1.3987041206396722,14.202391101991841,-14.095852400597533,11.683292010726047,16.551476010747603,7.689737469198904,-13.433065162852612,-10.398745655046485,-0.4622878614389504,6.152730355701118,11.739381846354336,-0.015729616666869065,0.1361077631019393,0.018525323176613633,-4.175876847889239,30.499949543820442,0.2803271888536248,-1.112137179291489,0.07555235362088165,0.10195602314686605,0.0776302659125817,-0.18540416917125283,-0.052968732524562835,0.00019055224112177194,0.048987290622303226,0.14073019973912712,-0.002988044480683712,0.16716731828948977,0.02794491230409958,10.577178293506515,148.21005361686267,2.3254438710147243,-0.4958844335428748,0.05537470079087806,0.0746496442200309,0.06208363910593651,-0.11653223203339944,-0.04515589424234174,-0.00648702632212735,0.02949374997768916,0.10139884149522259,0.009128929654981422,0.18085007777255901,0.03270675063034064,9.147190379481827,98.29829776818299,2.1561164916497173,-0.30293115904416396,0.056211175286361915,0.0761287438108843,0.0641005427930113,-0.12094512378988442,-0.03699839360710434,-0.0024268580961188716,0.03913035020377996,0.09203510304419384,-0.4292260692464358,3.6754942325039335,13.50925785316968,-2.048420856073859,3.5294651446999312,3.9,-15.6,1.0378215529539212,2.1,2.4245417515274945,-9.589999999999998,-0.5,1.1,1.6,2.3,-0.5945512591464579,4.1552113441501275,17.265781314553912,-1.310247086607783,0.7930107176578534,3.939185333619853,-18.725296215810317,1.4700592745449304,5.1604660864734075,3.2314714100893114,-8.954269899678785,-2.9841925385004364,1.498629034743543,2.176273547972971,3.105634087888435,-0.1502712966955434,3.0975624373210073,9.594893053102059,0.14177742340112262,2.995564556548419,10.70754345742828,-10.87764717770282,0.5157824512460444,0.7195570144115442,1.7029812412308625,-5.893069280894303,-0.45012168548008474,-0.026964196524031085,0.26943532893145944,6.704360995254457,-0.8062469700909526,5.50701397349567,30.327202904276565,-1.1185004450089684,-0.06036930762664294,5.092492844500092,-18.955254014973477,1.7896885603671437,7.986416139845254,4.470774815166066,-11.914771558629528,-5.018550835363012,2.229961717548959,2.9678653044822414,4.131250322956225,-0.010399467153551611,1.9750979473887076,3.901011901779086,-0.28257455805518505,3.601193750252203,7.337495118120333,-8.032513863885319,0.8337939194014697,1.0898183022262475,1.2143858676926689,-3.973454440417063,-0.5218495451980922,0.06359735714356266,0.5679687570281553,3.105541780953315,-0.21022785451907283,3.661502305411823,13.406599132536096,0.00477155236569298,4.081934438546995,12.859047904674135,-13.64071124910758,0.26281641204768147,0.3361766117227676,1.8209775235130579,-7.506660656482314,-0.20193960287089885,-0.018543273669060882,0.13423700885186873,5.988544191889419,-0.06417222534621297,2.3557089219797276,5.549364525094891,-0.6072413902524894,5.283235952503315,8.306553104259665,-10.52323174630118,0.6672926680210767,0.8842129506560334,1.2635267532633103,-4.59128830607766,-0.41247139549883205,0.009268720106410042,0.4717415551572014,3.3223850432479334,3.266293279022403,3.063106510462129,9.382621494435481,-1.6215183839990572,1.8562584493943985,6.5,-7.2,1.3343419966550423,2.8000000000000003,4.1212830957230135,-4.494999999999999,2.4,4.6,5.2,5.9,4.621508287331492,4.298666493332384,18.478533620898535,-1.574289813325552,1.6706760280320854,10.245420726236029,-9.336025787761924,1.8690621258080622,4.0264634030317845,5.812836122842391,-5.983212037780329,3.3782884697965567,6.516456771721718,7.404751872828341,8.374659185023262,-0.03604250743718069,0.415431480682677,0.1725833151422014,-7.5963018656714825,78.90770985547391,2.296764800263728,-4.404614897081688,0.10795512312142191,0.1451976691327897,0.1439388427372116,-0.26842404537639736,-0.08321471552097678,-0.004747689208729715,0.06198295361181292,0.2647528252540333,6.541755532884426,5.988280085190461,35.859498378688684,-1.5108733638004457,1.4988879075395305,14.975624200457876,-12.754863345056075,2.5821792728604667,5.636849980602189,8.154479113365337,-7.5166598156477935,4.79197088815834,9.23654136029076,10.428820868760528,11.798063749054826,-0.09107404005028484,0.8057738174815343,0.649271444938765,-6.539421920027944,46.147648674482696,0.9170620927577687,-6.346136786757222,0.1804738266392813,0.236144282928975,0.272540117271493,-0.4279302046681791,-0.1177743925664197,0.007028351863039057,0.11836989036255528,0.3809322033430908,-0.0498160594188712,0.46977961275576635,0.22069288456095779,-6.11452571481807,44.1441018937197,1.5669908936671961,-3.6720932843358405,0.11058198348323353,0.1490029957221039,0.16220212274883522,-0.25990532103892355,-0.07966032413744349,-0.005669181022897631,0.06934267158466041,0.24460214906322314,-0.05120773129568695,0.34336864213264723,0.11790202440001797,-2.7840023844478217,14.077969684109178,1.3813282208038562,-1.8765303904183797,0.12987718191457742,0.1754592018577953,0.17091966437370137,-0.3802699266154752,-0.10223517546508118,-0.014044416117162593,0.07322402639271412,0.26674175844758535,-0.0018293619890194296,0.2794732052011077,0.07810527242538044,-0.3809940308303111,4.760673700112743,1.25051,-1.727163,0.06432269724986554,0.086829,0.15126371592751686,-0.52043125,-0.044849,-0.000632,0.04198,0.5315577499999999,-0.0025889835051402434,0.3800555971562766,0.14444225692981402,-0.22608813064910235,4.301112348584653,1.6552479880195377,-2.215224834079211,0.09081843379095572,0.1225671427369028,0.2088832886178549,-0.7047812074644809,-0.06365128011846197,-0.0013790295890055398,0.05891586261844085,0.7331543703697425,-0.00015655392344767226,0.1084206947281446,0.011755047045333523,-0.10521511786164639,11.944159006803282,0.8354642643178182,-0.8432456585702789,0.007643977824626126,0.010298907748378763,0.046516876557263574,-0.15657256916168322,-0.005120232366081234,-2.516041777400656e-05,0.005178675382297529,0.15588688169843729,-0.003666418092316498,0.5305325688782484,0.2814648066405534,-0.17003231928007068,4.100502173875734,2.3131591986685085,-2.7642244856572575,0.12785893014787633,0.17237695312355605,0.2928096943237243,-1.0202034022238449,-0.08937242964538245,-0.002285428288446697,0.08300452347817362,1.0275528469867041,0.00025877654595048404,0.08585326078248073,0.007370782386984645,0.04407195408350792,12.404718757435425,0.6645944125627766,-0.6864439652763638,0.007271778412466394,0.009803055161273682,0.037676735384872685,-0.12364229229482926,-0.0048625839638084985,1.412407806045189e-05,0.004940471197465183,0.1252089706877117,-0.00022133594773868074,0.0756515407439559,0.00572315561693442,0.05017859116852517,11.591013358286057,0.7393491554793982,-0.6988767313207465,0.007672935066526876,0.010367582222605351,0.03422546948553634,-0.11672457315667084,-0.005274068068005738,-2.709574782278835e-05,0.005093514154599613,0.11604565330986266,0.000573720307073584,0.13335141589524074,0.01778260012126547,0.059076078802450346,11.119403736234975,0.9645799216593595,-0.915093842315506,0.007564553009089055,0.010195073719880023,0.05665437719414261,-0.19137638974536728,-0.005079404933993497,-2.6439744063331997e-05,0.005115668785886525,0.19441564740690934,0.00413412182459534,0.4896404336258467,0.23974775424130718,0.6149099026041983,4.480688276912349,2.899176,-2.396035,0.08293676810320337,0.111579,0.25893882947401364,-0.869834,-0.054805,-0.001089,0.056774,0.989525,0.005853101814162488,0.6635310630153742,0.4402734715863125,0.5450804848243177,4.0936074788348265,3.60545028116283,-3.196217403847183,0.1170354021717225,0.1574888513139784,0.3555525778345736,-1.1891380743539601,-0.07717291028107517,-0.0016916493447228934,0.08031594103290324,1.375303442460381,-0.00029002102014915714,0.19794343393311248,0.03918160303723246,-0.10442943084609344,15.901058251928141,1.6936974918487975,-1.9746625022621673,0.009025713713075268,0.012166134441540556,0.08180996771827115,-0.27645485769122347,-0.006116404934192951,3.7305566347644085e-05,0.006049729507347605,0.273096060536556,0.008295846204834045,0.904024168642893,0.8172596974904739,0.4906370898281568,3.6266564468161597,4.609706444067606,-4.485139508370365,0.16383251858944434,0.22060398156130287,0.4921622316286294,-1.652739955214355,-0.10683127836039924,-0.0020519314398377473,0.11377270320090363,1.8941996504212175,0.0002599967976621446,0.25127500182796936,0.063139126543646,0.13898424285595345,8.616707205338985,1.755450733499041,-1.7606544602072223,0.026474846561764284,0.03563759861616115,0.11766607906541601,-0.42516940432379857,-0.018270564043651877,-6.094494187889373e-05,0.017367034572509273,0.4163051150819851,-0.0004107360866193221,0.19491984666989667,0.037993746625816026,-0.2222024319994827,12.555999300582037,1.6771982562000298,-1.7013074415628586,0.007426123327687629,0.010017038023752131,0.08293353893318034,-0.2911523632952025,-0.004931114951030389,8.770492374989366e-05,0.005085923072721743,0.29278880267156804,9.271845019279974e-05,0.20088826010960206,0.04035609304986313,-0.1246326444865023,14.920218472049559,1.623867612329481,-1.729943846554552,0.010147996419125272,0.013689935783048956,0.0828071221107024,-0.2833887237254148,-0.006797829716741326,-5.545048370471915e-05,0.006892106066307629,0.2797140499356421,0.0037184166785196146,0.14741905269775407,0.021732377098303196,0.03675650696380907,7.7905077202136255,1.295682,-1.014794,0.02008481225409539,0.027096000000000002,0.07263996357352147,-0.23959999999999998,-0.00985,0.003758,0.017246,0.254435,0.005260048832590539,0.17418925877391275,0.03034189787220514,0.01185132371820976,7.236906168041223,1.2162697921674333,-1.0826921728533294,0.026806136242797245,0.03621112854045597,0.08603059097521758,-0.2733011505401697,-0.013053844406765474,0.005263467210731334,0.023157284133690496,0.2947935312077933,0.0005456816999047273,0.11453766490613762,0.01311887668215067,-0.09780179031529156,9.761796330661603,0.8215265809212059,-0.96834544811085,0.0076719259377948466,0.01035027695001466,0.051258740638008664,-0.18170960878136116,-0.0050916920828433425,6.240074207430451e-05,0.005258584867171318,0.18372093997284328,0.007442798280283181,0.23913094195285375,0.05718360739925911,-0.01392474512061309,7.461320696497436,1.3912807480588703,-1.4726686301481178,0.03707703138126834,0.05000965253164488,0.11744342391819972,-0.3729602133770579,-0.017691179848574035,0.007638009741829447,0.03231847268307085,0.39652880809556096,-0.00013228637187916525,0.05907555535236563,0.0034899212401904157,-0.5078488161340124,13.699819956361956,0.4897030348927506,-0.5687524505668033,0.007387551939282192,0.009995957237512954,0.026948455988125397,-0.08597713373575111,-0.005017720811155055,3.859501294197604e-05,0.004978236426357899,0.08962676920435492,0.0007715260966065646,0.14557906639027235,0.021193264571063325,-0.15810182108270396,8.95419754124191,1.0201793123809089,-1.0122083969315965,0.008277357368124752,0.011168556512861246,0.0655594901060304,-0.23445719356955558,-0.005427062550925182,6.838674022593928e-05,0.005741493961936064,0.24167315272749548,-0.0003392796452072941,0.07099224409195982,0.005039898721212404,0.13871675798781494,13.659475997329022,0.611095920666518,-0.5540047953311246,0.006790015409813748,0.009175186750485408,0.03052322015994678,-0.09950990051294704,-0.004652685278232497,2.1995738307988255e-05,0.004522501472252911,0.09857304979930205,-3.0238670952692793e-05,1.0935058019610993,1.195754938922587,-0.0003498644594880009,2.032391183661205,3.656204,-3.660234,0.7139330136002968,0.9631050000000001,0.7375463342815692,-2.12258725,-0.48091525,-0.000417,0.48218975000000003,2.121557,1.0052745697222317e-05,1.546314096246185,2.3910872842496556,-0.0004418335209570323,2.0364738137794838,5.1060742301454205,-5.170430569374534,1.0007241906854152,1.3503552402538817,1.0424134029395085,-3.003484566131985,-0.6743651939394688,-0.0007050220826587015,0.6759900463144127,2.9911912247325856,-6.716988544510719e-06,0.015893712167726434,0.0002526100864705353,0.524436470677953,37.759842531765365,0.5085141186494659,-0.31959236138097974,0.015555616921298906,0.0209797198590633,0.012381770676433188,-0.022961539149225624,-0.010605868124785792,-0.00015979012199661587,0.01037385173427751,0.022986868843056892,0.00016442312932434154,2.186051093236083,4.778819382238673,-0.0006175831426802087,2.0495024440526395,7.158981645382937,-7.248472008269494,1.373919099086842,1.85406026283573,1.4715712677691684,-4.202454675204883,-0.9240808359169719,-0.0013842708998184697,0.9299794269187581,4.219588464127038,-1.611818524231167e-05,0.05174058204024818,0.0026770878298636525,-0.0142726017009282,0.6734783892843077,0.3438747684207326,-0.4149279284822423,0.03767528395274495,0.050858711445093484,0.03850213103128106,-0.09551082051650298,-0.025503490820270164,-0.0001350848412589173,0.02535522062482332,0.0957673483547003,-9.641809056667325e-06,0.007515197050385803,5.6478186706127464e-05,2.675514851424388,282.77541790325427,0.3327093145370429,-0.24013289245473687,0.006365764583383881,0.00858620368517523,0.005467000721927803,-0.011141312282901484,-0.004285908725654177,-2.5420754495765355e-05,0.004300294959521052,0.011116382926480291,2.7427715525023624e-05,0.021184612294139735,0.0004487877980530165,0.39051618109620245,5.591559490133209,0.32575617312633565,-0.12091303707616065,0.02128801537067173,0.02858423518003495,0.01683789476384913,-0.03524422797520597,-0.014346382473807207,0.00020441944648630643,0.014237852706227743,0.03532993671094368
-5.209857723577235,7.557170609562407,57.110827622033845,0.7612209166263133,0.1423615000284908,14.2,-22.0,4.744327099217927,6.6000000000000005,8.327134146341463,-16.085,-9.8,-7.1,-3.2,9.2,-7.326274066924168,10.730557716783482,115.14486891322152,0.7863032041591794,0.13848418985655808,19.613113719306753,-30.116340362379816,6.905015809887514,9.127818699926664,11.80455819121505,-22.951750393664312,-13.789498826290437,-10.036081282203433,-4.661680126363773,12.966587633582018,-0.019622611034405914,0.6295581404698809,0.39634345223189427,-6.321524139706677,63.20077500102596,1.2768653115467592,-7.862879060660746,0.2760136875229909,0.3723301214895942,0.30361563128848174,-0.533259797520255,-0.1687962262663593,0.02501913332373129,0.2035338952232349,0.5793125169143802,-10.267755945501447,15.292173216391154,233.85056168011099,0.8068160654468137,0.14882864558690878,27.71113913877357,-43.38647441481201,9.892314504707176,12.943663226815785,16.755836175194048,-31.413544754106475,-19.58047770898841,-14.461638819337873,-6.6368144821726265,18.3446209046238,0.13360629980626396,1.1728393410704774,1.3755521199626315,7.199072852027313,61.903909273447184,12.558271299155525,-2.330447501606421,0.25947210048477487,0.35420048913255797,0.37481884789701314,-0.5024978640203777,-0.16002475121095763,0.008640811772040013,0.19417573792160037,0.49290918861817745,-0.027020419261535256,0.5975837889699472,0.35710638483967844,-2.2490139091939314,10.009140993002864,1.6514959504982436,-3.457347348521137,0.30590535188120205,0.42560609802958377,0.35198350062363515,-0.8485668285462923,-0.1816988085183941,0.0029208824460661784,0.24390728951118967,0.6859379422005988,0.065599205270219,0.6514993960523354,0.42445146305655784,5.6206056859797835,42.99959943589131,6.337413849152984,-1.018438053474366,0.2930442744301314,0.38835567783762415,0.30771763079870107,-0.5239617127535998,-0.20937807847010526,0.03191659436328843,0.1789775993675189,0.5338016904947102,-150.1053861788618,14.53360073269422,211.22555025736997,-0.3497713111422879,-0.6573475308606991,-109.4,-190.7,16.086234070785732,22.224999999999994,150.1053861788618,-175.9,-160.7,-148.35000000000002,-138.475,-129.715,-212.19034849024075,19.53841404083752,381.7496232311968,-0.17676451290250042,-1.0597042660143738,-158.69844746912662,-252.1814034648943,24.396459346785047,34.60712545157179,212.19034849024075,-242.90238045759008,-230.74522579319023,-210.1516644165163,-196.13810034161844,-185.01485935647943,0.02032638637533505,6.319291857143664,39.933449575762225,0.0702497210584186,0.9775577770748582,23.637016977929434,-18.63398714175068,5.487341164346915,7.324246476375565,4.778354056847728,-11.006588048897706,-3.575463757596986,0.24504103169148905,3.7487827187785787,10.465692484457199,-299.7680249802234,26.80400316940443,718.4545859054427,-0.27679379120223735,-1.0935137790357234,-230.13508496569855,-352.5671249315621,34.35653181205924,54.754424977121005,299.7680249802234,-341.7321623700933,-328.6249737367903,-295.6556277092107,-273.8705487596693,-265.85932304266555,-0.31101073109532,6.574726076654029,43.22702298303448,0.08437842854319474,-0.37227872568133824,16.076745700345423,-18.404332714455194,6.706991674331289,9.040103091945397,5.328123828408662,-11.226421640271555,-4.870648140333904,-0.2804567886976308,4.1694549516114945,10.857310302021375,0.020508586210069894,6.7287894080263735,45.27660689756791,-0.3407616327645116,4.121291739003296,26.009777910704845,-24.65495778933411,2.364952918344293,3.177985212594324,3.9395639799108952,-15.46136799717274,-1.2492520872046402,0.34071816642837316,1.9287331253896836,10.048001831351336,-0.33327881147851374,5.778952029780343,33.39628656250235,0.028487175128469083,-0.07636649810165252,14.775190787170793,-15.885417574189615,5.907307253726952,7.905502201548715,4.674870093081685,-9.528985562089044,-4.330885999652507,-0.49168649417737187,3.574616201896208,8.684139309968993,-1.9829268292682927,7.433573939564417,55.25802151497125,-0.70255977749537,-0.3317654430953678,10.3,-25.1,7.561271314378569,11.425,5.945121951219512,-16.185,-7.425000000000001,-0.1,4.0,7.3,-2.822866595620381,9.991320087722643,99.82647709533002,-0.4291124838795054,-1.0910810301411695,13.166083876255936,-26.409390997448,11.17729340921007,17.95813945150259,8.301283151850058,-19.548427484206872,-12.226877721252794,-0.07638555014131734,5.731261730249796,10.098071681119048,-0.35883946260084665,3.183783790008638,10.136479221521768,0.1369311286606394,2.9299875174149896,14.206194092742368,-11.384547921162843,1.8335954076323253,2.527549774027607,2.132392712470938,-6.25902686449306,-1.4778455993222677,-0.12788083802564393,1.0497041747053393,4.266101452110543,-4.038495434631301,13.77546950233125,189.7635600096584,-0.38655845892976604,-1.2203906112486613,16.035055814803847,-32.30326031261036,15.84335665343269,25.92550402134703,11.530861807459988,-26.847935399222656,-17.961042985184584,0.25963994173624416,7.964461036162446,14.051396268781275,0.05980065116188847,2.8477769378332445,8.10983348765489,-0.24415845213729503,1.9237113331037046,9.892888574785767,-10.340322036495166,2.5184834376793277,3.422561772850676,2.141455597906912,-4.311377266897822,-1.6713419124783484,0.0699561637157542,1.7512198603723272,4.260169237067087,-0.5011389378205959,3.443603844393427,11.858407437121192,-0.4952617779227546,3.4795496145883957,10.932905630712302,-14.828011936161957,1.0866270056263363,1.461727965194029,1.9926883591193771,-8.247379545488858,-0.9583481826056444,-0.16356536089168083,0.5033797825883845,3.7652601398428214,-0.21510638941558663,2.8444632908594283,8.09097141304685,-0.8122634553601481,3.815511493758592,9.984677572907524,-12.81555217387155,1.87478829105183,2.474785057952587,1.9493902406871209,-4.873456882026776,-1.282834867271402,-0.09681672362721327,1.191950190681185,3.93722355019755,-0.5738821138211385,4.26620520842725,18.200506880411794,-0.10806441082676356,-1.4740158537265529,7.0,-7.0,5.559758319396007,8.5,3.8356707317073173,-6.6,-5.2,0.15000000000000002,3.3,5.5,-0.8122196307375614,6.053582844229162,36.64586525194563,-0.09797758974486383,-1.4754016752118062,9.841325795037806,-9.83326323216034,7.986835278609352,12.129430721744342,5.446880381411108,-9.35738465298578,-7.420599990526572,0.15712521871760476,4.70883073121777,7.8188178909392185,-0.006463798863666755,0.14530875538611043,0.021114634391860482,-14.50868724791837,283.8453715262176,0.6955898421584192,-2.8236637938804545,0.057763840971605356,0.07948249036143977,0.05443235281064474,-0.1004715099972782,-0.04034073212002359,-0.003093864685870251,0.03914175824141618,0.09025474954276202,-1.1722408570933889,8.622319276381907,74.34438970386702,-0.07874869644193663,-1.4725980428743284,13.82205463062323,-13.870436096943978,11.483973526035857,17.42258625863053,7.75202034364429,-13.153206307227716,-10.78678188742278,0.18358254424033335,6.63580437120775,11.251679447514297,0.02076621172736,0.29720012854918704,0.0883279164096533,12.658938360943067,183.79497582847844,4.392128836392008,-0.764083017604219,0.07397912015878672,0.09508097114557817,0.08560863231799393,-0.1273897438928328,-0.04920643849536318,0.0010600938141081817,0.045874532650214996,0.15195482441890318,-0.008265457270197505,0.11915060606984026,0.014196866926810254,-5.541699065963189,52.8653384905111,0.5233503111503031,-1.1067081989637428,0.05070659002693155,0.06874315629648367,0.05615813385608636,-0.1099327747952045,-0.03720228809429909,-0.002109903698507368,0.03154086820218459,0.10094066720068054,0.011326470473479499,0.16635710412922253,0.027674686094260985,11.517404753942992,160.711785316341,2.3786525315323868,-0.3368777972753196,0.06009430440959788,0.08262438239424665,0.059917937143904906,-0.09506534542868801,-0.0428445519235025,0.002600870281235674,0.03977983047074415,0.10422914065477087,-0.383130081300813,3.559343018439815,12.668922722916253,-2.0269450365901673,3.407979940876867,3.5,-15.9,1.0378215529539214,2.0250000000000004,2.3686991869918703,-9.084999999999999,-0.42500000000000004,1.1,1.6,2.2,-0.5308789898585861,3.914517487718698,15.323447161655507,-1.1253453163948868,-0.08213571463897651,3.78534658725792,-12.696719366139995,1.548277878840551,5.290560522820913,3.135237597369919,-8.408868661346505,-3.0677713942810296,1.4790886657798985,2.2227891285398838,3.001923705616754,-0.18822623257407736,3.138169524278786,9.848107963112144,-0.09311153595908886,2.3658539029401533,11.444650891453573,-9.779403821582513,0.5447218040697014,0.7401778899493265,1.7764204387766667,-6.409044235617438,-0.4697514259995563,-0.022823644850882313,0.27042646394977027,5.71427296958615,-0.7127384666982424,5.312423201285838,28.22184026956007,-1.0666774570430613,-0.35545478875306324,4.900361008752851,-14.410169315420665,1.395800343900445,8.057255415275295,4.345250720232217,-11.56863734593755,-5.0970486168863065,2.3723492488736833,2.960206798388988,4.045255826046998,0.1187461933012121,1.449308429403387,2.1004949235397126,0.700907545537544,3.6064919540568727,5.802582754979125,-4.901609787938522,0.753209941736992,1.0429947612942274,0.9142632752295692,-1.9344044965786988,-0.4583739100173385,0.018645682478891652,0.5846208512768889,2.955848015855222,-0.2628893284927313,3.6744674463924754,13.501711014598039,-0.7292834028839038,4.0329515606357935,10.50589479539409,-13.907848883390121,0.24035153593164266,0.3224371211966459,1.8172277047765348,-7.715733911627687,-0.18441586255995873,-0.02116595778904333,0.13802125863668718,5.979827492596698,-0.042144973138134804,2.4328999469819186,5.919002152024621,-0.9140782391375577,7.225666850984144,8.24307129509963,-11.186040637252972,0.546078670295502,0.7295204914735356,1.2187150959437545,-3.1340273910000134,-0.37454400197787563,0.017358452324979817,0.35497648949565996,3.8747119792874036,3.1753048780487805,3.1867947025428336,10.155660476155067,-1.6031570834309419,1.908059958416045,6.5,-7.2,1.3343419966550423,3.5999999999999996,4.106605691056911,-4.784999999999999,1.7,4.6,5.3,6.0,4.491121941721673,4.4741197343278705,20.017747397102095,-1.555889902721386,1.732293225225611,10.195029724890695,-9.729782643817856,1.8339495862518258,4.987180928235064,5.7883259026999,-6.634452107894983,2.4464499455740163,6.559833152877318,7.433630873809081,8.37930839909173,-0.046708833520313194,0.42397353273588145,0.17975355646054353,-8.388949634694102,81.84071159389934,0.6653933932680802,-4.604848005582322,0.10623293796172326,0.14708648285108755,0.14942283901176687,-0.2847899763179093,-0.08172384375080431,0.005133525062670619,0.06536263910028323,0.2242422483333184,6.356121834441847,6.225792651781057,38.760494142971005,-1.6243428559645041,2.0903214226513542,13.849001479935458,-14.60501697776389,2.6957898926949766,6.7530620063318025,8.11157593563067,-9.052720849639726,3.6503604538685686,9.162985022685408,10.403422460200371,11.78922617627834,0.1045452172420773,0.8696458088421241,0.7562838328366722,6.247332295612167,43.01913239965641,6.76885256728334,-1.3033971708253387,0.15508926815007656,0.20727250458076907,0.2815326937064039,-0.3672769828588148,-0.08672796042368908,0.017713324837155597,0.12054454415708,0.44934324237734125,-0.06508668269239645,0.3387362211859356,0.1147422275433271,-3.9929248300936973,17.692325300299437,0.40215060329362656,-1.9620128244869557,0.1053176515071943,0.13927837696010698,0.15660638555795847,-0.31064289436330883,-0.07858378352082673,-0.007974865763625712,0.060694593439280256,0.21238825302622688,0.05536284198689996,0.4865913167177728,0.23677110950513586,6.067649664370991,41.14980074198678,3.7693375089273387,-0.46591213137728266,0.14344359243880284,0.1929996214193196,0.18550756647496774,-0.31575051383439834,-0.09906667614757109,-0.0025283634471592225,0.09393294527174852,0.35019483089854836,0.0006105834037839256,0.27384349553408793,0.07499026004632803,-0.4662174651905586,4.240551624351861,1.128676,-1.600516,0.06537979263166004,0.088195,0.15172289463020727,-0.5245022500000001,-0.042531,0.002815,0.045664,0.5254515,0.0008608963694955114,0.37238311832668103,0.13866918681470292,-0.34597686969623415,3.6946728992912323,1.453307111790262,-1.8473805950368487,0.09199424689951696,0.12407149207350385,0.20941563299549024,-0.7115780167109098,-0.059838451102868555,0.0038728837835800846,0.0642330409706353,0.7319619941106379,-0.0002880947587684318,0.10629396623506632,0.011298407257981419,-0.08215359983453681,11.447009975703153,0.8775172764751352,-0.9899600495360144,0.00814910545186778,0.01098054079386695,0.04687567427109532,-0.1602894264749063,-0.005618619472317387,-4.438452940903979e-05,0.005361921321549563,0.1626031793911259,0.0012099423479389733,0.5194738671088542,0.2698530986090275,-0.2953693650368472,3.4974694558591795,2.102105665901224,-2.4031683903402157,0.12985370188299142,0.17522672281296556,0.29362961045462205,-1.0382985649158576,-0.08436815053130012,0.0057614373473439074,0.09085857228166544,1.018816948311417,0.001780589770522896,0.08622486924433698,0.007434728076203009,0.12961173239723625,10.184649998903287,0.576569231278279,-0.6945661554888737,0.007429198901911386,0.010047581116927716,0.038675551758903054,-0.12304804356094616,-0.005112452290027903,1.904536901410842e-05,0.004935128826899813,0.14012543438952996,-0.0004071394685005421,0.07736807003513857,0.005985818260962107,0.007117009805701843,8.993583778947702,0.5634638080886359,-0.5398989583467534,0.008001103040499809,0.010788581972075986,0.03578232782207349,-0.1256962580938605,-0.0055076574862189,-4.163755997131797e-05,0.005280924485857086,0.12146028876412363,0.0005084819429848932,0.128867332732348,0.016606789445549688,0.05506473506437262,10.401806784968906,1.0110857548189112,-0.936515560133901,0.008126619422559963,0.010971373128365821,0.05677249067140809,-0.1947054452683336,-0.005557373106355575,-4.4773630629423586e-05,0.005414000022010245,0.20329787561319276,0.005640703597353002,0.4711772470251433,0.2220079981141929,0.5853854713629492,4.082814834940493,2.512466,-2.170053,0.08516215403318028,0.114703,0.25367022264816486,-0.8477830000000001,-0.054685,0.000413,0.060018,0.953774,0.007980116239021515,0.6402126665199781,0.4098722583726207,0.5052467701700492,3.5850522968604333,3.114158486513783,-2.7287882462328783,0.12017132005378127,0.16131212992180022,0.3497228204730685,-1.158547375077173,-0.07705976235231325,-0.0003396523462480801,0.08425236756948698,1.337828476086965,0.0011539819505740744,0.18467183915768665,0.03410368817788249,0.02016266783070283,12.53622728613147,1.7301465342495705,-1.6044743217228388,0.009380195382839126,0.012668149051738676,0.07925600786119008,-0.2668391493539312,-0.006350296528148096,3.204370172043658e-05,0.00631785252359058,0.2825885636411726,0.011294200456610677,0.8728217423822342,0.7618177939751591,0.4411000176880105,3.1788255871260684,4.125232027923847,-3.934060248852319,0.16815766039251653,0.2261014820910413,0.4839166285715707,-1.6126579717020508,-0.10663043068165035,-7.808115197635362e-05,0.11947105140939096,1.854985919947239,0.001153691934715114,0.24037989841218318,0.05778249556065151,-0.05099346396207688,8.203826894730753,1.5143665667393376,-1.786668210105241,0.02767636652739636,0.037369138938958414,0.11413460795878386,-0.38956486290701026,-0.01854790008881079,-4.275974961989487e-06,0.018821238850147623,0.4053156221760862,0.001631730707546159,0.17319907544448687,0.029997919734825053,0.1421292226004543,8.193840768723542,1.1202510244037327,-1.2600852276998475,0.007931686220948619,0.010707786457708403,0.07841238009043802,-0.28351297070432924,-0.005341010486887877,0.00011090404379003466,0.005366775970820526,0.29789165857732347,0.0021149906710328284,0.1954304765409559,0.03819307116102512,0.12490291432557218,13.883782892688927,1.6996945560610621,-1.8959391614843955,0.010454024640964852,0.0140891036978281,0.08197103090779652,-0.27182432022083297,-0.006861320807202542,8.356571604472424e-05,0.007227782890625558,0.2856333179081222,0.0036584719703815997,0.13414912889895925,0.017995988784349586,0.05014775799612063,6.565892020516369,0.896934,-0.858875,0.021161181464730457,0.02865275,0.06810641471591405,-0.22393575000000002,-0.010515,0.003456,0.01813775,0.23683500000000002,0.005176770107928549,0.15890786755457628,0.02525171037074276,0.06656591164863898,6.878021081287175,1.0710016145712387,-0.9493405002030809,0.028118712688568706,0.03800423067942711,0.08089129407728868,-0.2611989473367825,-0.013650057289773039,0.0048143578775612615,0.02435417338965407,0.27615277331302324,0.0004721400748843341,0.10361948634436514,0.010736997950270074,0.0660106757344943,8.38296171229477,0.7857048047998599,-0.6737049885283263,0.008766036019256329,0.011839347470549372,0.048035567756917676,-0.169549390277451,-0.005835689749642329,1.251997154771414e-05,0.006003657720907043,0.16929634243532554,0.007329415801606373,0.21712668473415206,0.04714399722364386,0.013272276970916475,6.990824531484591,1.3282666432125163,-1.2234862075271338,0.038762074110551596,0.0525047633816419,0.11035985756289189,-0.35319955967114197,-0.018497600193535517,0.007023830512182038,0.034007163188106385,0.3708509809388748,-0.0010754517169849556,0.05787790309103562,0.0033498516662153104,-0.4599914829722667,9.80477320711971,0.41132753454157,-0.4275212626044906,0.007671471613497005,0.010329997661357317,0.027328347236365628,-0.09297142350552483,-0.005119913419617377,-4.98194395193761e-06,0.005210084241739941,0.08694657641595005,0.0006678923000088423,0.1292853744291123,0.016714708041275766,-0.017688739217322696,7.832978018351632,0.9362338775014433,-0.9396865869513432,0.009118191698601773,0.012360988820183934,0.059645907869397156,-0.21586770208370765,-0.006028748023787956,3.8510330306353255e-05,0.006332240796395978,0.21631236851841762,-4.182875676021538e-05,0.06896040174597781,0.0047555370089666605,-0.024530767628030144,10.507331244512601,0.5486680923355859,-0.6350407787761353,0.008127048472211967,0.010965575324208094,0.031678972998489846,-0.11102367264152163,-0.005455253024802997,-1.9586552776281415e-05,0.005510322299405098,0.10786769827949946,5.505490773401705e-05,1.133469564010028,1.284753252537083,-0.00013866557812726451,1.9159302821213648,3.840513,-3.84357,0.7259635893023605,0.979598,0.7648628717750635,-2.2034000000000002,-0.48873975000000003,-0.000807,0.49085825,2.202357,0.00012354634366560646,1.6028294395069922,2.5690622121502984,-0.00021604699238569265,1.9199900648804356,5.41279269661239,-5.404430005631328,1.0165026500367123,1.3709242072329832,1.0809994047330869,-3.116023752566399,-0.6851917966465848,-0.003633748994819546,0.6857324105863984,3.112411025485048,-1.5513164971481485e-05,0.015720075630514297,0.0002471207778290894,-1.15957444095049,32.941039377984396,0.12132974237639492,-0.46968701307387783,0.01527002994179024,0.02059275991703588,0.012402259027926837,-0.02285300389050747,-0.010361011790445216,-8.481324688465464e-05,0.010231748126590664,0.022928116254978495,0.00030212241975107964,2.2659955609991163,5.134735882467699,-0.0003575400514019947,1.9326201689997724,7.5795905617420045,-7.594938209284397,1.3956373851344133,1.8804353094629844,1.526248108068764,-4.3984806021535015,-0.9391713754779618,-0.004228595694064537,0.9412639339850225,4.392235559778959,-9.997379405467368e-06,0.05095666691477051,0.0025965819030628673,-0.07222643605808024,1.2954058786956297,0.25712786837166274,-0.5841434579397078,0.03656758016800206,0.04921279183916497,0.0381955579606034,-0.0926014284576899,-0.02463851706852635,-0.00024050935729535722,0.024574274770638622,0.09353740874560523,-2.2486700617274897e-05,0.007210322187560908,5.198874604843312e-05,-4.082874236312035,135.89906762388475,0.07329892891113506,-0.25861966689570853,0.006310279945163521,0.008505673233197562,0.005390056786408138,-0.011016339371518689,-0.004234233254222,5.389066376071188e-05,0.004271439978975562,0.010975420649678914,1.0784986668894286e-05,0.021031152602802566,0.00044230937980236913,0.383126263202519,10.594109636673174,0.42611259448111405,-0.23963798494847352,0.021605144817177464,0.029173343524869437,0.016842797983416605,-0.03468935794393258,-0.014664287575888646,8.441016049406919e-05,0.014509055948980793,0.03479473554282478
-5.428848114169215,7.607973284041694,57.88125749069216,1.002799427214271,0.17208215624834233,14.5,-20.5,5.782148652171848,6.6,8.653109072375129,-14.6,-10.2,-8.8,-3.6,9.5,-7.638862989168321,10.79291421651817,116.48699728512001,1.0203811535847016,0.1914420040063849,20.509538732334146,-28.538087183425237,8.41289268003056,9.283414773996457,12.251604744665377,-20.68646680352442,-14.34006738626422,-12.540534794009083,-5.056652612267763,13.383371568600202,0.03618496905967521,0.8148049838529916,0.663907161711674,6.05544353814757,72.69369499678517,10.848982768267748,-3.6149981716251816,0.28511387458571835,0.3761270584762017,0.35955506409773774,-0.7637871508425549,-0.20905618583726288,-0.004602856799325872,0.16707087263893883,0.7717984373236957,-10.675815638865187,15.404217500841302,237.28991681322546,1.0491828588213163,0.2055717991262247,28.991496620632105,-38.977195316443286,12.061588934415376,13.33051745010656,17.374019142915092,-28.904802458558265,-20.41239994272821,-17.793246254334814,-7.08188249262165,19.392963217050227,0.04585662671852147,1.1813834628612523,1.395666886322044,4.1720352914208085,50.13494730445068,11.958356682967004,-6.321429977995479,0.3031618776718518,0.40123916682195704,0.4313393517068159,-0.6038144077850643,-0.18448144219036267,-0.0024195139896343587,0.21675772463159437,0.6064664079340485,0.04997941630655472,0.7225896585813729,0.5221358146887451,1.0354963299053312,11.966621743562829,4.577000596990064,-3.133479853441473,0.2749212576151717,0.3786927732534993,0.3859644900028951,-0.6708832375282366,-0.17074183672493337,0.02550368873197856,0.20795093652856594,1.009567142368139,-0.10902531703533971,0.8822078064913864,0.7782906138343435,-7.219152258648519,68.33335656525371,1.5277511708590883,-9.931810936169844,0.25855754953453947,0.36067927354807733,0.34388947127807634,-0.662750259859485,-0.1966387207921964,0.01251262668034137,0.16404055275588092,0.4772357972123052,-149.91202854230377,13.802121232735947,190.49855052314047,-0.3019104545086538,-0.4846895579692285,-109.0,-190.5,15.270802850607717,21.099999999999994,149.91202854230377,-173.9,-160.2,-148.9,-139.1,-130.6,-211.8980568514709,18.642298288701767,347.5352854849328,-0.17222782241058854,-0.8253831223288923,-153.09902573662012,-255.6825673132787,22.381764132618063,30.769174663952896,211.8980568514709,-242.47487257492844,-227.22945060089944,-210.2329589241903,-196.46027593694654,-186.49975635826118,-0.11081877197481402,5.717276277430797,32.687248032472944,0.1732419445882447,1.0702781944747244,18.950764408123888,-20.18938772490924,5.37132061948314,7.246458389234564,4.33405274954442,-9.036313715995245,-3.764950575187868,-0.2335077366292886,3.4815078140466964,9.529902879537929,-299.4159582419473,25.375557122601446,643.9188992824089,-0.25227803698322665,-1.0014008647645984,-240.4759263162749,-352.3713965059903,34.85495536032283,48.11249282514382,299.4159582419473,-341.65641643262296,-322.03083946213144,-296.9814798641616,-273.9183466369876,-266.77272353783076,-0.15153521663834335,7.003377870848469,49.04730160189004,-0.0743120760822861,-0.6741859370550065,16.348757029029013,-17.115933572343327,7.908220792267663,10.634047542936633,5.749702134578128,-11.624731150139274,-5.3975015462245395,-0.05666449645601723,5.236545996712094,10.769140799428348,-0.1572857662504885,5.1080899608212444,26.09258304784278,0.2366421561819621,4.68405150005486,21.16231764971149,-19.485556165582942,2.1317747672463914,2.8269044592184507,3.0448008750685354,-8.857929116533933,-1.5450049798293042,-0.3127676821487614,1.2818994793891463,9.301206899043622,0.38356257350989115,6.194701419121784,38.374325672069446,-0.4275899448334755,0.16279059044512145,15.834404831620496,-18.531430533459037,6.602716115588298,8.577289518067019,4.9176568725310235,-9.941777657462218,-3.4394010729274838,0.5182107813253507,5.137888445139535,9.585187266747218,-1.6292558613659531,7.581503483015446,57.479195062975336,-1.1116558460247967,1.4264908466874413,12.7,-35.2,7.116490648826889,10.399999999999999,5.798267074413864,-15.5,-6.3,0.2,4.1,7.5,-2.3206747778709094,10.01966456277842,100.39367795059766,-0.7276744444024142,-0.2254302903786689,13.161310121278984,-33.28026110180283,10.216535893150333,15.96693571074162,8.069967048871646,-20.225169794514596,-10.14093485544498,0.4321417552775934,5.826000855296639,10.246114504339099,0.060572729012741806,3.734079198747317,13.943347462517405,0.11088825731955933,6.9305597455238726,17.542863146315046,-19.068200495909796,1.8529192840052215,2.487250999207176,2.2724640043999482,-5.000683955991186,-1.318412065305023,-0.05725389628088512,1.168838933902153,5.802869176771184,-3.334685743175919,13.012567166552666,169.3269042640445,-0.346871464279181,-1.1945211877947253,16.727150379539324,-31.1542659191614,16.153352782887907,23.967017174121253,11.014635916684623,-24.35976685275318,-15.90664007582709,0.7141931293524417,8.060377098294163,13.612521998943299,-0.2376246042485375,5.459333476524649,29.804322007902716,-1.227305431767804,8.236622909380916,23.199383313104345,-27.74759635746309,2.9228630778738984,4.023645307263828,3.2403553293238674,-6.5265286303917405,-1.9680775951394764,-0.09971969975643563,2.0555677121243514,6.328691565294847,0.084593945574295,2.9953402971480783,8.972063495719139,-0.22139838928387578,4.281776843357342,11.156571949786487,-10.666366141549892,1.2347433016084037,1.712974678201912,1.7856626365705246,-5.224535319418411,-0.7932544656015704,0.1406530364456764,0.9197202126003416,4.311777489198254,0.09278134316237299,4.310002466656983,18.57612126258928,0.5757692500857781,8.046647089408266,24.868126109383816,-18.272724736238775,2.3225540174074077,3.117725206031035,2.6096167553397676,-5.952292131113148,-1.4294228565811657,0.06013932135595447,1.6883023494498692,4.985639405201236,-0.6734964322120286,4.225273565655293,17.852936704625392,-0.05928039582442769,-1.4804661138494712,6.8,-6.9,5.7821486521718475,8.2,3.81763506625892,-6.6,-5.1,-0.1,3.1,5.3,-0.9606272494317936,5.995822960660747,35.9498929755866,-0.04928930577213905,-1.478132110581221,9.59396873355018,-9.993830157614987,8.139065315826217,11.694372426142449,5.417980280469338,-9.33101512438928,-7.254361642290615,-0.18008952223300717,4.440010783851834,7.657212331969467,0.012004270537971136,0.1971054346634925,0.038850552373884316,16.784745248596867,339.3602560852986,4.006884115020917,-0.723946416452723,0.06030232432422121,0.08060145441532279,0.059378076767529805,-0.09356975699751216,-0.03854507113213712,0.004291905298746609,0.04205638328318567,0.1098410134247629,-1.3594807203092132,8.532329892139158,72.80065338829142,-0.0313944321748427,-1.4757543311251806,13.485792152081295,-13.655759996829671,11.721708496467514,16.676061414792763,7.722632800361736,-13.173151491011732,-10.321650386909894,-0.4345296383964877,6.354411027882869,11.101827086839908,0.009801777828906516,0.3455932041478639,0.11943466275318712,8.08394407376561,130.42131544669977,4.598116341274869,-2.368659855447187,0.0733386376781361,0.09384789715429066,0.09671688645080924,-0.1259186362168479,-0.048843476092819624,-0.007095635293354774,0.04500442106147104,0.1281347931433335,0.0168886707910116,0.12988196151307968,0.016869323926485113,8.585754785314267,100.87891286177936,1.6531634337419558,-0.16410141567164954,0.06247561741482155,0.08515630974434091,0.059558612872190116,-0.08451499830623635,-0.03730249501371592,0.0037694280916880157,0.047853814730624986,0.13199503057350764,-0.01756185129936407,0.24420919642064376,0.05963813161641657,-13.65982185686156,201.77793179595332,0.20561052122327322,-3.6903132689741605,0.05376573197018057,0.07138456379802341,0.06353971237648348,-0.11228303527343655,-0.03409566641708622,0.0005545014857359968,0.037288897380937186,0.08901986150972371,-0.28103975535168196,3.609045061835381,13.025206258358349,-2.2179485604547833,4.626101698554058,3.5,-17.2,1.0378215529539214,2.0,2.3821610601427112,-8.8,-0.3,1.1,1.7,2.3,-0.38354495819012363,3.8920127747478253,15.147763438800267,-1.23802896106011,0.4154839084706792,3.9403765476733033,-13.345015628140505,1.6411998556479017,5.015884342512815,3.1157327543593105,-8.694670939047116,-2.7052808663069916,1.549142400004058,2.3106034762058236,3.1058842064128918,0.039872506548819166,3.2783327557186124,10.74746565721759,0.47605397183971887,3.217480447411627,13.089348573925262,-10.49883895205237,0.5381360657332188,0.6952982505062861,1.7754664332420957,-6.317921760888754,-0.3737427831179464,0.002260477429785794,0.32155546738833973,7.056634521411237,-0.5109812139128725,5.128032740865626,26.29671979138982,-1.0185686274649324,-0.4171641980310432,4.988619775219766,-14.458285739713931,1.7176910015983708,8.266966491483181,4.32610066954363,-10.914988568480107,-5.10936627050409,2.291483485682579,3.1576002209790914,4.096787752202281,-0.0798275067379557,1.9296507555331925,3.7235520383298204,0.25708905448668623,2.7716534319220703,6.861282165212476,-6.305184566827392,0.9536006951108262,1.2694467651962027,1.228022979436566,-3.944639214615269,-0.680141538960388,-0.06759024665777262,0.5893052262358146,3.414346465680014,0.055375039384010206,3.5183982876299473,12.379126510397347,0.0017313369742494237,5.7290651109524795,13.136655213797656,-12.619952781316282,0.21975019177872626,0.2925217307011415,1.6003564432713606,-4.856703147538762,-0.150075494730031,0.013765667972962704,0.14244623597111047,7.081760857077002,-0.013315224268680599,2.9762091638766623,8.857820987143421,-0.7101310905176871,4.478529110180125,9.510653258170962,-12.751258266228984,0.7011048380029549,1.0258673628521882,1.6165012029330375,-5.631353460343699,-0.4108911129658127,0.013403661718470598,0.6149762498863754,4.90194561606338,3.109989806320081,3.286227104594961,10.799288582974581,-1.6283669089577464,1.9078463882751215,6.5,-7.0,1.3343419966550423,3.5999999999999996,4.134658511722732,-5.6,1.7,4.6,5.3,5.9,4.395328534354557,4.603263974639877,21.190039220217322,-1.6226679817272436,1.9531111360203024,9.335870375385557,-10.634904173753451,2.0203661899623433,5.026927406400718,5.807621697503921,-7.539449992596451,2.3967089215595103,6.50289337142447,7.423636327960228,8.330239826122698,0.027958480208445904,0.5117914083522115,0.2619304456631401,6.391335344040477,88.03931316145973,5.738386409001309,-4.292805776390792,0.1119289666623513,0.1507323950748469,0.15621559783385147,-0.25120168356142897,-0.06476855893379696,0.0002659156961786341,0.08596383614104994,0.240802652393129,6.205612407616116,6.405228661999347,41.02695421249795,-1.5651301356615457,1.8678124087404013,14.068844811839321,-14.680023963767704,2.8580603662116553,7.45261089500576,8.083379889358735,-9.52759369889386,3.018266900189891,9.13631894856558,10.470877795195651,11.76183143764178,0.022167683478583222,0.9329589088707454,0.8704123256412919,1.9521761163789328,32.95775262004675,6.5330808010265216,-6.431802538498143,0.17278296195328885,0.22659526140195219,0.32660534003544894,-0.4249846815292002,-0.11783524797093195,0.006099464621638628,0.10876001343102022,0.4442827252791699,0.03904193931864988,0.3774440606224225,0.14246401889914292,-0.5962274799272297,45.72868508339293,2.426433789034619,-3.54353876193978,0.09565036219470675,0.13393609271293694,0.14539994416771185,-0.20101156985661228,-0.05260674500646452,0.011642029517611084,0.08132934770647242,0.2778827139448242,-0.08182963909072713,0.607001730960781,0.3684511013893844,-6.889196304727529,51.601356767794826,0.5665130507430265,-5.2418879240177185,0.14827898557803262,0.19933820460471705,0.1976344644428159,-0.3114796881386679,-0.10171596711268516,0.0023663143457857932,0.09762223749203189,0.24559888386292375,0.0006004027168486975,0.28587908796691713,0.08172685293679635,-0.19174249267193266,4.858612127055675,1.246825,-1.913539,0.06599655515455838,0.089028,0.15605966290503134,-0.5046522499999999,-0.044433,0.000794,0.044595,0.54017525,0.0008496567553733999,0.3891342074000635,0.15142543136887562,-0.01917211370518918,4.537137575589601,1.6605668705512016,-2.1111486128627965,0.09318150642027433,0.1257600112827715,0.21508032540679978,-0.6987405326347216,-0.06317777917736858,-1.7963123152405338e-05,0.06258223210540292,0.7444677354321189,-5.8530263568558306e-05,0.10960697243092407,0.012013688405473351,0.057593068457520574,10.249642963932658,1.0133126443071525,-0.8396057300783779,0.007818750774220395,0.01055086485123188,0.04900675431309643,-0.17058196356113658,-0.00537327281120372,-5.5978225128053066e-05,0.0051775920400281596,0.17184209670741957,0.0012028246110345176,0.5441276116187891,0.29607485772596775,0.04311174186474871,4.410467951373705,2.313202238196629,-2.825967555485303,0.13131904447353188,0.1771058605520876,0.3019879182563834,-0.9731643604065678,-0.08897140269161719,-0.0001253149426495362,0.08813445786047042,1.0550222264534062,5.0890175554788265e-05,0.08198787420689435,0.006722011516965532,0.03678567345242907,11.768619062276503,0.7272330538658656,-0.6730176945798344,0.007444899456400551,0.01003879494703891,0.03683376220913754,-0.11981931717276166,-0.005084371670491177,-2.2066726249981474e-05,0.004954423276547732,0.12210595441272834,-8.234744496231788e-05,0.07529634520043041,0.00566953960054238,0.010533156927265945,8.674382037896176,0.49873475911399767,-0.5603647666390297,0.007867240806885206,0.010600861881563024,0.03529079452025363,-0.12145681555147492,-0.005392426518832677,-6.980307152115073e-06,0.005208435362730347,0.12149771349435268,5.2715650410694364e-05,0.1354750716113318,0.018353495028095478,-0.020098756563824677,10.966845406025083,1.0929860796107733,-1.140706570449122,0.007696280644585979,0.010387656310616328,0.05890115114754241,-0.20404629885998482,-0.00520441791768993,3.8437922806175114e-05,0.005183238392926398,0.2007363147930613,0.0054376672011617715,0.517762631859907,0.26807814295049764,0.5171065799042164,4.7351081108022965,2.987441,-2.914872,0.08569737343406081,0.115605,0.2769618437963271,-0.894289,-0.055887,0.001615,0.059718,1.006244,0.007691263521241999,0.7041571666227516,0.4958373153061815,0.4280509589989615,4.386200564005317,3.918922172465742,-3.6071711649915263,0.12066446276905439,0.16277221877358494,0.3812757826936759,-1.23031083388532,-0.07796566255399483,0.0034208791242489062,0.08480655621959013,1.3847263137656856,0.000741472558734513,0.20067338968582937,0.040269809328000734,0.17043658750057078,14.49089054475424,1.9960246004833986,-1.8584216547782342,0.009223869445027542,0.012445009746269976,0.08445294517115805,-0.2892566293861378,-0.006179635557502842,5.125650225090185e-05,0.006265374188767135,0.2958503381829658,0.010880552401757173,0.9641845104254205,0.9296517701443079,0.38191278508710336,4.025061897991301,5.085432969353441,-5.025658577938784,0.16896695629669783,0.22787602780691368,0.5284341219759657,-1.7064592597601118,-0.10832759470548728,0.0049605991084696755,0.1195484331014264,1.9145196225195669,0.0005664358002221057,0.24868196045972757,0.06184271745809351,0.07195917675551154,8.580989418415083,1.7687471108888406,-1.8946937990258041,0.027131845693644716,0.03657278946186368,0.1181985708670009,-0.4045096375320265,-0.018292943851189607,-0.00014578254354891,0.01827984561067407,0.420142562837674,0.0010479282064789104,0.20663060782616482,0.042696208090610324,0.02623874007165952,11.117790687524435,1.4542494662742673,-1.857416920684084,0.007820186734519034,0.010533451187634168,0.08895423239910619,-0.3032772518768128,-0.0053324467997956995,1.5352548433892712e-05,0.005201004387838468,0.31488129540059895,6.10158633137745e-05,0.1944962975460842,0.03782880975913491,-0.0954506495131921,14.448131651454602,1.6176311455527255,-1.6816819582161,0.010210997993164505,0.013774207351945221,0.08033683092787386,-0.2660150580682837,-0.0069009328296607796,-6.5652850520763685e-06,0.006873274522284442,0.2705951973536546,0.005856956191571112,0.1498410288721726,0.02245233393347126,0.16193824351201278,6.434885127567915,1.119624,-0.988485,0.020983269198509784,0.028365,0.07732367068042235,-0.25915,-0.007612,0.006178,0.020753,0.264429,0.008283730266556159,0.17771976481001667,0.03158431480412764,-0.020220739221040406,6.3964586773941114,1.1993006304142302,-1.0731818053360784,0.028123509961060052,0.03800278808523258,0.09203589481874347,-0.3009928844645348,-0.00947652916019849,0.008895666476381124,0.02852625892503409,0.31277669163794863,0.0004254124879562411,0.1153954924002327,0.013316119666292162,0.10292324909942896,8.985343381469788,0.9381148355218479,-1.0063064228663396,0.007934215573540552,0.010700454387052766,0.05263250069385485,-0.1863932542133801,-0.005304757517286464,1.3420402330564782e-05,0.005395696869766303,0.18828699477436261,0.011717210876530349,0.2444025407914774,0.059732601945329776,-0.05747866991732241,6.209909753635026,1.3283542222918783,-1.4997638436776881,0.03844588127153218,0.0519188194879074,0.1265309970852611,-0.4150423951392562,-0.012459189273705429,0.01245239226425868,0.03945963021420197,0.4387145637982312,1.790617054409517e-05,0.05852036238285955,0.003424632813421203,-0.3474392943216695,13.208245745353071,0.43270772234693033,-0.6836498870344914,0.007480059093775185,0.010107344539609611,0.027229202603289378,-0.08869760107994275,-0.005012499377619461,7.609078134432931e-05,0.005094845161990151,0.08746399616976377,0.0006015912996800006,0.14788541816710282,0.02187009690645886,0.15888810293441347,9.4632091360841,1.2192093534621091,-1.0696206493862082,0.008705315106213847,0.011742666182712611,0.06704355594236464,-0.23757329213100892,-0.005782907613191489,9.251221380425083e-05,0.005959758569521121,0.24211441705863695,-5.3219685600801507e-05,0.06897335717984483,0.004757324000658454,0.07822761061520223,12.120238646629222,0.7555473085348199,-0.5970113314383616,0.0069051866373626425,0.009301069532040733,0.031224122277651645,-0.10865351222838138,-0.004634149119878342,6.192221986370479e-05,0.004666920412162392,0.10776638987149503,0.00023148028923244426,0.991235474824509,0.9825477665505699,-0.0015934304696580371,1.5479145877870746,3.040519,-3.048988,0.720595827970261,0.9719949999999999,0.6938348330862555,-1.90629625,-0.48470325,-0.000319,0.48729175,1.90560975,0.00035062796748249446,1.4016812771523781,1.964710402719522,-0.0016269791243969847,1.5513626252180446,4.281754309040598,-4.290593526560813,1.008893791205561,1.3606709914520625,0.9805993226026967,-2.6910379492741465,-0.6786973965192624,-7.961713403185303e-05,0.6819735949328002,2.7004638577017155,3.892378289344969e-06,0.01544234428926421,0.00023846599714817096,0.12363937719545753,6.119742661534723,0.30069854699688336,-0.23658781878743873,0.015464783184525491,0.02081957775195637,0.012338310195467437,-0.022922582924037486,-0.010450101702368729,-0.00015503138383573221,0.010369476049587642,0.023007146287674134,0.0005615828970514158,1.9815163156031173,3.926406909001353,-0.0016554952781844964,1.5633270646352084,5.9832582935456085,-6.046271288605884,1.383188252831565,1.8664017004932452,1.3845254196144583,-3.80232702880879,-0.9311434684515274,-0.001817291912787334,0.9352582320417178,3.8055246740838093,9.717761661002644e-06,0.04926601818737359,0.0024271405480386253,0.024700104143600743,0.2503206604505399,0.310649944468759,-0.14674883823226947,0.03767575810684976,0.05091693360465656,0.037311029651425374,-0.09036959776653497,-0.02576385781134631,-0.00015074251487465912,0.025153075793310248,0.09098281911891565,6.376520215487666e-06,0.006701515864154513,4.491031487751461e-05,1.6784908468118547,67.10800649195622,0.2144406591521822,-0.09064292083151014,0.0061107165661923235,0.008239075611808406,0.005207396771753789,-0.010498511935304104,-0.004093281634769894,9.422612094246957e-06,0.004145793977038513,0.01040382503944479,3.085342505406127e-05,0.020787074093568225,0.0004321024493714952,0.09615384602141205,0.6940147462885511,0.20129179191761487,-0.053546700548565855,0.02180552409504089,0.029444753470238744,0.01680711184143377,-0.03476489917974257,-0.014844327386898984,0.00015493954191216585,0.01460042608333976,0.03482846935426648
-6.168153526970955,7.828153807011075,61.279992026222,1.0197858782254066,0.1350625003144148,14.5,-21.1,5.633888430321286,6.6,9.325414937759337,-15.2,-11.1,-9.4,-4.5,9.1,-8.677064880117479,11.122198042080102,123.70328928725044,1.0424875236189541,0.1517483609246617,20.562180805139796,-29.369771495600936,8.331159954304182,9.137268239592144,13.217840378316538,-21.528370761486443,-15.525191873021306,-13.66652180948062,-6.387923633429162,12.811185939339545,-0.026738623478708978,0.7104588064515541,0.5047517156645668,-2.7955000023060848,44.32524977120442,4.455197992020429,-7.898711673988564,0.271320354989871,0.3652799474753996,0.3310751272359002,-0.6730911734148094,-0.18950709216991724,-0.013061659061114228,0.17577285530548234,0.5273627525706878,-12.167051545501357,15.884965553571847,252.33213063816413,1.0562295198008254,0.16385596621909304,29.051597365329133,-42.353083265093815,11.862453463700904,12.87504060246327,18.757100818657406,-30.159502719349202,-21.913847083968747,-19.421266536738976,-9.038806481505476,18.629746254583992,0.08245958957627919,1.1220540075917225,1.2590051959526454,7.023972929928185,65.55112123999575,12.27064441716651,-2.2101764338195293,0.31767489746331595,0.42349818963566,0.4280478735667194,-0.7560201695139307,-0.19588950421540746,0.009513251519083055,0.22760868542025253,0.589313445884716,-0.03680388696259909,0.7042765818968014,0.4960055038082421,-0.589587445423055,12.376308347554314,3.498590581825967,-3.6725885844569466,0.2547776785046128,0.3570385000008401,0.3571633692106868,-0.8244389282037219,-0.1896254145138162,-0.0014382770261937114,0.16741308548702388,0.5562302401556694,0.07109465031267506,0.7033349970746567,0.4946801181100074,3.698949897876825,33.698148886809,6.3444321736937415,-3.652527704242163,0.29007939619299294,0.3951125350567595,0.3393587030691024,-0.590546552652667,-0.16377834023023446,0.018770680621250396,0.231334194826525,0.6132359295701507,-148.73641078838176,13.119766373307646,172.12826969017408,-0.2950292697664005,-0.5178445588639895,-111.9,-186.4,14.974282406906614,20.275000000000034,148.73641078838176,-170.7,-158.35000000000002,-147.8,-138.075,-130.115,-210.28385873590685,17.852417971149006,318.708827416604,-0.17287031116062543,-0.8430332792859669,-158.95992061404155,-252.11139040302984,21.871487583214922,30.194118112231422,210.28385873590685,-239.47558939559397,-225.19394003228228,-209.00266708987087,-194.99982192005086,-185.64691244145652,0.013425295425827918,4.947403086244752,24.476797297784096,0.24867514662764575,1.4548055176421757,18.69615921242329,-17.843327261023354,4.282516995955583,5.968176808442717,3.6993144374392095,-7.802845324704169,-2.9714164035895134,-0.24302085659581074,2.9967604048532035,7.801395053367003,-297.1700468085697,24.154460739090005,583.4379735962406,-0.190848056191097,-1.0153138477897126,-230.83090333129965,-345.35132418159947,33.307676932548425,45.05152801643351,297.1700468085697,-335.7747365773905,-318.749502412373,-295.5622137403377,-273.69797439593947,-265.2316025140245,-0.32258196378687976,7.067732482597957,49.952842445570276,0.14713711649506825,-0.34296103281012646,18.086546695294242,-16.84254499154115,6.575016309615106,9.019969063560731,5.674595144739594,-11.520248414259822,-5.315575333626237,-0.6805135525755306,3.7043937299344947,11.900168897800402,0.015721915177498904,4.187995520754334,17.53930648185836,0.11652571057437695,2.7947101471412026,17.51523015372732,-13.95894562712359,3.03495253081383,3.9003324658699894,2.949661558688273,-6.129169840582478,-1.731520845099609,-0.0833373873790846,2.1688116207703807,6.528215574016098,-0.17688032902565293,5.54076146937689,30.70003766053155,0.3013843801308705,0.9410091261226392,18.838721817251937,-16.367202229998515,4.987106927795104,6.688451260740364,4.218880616801489,-8.630969170201737,-3.6303516753476215,-0.3074223092228744,3.0580995853927426,8.376521611862024,-1.5395228215767633,8.37546952796048,70.14848981379453,-1.5902892416087386,2.8848216917653637,13.1,-39.1,6.523449761424648,9.2,5.880394190871368,-18.24,-4.8,0.6,4.4,7.684999999999991,-2.2006288480309397,11.062951159655048,122.38888836091297,-1.3488664249656437,1.9511377310688793,13.966553588560316,-48.7757276164528,9.349242638207933,12.596590713417697,8.088413063204172,-25.5237143011385,-7.416589793130747,0.6206761775585726,5.180000920286951,10.401045486170528,0.1659350085994447,4.159651577449502,17.30270124577813,0.5684656384333836,6.982297670744501,20.52147458828306,-20.842151963089837,1.6803659273927378,2.322462927187808,2.365705591649502,-6.021932360775434,-1.1777326491191586,0.011540128932759033,1.1447302780686492,6.855287420056717,-3.1732510211461564,13.344032702132475,178.06320875558094,-0.4728724995493122,-0.9271439828793682,16.855649674634492,-33.781089570057496,15.229382495574509,22.9269535400431,11.008537422562368,-26.981417873507525,-15.06242664717443,0.84536838651318,7.864526892868669,14.42538391688422,0.0850875554474214,8.025903832540576,64.4151323291895,0.3198011315896396,6.8614558338062395,36.65688687386434,-31.030782884154917,2.547912742779668,3.556783102501506,4.2047598782444435,-14.761789008053935,-1.6020874852221976,-0.006167561557654952,1.9546956172793086,11.577468730793814,0.23078222285356748,2.855433482932499,8.153500375452023,0.31015807172703164,4.869649399334095,12.366755904704783,-12.698501409328253,1.4789537924506002,1.992913385731168,1.7733363658671688,-3.571060611407784,-0.9660937888225071,0.10729755283970688,1.0268195969086609,5.172274476422052,-0.08308353427694329,5.094700729981686,25.955975528075925,0.25129860735488896,8.15811382600044,28.043119128553236,-22.546681970306494,2.048458517689477,2.7398790566379763,2.8418356593307075,-7.944631705033084,-1.366371436568379,-0.11591960333678883,1.3735076200695975,6.822592158589785,-0.8840248962655602,4.161530248319592,17.31833400767893,0.03921135775919003,-1.4141169246711804,7.0,-7.0,6.152799206798249,8.3,3.771369294605809,-6.7,-5.2,-1.05,3.1,5.2,-1.248337639465551,5.90695050998416,34.892064327402124,0.05026355303459192,-1.4122293662337422,9.841325795037806,-9.872587496533995,8.785925147766383,11.8460138296374,5.355065711265222,-9.40434372607311,-7.467370710016697,-1.5413542518582775,4.378643119620703,7.393966039794557,-0.0045969522012621125,0.17565965355340005,0.030856313886500526,-14.847036316460445,281.4477040226359,0.48911596361313336,-3.384614989167054,0.05608284002349403,0.07442271269736062,0.05913483642065318,-0.10299580158671677,-0.03819044645989761,0.0022169375183660467,0.03623226623746301,0.1030157327441157,-1.7813067535805172,8.418259490646554,70.86709285186078,0.06705329524797073,-1.4026682132943413,13.81867523678239,-13.89913666732059,12.348796481029918,16.782737654629166,7.621927251478662,-13.292228854687595,-10.585186934095251,-2.018084223790895,6.197550720533915,10.915970862555865,0.024698050481747964,0.3448821517184564,0.11894369857395237,12.743537640936102,184.40063473562847,5.076072078625743,-0.8891193672384525,0.06604795893298461,0.08829182139157073,0.09062507384721535,-0.1375869459574306,-0.0407950685654006,-0.0013283446944813773,0.04749675282617013,0.15077285167175247,-0.006457002627396307,0.14719836144813614,0.021667357613016133,-6.775167987252535,61.526929119081785,0.3184259433077761,-1.4922941668412377,0.06461291434610852,0.08688043926874173,0.06393514375278087,-0.09819427724507546,-0.04274275003218916,0.0037324216915528537,0.04413768923655258,0.12010294207805305,0.006992118158519145,0.19804808963797788,0.03922304580925252,11.351942285186619,160.40306018655,2.8091622794402413,-0.5745641056816759,0.0652985859693576,0.08830367639632702,0.06788728225749319,-0.0954005827974081,-0.045983154804727526,-0.0006831831822047526,0.042320521591599505,0.10832791386550752,-0.02074688796680503,3.200535656386524,10.243428487801518,-2.1165117413258585,4.1713712300716255,3.8,-14.5,1.0378215529539212,1.8,2.2614107883817427,-7.3,0.0,1.2,1.8,2.4,-0.01977826761138252,3.6144157506591608,13.064001218613026,-1.4039606942110598,1.1573365060944871,4.103317477927714,-13.107327807036544,1.5593633960458988,4.443348686378441,2.912546783928304,-7.752876008219206,-2.022068833179341,1.607378333534779,2.421279853199099,3.27003550244054,-0.03870033721710339,2.7041860337406773,7.312622105078136,0.36645918865534477,3.7376778377798656,11.48803765437691,-9.677261438691664,0.4435974695152984,0.5730499558075204,1.474908609263231,-5.0679384054085075,-0.33774777395818273,-0.008370277628029318,0.2353021818493377,5.206264478044539,0.005092898589621734,4.5670855960624035,20.858270841760678,-1.0220441454740001,-0.3019275141242037,5.0292852225188,-13.153122744573006,1.6935047110589394,7.005526408834338,3.9845898824048573,-8.533371609165348,-3.7983593500306236,2.5979017903449213,3.207167058803714,4.244203812586971,-0.1119089864189498,2.2306140419783222,4.975639004270868,0.4726770921005333,3.346999220458134,8.258894291268193,-6.904453448782282,0.9091337173227465,1.2089357633114113,1.3515392380111186,-4.4454839892320015,-0.648723187652548,-0.031553271553110246,0.5602125756588634,4.446696230922223,-0.05499626829268557,2.0771570179909187,4.3145812773889265,-0.684295377512606,8.109404034560265,9.585686471623454,-9.77909364550968,0.2614036977507509,0.3340012302361367,1.0030567776602732,-3.294963126064358,-0.17657732003860035,0.00013696286641114164,0.15742391019753632,2.844290333732945,0.022069962984519256,3.1783931235045975,10.102182847541313,-0.24169552314161566,2.4216329576991136,9.770337135190577,-11.308953941323884,0.5536145302881827,0.7469396798636874,1.8016797790826746,-5.881525777890012,-0.33002471996683247,-0.014932031647400222,0.4169149598968549,6.170677452187441,2.953630705394191,3.559727088199272,12.671656942459668,-1.6351924682205141,1.8053667693723305,6.5,-7.8,1.3343419966550423,3.8,4.220850622406639,-6.584999999999999,1.5,4.6,5.3,5.9,4.185343583192503,4.995324628510691,24.953268144205474,-1.6222974263983398,1.7914265186859577,10.130954651949406,-11.84586724979163,1.8623545931167784,5.319721220305226,5.945496995863576,-8.702381855398592,2.148673970908848,6.537027557956982,7.468395191214074,8.290284292291613,-0.005781814689625182,0.5290215549071204,0.27986380555634743,3.6922671348442613,93.71504380915219,6.192968754182821,-4.543947019820784,0.10314373782060823,0.139197952005435,0.1556085040206046,-0.27148885606032785,-0.06932109467548714,-0.0034014537590436045,0.06987685732994786,0.23865172375298338,5.950312657727778,6.970657634375199,48.59006785567324,-1.6340589423207912,1.88583602718745,14.863733427836937,-15.472728184962417,2.490848282921978,7.516959654833378,8.338169224105691,-12.396100357680858,3.062810770653667,9.283929965412513,10.579770425487045,11.702099390991894,0.04863886556453462,0.9062980092054932,0.8213760814898403,5.143749725709142,38.49190524637635,7.107542250246961,-3.609038865900104,0.18393983271537798,0.2454935921084183,0.3235760254511884,-0.5125712307635264,-0.13439027456428554,-0.008498209972666648,0.11110331754413277,0.522216523020375,-0.0077434036164528664,0.4284767028299045,0.18359228486798632,3.2628231434448276,44.410700249904465,4.144190291173363,-1.9204098636703455,0.09101082874199805,0.12281012083578283,0.1537730682016776,-0.21116649710769766,-0.062106293843982655,0.00017903443907654921,0.06070382699180018,0.2004685587227007,0.03161254960711896,0.6059910813857342,0.3672251907190515,-0.25954869752475196,46.828465814551876,3.770325429699849,-5.666944489105084,0.15072332461642482,0.2018092148752977,0.20956176124745188,-0.2945114628645586,-0.10505237133243313,0.009560107706209605,0.09675684354286458,0.30841884868295155,-0.0037382564900298085,0.32254150684139943,0.10403302363552051,-0.5893020748451931,6.803495307360109,1.456973,-2.075667,0.057625783028875735,0.077736,0.1626514582670101,-0.54057825,-0.041937,-0.001821,0.035799,0.56111,-0.005288689768701581,0.4373336055074043,0.19126068250610595,-0.389055725255595,6.58680563177435,2.0407928458141957,-2.583001574634208,0.08113387887228794,0.10956305142225711,0.2226255147668545,-0.6971016099981933,-0.059780126453739243,-0.0038281058904793422,0.04978292496851787,0.7758027970077986,-8.895852381246327e-06,0.12956613623712654,0.016787383659417638,-0.06293070433980837,13.671882343660936,1.1302451963637126,-1.290746326129888,0.007642390228190238,0.010309466729762596,0.054080211233858165,-0.18806010129856002,-0.00519147349187681,-2.13034725270924e-05,0.005117993237885785,0.18749360493183043,-0.007485037332192806,0.6099958412143566,0.3720949262988106,-0.3293608193310033,6.512046763311119,2.7836318278095384,-3.5669046544782117,0.11485402416301313,0.1546835826131754,0.31143153983297195,-0.956001939773412,-0.08475978699696106,-0.005226367256644887,0.06992379561621435,1.0943874026503706,0.00035666369058723617,0.10178524689202113,0.010360236484869698,0.27374048231929005,15.830953498353896,0.8373630958396445,-0.9834796506130465,0.00732956794425596,0.009892590128336133,0.042560562584376474,-0.13498538493224607,-0.005019955080162732,-2.474650826763151e-05,0.004872635048173401,0.13735879240132726,-1.2510667898476809e-05,0.06774683552814531,0.004589633724077571,0.01812800458229819,10.88748968241493,0.573263710516437,-0.5230175660196252,0.007491502769547868,0.010107644950768033,0.03096834027112336,-0.1052285221823488,-0.005083981977867428,4.045760802706173e-05,0.0050236629729006055,0.10709631542505406,0.00025391064827008446,0.17023291731945922,0.028979246139093837,0.2546493025945159,14.020649197981811,1.551066181930262,-1.4035181212118382,0.007719336178241246,0.010431382640512098,0.06934756094082647,-0.2441394135401817,-0.005146247197968532,1.5766663912720723e-05,0.005285135442543565,0.24986398548098404,0.003081846424333632,0.49739026673332165,0.24739707744104483,0.44189429053741314,5.853818828836431,3.673437,-2.732092,0.07696781157149982,0.103767,0.25519435436865107,-0.8840290000000001,-0.050779,0.000413,0.052988,0.909311,0.004354157534601367,0.6760454607154617,0.45703746495398084,0.46158515664133926,5.440390937576295,3.910599670757054,-3.496811065616548,0.10820578568095908,0.14550359544606895,0.34867691861242883,-1.21200371520086,-0.0715032054358061,-0.0003437337804650097,0.07400039001026285,1.2642136915128617,-0.0005399215742273637,0.19420017667747194,0.037713708621561315,0.09280182825505837,12.764390439963831,1.679759405371502,-1.6129337704891118,0.008848118937690644,0.011928917089141074,0.08063268803439742,-0.28001900331645735,-0.006002053738490332,2.3561339692531767e-05,0.005926863350650742,0.271086713993199,0.006146040020728414,0.9188314976607835,0.8442513210935585,0.4419374750774516,5.024348552090123,5.009503440025756,-4.62744742649286,0.15229812268640844,0.20486563060720714,0.48183554588321537,-1.6496729482982158,-0.10062242896286419,-0.0003041284140121342,0.10424320164434296,1.7725571879380617,-0.0003278011197686285,0.263942793930735,0.06966579846796245,0.13809352699735608,7.1506967405163575,1.7110710562454317,-1.56328691581364,0.025708286060542117,0.03464222213571783,0.1253448044338665,-0.45172837271619815,-0.017400782151970676,-3.5565590462453226e-05,0.017241439983747157,0.44550168708601123,-0.0007631454064852726,0.16826487108946678,0.02831306684275487,-0.1689788146931164,10.38985691409336,1.1732176840962305,-1.5554578534860555,0.007893218869065657,0.010652803855439711,0.07320566088109245,-0.2674066419965658,-0.005279770391009993,5.5663103574219634e-05,0.005373033464429719,0.2709012657390334,-0.0005096750801970685,0.21702765186928408,0.04710100167589517,0.0476252680878689,11.29133484747871,1.4626040404823955,-1.6632039914555674,0.009669538043141346,0.013041393756741227,0.08891456695826935,-0.31399702337653,-0.006683998363414572,-0.00016199406418465644,0.006357395393326655,0.31400842954095287,0.0038136636037391833,0.18341268034490682,0.033640211311302966,0.32084690145525935,8.89724193750535,1.374065,-1.386083,0.020175250989424232,0.027156,0.08821781140566665,-0.294108,-0.008943,0.004121,0.018213,0.27800674999999997,0.0053945796384419105,0.23874927831149337,0.05700121789425892,0.13087953690853293,8.483407898259104,1.6046469888557986,-1.4500683162211228,0.026644939346199742,0.03600064884283216,0.11453764712298616,-0.37140991269067436,-0.011757982115706798,0.005599331303942291,0.024242666727125363,0.37462456255275844,-0.00031314251938057325,0.10135729255291986,0.010273300753658184,0.06830988393682812,12.840348074890473,1.0729994568722774,-0.8231101168988375,0.007721367449504666,0.010417568949376661,0.04398348504775606,-0.15204495650169553,-0.005194607269469426,1.3294488028692177e-06,0.005222961679907235,0.14875172314453242,0.007632701860901694,0.3306707823229197,0.10934316628205175,0.057178410556419534,8.542596575166696,1.9819842948572497,-2.0053711258189395,0.03680184410057392,0.049736672375665605,0.15857239527289108,-0.506400848277657,-0.016315239949634564,0.007562432066600441,0.03342143242603104,0.5311561372379098,-0.0004211073542630167,0.068113467438833,0.004639444446540962,-0.25961230352193987,12.153340295715195,0.542491806876286,-0.5536165742119527,0.007073781763761711,0.009544888749045216,0.030632947144383728,-0.10389311616536603,-0.004753883637672616,1.0979157959430845e-05,0.004791005111372601,0.10276216424045294,-0.00044278115134630203,0.11157390606807845,0.012448736515288394,0.0344618435642226,10.253138823092659,0.8414581629597087,-0.8753970617037533,0.008572622553260821,0.011584183100821464,0.04977297074257231,-0.1754255470663376,-0.005869382996115658,1.0515162662416797e-05,0.005714800104705805,0.1711833403111173,-0.0003494695173144093,0.08996764653291504,0.00809417742267154,-0.22217383698493134,16.125956699623238,0.8739859281956166,-0.9440007504336926,0.006822321135390749,0.00921362749091239,0.037125891243765266,-0.1210553848841487,-0.004669437753537612,8.910295164489036e-06,0.004544189737374777,0.12184037818134728,0.00016047806268630754,0.892133999692434,0.7959030734072199,-0.0010422295929150966,1.5446940878776276,2.92316,-2.903791,0.6947674147216749,0.9371305000000001,0.6346421024947183,-1.6986677499999998,-0.4674765,0.000629,0.469654,1.6997765,0.00023616270808440927,1.261520471881847,1.5914339009769976,-0.001060458329000293,1.5480837819329167,4.143515123720656,-4.079615114486942,0.9811554725545965,1.3238432682688828,0.8969415907969563,-2.4031058383059967,-0.6602212134771442,0.0009246416939166459,0.6636220547917384,2.4037343107451754,1.6587985645511415e-05,0.015969650683896403,0.0002550297429656728,0.5317680022328544,12.324238794322266,0.3775615626880483,-0.10435354478598993,0.014864402641998047,0.01999134775573879,0.012454192008646364,-0.024158307090485477,-0.009997096053824513,-0.0001562913294582604,0.009994251701914276,0.024185126005534463,0.00036178458732842605,1.7831491142840195,3.1796207637718834,-0.0010999822297350684,1.560243617612164,5.80228363082931,-5.72381995918222,1.3517319815545068,1.8230672815057658,1.2662662073686275,-3.392615339945492,-0.9092724380555173,-0.002205955365905069,0.9137948434502486,3.3948723011804325,4.342450657258692e-05,0.0526794271640899,0.002775122046336653,0.06481063483015499,0.7652458772077702,0.44579814047706756,-0.2514871229204339,0.039334140513457204,0.05295410521247442,0.039314758829070005,-0.09692075570103675,-0.026580218744219425,-0.0008294776725041933,0.026373886468254996,0.09831242596697137,2.362742703968897e-05,0.0065353604807810006,4.2710936613754066e-05,4.115775404825633,148.61111840622482,0.25047101452807635,-0.07481277301758824,0.005631436618347723,0.007591764439818819,0.0047162867797127354,-0.010174528839587964,-0.0038588556192757756,5.019760447750731e-05,0.0037329088205430437,0.010076633457825127,-1.5677155539901945e-05,0.02162058352165667,0.00046744963181693204,-0.21260560376314194,3.581825930008013,0.10605198450911749,-0.3418761395133657,0.020545971676321415,0.027611265823055835,0.01693198399876543,-0.037460667721073794,-0.013926445513576396,0.00017911610501577645,0.01368482030947944,0.03794866717426278
-6.019430315361139,7.756704767583415,60.16646885145127,1.0265461111409966,0.20919161460948033,14.5,-20.9,5.337367986620166,6.500000000000001,9.165106815869786,-15.3,-10.8,-9.0,-4.3,9.3,-8.475213608208458,11.0074330673193,121.16358273151435,1.0433617117446174,0.22131374788630254,20.191690784091165,-28.17598258080043,7.985691497324015,9.041529595114667,12.97517426110809,-22.017604201533622,-15.172536525894587,-12.996167800889438,-6.131006930779919,13.248293405339512,-0.015968629059122875,0.8029242081771326,0.6446872840768755,4.691837356502915,80.56215231124706,11.220226685987594,-4.836060229189128,0.256950126130488,0.35289913669694983,0.3634861800135995,-0.8812393715061482,-0.17035196548851306,0.0021593886040665033,0.18254717120843678,0.6533999228323969,-11.881822076902743,15.706753380733153,246.70210176317232,1.0675096487851596,0.2578138318760068,28.592382653699524,-40.727112418312736,11.104985168232323,12.973537499647097,18.409280024532926,-30.335260949457364,-21.502982406116644,-18.44449421241893,-8.529444906469546,19.001022896953444,0.08922968083689602,1.1779438777325049,1.3875517790874903,5.2040707085057685,52.110962296918174,11.926009702858831,-6.4811520518086505,0.3412879408799624,0.4584355651746409,0.4364001266968647,-0.641539800533891,-0.21865471158916883,-0.008306031442359973,0.23978085358547208,0.6504305295425834,-0.024480461178835823,0.7803002341571,0.6088684554256252,0.7486350341344647,12.326740569963585,5.092859385184081,-3.680691372444614,0.2639131296596131,0.35441447541768845,0.40436191909020197,-1.3314088740411627,-0.18039254254853299,-0.0054101375829289314,0.17402193286915546,0.6454374918466601,0.015913147285853035,0.8144512020203107,0.6633307604723291,-6.707616390578337,96.44268773528859,4.265167546474737,-10.112117151621215,0.2990612501373491,0.4030705494457735,0.3322737039266209,-0.5030013131049239,-0.20548558389151553,-0.010988043979209973,0.19758496555425797,0.6545406227398154,-149.20254323499492,13.796693532628685,190.3487524332782,-0.3253906427062941,-0.4920948188743348,-111.1,-185.2,14.974282406906571,21.099999999999994,149.20254323499492,-172.99,-159.2,-148.0,-138.1,-129.81,-210.9081339705725,18.707385392587785,349.9662682268068,-0.181159084377169,-0.8364863159676417,-155.2636446516013,-252.8928170620466,23.010285152672672,31.944745373739124,210.9081339705725,-242.75286751533935,-226.93775137510966,-209.07263317872847,-194.99300600137053,-184.310893573189,-0.4324366124570352,5.430316082135191,29.488332751896085,-0.16729638107158898,1.7819640766438294,18.452885316259447,-20.610542495153325,4.266646650414772,5.760346732169855,3.9694275383266118,-9.348412579392939,-3.1833112637024907,-0.3591586374410145,2.577035468467364,7.90180832463441,-297.9966532779743,25.55755843900725,653.1887933632706,-0.22005427942339748,-0.9821758058036134,-230.4665483132087,-349.6346653116094,34.61981455411286,47.631170109655784,297.9966532779743,-340.65695324888776,-321.0959572268085,-294.9216120534767,-273.4647871171527,-265.38738935212615,-0.396147603116392,6.584055283640838,43.349783978038836,0.055157027420223353,-0.08558433891435246,18.766010413283066,-21.75538403332926,7.0803488989195325,9.419991250905486,5.399002740835094,-10.213955569807705,-5.461248669430681,-0.3064948080776837,3.9587425814748043,10.939269705796185,-0.600300826027118,5.34595127885428,28.57919507588371,-0.27765416328626197,3.650490441257263,20.826500935983265,-21.119265376867876,3.47226886080249,4.673733384655348,3.55858997624194,-9.500659336089893,-2.731686724570177,-0.31487867118736823,1.9420466600851714,5.847429287256249,0.46851807191939787,5.426951877155539,29.451806676962033,0.12646177551502197,0.9293883453558895,20.461188968182956,-15.593040506706346,5.135449192285021,6.901718900801678,4.248210488491565,-8.54676741946388,-3.012566762390537,0.6247486911147482,3.8891521384111414,8.645471351867812,-1.7460834181078333,7.736105414213059,59.8473269798166,-1.0871566854609138,1.0697895874738137,11.4,-31.0,6.8199702051257685,10.3,5.868158697863683,-16.78,-6.3,0.1,4.0,7.589999999999997,-2.4851650009505124,10.34636913935734,107.04735436784591,-0.8422528944204984,0.21469626917365803,14.476036726228285,-40.73089336247833,10.620296610974652,15.621489068118699,8.110101787922142,-21.57496974750639,-10.0006867288301,-0.11760719797534244,5.620802339288598,10.29688089499699,-0.10884089210445452,3.464829147013555,12.00504101799468,0.17648326276162848,4.024075681940953,15.02659373769695,-13.549052721234668,1.7435362615484717,2.3796753502824584,2.182502174419203,-5.962074093807739,-1.3476780505717898,0.01582985305650625,1.0319972997106686,5.9777211554956375,-3.560888408046719,13.36491591943249,178.6209775335,-0.3680413250532676,-1.0726044073871568,17.73513602297339,-39.01237334824666,16.19313427524611,24.65411779528735,11.2304513854317,-24.90633068407122,-16.681681583036553,0.08493789595440307,7.972436212250797,14.219460563262079,-0.011874093509542985,5.776579663410429,33.36887260772694,0.2677401468693249,8.321417283280198,30.26299395207886,-24.87872360036775,2.4263572417061585,3.188333689105348,3.248936028167181,-6.3428223456196715,-1.613070336288693,-0.16851923433246785,1.575263352816655,6.8527180770190945,-0.1544789033346154,3.0520284511246016,9.314877666474036,-0.3960684736411677,5.0906322022779005,11.327206015948759,-13.688055969107594,1.4052661937858841,1.9265805479576965,1.8450601856898812,-4.898434026858759,-1.0955166637913016,-0.06342423532504915,0.8310638841663949,5.238321402125988,-0.05483017870283482,3.790046124717673,14.36444962748745,-0.6535726912228129,5.968358133568941,16.514530896178858,-17.054341452262694,1.9047892492398701,2.6661385055086035,2.3085821087081753,-6.671005168032483,-1.0842965134379945,-0.014752207739584133,1.581841992070609,5.164989936932081,-0.6281790437436416,4.226418563794513,17.862613876386877,-0.08489611918451391,-1.4162601493872877,7.0,-7.0,5.485628208470727,8.2,3.773448626653103,-6.7,-5.2,0.2,3.0,5.5,-0.8964741565574461,5.999060732966737,35.9887296778234,-0.0740274949467189,-1.413992622939646,9.872587496533995,-10.247473019365263,7.769669622619386,11.704172746357848,5.355986510924217,-9.384784889128705,-7.333502537106826,0.3035364996535436,4.370670209251023,7.880459982258768,0.004249783180554214,0.20085802789933008,0.04034394737160806,16.64332937047713,336.42324198247115,4.0697613309244804,-0.5770914123230783,0.06158907807663748,0.08112915647637943,0.06496084537390542,-0.12114438584338275,-0.043253023959732975,0.0015191540188401742,0.037876132516646455,0.11476293526560985,-1.2901441416860673,8.546252930289041,73.03843914847403,-0.05059660126868399,-1.414833995986523,13.91624926199114,-13.856753182624397,11.41275856711106,16.582326311982612,7.642807868515611,-13.303220782912067,-10.423569982675458,0.1537299560026303,6.158756329307156,11.336472734257192,0.013734107595010222,0.3570632676395824,0.12749417709745606,8.088080618513604,129.32600847644164,4.751493336957183,-2.424673840906784,0.08144149366755378,0.10818520680084878,0.10526902098007146,-0.1356049073425045,-0.05542183470281237,-0.006095903133055081,0.05276337209803641,0.15145655992833562,0.005872350581092407,0.1403698026170424,0.019703681486747445,8.177658007973024,95.29808024749607,1.7461261721596497,-0.26858952296936023,0.07425163088293617,0.1046809581178331,0.06725446089714675,-0.11804156655615045,-0.055065202430643695,0.00836502169486586,0.0496157556871894,0.10115769837994974,-0.014286208650739688,0.24431714618470884,0.059690867919840386,-13.396328504970532,198.54989274274104,0.28821835789864014,-3.6781418569144626,0.06791612640146677,0.09105684946510012,0.07238636960570287,-0.11774357016145211,-0.049258652615811034,-0.006016765813513044,0.04179819684928908,0.12562868071109767,-0.1708036622583927,3.5194550213218587,12.386563647107646,-2.0735062264706223,3.6970352999723355,3.8,-15.8,1.0378215529539212,1.85,2.420244150559512,-8.4,-0.05,1.2,1.8,2.4899999999999975,-0.2289596239088558,3.8768706289559094,15.030125873660989,-1.3655333216506544,1.1781793777636391,3.94488032322379,-16.522501020224816,1.624627496493976,5.168590672995551,3.098752939711248,-8.202655517563063,-2.772135574478249,1.620254071662905,2.3964550985173023,3.2986646236401196,0.2195783462932454,3.089375183074138,9.544239021794365,0.5349356680792242,2.590236242070623,11.510132681219696,-9.572847245107448,0.45988094829157455,0.6212739443684068,1.733079670814572,-5.07689017714353,-0.3118474764833725,-0.0022639027169447656,0.30942646788503425,6.866047218020609,-0.2887961069101293,5.0401447903595376,25.403059507788388,-1.0603505357064418,-0.15810922383003279,5.709273919774603,-16.110804031913876,1.9517180640605911,7.537332072535151,4.261834283098902,-10.400242636943467,-4.341542119437856,2.453253188386209,3.1957899530972957,4.260413629685093,0.06883969916035976,2.080656335057419,4.329130784614571,-0.03938356973043193,5.1115806294620345,8.62434759054707,-8.902360636699585,0.9211872522653843,1.2377160215011451,1.2423795402711197,-3.3367418902417647,-0.566537303997549,0.014890162005937152,0.6711787175035963,3.2540763501735266,0.30610348403923027,3.1532691433982594,9.943106290707593,0.7250001278820163,4.52978535382798,13.132583161969675,-10.94433408966202,0.312451763911666,0.41566363486519253,1.591316272192139,-4.869075290300257,-0.18962799565584498,0.01634720012451433,0.22603563920934752,7.46137148067786,-0.087932975769271,2.9787508143676895,8.872956414096175,-0.8256401847842691,3.32910047079245,8.592051705079154,-10.79193016393997,0.5425130485213234,0.7300194739005019,1.644296710339181,-6.309469678463117,-0.366024619530364,-0.02241568717785061,0.36399485437013784,5.108810216967482,3.0517802644964394,3.441077096117042,11.841011581421293,-1.6637719712756116,2.0141666585270377,6.5,-8.5,1.3343419966550423,3.6999999999999997,4.216988809766022,-5.29,1.6,4.6,5.3,5.9,4.321083367288381,4.827893508014296,23.30855572472658,-1.6245605422641585,1.8896652298992258,10.305006886667432,-12.72926992229809,1.8891360183710229,5.1527812381573,5.944923537501916,-7.277372362592547,2.286258942254328,6.57816611516504,7.439040180411628,8.35141376722483,-0.023656803881499835,0.4702852340428073,0.22116820135869802,-5.897183488893682,78.65860433700358,4.024120891799863,-4.941556064716922,0.10233341335690808,0.13633305888971275,0.14866708020479494,-0.25489667714179937,-0.06485172031834761,0.00753819771514511,0.07148133857136516,0.24309470556932555,6.1251376167927,6.716251241101724,45.108030733600444,-1.6880114363452143,2.162518301959868,13.413534146773705,-17.368640937936327,2.4850342222642072,6.712973432644367,8.35404706912322,-10.247936128485424,3.763568788448299,9.245361953799266,10.476542221092666,11.76197290554471,0.08260637784509031,0.9555462376110367,0.9130686122126079,5.663271740813575,37.81420447702554,7.330624028463841,-2.575133454308999,0.18531672989178438,0.2484399906329375,0.32908329265339004,-0.46848419954142584,-0.13447788907270938,-0.009865744966691792,0.11396210156022812,0.4484887911523716,-0.032608929125372846,0.36339613679956045,0.13205675224084484,-3.292752029163522,18.701167433047686,1.7373611020675552,-2.0539783303920616,0.10859474675451027,0.1448868314828041,0.15402522293123772,-0.21141986989555325,-0.06540321844742902,0.008738558537431867,0.07948361303537507,0.24097768093501085,0.02791181691140881,0.5508346505277614,0.303418812222041,3.797685459210059,39.532229294989094,4.090445773361987,-3.6444348062072804,0.14815390585930246,0.19914068647921843,0.1939595987784809,-0.2679629296486601,-0.11734619664671148,-0.014624437631916997,0.08179448983250695,0.28890085548234645,-0.002967685587867144,0.29145720028320077,0.0849472995969218,-0.5197788164382565,5.4828041452594345,1.23268,-1.939154,0.055950442521964405,0.075418,0.15306337344627835,-0.529034,-0.039976,-0.001583,0.035442,0.54441,-0.00419621595716997,0.39246986861750727,0.15403259777264341,-0.30947791586720824,5.15773686897975,1.6729157433318833,-2.3741771764792063,0.07841559009068326,0.10565042570724412,0.2076299579752336,-0.7047082599060868,-0.05663889959824004,-0.003190873906138594,0.04901152610900407,0.7332593238402012,0.00010402716474800084,0.12588682302738502,0.015847492211928157,0.004916243020605412,11.998971508480784,1.1377637477451756,-1.1937816560108203,0.007731286549436772,0.010425021683537993,0.05366957753315697,-0.18489282690565134,-0.005213377320919711,-1.1686656907127012e-05,0.005211644362618283,0.18575910669200432,-0.005931683073011116,0.5457803106645721,0.29787614750911684,-0.22338461012484415,5.04162851523261,2.334163488415166,-3.0363298995451458,0.11098306642584856,0.14994463758824775,0.28944105612009274,-0.9994878840251381,-0.08073987026718098,-0.004718053339446929,0.06920476732106677,1.034564358647397,-0.00031447135615376905,0.10068028680591881,0.010136520151322069,-0.06511077940947767,12.306138625612965,0.7812008161849483,-0.8766931754853295,0.0073196007381024246,0.009873235806980976,0.04350975279111781,-0.14748846504009566,-0.005005148648538798,-5.705837251176863e-05,0.004868087158442178,0.1455313454218914,0.00014558287686736537,0.0651108020480024,0.004239416543334154,0.10205624708797395,10.721334984490765,0.6297404415578044,-0.5260565034724561,0.007571620878984648,0.010191045844680217,0.030323214382910843,-0.10370822919067356,-0.005147061467622459,8.485805097982887e-06,0.00504398437705776,0.1049785805468201,-0.0004208498734227393,0.165680101763142,0.02744989612024509,-0.07464395101687978,12.364531520383457,1.222620471360436,-1.4438023575761512,0.00776796730995043,0.010474463828866775,0.06934248175905759,-0.23906373836856715,-0.005253427901854976,-3.0816050709086667e-06,0.0052210359270117995,0.2353513500244066,0.004024930792070561,0.4972187271620915,0.24722646264069037,0.40364158919575305,5.2349020833962765,3.208916,-2.956872,0.07447407463997341,0.100223,0.2583266423747562,-0.883969,-0.047535,0.000413,0.052688,0.953669,0.00569996025710836,0.6715797340143976,0.45101933913884906,0.372592857005309,4.9626197778937575,3.968502946248995,-3.612399796396039,0.10521022341996362,0.14160002795904214,0.35247369612245233,-1.1824745154012954,-0.06762728439613072,-0.00011681221746898303,0.07397274356291142,1.321247087831041,-0.0009648828104020335,0.20830392521343577,0.04339052525932464,-0.12988853677858853,16.497747918639188,2.311364810097957,-2.211659944720959,0.009038377733276096,0.012197832038788249,0.08512675092146939,-0.2855643286395938,-0.006215729769532483,-4.784573941093539e-05,0.0059821022692557665,0.2817783941034985,0.00808224495436362,0.9129837531527789,0.8335393335209343,0.3120885157644923,4.531365592464732,5.233473494152957,-4.819079348116646,0.1476085711119348,0.19831204286698362,0.4879270656823481,-1.621454956407928,-0.09321137866947984,-0.00047638294430243965,0.10510066419750377,1.8244384398125193,-0.000771477633278982,0.261428100092212,0.06834465151782361,0.1420204213679968,7.388199121954624,1.7722193314763572,-1.505667258930972,0.025732786847691185,0.034693392104532206,0.12404453857874805,-0.4514025382529208,-0.017565216308028462,-3.7007349071412326e-05,0.01712817579650374,0.4395405743481998,-0.0013633705559852438,0.1927731452458969,0.037161485527995655,-0.3929719301456693,14.615267975623997,1.8037008655190994,-1.9403182209060812,0.00799410976717608,0.010785246653712686,0.08169490573335877,-0.28703924612056847,-0.005479748523177962,1.0335214380942667e-05,0.005305498130534725,0.2839847611613066,-0.0008110797738723108,0.22272017156032672,0.04960427481986137,-0.017950896564225816,12.302435503340337,1.6165937046395307,-1.8903815265573087,0.00981447999017666,0.013272195585650737,0.09066316898941014,-0.31379472426373184,-0.006801712089829948,2.4683242870299996e-06,0.006470483495820789,0.31764921857968953,0.0039314271824877015,0.15472038893336604,0.023938398751692055,0.037357323241621186,7.592044454132061,1.233629,-1.178333,0.019009925645678827,0.025644,0.07768066337728873,-0.25338974999999997,-0.008519,0.004484,0.017125,0.261284,0.005560038896520132,0.19225795908922721,0.03696312283315497,0.0551154254607443,6.64313169624497,1.1990020238398196,-1.0816544640326442,0.024994187164161,0.03364378617798466,0.0972848070486848,-0.32116476501810265,-0.010704496378484158,0.00641857708445062,0.0229392897995005,0.3279120032869911,-0.0005137432974934658,0.1044474443047167,0.010909268621786898,-0.17451719283186995,11.59656433949023,0.8762330172041286,-0.9560698284109032,0.007884841282990027,0.01064121944061131,0.04659799423875674,-0.1629782785161218,-0.005321529998688552,2.3082877332430344e-05,0.005319689441922758,0.16027249601914975,0.007863053736869307,0.26436676354462363,0.06988978566705895,0.02008290093485914,6.747349782641436,1.470799717500144,-1.4753457428927037,0.034157607200364655,0.04597301987885466,0.13341635808904,-0.4454826928533118,-0.014415701824154354,0.009028841892360924,0.03155731805470031,0.4614029893133342,-8.325806712641712e-05,0.06343208745493853,0.00402362971889097,-0.19353884089236675,11.501540522087076,0.5089477495495741,-0.49659080508664455,0.007240109685828519,0.009754350754976486,0.02905624599626259,-0.09402251144418589,-0.004972620699718554,-5.0010193151807446e-05,0.004781730055257933,0.09663790599916276,-0.0007254915210852899,0.12178608167202896,0.01483184968902611,-0.25319265722471457,10.756556651601793,0.9566513302109506,-1.1873309730115007,0.008636359123762712,0.011651732562574464,0.05549007487191314,-0.2015591555630478,-0.005734114780253975,3.5079754229540836e-05,0.00591761778232049,0.1975905019776098,0.0001707649184837451,0.08356375031302136,0.006982900366376978,0.2012739499012114,13.872020640129222,0.8036255871637307,-0.6024505430112657,0.006786255505934405,0.009168048014188562,0.03549319159366445,-0.11677948538835502,-0.004627209240562629,1.4235912490167223e-06,0.0045408387736259334,0.11719903898163955,0.00025473546706255613,0.9942977344252372,0.9886279846831595,-0.0028849508787354206,1.6762740605925996,3.243171,-3.247664,0.7062553580117655,0.9527492500000001,0.6904400161994586,-1.9357902500000002,-0.47541125,0.0019635,0.47733800000000004,1.93447025,0.00041318486601939506,1.406008261526043,1.976859231479486,-0.0029814491168151146,1.6799115221567318,4.5766598216483665,-4.57914455833055,0.9942767447607345,1.3410585211496455,0.9758180619044512,-2.744138767064527,-0.6689268130928732,0.0006454610151041167,0.6721317080567724,2.7288970026553137,-1.387378578509938e-05,0.016073053175317886,0.00025834303837659635,-0.1677571429163994,46.97438687884144,0.469287116310088,-0.4904131307841717,0.015249447609015265,0.020477075461513762,0.012432369703223548,-0.024068787607923622,-0.010073546624598851,-0.00018216664796132792,0.010403528836914913,0.02393807859371347,0.0007347676477229573,1.9875525443168802,3.950365116420504,-0.003195781443355108,1.6919522767096682,6.448049558502543,-6.390113918205969,1.3683188461880385,1.845526002917996,1.3776901487046418,-3.8588116672442156,-0.9202600200134573,0.0008502674440040089,0.9252659829045387,3.855473042709561,-4.171384214127905e-05,0.05292763556673342,0.002801334606684944,-0.04967965999640518,0.973111981419204,0.3012146912431556,-0.5372521037998582,0.039034568457271504,0.05251015010658254,0.039338445657919933,-0.09685081484761304,-0.025684390814143736,-0.0006945279068196128,0.026825759292438807,0.09818902329309633,-2.0481678236726987e-05,0.006834049973916598,4.670423904598945e-05,4.157079694931449,381.8742345372292,0.3307624012356018,-0.20656237556889417,0.005353798359857385,0.00723642872684825,0.004625413072601737,-0.009855925972430115,-0.003662566457215121,4.46447963572656e-05,0.003573862269633128,0.009762427620498875,2.7296533787874173e-05,0.021682416506341368,0.0004701271855544646,0.6705941136896079,12.099279833712254,0.4459278440190645,-0.08275702356286012,0.020866863849092938,0.028106287688971165,0.01698220737090664,-0.03599931917165367,-0.014227040427267785,0.00021487415824048174,0.013879247261703382,0.036237874447690555
-6.236178861788617,7.7842315096386185,60.594260195650726,1.025285504926647,0.17590433997506105,14.7,-21.0,4.8925873210684845,6.8999999999999995,9.333943089430894,-15.785,-11.2,-8.9,-4.3,9.1,-8.771160979040319,11.055249535265967,122.21854228699839,1.047631665634363,0.190422057432849,20.511808002909586,-28.62239521758986,6.9083030538897425,9.661633482131695,13.224848239503212,-22.368924013862255,-15.780671498942706,-12.702348773769335,-6.119038016811011,12.876084459292436,-0.05233035694365581,0.6996551776994638,0.4895173676816683,-4.525881371027672,47.405099592288565,2.541744719587835,-8.260623275807031,0.3099743934090091,0.4153061724774013,0.35548855535564255,-0.8846359163665903,-0.21747384823793145,-0.007540931313232968,0.1978323242394699,0.581809496069395,-12.289462249127387,15.773629699018024,248.80739388174342,1.0601699218468124,0.20423035006823964,28.506869375872366,-40.78232459821264,9.719558049566318,13.708577893613462,18.747619232719888,-30.910840165990074,-22.261697109756767,-18.038944519509432,-8.553119216143305,18.328375296082108,0.11605272032770507,1.1364160178830458,1.2914413657011592,7.643522103251902,72.98881449868131,12.905887065418879,-2.457654775559031,0.2743658409538125,0.36575112169062574,0.3778068210207804,-0.48535408550396997,-0.1885766173971852,0.006810692822332598,0.1771745042934405,0.5061671142355134,-0.07175888245082432,0.6906545634786626,0.47700372605390196,-1.2159955509776896,8.641551425877918,3.1291467101696053,-3.674650576367943,0.34793660795326414,0.4711122032535327,0.4107073980004052,-1.194189926324384,-0.25368434209458157,-0.005196143515879104,0.21742786115895113,0.6476395095940484,0.0776480780899868,0.6967727713997184,0.4854922949640443,4.979551688677081,40.088766193579715,6.718629236124526,-2.069813904243062,0.27004617101806455,0.3652868040403878,0.32836117390442143,-0.5320533187258312,-0.1661922758613563,0.00115760489114166,0.19909452817903156,0.5992337784745708,-149.04603658536584,13.966991594829706,195.07685421004362,-0.4087442731144417,-0.5617356175525097,-112.3,-187.9,14.677761963205425,20.62500000000003,149.04603658536584,-174.7,-158.82500000000002,-147.2,-138.2,-130.01500000000001,-210.69288795095608,18.77599966115213,352.53816327558496,-0.2236613210119829,-0.9159196538998491,-159.97941055229245,-249.89642489282846,22.04622627951221,31.127851413153905,210.69288795095608,-242.71019051117662,-226.50318980534092,-208.7768831150939,-195.37533839218702,-184.82853095943054,-0.18776498209191705,6.073551038259012,36.88802221433713,0.06828708489437413,1.9456131850894787,24.21030318872042,-23.273906327688735,4.814717774769765,6.496253029924269,4.383418011734729,-10.779548379256209,-3.334572715073101,-0.34298668180966807,3.161680314851168,9.700537296584809,-297.6463120230466,25.752116420887372,663.1715001549371,-0.312516498945673,-0.8902848944821051,-225.74456534965765,-350.069035217995,32.76764328630534,46.560526230086225,297.6463120230466,-341.5793903081926,-320.43184089764577,-294.2605072804768,-273.87131466755955,-264.6895631593826,-0.28277024449896637,6.386376056259496,40.785799131964595,0.05475415801774426,-0.30956621584601995,18.199273947403277,-17.663100759114563,6.689624752731208,9.014801971208882,5.166996231757254,-9.956122663694261,-4.882845596273786,-0.2457392413394146,4.131956374935098,10.519752535636908,-0.2758325407714357,6.746748859785073,45.51862017701117,0.2658642519510869,5.5489095510515245,26.742878670265455,-30.479520238414285,3.6519460700294584,4.909855205117242,4.10363903872975,-9.867429909564184,-2.758311681037035,-0.38959771773432306,2.1515435240802065,9.997042156323374,-0.6786169985178188,5.178096739034097,26.81268583879555,0.4571600833084045,1.6776288185195147,19.058538435423085,-16.086164236484287,4.677162209218247,6.354846206667645,3.968405884309341,-8.209369489137156,-4.125678650336317,-0.7058285974828078,2.229167556331328,7.305880578906789,-1.7357723577235773,7.107416315362871,50.51536667988632,-0.7074672681881652,-0.2087687502783977,11.1,-28.0,7.41301109252801,10.899999999999999,5.682723577235771,-14.969999999999999,-7.1,0.0,3.8,7.3,-2.474451181730487,9.609164307004278,92.336038679005,-0.46664826422898287,-0.9590630463414627,13.907653070774609,-26.198159115450732,11.06894585737812,16.838039616722646,7.934514063320094,-19.11485216642812,-11.494204659998568,-0.02323426814155074,5.343834956724077,10.065929344777933,0.07922035636100448,2.889355708898077,8.348376412541908,0.539351845573691,4.059931681654162,15.944061180609653,-10.909899598574293,1.6420408056817442,2.2026551216503627,1.9163282182234667,-5.09060717813029,-1.034882164165019,0.05356395937280095,1.1677729574853437,5.141527428532518,-3.551941131158958,13.237956073490064,175.24348100365248,-0.4001892993491472,-1.1728855669946072,16.81505635270701,-30.855756284249395,15.332932603170226,25.836523136844903,11.068074834527813,-25.343370950633687,-17.9717160456522,0.22654863836472292,7.864807091192704,13.555119776109068,0.1731129596675712,2.8230041666902985,7.969352525150786,0.4981622300281643,2.4875144646459324,13.495954126715294,-10.890077189810507,2.521722149041517,3.761834936968727,2.1781695594634933,-3.4312259544661257,-1.7264977807094315,-0.08930118055973407,2.0353371562592955,4.708353070486282,0.11540004627687302,3.139019306458135,9.853442206316911,0.47809394341029415,4.359533814434714,12.912662512672108,-11.144779651708065,1.2877307391326511,1.769903401670903,1.8740100051026227,-5.846543515091671,-0.8985174831675379,0.10936000405098999,0.871385918503365,6.001626187192045,-0.19242710011158942,2.5648974117752856,6.578698732931559,0.32579559642294964,4.04601379312594,12.93781518755632,-11.082259812240267,1.614743606515074,2.2536122993552974,1.8081219120319203,-4.043352873524556,-1.3531140180792292,-0.31114934156932456,0.9004982812760682,3.949281058025916,-0.6503048780487806,4.131779955189565,17.071605598106284,-0.09150798762654519,-1.4217649170596027,6.8,-7.0,5.411498097545447,7.9,3.6972560975609756,-6.7,-5.0,0.25,2.9,5.3,-0.9205744632902806,5.864444506304407,34.39170936752394,-0.08076873729038783,-1.4234758947549784,9.602546944459508,-9.845765269738068,7.550905864120566,11.214365608706867,5.2528362600705485,-9.430997143365923,-7.048312748266143,0.2555678605337977,4.166052860440723,7.494262146361546,-0.0020844447491153205,0.1525235227756548,0.023263424999895695,-15.567269159376629,305.45690115913214,0.46810546289699156,-3.0160289252088095,0.06384137917926436,0.08285050326766011,0.05705380583008986,-0.0906476101716108,-0.040794586629081794,0.005618391259244071,0.042055916638578314,0.1151747433596774,-1.326448760606962,8.358189291858748,69.85932823854223,-0.062121748517790246,-1.42039621108587,13.473818614252583,-13.82965349437836,11.039182849624925,16.061753610163862,7.480866521904695,-13.314230290016694,-10.264165793779872,0.28651288931996033,5.797587816383991,10.875122282786993,0.02061539311149861,0.3050151328874495,0.09303423129034848,12.728804787031779,186.35714108302872,4.521937607707801,-0.8709747430526112,0.06687982223113974,0.09016409531560578,0.08450876259852291,-0.12181784054479353,-0.04196607506505762,0.006174425601197631,0.04819802025054816,0.12874690716681278,-0.0025218338085730087,0.12408318856165867,0.015396637683628141,-6.706403592978992,62.013198712359255,0.23311079539135238,-1.2282235862681936,0.06326959657219103,0.08582746750113938,0.06017201986743902,-0.0973222838098032,-0.038653933455258305,0.006506859684678221,0.04717353404588108,0.11240644961323369,0.01085271695739519,0.17441100186474498,0.030419197571464076,12.217665333453072,175.1719028025067,2.5466739642575074,-0.3257528099974961,0.06357442609039657,0.08515296574075233,0.06181126198543315,-0.10037573841783295,-0.043654698702313616,-0.0005884044901214705,0.041498267038438716,0.10680986843318357,-0.1596544715447154,3.4658186134155797,12.011898661097892,-1.998686848902079,3.2843603617249313,3.7,-16.0,1.0378215529539212,2.0,2.421239837398374,-8.684999999999999,-0.2,1.2,1.8,2.4,-0.2155240177989101,3.7886748323248938,14.354056985092061,-1.1655248830085583,0.14803781919270742,3.926557537278165,-12.52444771362682,1.672203481412352,5.0564073584769815,3.117497368506087,-7.859125462216222,-2.6212112611499236,1.6467936387440945,2.4351960973270574,3.232240598949706,0.10398582429804404,3.0873938798105733,9.532000969091785,0.3673345104880762,2.684487348604982,12.183928063120824,-9.873504656505842,0.501532912416728,0.642726181381021,1.7214485930998868,-5.5760062250859646,-0.28985551397286446,-0.004663717040971793,0.3528706674081566,6.384974773318905,-0.27020835895598355,5.06330078056686,25.637014794488977,-1.0307447972416688,-0.393897374928041,5.342483279352568,-13.300749659064586,1.8549857005806318,7.550780342719996,4.302825273896259,-10.393680816071049,-4.204544607749235,2.596870028393044,3.346235734970761,4.220712920070356,0.21633872694401865,1.6478668515880808,2.7154651605628137,0.542972115652698,4.4768961259661575,6.555761477077686,-7.257131274145584,0.8676839608827726,1.1531132264227084,1.0352489991310478,-2.2117593490562126,-0.42281147375253114,0.08109207752696992,0.7303017526701774,3.3371801532381324,0.14531711653467527,3.7557880776002017,14.105944083843818,0.34905341388772143,3.9845078394882982,14.055897455039736,-11.773874096181386,0.2878743637008741,0.3798115271725976,1.860607800744589,-7.224744316325431,-0.15930328616350034,0.034241497482042985,0.22050824100909727,7.719555720167795,0.015865230979524074,2.1662060748449656,4.692448758695233,-0.45389745686343735,6.1524742425923264,9.16871388465159,-9.676375008786719,0.5874379244374761,0.7970475829872968,1.219480865268005,-3.5277649606449275,-0.4069148063581963,0.03004377046402714,0.3901327766291005,3.557883761789748,2.929369918699187,3.607878857015572,13.016789846899993,-1.6080468343171308,1.7621350311430692,6.7,-8.5,1.3343419966550423,3.9,4.239126016260163,-5.784999999999999,1.4,4.6,5.3,5.9,4.1443926059081555,5.068706230895378,25.69178285511763,-1.573035177884045,1.6458737802825052,10.331084361927843,-12.00532489151881,1.883427335673128,5.503239391187791,5.975859608180042,-8.025359003081551,1.965048345255773,6.510439031985253,7.468287736443564,8.425989731280962,-0.048788588722543796,0.442253850647254,0.1955884684123236,-8.3378468846363,77.79800989241384,0.6415261277940141,-4.611386556113036,0.09789419256701107,0.13140442227738264,0.14379496689481958,-0.27575242320571264,-0.0709677607836098,-0.005761153445968503,0.06043666149377283,0.21383994401829906,5.87276828016118,7.062687463049804,49.88155420072088,-1.6345904337117982,1.9329055522167193,14.227681036677104,-17.191363396447443,2.6596829028792763,7.5363338130718915,8.3713343242707,-10.9474977954339,2.9912414798712157,9.185594208989242,10.527575292943107,11.72538156915937,0.11566023560653126,0.9237206407989703,0.8532598222380603,5.910819259522425,38.53154764825879,7.074370394172164,-1.3528175136249563,0.2083345122078992,0.26959453510081466,0.31779613777885424,-0.43745041167425386,-0.1158559288341228,0.007481197715355298,0.1537386062666919,0.5007789260838783,-0.06769779472737268,0.3553627305575823,0.1262826702693408,-4.019595774492519,16.90681562075633,0.39431789914979587,-2.036556433854543,0.09715994193719775,0.1300660713939031,0.15284651474794547,-0.27795190153604066,-0.07242631957017634,-0.011500391566587049,0.05763975182372677,0.2144144970732358,0.07687738745010574,0.5036630924694878,0.25367651071592784,5.908231675018382,38.17622106824855,3.8044867030336835,-0.5637827961044346,0.1251872748671593,0.17974666957653557,0.1860553307483111,-0.2963281731123536,-0.06701129463992733,0.006855466372354372,0.11273537493660825,0.32289461160215116,-0.0039394842579366235,0.26657512814578976,0.07106229894594424,-0.6735792287419579,4.947110899223219,1.174497,-1.511429,0.05709649403686924,0.076964,0.14300765852840858,-0.507208,-0.041046,-0.001405,0.035918,0.483136,-0.005571173044683982,0.35790597403565644,0.12809668625041198,-0.51096348628754,4.340382375904601,1.5133272765656904,-1.9872356899638906,0.08026711390687984,0.10837213215954275,0.19593638799094737,-0.6926711942848245,-0.05819082826717742,-0.002389351854129763,0.05018130389236533,0.6631990307852803,0.0004156966338248185,0.11838647094856006,0.014015356503654255,0.08232310870896513,9.585898012016205,0.8286741060740395,-0.8804140125386973,0.007588555104371616,0.010236521474317466,0.05208804736755014,-0.18481939490605387,-0.00510377452822552,1.4344748757612238e-05,0.005132746946091946,0.1838466813061257,-0.007878235800267157,0.4950536633209743,0.24507812956751657,-0.4567827784440373,4.1382746797383305,2.1487202338301756,-2.6108047159254775,0.11361362817645122,0.1530488966226102,0.27347599200564543,-0.9735949185394384,-0.08265940767310415,-0.004104248720571229,0.07038948894950606,0.9280327227022915,-0.0012937732554250529,0.10520888032212382,0.011068908498634972,-0.05808656585927989,10.022470039395229,0.6854420925462351,-0.7011928197049105,0.007356094951883819,0.009931950408849356,0.04609898065335289,-0.16218044508378113,-0.005037984029203489,1.4154548226562346e-07,0.004893966379645866,0.15467639148677115,0.0005879777786831242,0.06864705557617952,0.0047124182392790795,0.024098019598486974,11.08519646513954,0.5090752257858832,-0.6170063613647443,0.007435506370413516,0.010084090100524905,0.03172755892533771,-0.10280142431365408,-0.0049918804484968635,-3.577708816203848e-05,0.005092209652028041,0.10834884121980415,0.0001611730027798437,0.15268719161285937,0.023313378482622035,-0.020560713653807714,9.06869612019364,1.0292683990249267,-1.0524223583660492,0.007694637670339926,0.010405981344173705,0.06659753512714128,-0.25195246791436265,-0.005120319207146387,3.743609921443386e-05,0.005285662137027318,0.23774890476783375,0.0027918953152785467,0.4577196904528266,0.20950731502823144,0.6392521140007376,4.8499092115017595,2.642791,-2.475948,0.07607676763817794,0.102386,0.23945290624726703,-0.810019,-0.051741,-0.00205,0.050645,0.9234760000000001,0.003955837100046916,0.6173784255674076,0.3811561203560911,0.6044200584819814,4.518188259980889,3.405901807800018,-3.161295959053479,0.10726267987873318,0.1438264168453805,0.3260567782468525,-1.0840233130322185,-0.07308772690897758,-0.0040030694131235126,0.07073868993640293,1.2820619273916856,-0.0007383238738523559,0.1944787333586373,0.037821977728779946,-0.16806354780284732,16.262031840302434,1.9963683395609702,-2.106108445238292,0.00888203232110403,0.0119805512911416,0.08081929111806149,-0.2781638145410255,-0.005973494859962541,-6.0835688037087126e-06,0.006007056431179058,0.278704428046966,0.005615902764801976,0.8285989925363045,0.6865762904321789,0.5239404720583711,4.017274235857758,4.032759217414434,-4.1885973407244625,0.15120627781094695,0.20352098680408565,0.4467071572509771,-1.4687150939991311,-0.10304592095931459,-0.005659167997012878,0.10047506584477107,1.7371176827946708,-0.0010087659157526165,0.2749623829828679,0.07560431205561734,0.1408489143525997,7.855243003955042,1.8306690854427516,-1.6316618404577683,0.02387197039320093,0.03228436527555109,0.12792800760656464,-0.4529244400614039,-0.016531723436930452,-1.1733975187527184e-05,0.01575264183862064,0.4742909136486224,-0.0010438192262851149,0.17365933965836225,0.030157566250578423,-0.18564486287891965,18.981695768597692,2.127464110429509,-2.015826856807916,0.00790932219686901,0.010662650042609518,0.07302032827235898,-0.2644444627382061,-0.00540077302344104,-6.419762117620135e-05,0.0052618770191684774,0.26016637181893076,-0.001124303634172757,0.2132414200023214,0.045471903204606444,-0.0468142321402214,13.003187125652488,1.8407516744527688,-1.826388693215643,0.009560060691772546,0.012873754709386169,0.08827153265930371,-0.30777012615392635,-0.006393995717431631,-1.5429873940582165e-05,0.006479758991954539,0.2950289812807694,0.002915646444917354,0.1327903210511246,0.017633269364860746,0.032890949627712156,7.447248833437111,0.880907,-0.983465,0.017754161566604584,0.02389,0.06558594825525466,-0.218568,-0.008761,0.003033,0.015129,0.22735450000000001,0.004123936376308961,0.1584257463799481,0.02509871711604364,0.20627995137770577,7.113798560861387,1.0958861013521992,-0.9923939765162051,0.023547119596993734,0.03169549151879543,0.07934458164882138,-0.2586781592992201,-0.011591580066658003,0.003954471087679275,0.020103911452137427,0.27651747317844755,-0.00019221825288823316,0.10082024050374049,0.010164720895232075,-0.11431392157454959,10.880227342882264,0.8835557695980908,-0.8686090714757443,0.007870816742953996,0.010618488411688418,0.045069477032464667,-0.15671319324678035,-0.005269740193540387,4.686645348333585e-05,0.005348748218148031,0.15581674962397482,0.005833621721839192,0.21402511214632253,0.045806748629245934,0.09688779457148239,7.393338324186729,1.496216259408607,-1.366426927913395,0.0322044209444375,0.04339217327223688,0.10712146354367892,-0.3489009395445031,-0.01545874566983153,0.005797076389638205,0.027933427602405345,0.3699417621631144,0.0007035561812501835,0.0661926925566199,0.004381472547895203,-0.48121125687858257,10.20839566318797,0.44254065617000504,-0.534852368019086,0.00713969287897994,0.009645528150019476,0.030557294067335178,-0.09964230771440576,-0.00464129442732066,8.268326244073446e-05,0.005004233722698815,0.10703579300674682,-0.0002715901649067871,0.11967476588780657,0.01432204959030131,-0.11538932797156065,10.809109934437126,1.1552630055287614,-1.0248971639452573,0.008782614574099092,0.011846402134850987,0.05366029527122019,-0.1884928732617698,-0.005862054739531362,4.525767236594767e-05,0.005984347395319624,0.1878035334075469,-0.00024420726999272406,0.07748407791374454,0.006003782330143234,0.07393069904271193,9.710421661227524,0.5510390461865412,-0.5519463516978664,0.006771088289117467,0.009124684408489254,0.034442150651636,-0.11978155547495484,-0.004606558248965181,-5.264409948694244e-05,0.0045181261595240736,0.11867029035992824,0.0002563309768824884,1.1089125354653542,1.2296870113122005,-0.0011181683857936992,2.2412569215513907,3.743883,-3.736862,0.71191593328202,0.96020975,0.7404602200244877,-2.1464705,-0.47908850000000003,0.001124,0.48112125,2.1472915,0.00036004747673347594,1.568088032943564,2.458900079060816,-0.0011165995038207564,2.2455438907740843,5.253671051663721,-5.267462231607743,1.0003174335830942,1.349760594866391,1.0465720517708448,-3.0370126746310935,-0.6739187539434924,0.002907767809388907,0.6758418409228988,3.0296446807406747,9.596841985234382e-06,0.01622183449168775,0.0002631479142757104,0.05640492343016836,0.8911323307196661,0.18672499730726028,-0.050323943158318174,0.015725009524649433,0.021182188986785186,0.01274295787883932,-0.02451145318848838,-0.010619694713181393,-0.00011091214416030469,0.010562494273603791,0.024605491037529743,0.0004994875054860483,2.2167992154764566,4.914198761737033,-0.001111311913988464,2.2585634090767455,7.351434056201575,-7.375553682040218,1.3663645701367153,1.8427319944808345,1.4777125226992902,-4.291895429975528,-0.9195341354401347,0.003756473634707394,0.9231978590406997,4.280128673146826,3.879140261716027e-06,0.05252953562997419,0.0027593521135007284,0.024562795029717747,0.5665193544039093,0.30538726245191344,-0.1792717273852944,0.04228160681483909,0.057140487960680664,0.03919585416534891,-0.09665990167096418,-0.028890212794681257,0.00019508112622463464,0.028250275165999403,0.0968910379217738,1.428433809492722e-05,0.006373744531183089,4.062461934878633e-05,0.5524899043298077,11.702218957176768,0.1329835114708331,-0.026796978097982933,0.0058122911035457265,0.007841740957965387,0.004838653338739093,-0.010245786669041934,-0.0039745043076899475,2.171717936494428e-05,0.0038672366502754407,0.010203495310410314,1.426372629900121e-05,0.022036304870050955,0.0004855987323258314,0.005687314197110121,-0.02353885400055633,0.09378435270107513,-0.05808918850315418,0.02199753190244572,0.029706396904354,0.01748261914908813,-0.03829622680540705,-0.014915348959512,6.0697977294416365e-05,0.014791047944842001,0.038124778604418104
-6.406605691056912,7.932912752503294,62.9311047388294,1.0461810129078142,0.34290364587939326,14.9,-21.8,4.596066877367366,6.0,9.591361788617888,-16.4,-11.1,-8.9,-5.1,9.3,-9.00814815764475,11.267457173904502,126.95559116577203,1.068017171262686,0.3543907103199313,20.78380323389923,-30.143602994636165,6.6764653342718265,8.344657202499153,13.586848692572897,-23.296814916940917,-15.631664650422273,-12.828779821685824,-7.28700744792312,13.09976597996654,-0.05981919305561379,0.7088049917596068,0.5024045163433362,-4.996131617837882,50.53060780505873,2.5981109001597003,-8.578859217910267,0.26459063003559585,0.3586029173274953,0.3480746098923541,-0.871638883407541,-0.1866124402373104,0.01650061954798243,0.1719904770901849,0.6235018155258676,-12.612397765454038,16.078695248586477,258.5244408969173,1.0804694991989159,0.36433705568279473,29.350089347459434,-43.37887248842435,9.42735092843768,11.6310978838687,19.254358829926954,-32.17974489646448,-21.982688112199142,-18.15318477560165,-10.351590228330442,18.634297743766044,0.10661757362791117,1.139574512807567,1.2986300702406035,7.4017346656192835,70.05455439349866,12.80005496063225,-2.6657243407807267,0.31530940839743765,0.4349337283599018,0.41811628500292525,-0.6185059722081508,-0.21768208761793778,-0.016030657092495404,0.217251640741964,0.6047232890528249,-0.08288755999342266,0.7058219490060227,0.4981846236986605,-1.4049009872832348,8.87577021078321,3.411979617273605,-3.807819063619648,0.28681718101241555,0.4137601936501644,0.3971593823308115,-1.3006227032755504,-0.2274206887656841,0.008342877913956055,0.1863395048844803,0.6327500368601453,0.07791786019634908,0.699182562590781,0.4888562558310115,5.688173211493791,48.84864192547626,7.191364332899385,-1.985925527270018,0.24345892400565589,0.33984085475433073,0.3095479581202141,-0.5208868786347444,-0.16545492346152857,0.011077613619259205,0.17438593129280217,0.5710635850257957,-148.9334349593496,13.56346456949269,183.9675711278835,-0.35235521101119566,-0.4625303559996796,-110.8,-187.1,14.307111408579066,20.0,148.9334349593496,-172.285,-158.5,-147.25,-138.5,-129.6,-210.52613979411632,18.402306406444428,338.64488107666557,-0.23300619105273535,-0.7779688173264647,-157.43669518060332,-255.7740970029541,21.1410225291237,28.756581429763287,210.52613979411632,-240.99619742441052,-224.6104256262165,-208.17249357824986,-195.85384419645322,-184.23916500268226,0.16965793041426439,5.387143137102483,29.02131117963038,0.0782069895497759,0.565260832226115,17.09524655173866,-17.946192725216783,4.4937058916897605,6.127733176016,4.062003635850925,-8.717026860090877,-2.8945052522430554,0.08314078533087965,3.2332279237729447,10.1072443907266,-297.4028262884598,25.228175087702773,636.4608182557868,-0.3046368863230237,-0.8228527074804335,-224.0548928139762,-349.866732869723,31.64698099402891,44.48181490859605,297.4028262884598,-340.96515374809036,-318.87243029129786,-294.1375655914561,-274.3906153827018,-264.41582197454636,0.09823832711581089,6.365192769586185,40.51567899399225,-0.06356676560166373,-0.19967818840966967,15.644853890342063,-15.748642273658017,5.411037453862767,7.183806302149398,4.97901330257707,-11.515241859554457,-3.451120355075494,-0.029561696654328173,3.7326859470739038,11.028848127988384,0.2323166025923579,5.15677060203325,26.592283041994367,0.3885082388132629,3.7811374605330847,21.283044806786656,-19.131823456388656,3.1231117207584917,4.018599130217352,3.4088445513985066,-8.243501623668987,-1.8367569878836099,-0.017969155014587367,2.1818421423337417,7.826616302333731,-0.7667837211510902,5.486077931276228,30.09705106803605,-0.120684900873087,0.4405874937499452,18.223394605863632,-17.12531013896853,5.500061836574354,7.437759570398774,4.3487793844983225,-9.72688859437227,-4.437135920336223,-0.696736891753253,3.0006236500625514,7.666687130253871,-1.43760162601626,6.922253259074069,47.91759018276158,-0.7421977528569624,-0.0774361430299737,9.9,-27.1,7.116490648826889,10.825,5.5321138211382115,-14.485,-6.725,0.2,4.1,7.5,-2.0607173596101616,9.323754356707276,86.9323953042179,-0.522020317347899,-0.7151586942033905,12.971771246341014,-35.3934699070051,10.379123734882144,16.64794285271781,7.703304413424083,-17.33799683305322,-10.978528173592576,0.4649168731296812,5.669414679125234,9.87947479424822,0.051640593078912396,2.938296950392967,8.63358896868861,0.07394464791815747,2.896638258158375,13.669984671929015,-11.065926579194148,1.751312731093159,2.4072109540750795,1.9797612921158676,-5.367428068626733,-1.2370985077131795,0.1511213656551479,1.1701124463619001,4.760664565589477,-2.986988308966281,12.695180647326472,161.16761166825256,-0.34672239036195424,-1.2577115318415857,16.729140772771213,-28.17808327387891,15.14434440887276,24.839638687049746,10.752484154819115,-23.661639529962684,-16.753147287795464,0.4089230363171488,8.086491399254282,13.630796730182773,0.22136269809636527,3.3831150165095796,11.445467214932613,2.3008742138584335,18.003320682268185,26.61371648864881,-12.31258764515622,2.2333860630187883,2.992738272648648,2.111904759108037,-3.604065078297136,-1.4090573330945482,0.016657252054866754,1.5836809395540996,4.349895808936449,0.07350115236098345,3.0271832018450024,9.163838137532561,0.06856960799084807,2.5205510895160055,10.204710477527373,-10.12409812217186,1.5351070207390682,2.02485793503598,1.937141042486162,-5.637753129177877,-0.9785875128969563,0.06539569521676607,1.0462704221390235,5.756428166246062,0.25699865233693175,2.7925970312316273,7.798598178843699,1.176198663198995,3.9249960480294463,12.71077529449947,-8.17675941497058,1.9997497626145617,2.6523392723178887,1.9042540478458767,-3.684458938979736,-1.3160467407881042,0.04598017070097868,1.3362925315297842,4.856846786009571,-0.7106707317073171,4.345923465689562,18.88705076963117,-0.02480614252408078,-1.433449066404092,7.1,-7.1,5.930408874022408,8.425,3.907825203252033,-6.8,-5.3,0.0,3.125,5.7,-1.004748927080418,6.167227189179843,38.0346912029591,-0.015110395380556531,-1.4346950217253676,10.018363114189826,-10.058156061389782,8.462528909549633,12.005620915191548,5.550933610133547,-9.552186124181983,-7.519955360620896,-0.05216671209499099,4.485665554570652,8.013027452188627,-0.008111207919913545,0.1482345556601036,0.021973483491748352,-15.466895930526665,300.8600692405685,0.4519976457146424,-2.925733095670194,0.059962016415443534,0.08034852601899813,0.054785360368394,-0.09500438745381588,-0.03968518459507024,0.0011789165711516558,0.040663341423927885,0.09168653819706656,-1.4422586818204066,8.785114339992543,77.17823396674261,0.0024270447942398286,-1.430827901610552,14.130480858156874,-14.159040752451286,12.167581750034053,17.114084501180972,7.906896448151142,-13.54902643634407,-10.837043445962518,-0.14042261698874203,6.2770410552184535,11.672312925221387,0.016854414928939375,0.3034488782605256,0.09208122171757127,12.69800035542397,185.9911505493802,4.492726155276112,-0.8980657066236477,0.07163430085624332,0.09007213546893138,0.08521788783838927,-0.12910173758099952,-0.04283816515541411,-0.003218320389955287,0.04723397031351727,0.13889432284456887,-0.011310407719680221,0.12211316830132715,0.014911625872588251,-6.811904633734855,63.4075426392166,0.20102520334404594,-1.2677128592849878,0.06555479100505775,0.08915181411968366,0.05970107176821447,-0.09746897533043516,-0.04785353844939736,-0.0020224138827347237,0.0412982756702863,0.10262172098323236,0.007642601852098542,0.16857189135672762,0.028416482555584384,12.078496250154057,173.06511924508453,2.4507067400806966,-0.4212963833151428,0.05188092416051909,0.0743866489025874,0.05762189521417193,-0.09439825723966294,-0.04050926287196052,0.0037996736080780852,0.03387738603062688,0.0843946255397989,-0.18028455284552847,3.405930611986073,11.600363333663825,-2.0259628035015167,3.3710641945449256,4.2,-15.9,1.0378215529539212,1.7,2.339227642276423,-8.6,0.0,1.2,1.7,2.3,-0.24454125313088174,3.7573761282908,14.117875369449562,-1.1632000148289159,0.07112669198530375,4.1170564666646365,-13.411714495666251,1.6462525055033288,5.118873868582685,3.0677760256703004,-7.993981512164752,-2.765475671119173,1.6111169806353713,2.3533981974635116,3.1353814890753466,-0.0985795627152614,2.9925400008067315,8.955295656428353,-0.07812165836817611,2.835603361047692,11.508208193849601,-10.610673644575702,0.531383214393487,0.714672471639179,1.6646014378257226,-5.761012338787866,-0.3688044374282009,-0.00908598535580725,0.34586803421097806,5.622531414594353,-0.3089367478003207,5.008430929466791,25.08438037523959,-1.0305593198003853,-0.43280830438418905,5.968246065990038,-13.413790909091324,1.6756807008777685,7.626725301086209,4.224057774329378,-10.203744539916904,-4.343475717432208,2.498832496928071,3.283249583654001,3.983273580357835,-0.2164797512399397,1.6823022631715085,2.8301409046719797,-0.3818942882471578,1.3102248582890121,4.447438519841315,-5.248580303919036,0.9117219845760514,1.2066429478067984,1.1384044167917715,-3.6194515552246074,-0.6911108472398977,-0.03910804623310095,0.5155321005669008,2.6620458576514103,-0.13805050656998263,3.309007952799606,10.949533631691041,-0.32001142571655133,6.424376342653677,13.985079581723683,-13.199127252243487,0.23591088136630095,0.3154849156789963,1.5703430925610757,-5.86268169687161,-0.1630747386144616,-0.007025471913006539,0.1524101770645347,4.95733541533513,0.001736409943099519,2.5906784403618364,6.711614781355636,-0.19272332757102745,4.913728428278356,10.986965893607957,-9.916418825848357,0.6124847768954093,0.8243412070362077,1.3745555384333141,-5.422880965851062,-0.3172895888632683,0.005110310856222227,0.5070516181729394,4.4580936231645865,2.969410569105692,3.576644720607468,12.792387457449271,-1.611561520979018,1.5621523889577826,6.6,-7.8,1.3343419966550423,3.6,4.295630081300812,-5.9,1.6,4.6,5.2,5.9,4.2147170895855295,5.029456402330676,25.295431702945024,-1.579543721682247,1.445857735274246,10.743219999615073,-11.041405910753664,1.8321029494603907,5.217675211868099,6.07144161354945,-8.20677959285357,2.2560994787076973,6.528566593057659,7.473774690575796,8.371374742167006,-0.042905249021579134,0.435791080828243,0.18991386612944824,-8.43567846130299,81.40552764792956,0.6583231370224036,-4.818998760812272,0.10639047182477505,0.14078119963170102,0.14502068059229256,-0.27658733241540934,-0.0718833695639485,-0.004450058395659484,0.06889783006775252,0.2411244661099367,6.0148100377565745,7.02484614609485,49.34846337630367,-1.6439255665254273,1.7240652142281556,13.902748418698453,-16.077214610660583,2.6047861752770265,6.334883570383051,8.551400480936552,-11.881387628647918,4.180948657606464,9.212400019007907,10.515832227989515,11.837221099446234,0.09501783490617614,0.9054398115046021,0.8198212522574894,6.075276192687939,41.221800092683154,7.187201332826893,-1.4159120622483536,0.2062749069172965,0.2730423235987166,0.30755603599841536,-0.41764109505112634,-0.12424713225694592,0.0043246555337440595,0.14879519134177072,0.4674739581080779,-0.0600537120111585,0.34530778262213346,0.11923746473941459,-4.076830021365152,17.843577601394692,0.3869120271770336,-2.061796363956249,0.11175474955587993,0.14433853367791472,0.15136938182254875,-0.27991394424797567,-0.0799998393393693,0.003452417795451428,0.06433869433854542,0.21343905308106928,0.07392244759487487,0.5000643863012048,0.25006439044680057,6.065926539978222,40.69147969775222,3.991058010805156,-0.5853717649965468,0.14483703426086206,0.18758961820333112,0.18899674746757675,-0.251993285734581,-0.08388732839914637,0.014396167096643844,0.10370228980418475,0.3281829618430434,-0.002460335137325269,0.2672755872817931,0.07143623955682743,-0.710036162218519,5.384253446936137,1.158808,-1.639978,0.057096494036869234,0.076963,0.14145357960235003,-0.5037165,-0.039322,-9.8e-05,0.037641,0.48674625,-0.003478324336013516,0.3565543049430624,0.12713097237343032,-0.43459296664475033,4.7399436241234865,1.60106492765842,-1.9881483653766248,0.08013057941835294,0.10812082562481605,0.19233258258005864,-0.6785134807590545,-0.0559488927780188,-0.0010050486823191306,0.05217193284679725,0.6622046217182362,9.275701750234455e-05,0.12541608250510944,0.01572919375092842,0.011008858129540264,11.16230748396656,1.0072463884776595,-0.9671752819351661,0.007707701908466194,0.010396296726698537,0.05356768377252397,-0.18902277574093435,-0.005226303279122989,-2.752257028501039e-05,0.005169993447575547,0.19054412802791756,-0.004915704666479227,0.4940666515100674,0.2441018561343704,-0.32222989319405504,4.42342157120835,2.2419164375789555,-2.6576796563321365,0.11332558942671223,0.15294155203300758,0.2688126813354876,-0.9514407187870165,-0.07935926412744727,-0.0021229360752646983,0.07358228790556032,0.909082012427252,-0.0005928699982119616,0.1005783539395621,0.010116005281191828,-0.1285541072345072,11.439291530610163,0.6688850542646749,-0.7255515208101813,0.0073493458304092355,0.009913362151561203,0.04332999216024437,-0.14337188825251523,-0.005044954720099191,-9.4483519449197e-05,0.004868407431462011,0.14396822304758475,0.0001313980141718952,0.07165470088079318,0.005134396158315943,0.009233794092593707,9.793157523827814,0.4716289987091683,-0.5279084979231615,0.007614902938816228,0.010278403820812479,0.03273551783925729,-0.11160038973841568,-0.005142859553436046,-2.8645479972612552e-05,0.005135544267376433,0.11100876098328606,-0.0006460771841100439,0.16222860742833484,0.026318121068136777,-0.1429295477257239,10.598589119586,1.1234198063491578,-1.20438372488589,0.00761069702029029,0.010253916166434712,0.06824274934160382,-0.24436482045516045,-0.005152713480163418,-3.4143716077320176e-06,0.005101202686271294,0.24033403115541793,0.0037453137643619944,0.4666763281245383,0.21778679523180175,0.5840379503044926,4.62568539795362,2.94412,-2.647072,0.0777691580706021,0.104608,0.24506332973982,-0.832191,-0.05156,-0.000788,0.053048,0.932219,0.005292217737390803,0.6283945064579971,0.39487965574658973,0.57407013213696,4.384517353750535,3.3490238893984032,-3.055047603139963,0.10938115956199677,0.14728986237304725,0.33302916590235254,-1.1072173985633125,-0.073245695373217,-0.0019973084286785056,0.07404416699983027,1.2987575391538224,0.000645793416084328,0.2016334495636316,0.04065604798292957,0.04663566610850949,13.258999144200502,1.73566639350226,-1.6218893848045972,0.008868251316657905,0.011951978268176447,0.08360838807476216,-0.279516063318344,-0.006043508972814874,2.5851856632000598e-05,0.005908469295361572,0.2901303361151857,0.007471486613327099,0.8469152355659302,0.717265416233695,0.5089692122373668,3.9682425064959963,4.504398900790295,-4.099085877360285,0.1545131582402683,0.2081713338142548,0.45832557868527507,-1.5139043241610306,-0.10282903281585253,-0.0036162019424439314,0.10534230099840226,1.7650364643828866,-0.0003576519696270659,0.2689945231025661,0.07235805345917698,0.06767843740838113,8.336607747783221,1.8965129640221334,-1.7067404977031602,0.02324324375455987,0.03148694197321256,0.1237614386585759,-0.435661319104184,-0.016200335218882977,-8.090455147758899e-05,0.015286606754329576,0.4440640543347708,0.000913554078552284,0.1800963340479705,0.03243468953751818,-0.05782500833392354,10.292957798650606,1.4247212137595204,-1.4030518427618432,0.007948936407083834,0.010712180440301014,0.07821243541579817,-0.27929810327114823,-0.005273426843980083,2.1751871709170425e-05,0.005438753596320931,0.2898726596976234,-0.0007758618095041551,0.22104910380648216,0.04886270629364892,-0.18687628522873442,11.624866114348974,1.6485344842611604,-1.7530897356854511,0.009522896444620793,0.01286280953705899,0.09058173709722737,-0.32403924904928016,-0.006144809642849497,0.00010984510504034796,0.006717999894209494,0.31028320747114563,0.005009830969814488,0.14242180516920322,0.020283970587654482,0.10192547080649017,7.440543112373904,1.087145,-1.043219,0.019278276647228344,0.026067,0.07089493275547709,-0.23553275,-0.007612,0.00521,0.018455,0.24347275,0.007083552224915876,0.17140367075755245,0.029379218349163443,0.07642448824540522,7.232636658741987,1.0693159692660794,-1.0353648849381398,0.025690702405274227,0.03463194421615335,0.0860753787510604,-0.2803651944109367,-0.00962459558126569,0.007235417309737797,0.025007348634887662,0.2969032851155881,0.0005681729447799874,0.10575880435051725,0.011184924697650988,-0.06747691866781615,11.165770733947825,0.9347541112818357,-0.9110244786507672,0.007908475912497223,0.010671736186064058,0.046574573924218925,-0.15610807724195847,-0.005298378736094527,1.593470540397071e-05,0.005373357449969531,0.16392921829666368,0.010013420175636082,0.23415276364598764,0.05482751672305375,0.031626289525375204,7.589905960138985,1.4889564562876398,-1.408320792998693,0.03530832908787747,0.04768863576557916,0.11693838449245858,-0.37775175870376165,-0.012653964492544802,0.010372796628710037,0.03503467127303436,0.3954698814276003,0.00032260910626340467,0.06261633075157451,0.003920804876790575,-0.483537440787013,11.210052427182287,0.4410145738312802,-0.5528710266653051,0.0068761854783747104,0.009293772628187306,0.028431977001074773,-0.09046938682362991,-0.004478112774522104,0.000103399366794979,0.004815659853665203,0.0995640194537664,0.0008032708065327307,0.12757090044235164,0.016274334639672396,0.027506188558670108,9.329860865305218,1.0263105137227708,-0.9661176848081231,0.008871743220271861,0.011975327197797692,0.05722653767378967,-0.19785416197040337,-0.005941309817901563,-6.763253583519743e-05,0.0060340173798961285,0.20592711280659143,0.0002843146772350932,0.07804844849244498,0.006091560312077837,0.2020539274244861,12.667183070567143,0.6478094039823982,-0.5403512966082987,0.00677273848178989,0.009134128167238045,0.03333429113562921,-0.11142805957297683,-0.0045605429469403064,4.959182551507105e-06,0.004573585220297739,0.10967019872487312,0.0001475305617457236,1.0187866638476382,1.0379262664338003,-0.0018245569569163547,2.08492347120721,3.376177,-3.385145,0.6914997594320886,0.93282875,0.6935967191994905,-1.9767857500000001,-0.465491,0.0008545,0.46733775,1.97912275,0.00020447123766061467,1.4406586083706003,2.0754972258723146,-0.0018168071757767286,2.088553108932169,4.726695890939674,-4.778387834581888,0.9754916275142574,1.316500130833902,0.980284583572433,-2.7929110090539133,-0.6568308645329186,-0.00018636691349118578,0.6596692663009833,2.795517612333303,8.19332625361834e-06,0.013864690764185091,0.00019222964998647936,0.14619180459959422,13.238149973163377,0.30679200667456846,-0.2849163267152632,0.012393104527146181,0.01671733629538954,0.01068026497350423,-0.021100834480907757,-0.008446775379958495,-0.00023312559951455675,0.008270560915431043,0.021269526665325184,0.00027962677992225275,2.0366056915196435,4.147762742730205,-0.0017993017959548707,2.1000613962848984,6.659699680478546,-6.67903161792559,1.3416775161694974,1.8120881663673276,1.3838189260203648,-3.940361633286927,-0.9037515160823336,-0.0007820897198985155,0.908336650284994,3.953782510580787,-4.59773978812562e-06,0.05080916656873245,0.0025815714074091996,0.06641796949745328,0.9200529646146083,0.5189252508707393,-0.25002337976772565,0.039037859444536784,0.052529503178392986,0.03807024394861943,-0.09226964179637054,-0.026333280056777278,0.00017959341824782486,0.026196223121615708,0.09398005892229153,1.2328662900369393e-05,0.005882159066125017,3.459979527919672e-05,2.2651337809383043,260.3285255064896,0.24678623963373433,-0.20018773173237836,0.004816888272389712,0.006502908317487684,0.004127120466252539,-0.008958131582691611,-0.003277616469692404,1.2898204454966531e-05,0.00322529184779528,0.008807443791349692,-1.3666878388002584e-06,0.01870876452068213,0.00035001786989033435,-0.04462515252209972,0.8156851987479103,0.1383183694107231,-0.153890698554088,0.01648312952479785,0.02226983092211976,0.014584735090651838,-0.031457177511052606,-0.011036119605553407,0.00027210158762075415,0.011233711316566355,0.031357571468909926
-5.862767039674466,7.691431947663997,59.15812540554638,0.9946054574550203,0.15802968377241644,14.6,-21.3,6.226929317723527,6.5,8.986673448626654,-14.99,-10.6,-9.3,-4.1,9.3,-8.25413778599861,10.913143742428549,119.09670634290738,1.0116826525276084,0.17955039853850874,20.276342891021194,-30.51927799516308,9.146620580479237,9.283373177008798,12.724220640041178,-21.01982296287276,-14.907788279403187,-13.529468498435314,-5.624415102394389,13.126754974101644,0.05049272323416207,0.8146842328447679,0.6637103992458679,6.048018442557124,66.62448469276053,10.506420492324073,-2.4121488150807426,0.3060305909617258,0.4190286721528136,0.38979660674325145,-0.9025016421661425,-0.20518498271885197,0.03252135687880453,0.2138436894339616,0.8197775971592872,-11.570227293780327,15.565643291000082,242.28925106265586,1.0463871005272305,0.2028222865419944,28.492070017904116,-41.82839071886111,12.993455736699014,13.199998085548344,18.056884926468552,-29.81753733798238,-21.14017293412476,-19.42001441592492,-7.940174848576414,18.458337777592686,0.11581622237211672,1.248193912593677,1.5579880434359115,4.719958822610107,47.28116190077027,12.399940975772683,-6.100317575807705,0.2946710617662584,0.40395978089708756,0.46180970873042876,-0.5716751525838559,-0.14586146055914206,0.05120099204244988,0.2580983203379455,0.7407240043473702,0.0685793546202773,0.7157594845496773,0.5123116397228198,1.2273621882245551,9.28744731953512,4.770561114983539,-2.645805780281044,0.33673190336220665,0.45128580872590685,0.4297483854495781,-0.8509199085444252,-0.19110638616425438,0.03688214651810337,0.26017942256165244,1.389100244721972,-0.09352063358682888,0.8884167438112336,0.789284310684155,-6.788376518829867,59.376064144997386,1.4372149721570853,-9.475646423385848,0.2595644965492909,0.3597949772947339,0.35036872926449525,-0.610130402355054,-0.18161184228816651,-0.01242162220411877,0.1781831350065674,0.5583126640026614,-149.54109867751782,13.713317465288725,188.05507590379278,-0.3402995418192706,-0.6004818045514235,-111.0,-187.2,15.122542628757165,21.05000000000001,149.54109867751782,-173.34,-160.2,-147.7,-139.14999999999998,-130.20999999999998,-211.3603672719229,18.55095245366228,344.1378369380386,-0.1869712530676853,-0.9927973734404705,-155.64386030326764,-253.82891303721345,23.73936980897572,34.028503148933595,211.3603672719229,-241.25633797511722,-229.77081391264784,-208.45262963348506,-195.74231076371424,-185.421501022255,0.0937870152983414,5.6293498932118835,31.689580220204647,0.17880448115151845,1.5578418394769677,18.854108127003705,-20.336282377006924,4.690476330862541,6.269627208723788,4.155957069293902,-8.496128454127355,-3.082570707932857,-0.058370584473758313,3.1870565007909315,9.365820718114326,-298.5737964896941,25.52741705821046,651.6490216638144,-0.2875313177953301,-1.146106653013319,-241.75828844156106,-349.5971504730641,32.665171057904395,50.883582914841384,298.5737964896941,-338.4443972402046,-325.7114358010695,-293.8356756822237,-274.82785288622813,-266.0889941190329,-0.49366109019701626,5.975623150038348,35.70807203127423,0.16412413907896298,0.06283188068432644,18.02183246425263,-15.952963409214066,5.832550344051333,7.86296095578442,4.7084112987300015,-10.192402551735082,-4.619242778903452,-0.6557089067767059,3.243718176880968,9.370707727676312,0.12173629519716062,6.243614360652804,38.98272028454991,0.4277795700461217,3.471438175851766,23.064036290082836,-21.05781409531723,3.2997590000806687,4.457069864815203,3.983358989258023,-10.25233088077557,-2.2410795137378443,-0.034104733308635476,2.215990351077359,10.743440337016747,0.4312663555463874,4.835945449092284,23.38636838659637,-0.06546202949096867,-0.38572937196052903,11.625135480015397,-13.347882043578592,5.436172951631837,7.329431807467451,3.9470477089659783,-7.120259851961359,-3.2389992082864825,0.4424460225590522,4.090432599180968,8.585186785428926,-1.8721261444557478,7.417194031469449,55.01476730046601,-0.8157485847628374,0.19179001980477617,10.6,-28.9,7.26475087067745,11.0,5.825534079348932,-15.9,-7.15,0.0,3.8499999999999996,7.6,-2.669076803665574,10.011165571332858,100.22343609664037,-0.5784673251691254,-0.47603846290464613,14.517147611192565,-39.02088569232924,11.106203504219415,16.224312238916756,8.152502841103919,-19.660699050713593,-11.056977636432652,-0.09030871030327856,5.167334602484103,10.345642505794167,0.0979401396779412,3.0429997328019653,9.259847373832832,-0.05178485241186045,2.855579186465458,11.075138714967984,-13.573738034938392,1.5767169314306229,2.233584141112253,2.006067263139721,-4.8562551450805245,-1.0031654361405162,-0.013808859677534757,1.230418704971737,5.046646660347724,-3.834171924173432,13.486630293239106,181.88919666651472,-0.35501861204542695,-1.18253298788159,18.149508130641458,-30.33698607908609,16.723800889651013,24.711967202951644,11.317423085673557,-26.30688723263146,-17.082930966062833,0.15448856872465527,7.629036236888812,13.865928913051093,-0.06366037580686053,4.090660479739962,16.73350316050638,-1.5450706231799722,12.655709972495234,13.938907339877664,-29.022487923314635,2.862927315282324,4.018297289497493,2.6435774504149516,-4.591753316537025,-2.0081092592676915,-0.22476890110681055,2.010188030229801,5.922030888854836,0.13923047809720832,3.1716395916109272,10.059297699073928,0.07535426063532434,4.470313690750299,11.551502031004992,-11.920324169603102,1.2255714774583994,1.647011811916664,1.8551634846123413,-4.89233948165719,-0.781746934598026,0.015019970244098006,0.8652648773186379,5.226139151825244,-0.19791081892375528,2.857532806127049,8.165493738092328,0.06424499125774218,6.103017573210684,13.632269802620364,-12.875864009512423,1.9281275646272014,2.625600018333196,1.9086858161051206,-4.778670642890432,-1.377057224783813,-0.07890834662846083,1.2485427935493827,3.960919141160325,-0.6668362156663278,4.219440892487902,17.803681445199103,-0.05114213179389568,-1.415588337261416,7.0,-7.1,5.485628208470727,8.2,3.773855544252289,-6.7,-5.1,0.0,3.1,5.5,-0.9517112752233877,5.990737718231423,35.88893840864064,-0.04093018693734902,-1.412541033949247,9.92100561984884,-10.01297254972236,7.9752840370852605,11.601628031177333,5.35752170616945,-9.553558525536303,-7.191214373254224,-0.08336123887458419,4.410413657923108,7.81431979544353,0.00821324148801631,0.2014768803965833,0.04059293333433913,16.863494387522913,342.9619981100926,4.104758382597591,-0.7390995594105776,0.05793539799510472,0.07939291850972616,0.05988999022560031,-0.09602185791890892,-0.040560245212094004,0.0006294949370275194,0.038832673297632146,0.09538975461471827,-1.3699099947890383,8.539036752170533,72.9151486549191,-0.018924056206263484,-1.4115337376535866,13.996581824063998,-13.985925995830929,11.53738905097751,16.470151899199365,7.65337095365184,-13.434349230794023,-10.271535403470729,-0.37425879865130884,6.198616495728636,11.316817273304792,0.013184832073825137,0.3475842081007622,0.12081478172103396,8.579849960167099,138.1069193679315,4.708594884109239,-2.33870756953587,0.07423465347895296,0.10204377944598211,0.0978955597697207,-0.12625931336759594,-0.04959246789667779,0.003243229062596553,0.05245131154930432,0.15356560153839655,0.01171034400282269,0.13336387958087154,0.017785924376861207,8.346454473665196,96.40294003681312,1.6719635390117737,-0.22610656163411427,0.05569081496954637,0.07605741387984379,0.0583933086911815,-0.09967045330960705,-0.033283151171119976,-0.002046839383717594,0.04277426270872381,0.10310825544270737,-0.020463994498639723,0.24879997166007642,0.061901425898054835,-13.988959077821121,209.3797262255538,0.1471910969790683,-3.800757959189742,0.05645687261379551,0.0766370194459212,0.06410652651983155,-0.12540101567528483,-0.039310305210139077,0.0009337726180811542,0.03732671423578213,0.09523095512623776,-0.2482197355035605,3.6840386504160128,13.572140777759035,-2.1033859468633995,3.7505285565303383,3.9,-16.2,1.0378215529539212,2.0,2.4803662258392674,-9.4,-0.2,1.2,1.8,2.4,-0.33568974734888274,3.971727005905804,15.774615409441482,-1.1773565966777266,0.13815751301995505,4.021414843661649,-12.376237139629065,1.672378758308692,5.315440360423986,3.220525414712138,-8.694204394546627,-2.8420417936801687,1.6513056984425785,2.4733985667438176,3.2183088240119986,-0.06992391215374771,3.3477346274705457,11.207327135965352,0.26634088944783296,2.6235338143099804,12.875701908754595,-10.016100875385169,0.5588086546759387,0.704282756044186,1.8614401218709742,-6.722861149312292,-0.4370589581939788,-0.01715230485160206,0.2672237978502072,6.758366231652549,-0.4322747565576813,5.332771159237101,28.43844823679101,-1.0914840317177095,-0.1596000897320078,5.281864624967553,-16.434675291576237,1.8537779659826583,7.6633230942775326,4.434829369215425,-10.616976505598558,-4.412983585088767,2.5755806746726795,3.2503395091887652,4.1770133667312415,-0.024156856534705434,1.674216930107329,2.8030023290580095,0.610268085265849,3.7177610993387598,7.159249936379368,-5.218801848672637,0.922007936156546,1.1683435223903897,1.0650066145602382,-3.108883231689216,-0.6485109909908078,-0.008618712146488017,0.519832531399582,2.519713857918773,-0.0980491304457359,3.9074775956538597,15.268381160536869,0.0008663820872956777,3.978168599557039,14.648750513096465,-13.238397982136181,0.2769146949877352,0.3723212085771477,1.934638797595073,-8.673698084062606,-0.18333044172921215,0.003126132888389813,0.1889907668479355,6.458831997360529,0.036831142478482674,2.613922078419858,6.83258863205079,-0.7376399772882387,4.696669144920061,8.212434258249282,-10.959994676440761,0.6608134061943113,0.8375191639174298,1.434686720477251,-3.8916697418098063,-0.3068270484321446,0.03468278150220583,0.5306921154852852,4.8003031583840166,3.0478128179043744,3.3081195461156114,10.94365493139216,-1.5370647610979653,1.5269062835406837,6.6,-7.4,1.3343419966550423,3.7,4.1165818921668365,-5.1,1.5,4.6,5.2,5.9,4.309867366917379,4.6302287367841455,21.439018154941703,-1.5466820200307332,1.637245027891785,9.671280739394815,-11.222906409487232,2.013044142514529,5.27206347377251,5.78082496616852,-7.063299646311633,2.133241269307251,6.421494795982651,7.405304743079761,8.328068184938632,0.04251490579938528,0.5486537732891642,0.30102096294443764,8.622003517786974,84.74238972432501,6.0125018073554095,-1.0496086781180731,0.11364290595948245,0.15389601109361184,0.16988412749353135,-0.27159393423026623,-0.07139999925146068,0.00718637704561037,0.08249601184215118,0.2607508339032748,6.093659030491386,6.432815647191576,41.38111715075277,-1.4995930119587593,1.58456676039241,14.96549058230313,-15.583706004311093,2.770895875097865,7.674808946320725,8.047434779237602,-9.613597411333272,2.712520414223455,9.112068855115114,10.38732936054418,11.73519936330091,0.05891103104246272,0.9652190034562527,0.9316477246330815,3.9583009243842877,29.4399630529523,6.821025497682198,-3.46164004946191,0.16970244440951782,0.2183543059503361,0.3394602627509902,-0.5418605449923742,-0.1145622224553007,0.015299499858242277,0.10379208349503538,0.4746088349991586,0.059163487572188894,0.3493066883522324,0.1220151625276036,5.0810265458432085,30.13862789909487,2.5439480190428703,-0.37088604425010463,0.109066350672551,0.1509002199791046,0.1472481960293494,-0.20829912121115737,-0.06695483485988346,0.003300619280703549,0.08394538511922114,0.3304578931646972,-0.09851384768223292,0.6797187676915578,0.46201760315212986,-6.632000048896347,45.816893587563875,0.5900178917775548,-5.485133162178986,0.1387708382293776,0.18542754713560106,0.21255707601295395,-0.31814191973351824,-0.10351493975311492,-0.006796192701353134,0.08191260738248612,0.28637708829620057,-0.0031295445113304196,0.28487097257504945,0.08115147101585457,-0.6920286242677905,5.600520605069038,1.210513,-1.822075,0.056611683111417906,0.07631,0.15041757582554338,-0.5228377500000001,-0.040273,-0.0009,0.036037,0.512837,-0.004425378525405244,0.37843443427283713,0.1432126210434023,-0.3925080562584381,4.744408123786783,1.6775363098975298,-2.27105677878303,0.07951327690965163,0.10720988162862927,0.20401601734849187,-0.7112775285143107,-0.05765659011097781,-0.002538771449971719,0.04955329151765146,0.7027261317829003,-0.00014143290731918087,0.13811703155181898,0.01907631440468616,0.0507188235410354,11.01383988130361,1.127599730663336,-0.9738606064517452,0.007700659329638765,0.010382583892002405,0.058967547863916496,-0.2066678242170058,-0.005238158701262744,5.3128360411029306e-06,0.005144425190739661,0.20545253844450176,-0.006257119845786689,0.5237767764111746,0.27434211150768156,-0.2807183405161093,4.398764004097369,2.3045149479975637,-2.613975731236012,0.11280214788322873,0.15247283355910235,0.284371730917028,-1.0059567733843764,-0.0824075326923645,-0.004803509910128915,0.07006530086673785,0.9752371842770309,-0.0005753998504781937,0.10969726428041743,0.012033489790607744,-0.2857198432224756,12.09641011203214,0.8077501917423038,-0.997716716223187,0.007323879634998412,0.009892115816897838,0.047513659765865496,-0.16703054834076242,-0.004875323116805217,-3.554100399330573e-07,0.005016792700092621,0.15628505491636763,-0.0002003126594177692,0.07747118745208804,0.006001784885236565,-0.02081108355417226,12.097884232178332,0.6188239018222711,-0.6964160947462126,0.007669650831481683,0.010361653680974902,0.03482942491126988,-0.11698015154890723,-0.005196203850241466,9.689795491164634e-06,0.005165449830733436,0.11837465594652366,0.0012887520967493694,0.17928346754228908,0.032142561733987024,0.22336364385842233,10.740798989859524,1.3053154281464951,-1.3759686371644841,0.007718017411270238,0.010378140473078917,0.07612052626469615,-0.2696394642412463,-0.005262894223220614,-2.9110935191193905e-05,0.005115246249858304,0.276371659357302,0.0031493928747142077,0.4924731580997203,0.24252981144871213,0.45945637453617877,4.711663167035387,2.919184,-2.576471,0.07661198703905847,0.103346,0.2578211197291118,-0.8872140000000001,-0.05156,-7e-06,0.051786,0.977658,0.004454894248114501,0.6602951073481932,0.435989628787962,0.4673073679786991,4.712198692926943,3.9358658596762433,-3.296991295130955,0.107960599221666,0.14564589053322968,0.34802240359538994,-1.1822671321906073,-0.0728057157997001,-0.0005833597599906938,0.07284017473352958,1.3141087225920023,-0.00022853792996524856,0.22142408636280259,0.04902862602160186,0.01426981400357114,13.660308363936203,1.9670079830841738,-1.7199776143164045,0.008769495174822686,0.011820810142149998,0.09096952901342431,-0.29970021636372246,-0.006005782560150028,3.175326602535824e-06,0.0058150275819999694,0.30758557003885756,0.006303140490676894,0.8865144583253933,0.7859078848199655,0.35790197795057244,4.099744271411845,5.055705082600386,-4.4506182259693325,0.15073136286253558,0.20348151147009205,0.4777142853720513,-1.598194207134472,-0.10116378028975204,-0.00016999544968604192,0.10231773118034002,1.7810563181752967,-0.0012390562238620906,0.29312391803173043,0.08592163132227261,-0.0450265022515902,8.391802584389964,2.0452644295322524,-1.947937399299057,0.023941539963225997,0.03229766642601157,0.1357922090758265,-0.49265865023491134,-0.016119667952347,-0.0002913065947953925,0.01617799847366457,0.48394087217669735,-0.0003229363325433235,0.19265758164241062,0.037116943764302114,-0.08445871336247884,9.830771401813708,1.4246818747656376,-1.6075452497900191,0.007821216542660403,0.010579913553397406,0.08490591636547874,-0.30880453281925924,-0.00522493188424022,-7.573928316652339e-06,0.005354981669157186,0.30658394142830514,0.0008925549511196751,0.246824818570758,0.06092249106248761,-0.04908691061910695,12.990085884620084,1.813603039574678,-2.0139651622049537,0.00942923384737081,0.01270819164270013,0.0990900027659465,-0.32903281987623567,-0.006278641795617238,6.733864736354044e-05,0.006429549847082891,0.3305401630441177,0.004185416548490724,0.15278114989018837,0.023342079761768202,0.05501133160363137,7.7184002196700146,1.203449,-1.082592,0.018382784907250958,0.024917,0.07511182317020229,-0.255642,-0.007551,0.004424,0.017366,0.25572,0.005919513731135038,0.18186775496656574,0.03307588029657879,0.0350490708266035,7.251964683096171,1.153621512986979,-1.076611518789669,0.024567785873701745,0.033207692915790246,0.09044337078175056,-0.29505538202023895,-0.009870484249976292,0.006017859773001021,0.023337208665813954,0.3114844262402785,-0.0003315815403020379,0.11663681454800078,0.013604146507904726,-0.10730674118276896,10.608103195293191,1.047290948233332,-0.9789823453282416,0.007802047029684248,0.010527968753183077,0.051714405324968425,-0.1800383635104831,-0.005272222860897926,-1.6805290585435216e-05,0.00525574589228515,0.17989927815283935,0.008372739394852764,0.24778717688640797,0.061398485029336036,-0.028406186853576567,7.462300127878658,1.452049777388578,-1.484789188140415,0.03391880849846952,0.04558777816892145,0.12254084286405069,-0.4022927919220178,-0.013155443083327771,0.00858225279237026,0.03243233508559368,0.41790665184752435,0.00013438381498671713,0.06886140672125973,0.0047418933356307555,-0.6036832959620787,11.504119718597764,0.5091432495401353,-0.6619520564920931,0.007114773694780546,0.009627138116528253,0.031529601663743356,-0.10304178289255465,-0.004586874669949931,6.542942750567006e-05,0.005040263446578323,0.107702896219256,-0.0004691440573488453,0.13796812846541315,0.019035204472248744,0.015130454371589616,9.588788470022664,1.1705386762087586,-0.9519058858323944,0.008590497617740308,0.011607458174455465,0.062182220992152426,-0.22576017115041758,-0.005773531111728711,7.144658297431668e-05,0.0058339270627267535,0.21913077159764563,-0.0007122134044878863,0.09037622356533691,0.008167861785931759,0.020778936261126483,13.55514642612479,0.8754177214654932,-0.7945329497336933,0.0067467089355347405,0.009109538253028154,0.038302846835784825,-0.13249898908095584,-0.004571051507431164,5.112129936450042e-05,0.00453848674559699,0.12694930919992614,6.651150406621702e-05,1.0226105838751691,1.0457324062535145,-0.0005676809175190837,1.5952893260849006,3.297599,-3.298777,0.7122724991155706,0.960855,0.7091793104506121,-2.020941,-0.4797515,0.0006154999999999999,0.4811035,2.0212589999999997,3.2576355051257174e-05,1.4460661416850165,2.0911072861277904,-0.0004428961195679461,1.5983252616852548,4.649211109912941,-4.654895723253863,1.0030956140548244,1.352879274119288,1.002320876502902,-2.8561977417626148,-0.6755069696319653,2.865354826481637e-05,0.6773723044873228,2.8590450217525265,-1.641283690885958e-05,0.014818015445951313,0.0002195735817564517,-0.35310289585300253,57.94149362728495,0.4545144532918538,-0.4582124694210081,0.013322710119286261,0.01795540749236372,0.011294858060623724,-0.02173377361288755,-0.00905033133035054,-0.00025316917395858986,0.00890507616201318,0.021841996492166168,-0.0001281649081415016,2.0442830818383784,4.179093318690618,-0.00020856741970360764,1.6082006919825709,6.480633233457071,-6.548839823109824,1.3794962759231093,1.8604383658224133,1.4151357152858226,-4.046674350349421,-0.9289762616216976,-0.0017848004496046378,0.9314621042007157,4.031248305520941,-1.966272085485084e-06,0.050698351358023384,0.0025703228304215916,-0.02545577392070744,0.7275578353849048,0.3504513984604381,-0.44569794322855383,0.03608694989845003,0.04862783455205502,0.03782716778375154,-0.0918357370666596,-0.024148746095169607,-0.000476330194818686,0.024479088456885414,0.09319895271205214,-2.3068944680031016e-05,0.0066726533021556735,4.4524302090769015e-05,-2.6573059618736163,614.2429820095354,0.3086489028894971,-0.30781417602624667,0.004878106949803205,0.006572092702965531,0.0042157502255395825,-0.009093546605662091,-0.0033371201735291852,6.817669761738441e-05,0.003234972529436346,0.009091549904553818,-3.922296325728331e-06,0.01986499102869565,0.0003946178685701586,0.0175518041469868,6.076318233064113,0.273088971385981,-0.2778682720798031,0.018207992410312113,0.024527543693717353,0.015486913317146533,-0.032740768158411544,-0.012265749854276918,0.00031224811054650315,0.012261793839440434,0.033134352016065856
-6.136958817317845,7.9586647567969075,63.34034471108117,0.7802526272367182,0.2643096678382708,15.0,-24.5,5.782148652171847,6.5,9.191235480464625,-17.1,-10.6,-8.6,-4.1,9.1,-8.616792760757933,11.290944637087454,127.48543079777393,0.8012347332953463,0.2900893570567593,21.208067302611372,-35.48593006610644,8.133028032656963,9.314347080244751,12.99574728322785,-23.601712591889275,-15.04074441633678,-12.14073533580987,-5.726397336092028,12.9370460895885,0.01824102324066305,0.7950676344361906,0.63213254332796,7.4160192647342456,90.32802459982643,10.740618356916547,-3.3531790257919947,0.25197888261799034,0.3387029548821938,0.3138775251112415,-0.6315978841165263,-0.17412073158065455,-0.0053749502901568325,0.16458222330153927,0.486086332678224,-12.013927410253125,16.099968886582634,259.20899814892886,0.8397720767364785,0.31935755569805924,30.00971616003301,-49.468047525211674,11.240118191522406,13.272351285494615,18.397073620529415,-33.9161345016732,-21.374215414936366,-17.016696127068798,-8.10186412944175,18.840358694759505,0.028915292246896394,1.1612388099747046,1.3484755737914684,4.637059696790877,58.447346699066124,12.1860786000337,-6.3786728595970805,0.2811778343013301,0.3804809946346046,0.3951074184760335,-0.42838567590648313,-0.18648125509279467,0.0024632074274677784,0.19399973954180993,0.5083684471798845,0.02443974217416081,0.7012295851553326,0.4917229310971199,2.5873163101252645,20.714740113603714,4.850728554063009,-2.8982864105243875,0.27706613589370005,0.3782821551516196,0.3478402091800407,-0.6158591547221955,-0.19824892884023304,0.001634977466768463,0.18003322631138657,0.6996568783708532,-0.02808013942983626,0.8683690679950545,0.7540648382505996,-6.078295469712612,71.42115552446778,4.483193082734994,-9.6977544793258,0.26541435371319394,0.3564182176678272,0.3218037241062746,-0.5161651837785488,-0.1635578763447635,0.018640856718230642,0.19286034132306373,0.4705562310904064,-150.54762407602956,13.78250433401643,189.95742571718168,-0.4283258534610911,-0.5904920120653214,-110.1,-187.0,15.863843738009965,23.200000000000017,150.54762407602956,-174.5,-161.60000000000002,-148.3,-138.4,-133.23,-212.80990786059954,19.057758841906043,363.19817207624794,-0.3459702527171225,-0.7955368933969811,-153.590140815572,-258.67713135350044,23.026519503466247,34.27672292280997,212.80990786059954,-245.2010081109086,-229.96642024152075,-209.58836942834037,-195.68969731871078,-188.87383830006345,-0.0958329455108767,3.9695704570494623,15.757489613479878,-0.10661536335605101,1.8824167082662457,13.410782244139654,-14.86619297743199,2.5990428330369393,3.4896844175121142,2.7933307856354923,-6.8433067535613725,-1.8358986386266416,-0.07979734552769813,1.6537857788854726,6.384559408733688,-300.69136995640065,26.64585436636152,710.0015549133471,-0.3821612545518782,-0.9103473320128987,-237.1269188278281,-357.89504561567674,32.98868039044832,49.599733079143164,300.69136995640065,-345.6857836242173,-325.3020225572599,-296.66538261830834,-275.7022894781167,-268.2176017757294,-0.5377827247053393,3.5657297569211397,12.71442869939289,-0.20181242517761105,1.055542975268783,9.140103771051493,-16.424351483106026,3.427374515411199,4.622132169364942,2.819515682601331,-6.230494332670834,-2.8744548283451774,-0.4219625639873179,1.7476773410197648,4.923813742305451,-0.13308011977266687,3.740225864809076,13.9892895197868,-0.3108447076993945,3.274354015177247,12.720636934208686,-16.13997108833544,2.132490442408085,2.8537230359279375,2.4720295101333645,-6.80147384110203,-1.4637950969107447,-0.06165514241875702,1.389927939017193,5.735420205507468,-0.09889543776014623,4.131493475370541,17.069238337029354,0.2549471000637622,1.8475335160725788,17.630316728187694,-11.64629522492549,3.146560019328917,4.2636275173432026,3.000925297969097,-6.173563193860385,-2.1584725256152626,0.013429114392892447,2.10515499172794,6.608522339017851,-1.5163674762407604,6.201161139364599,38.45439947636565,-0.3467197708248269,-1.08266088508472,10.5,-16.9,7.41301109252801,10.75,5.191763463569166,-11.87,-7.4,0.1,3.3499999999999996,6.9,-2.171664172745066,8.610576859662208,74.14203385615029,-0.27954063788952305,-1.2286998407894478,14.463434964442222,-19.83910749827109,10.841408575895954,15.455303307235052,7.299155683823341,-15.642482558437893,-10.714115675672042,0.30488899051809054,4.741187631563011,9.412861786194041,-0.02635161062898009,1.6241459329804528,2.637850011616946,0.29774984453636766,1.646696605458649,5.86629848855815,-6.222140083389632,1.1898782364946936,1.604393660731938,1.1565308441206086,-2.8395484948487426,-0.9181644697149423,-0.0021336709226245643,0.6862291910169956,2.9627034718269147,-3.1476840782349815,12.00113608875432,144.02726742080134,-0.2357567919601891,-1.3487345909912127,17.641029858075232,-25.698778505374907,15.679659329069807,21.792016990133995,10.249992987183402,-21.471770795268245,-15.781011796816198,0.37554594901365945,6.011005193317797,12.744031653130678,0.2081182006588499,1.9560472705897876,3.8261209247817574,0.46188495230803245,1.0734424118514942,6.404727567936784,-6.221168552722215,1.4958520521700256,2.0526192752851915,1.441791379203024,-2.677614892587363,-0.9758374608299719,0.15041213530745476,1.0767818144552195,3.876862286727098,-0.036618616306734235,1.6044059168339468,2.574118345971778,0.5309545044798775,3.4716924988047566,7.14096081075102,-6.2247123863963765,1.1610959766312297,1.560186318769728,1.1290356806561754,-2.5576938508790015,-0.8591912390532226,-0.07581065528428066,0.7009950797165054,2.2269174547542954,-0.0564396158715077,1.6198245232234938,2.6238314860362193,0.40681897602761014,1.3098157195981806,6.404655915335813,-4.567748770206862,1.267450293369593,1.7295640935998726,1.2092061121258555,-2.5891162619844925,-1.0029750759181557,-0.16577428179106907,0.7265890176817168,2.638114952454787,-0.366842661034847,4.612413677910265,21.2743599361737,-0.12745382009523046,-1.5883075248231633,7.2,-7.1,5.782148652171848,9.4,4.24688489968321,-6.7,-5.5,0.8,3.9,5.9,-0.5286181896868092,6.540110734048009,42.77304841360999,-0.11811790096140681,-1.586256418687447,10.164008419917941,-10.566132486513334,8.238402558329726,13.303940700283071,6.018935533186809,-9.47991390257241,-7.797086017937328,0.9954531998320719,5.506854682345742,8.51330358058323,0.007367397464212834,0.23028641266387628,0.05303183185759711,16.858587633698097,341.4523287980816,4.640619320214693,-0.9107634579868011,0.059980475183059226,0.08050605366755603,0.06287048384445346,-0.09936142788952457,-0.0384492037437858,0.0007466152494653433,0.042056849923770234,0.09419611370483627,-0.7747627360414073,9.298469727361379,86.46153927065599,-0.09664645622451469,-1.5870114106074096,14.303558697929734,-14.104460875481173,11.976542691862509,18.890846423302218,8.563737004667594,-13.408315731466452,-11.115060163051364,1.277623163815936,7.775786260250853,12.217817303263605,0.013222103463424409,0.40866737452455154,0.16700902300079007,8.45680367581449,132.70095845000304,5.4343370216566305,-2.6617837906520583,0.07734191487481505,0.10707286632130028,0.10711616607212458,-0.12934631826349952,-0.05179938896285886,0.005251429649791611,0.05527347735844143,0.13290675867380758,0.010020564476340463,0.15866182339202073,0.025173574202080776,8.402885739503963,102.51472215207673,1.9971078372581914,-0.6006321400729296,0.060353649681624474,0.08191931787744561,0.06436635485882941,-0.10378614570455494,-0.037096179124325154,0.0028760047596177746,0.04482313875312046,0.1106052454207295,-0.02171715983345158,0.2809263323356907,0.07891960419958292,-13.569956203970396,198.0983071093766,0.29793134686541856,-4.193556726533017,0.05159760536587337,0.07004621453936904,0.06759512744742081,-0.09439093450918225,-0.03798464252871842,-0.004092909804032932,0.03206157201065063,0.09128935567752924,0.042238648363252376,2.678383579672251,7.173738599857941,-1.9399462503609448,3.1451239304824394,3.4,-10.8,1.0378215529539212,1.6,1.9383315733896513,-6.569999999999999,0.0,1.0,1.6,2.269999999999993,0.07031830758316111,2.9350736353749305,8.61465724507301,-1.1033484069524586,0.08164112098523679,4.230208572838525,-9.175770441154503,1.5011353332081108,3.897260592797644,2.4764329661260667,-5.83158719203047,-1.7536724457458674,1.3716716942340932,2.143588147051777,3.000591362716619,-0.024635298152071536,2.3758584089016686,5.6447031791487685,0.22391757602905077,3.638144796591659,9.165566557296719,-8.743789876967472,0.4921539095178022,0.6638567242410136,1.2939714662927904,-4.294664062805778,-0.3230817946008831,0.0018316014051940332,0.34077492964013045,4.400553891049562,0.12893977542913546,3.903085314111511,15.234074969232953,-0.9485422618893644,-0.4505069815054421,5.324609859123751,-10.368852185410633,1.7840741972593304,6.5017116643978525,3.4192187453670524,-7.54453052771712,-3.637102301862248,2.129844090813987,2.8646093625356044,4.064042471286643,0.14295811094992836,1.3397039733366394,1.794806736173979,0.861967505003614,3.4248316822779143,5.709309564672036,-4.2511229688932035,0.7769257899724624,1.028154741801757,0.8682556011842997,-1.7107962106086072,-0.4607662624716466,-0.00848147031247239,0.5673884793301103,2.9054967135998657,-0.03428856222152015,2.280857976153299,5.202313107382124,0.4126032774110134,7.74754655901425,12.017122446091147,-10.40867273010672,0.2251255451014604,0.3209068931953619,1.0798091761584903,-2.953236662998328,-0.1921771441405261,-0.013005125071227114,0.1287297490548358,3.799944995525877,-0.05170692983462892,2.433388561801759,5.921379892707635,-0.3699872444826748,4.384325959649999,9.450699904761787,-10.518537515704555,0.6310638204990474,0.8382112266165066,1.3611386140572945,-4.453605453555607,-0.47063847461077457,0.0069446011889816115,0.36757275200573203,4.040240228875411,3.22259767687434,3.2819844245764633,10.7714217631625,-1.6088973534975843,1.6804208325562406,6.5,-7.3,1.0378215529539216,3.5,4.235902851108764,-5.3,1.8,4.8,5.3,5.9,4.557111481386109,4.597703634611371,21.138878711718604,-1.5886226556425334,1.6529508445011425,9.594912492920589,-11.20388144821177,1.5438041679128713,4.945399524422747,5.9538290993342615,-7.098411035559737,2.58913262613603,6.761567083810805,7.5345321505587775,8.305786863919343,-0.0020391096339906637,0.5078763400448938,0.25793837677739656,3.071699776125628,77.39109878267867,5.7051721269699165,-4.354920193672401,0.10554803806535777,0.1407228313935363,0.1586336011411611,-0.28636114219779213,-0.06901238041034613,-0.0008262288520892724,0.07171045098319018,0.22578731408716485,6.4436805372867845,6.401822335644012,40.983329217150555,-1.5592304791118718,1.5695895285901242,14.081050657657856,-14.620704238846,2.1185105973455975,6.8057711438760755,8.349775594586495,-9.857953793229468,3.8090466380695447,9.544729528669437,10.61481778194562,11.72491548420293,0.0008112067852531702,0.8542361810998959,0.7297194531001341,2.1036743642794593,38.960291096440464,6.620178964987542,-6.14245742651389,0.18019704845694678,0.2370656983531757,0.30656493634630366,-0.5567716980965917,-0.11327783855231895,-0.008589306314437772,0.12378785980085676,0.42424321358232164,-0.0032077306045566398,0.43624248097160634,0.19030750220426232,0.29422496827437145,37.246166333031695,3.4529140855846787,-3.467890922071161,0.11663325239902889,0.1584290179212851,0.16785292337079272,-0.23750179150746442,-0.08591704067660627,-0.0026847630839618424,0.07251197724467884,0.26919447922140094,-0.03788112053786182,0.5628054666093922,0.3167499932454157,-2.033471514417801,42.47832720275229,3.610266741992592,-5.157065692121152,0.12860760027064497,0.1711828831002542,0.20279530064209456,-0.32922273453100487,-0.11057106603886273,-0.01906878605791724,0.060611817061391474,0.24947402711342004,0.002011696166259464,0.19076072543093447,0.03638965436693637,-0.34605006543139916,5.513836727200339,1.027346,-1.256232,0.015508019205568596,0.020919,0.094356008083733,-0.353638,-0.008061,0.00228,0.012858,0.340368,0.002844297440294854,0.20895771247006473,0.043663325600722246,-0.29306896674620325,4.60997459383276,1.043167976662504,-1.225862707471217,0.02026951084984586,0.027340714504543312,0.10612105064101966,-0.3852413696787849,-0.010582949255424953,0.0030726700778164005,0.01675776524911836,0.3952606893577939,-0.00013831733047893973,0.17061475539040966,0.02910939475692932,-0.010901178010133836,11.061371138860444,1.368086350377871,-1.4382848948189537,0.007730493907068469,0.010429936668921547,0.07482454812797225,-0.2694363245036212,-0.005186401463392165,-2.1999157838257523e-05,0.005243535205529382,0.2702089392794096,0.0040206563858590375,0.2623060314110344,0.06880445411460659,-0.10435490408748305,3.685491626390193,1.0916107300614957,-1.2278712512010679,0.027609986635676396,0.037227004348465174,0.13557428038008082,-0.5090509320207249,-0.014262263438970487,0.004335733574544986,0.022964740909494685,0.5034799044593008,-4.42526081186041e-05,0.13603835517847881,0.018506434079665957,0.008285050507353018,6.480137117723498,0.8573145385732441,-0.8435028861240843,0.006850282132416421,0.009246596704229854,0.06297248650537625,-0.23318732105731485,-0.004616056967839718,-4.135600559094252e-05,0.004630539736390136,0.24664877111237518,-0.00019608523925248008,0.09368547105625709,0.008776967487032786,0.0019649560598077633,9.634177474827975,0.7256869081995834,-0.7467252844641151,0.007472014300164921,0.010091210301795791,0.04337214150710176,-0.1562434912669679,-0.005101886199777115,-1.2114825799660342e-05,0.004989324102018676,0.1554746582481255,-0.0005247808459444964,0.2223309006508313,0.049431029384209825,0.0027723684186605813,9.52852478292284,1.5387007804304698,-1.60590174714671,0.007713039162527135,0.010412519021245296,0.0983894496605321,-0.36156560982404806,-0.005251421101988917,1.0485449302733275e-05,0.005161097919256378,0.3578725957623977,0.0065274574095858596,0.37911384136053106,0.1437273047111379,-0.46541197848967947,8.115772291725603,2.199,-3.101558,0.025567475258129104,0.034548999999999996,0.17891859377733535,-0.6198940000000001,-0.010041,0.007203,0.024508,0.664358,0.009233329466355958,0.4704147683610914,0.22129005429221932,-0.2258286660357302,6.5088064939911074,2.5998143180536832,-3.1849903169293854,0.03524120045485455,0.04755776539687322,0.22845385502483898,-0.8116282020507797,-0.013242744174486766,0.010494235811211387,0.03431502122238645,0.8086127723112879,-0.0001304740411212967,0.25717432705019394,0.06613863449372011,0.06532158466199185,10.87676520395336,2.0758809921014256,-2.1490894059666474,0.00862444625341391,0.011662154626941673,0.11172346068966696,-0.38849559403564554,-0.006069929052008913,-0.0001478374631745945,0.005592225574932761,0.4145674331676219,0.0130637329509377,0.5959194826216172,0.35512002976801593,-0.1432018513172365,4.802831994558141,2.9334112234650678,-3.0924271916739228,0.043770914519180755,0.05892402860444523,0.2982492613004062,-1.1056034314940193,-0.016157457603220578,0.014059018926983326,0.042766571001224656,1.0889948258520565,0.0009194025673565431,0.29560033408875863,0.0873795575133857,-0.061813917342463,6.605763718868539,1.8062226756135256,-1.8210363868591632,0.02247638959973617,0.03039497834727719,0.1398061616923978,-0.5127469522970222,-0.014857489165456365,-2.781744949314569e-06,0.015537489181820826,0.5338997480037793,-0.00018455197228716178,0.2131822353561056,0.04544666547142599,-0.008434784585553412,8.303148273883993,1.4306674471437593,-1.3884941439600376,0.007359388324801391,0.0099271583424667,0.0958838247193351,-0.35039130342547264,-0.005021177645660949,-7.867727617493067e-05,0.00490598069680575,0.34990121153751635,-0.00038720308587492666,0.29462947703902265,0.08680652874028798,0.032231279177125295,9.569897500521435,2.4338988224178477,-2.21947449630517,0.009644100503921907,0.013011820170414766,0.12843961689155078,-0.4812606045637915,-0.006473131866592599,8.350359279805496e-05,0.006538688303822166,0.4679567298891587,0.005897273957107953,0.11266901139398697,0.012694306128498364,-0.03587447519883249,8.053015322855384,0.827382,-0.797003,0.012284841982537417,0.016632,0.05568142196784604,-0.186135,-0.001685,0.006661,0.014947,0.19298675,0.008342168302278127,0.096020617010466,0.009219958891070593,-0.4418064404343678,7.698788840837462,0.6776099881945482,-0.6887897893067945,0.015308056023173098,0.020631471503072173,0.050959514865753446,-0.1624886828784846,-0.0004716353692501095,0.009580146595815391,0.02015983613382206,0.1668453822904974,-0.00026081981527863456,0.12714694027970821,0.01616634442249169,-0.05148977871835844,10.77637170500504,1.0585624888535656,-1.0014533719668288,0.00779461640826623,0.01051407764906609,0.05747164835274143,-0.20075817684171757,-0.00525102946462157,6.321761860884746e-06,0.005263048184444518,0.19928892320157304,0.011803675333782277,0.11046204089433097,0.012201862478540848,-0.31356395041928614,6.410706695227869,0.6815331027416864,-0.816202539687045,0.02032680284066384,0.027403440062905945,0.06113004007239036,-0.18762883818677217,-0.0001499444849348812,0.013417822676508715,0.027253495577971066,0.19817124810206893,0.0002226237417580053,0.07896128363673789,0.006234884313561372,0.25941064535024644,7.1678643570589475,0.5292533446269678,-0.5032760413328837,0.0068867723400110725,0.00926870502534026,0.03764906600156288,-0.1377975384531039,-0.004670035939790158,-9.607726297486451e-05,0.0045986690855501005,0.13555187137344368,-0.00036839962076462286,0.13798745393106895,0.019040537442378876,-0.04703506535331397,7.349053791007648,0.8317070435691194,-1.0349464465591225,0.008584636753972285,0.01158103263923571,0.06496854109529487,-0.23435860607897802,-0.005844050506630787,-5.066347993959627e-05,0.0057369821326049225,0.23860511354336195,0.0002950469260394351,0.11526590858547794,0.013286229682035758,0.012939915500288574,10.621923916762425,0.8789421794838669,-0.8795603079057764,0.006803294647134309,0.009173174090625168,0.05116737352298203,-0.1801317977198793,-0.004544244805216785,-1.5198014577406894e-05,0.004628929285408383,0.18016260336566414,0.00014113511597743772,0.8954562872916378,0.8018419624501243,-0.001841624234129111,1.3353740655433475,2.929399,-2.923596,0.7118128924278337,0.9603575,0.6421638554429464,-1.73908675,-0.4795885,0.0010515,0.480769,1.7384775000000001,0.0002370085512305648,1.2661828499145973,1.6032190094178513,-0.0019188317388956788,1.338622730939723,4.08266901210664,-4.134423430888953,1.0009122098312175,1.350115273418553,0.9074100063192034,-2.4617341053641484,-0.6749467904953311,0.0023545509169633936,0.675168482923222,2.4524380571656668,-2.3643685522723957e-06,0.01845076531765507,0.00034043074080718314,0.049389080387209815,27.686161509944107,0.4896256303468246,-0.41130161125162223,0.01935584207364459,0.026114088435937387,0.014578687872421836,-0.0278884656843804,-0.01320526902363513,-0.0003043277523886688,0.012908819412302257,0.02797363903108365,0.00043888896172081704,1.789676818709134,3.2029431154248464,-0.0020715965026285458,1.3502215294213133,5.752846615323937,-5.795346890119799,1.36216491776869,1.8375425506956389,1.280710434516132,-3.473327854210597,-0.9178815094693257,0.00031247966738889507,0.9196610412263132,3.469310363328633,3.084083514004173e-06,0.05471614791449463,0.0029938568426008554,0.02521197914293507,0.40788635972064924,0.44423194448982445,-0.38036925177285263,0.05044443475896744,0.06781127221404648,0.042163702285736245,-0.09952201804722366,-0.03404589231051239,0.0002004500178782731,0.03376537990353409,0.10016602679043353,-3.04965500264206e-06,0.00708668943541026,5.022116715395539e-05,4.55667105131368,330.801464401489,0.32563614711897504,-0.16567023365162353,0.005842356134580467,0.007873624883059222,0.004933183059444791,-0.009696623936699083,-0.00393957345079831,2.327565370266937e-05,0.003934051432260911,0.009705562365593196,7.143563216437366e-05,0.02511377664408583,0.000630701777329031,0.4639974938601373,5.545751408963351,0.35092573056643767,-0.0613243777759119,0.02648946471107231,0.03570268044639367,0.020214607819359482,-0.0427188470528628,-0.017671518776682736,0.00033195168900693704,0.018031161669710933,0.042664481933397
-5.828048780487805,7.624203667177056,58.12848155859608,1.0462431072178247,0.2805844692543915,14.8,-21.6,5.485628208470726,6.2,8.977032520325203,-14.9,-10.4,-9.1,-4.2,9.3,-8.193847075279312,10.837939128044487,117.4609245431977,1.0686828213687487,0.2911077045834558,20.9381570624646,-28.355644925845194,7.863880311806032,8.62449204300933,12.72275973500249,-21.1411909205951,-14.626837708993072,-13.079083390876413,-6.002345665983743,13.109275198904108,-0.05852046563270408,0.6186762033399228,0.3827602445791015,-7.332064841031529,85.52911893142374,2.0018631630932915,-8.533199603651928,0.24299100875283924,0.32242965918974925,0.2785947173162228,-0.523570729826925,-0.17498825137136875,-0.017729876901900032,0.1474414078183805,0.5089989132917028,-11.47402524738101,15.477714533424475,239.5596471781792,1.0840125263260059,0.3089601876157744,29.59660262797939,-41.17414835772271,10.800626932133627,12.25164762674143,18.050341059711855,-29.557803850816242,-20.744849005080432,-18.617345351903154,-8.493201378339002,18.83689704942219,0.12098917526468977,1.142916823988151,1.3062588665551624,7.4682949711494695,67.2170125213462,12.58872825518797,-2.201222396824978,0.25365540748776727,0.33004211952362816,0.3654059526028255,-0.4525921988853181,-0.17789176780460325,0.0012125279269560307,0.1521503517190249,0.5303221026188216,-0.08142334334726384,0.49540058018072863,0.24542173484340254,-3.5173984290300973,19.366790557613363,0.871297769239207,-3.634091257121775,0.25426974617825737,0.34775048071231845,0.2739731147245515,-0.638137537469031,-0.196027769026305,-0.014093516025744567,0.15172271168601345,0.45134418667562326,0.07485236433354403,0.7104565844522618,0.5047485583915737,5.21337851146686,44.90121315561408,7.0717685393807885,-2.6458396508740685,0.27475885041215165,0.3704924472062268,0.31929629630029255,-0.4800099624441574,-0.18337390856850844,0.004385794420581288,0.18711853863771838,0.5664913973474988,-150.52083333333334,13.37696885123902,178.943295647019,-0.4132101228601934,-0.49779103788252677,-110.3,-188.0,16.234494292636345,22.799999999999983,150.52083333333334,-173.27,-161.1,-149.0,-138.3,-133.51500000000001,-212.79549572469446,18.44661472580607,340.27759484232536,-0.28980463064838374,-0.8222142747815369,-158.58015903680945,-254.36449925746604,23.7858845305124,33.82746500087754,212.79549572469446,-243.82937842532635,-229.0245411490288,-210.6632803615976,-195.19707614815127,-189.0997227562914,-0.038189915162206406,4.103713128392811,16.84046144014351,0.1768024681008657,2.810336048647823,18.99812721255171,-15.932869713565736,2.3447040568936877,3.0799663348242117,2.752693985457516,-6.957867989819595,-1.6134058185469824,-0.17547342669606714,1.4665605162772293,7.443285669061056,-300.68052784745976,25.80946823732145,666.1286506933047,-0.2979666039133905,-0.8572808992695795,-224.50637950000447,-354.21585093606376,33.916820740993366,50.18249410163679,300.68052784745976,-344.13102423961993,-325.57405864695863,-296.97479905326185,-275.39156454532184,-268.5077683247554,-0.19061201693000962,3.4412253297681015,11.842031770237579,-0.24848196876860695,0.41402219171621724,9.363732579560995,-13.434942945734432,3.5909140728423714,4.7937015510400744,2.7349899842178362,-5.691444379729821,-2.493526339690294,-0.15397892927931167,2.3001752113497806,4.892665651199696,-0.05200361383363409,3.34075955927944,11.160674432916958,0.1172172290651045,5.7978203198200085,15.944874920678258,-15.44722463986104,1.734137593123326,2.312486757318825,2.1202148011355346,-5.012322915533263,-1.229989764458033,-0.1073235036972554,1.0824969928607917,4.793082594637964,-0.2941055480241141,4.6874096797846825,21.971809506139138,0.19116231783053414,3.517368987649851,17.388683662372845,-20.772796300976548,2.7233104242877704,3.786586607096918,3.165915132068703,-6.994050000923718,-2.444082516247708,-0.3762347677485982,1.3425040908492099,7.922758025126822,-1.3951219512195123,6.278723961014995,39.42237457862383,-0.40053355355272935,-0.9714630377109996,10.2,-17.3,7.41301109252801,10.8,5.192276422764228,-12.184999999999999,-7.0,0.1,3.8,7.0,-2.003686019717696,8.715347717024263,75.95728582864004,-0.3155041026700455,-1.200644124806675,12.304800355342296,-20.306730538064706,10.798841961148884,16.262202009141497,7.314391125537758,-16.166726200740587,-10.813448485357853,0.18337757041323544,5.448753523783644,9.644936119941809,0.022308792577868115,1.6824706051498848,2.8307073371934193,-0.35836327814501295,1.9456937675044923,5.699417380023037,-7.028184255131222,1.1349613557983866,1.5020802649078893,1.1847838859926614,-3.0501866891311447,-0.6635365035027265,0.06394724608051254,0.8385437614051627,2.6594909694980533,-2.916133803913787,12.18835831286731,148.55607836284165,-0.292063711770594,-1.2469356817684916,16.28961636964348,-26.937248598724434,15.605175011002757,23.766507059927047,10.28934938502404,-21.930287229237514,-15.592890574632818,0.12505189721865217,8.173616485294229,13.545015931015325,0.013408994977407976,1.7234877831338538,2.9704101386116455,0.5534712249054083,3.4339576980336126,6.931662893947984,-6.215565522138387,1.2200930414853133,1.6721299956231708,1.2078185630641247,-2.67524892804331,-0.8437340977575492,-0.05589888366248541,0.8283958978656216,2.5306111002569565,0.031566924264088664,1.5679689342346572,2.4585265787249666,-0.4438751409679264,3.9720168454778957,6.281454964327824,-7.656800463358524,1.0626859150751649,1.451818570623076,1.080931412064199,-2.60573528629042,-0.6805507646590754,-0.0036795254580126685,0.7712678059640006,2.5703430088482992,0.08251209775505938,1.766620382039946,3.120947574238965,-0.06447914855171956,2.7746677678854272,6.832075864636694,-7.573119278137877,1.2462012555056403,1.6904955667878208,1.2413873793078956,-2.3030160282166774,-0.8141585693835756,-0.07928327948444469,0.8763369974042452,2.962957881271432,-0.3711382113821139,4.419616325041395,19.533008460572407,-0.15414777530244336,-1.532348891855571,7.0,-7.0,5.633888430321288,9.0,4.0182926829268295,-6.6,-5.3,0.6,3.7,5.5,-0.5269979637302049,6.268486974114185,39.29392894463921,-0.14367803281179048,-1.5345884702446932,9.92100561984884,-9.8562738942877,7.98026939456749,12.706941738558916,5.70322359326463,-9.341486574810999,-7.491323711063572,0.7964221978079076,5.215618027495344,7.9010505607116075,-0.006930771754348015,0.17327084569083012,0.03002278596641546,-16.84097243413173,339.62710662771315,0.5198526842783495,-3.5222909210740485,0.06093540951102664,0.08329855442007253,0.05749280381735405,-0.09937056771885532,-0.040560245210817275,4.263950303950992e-12,0.04273830920925526,0.10075744202140276,-0.7740402932644279,8.920331355978375,79.572311500451,-0.12730874851005744,-1.5330208691388671,13.990115911292367,-13.8923189593955,10.829002363126142,18.122161021457643,8.115392921334651,-13.236299802157973,-10.716012075463675,1.6697864742781432,7.406148945993969,11.489832540552655,0.01701950922114451,0.3599800701197719,0.1295856508834359,13.280975516785249,197.1457823815805,5.404039811162486,-1.0230215357466645,0.07369552583420054,0.09867372243734229,0.09044672938359277,-0.14707780860167585,-0.054709887027213105,-0.005545020440001269,0.04396383541012918,0.11859827623965624,-0.00937663282451127,0.13913383993073297,0.019358225413870826,-7.8646635425400815,76.32719840565386,0.1891649996701382,-1.455174518074469,0.05584778681498596,0.07455467053141472,0.05982965142610863,-0.11657016251423397,-0.03575589818843522,0.004727960060200264,0.0387987723429795,0.09898912481818571,0.008033749548737886,0.1997165587669676,0.03988670384571962,12.76558966796172,186.30238917884304,2.956217633983771,-0.3831241802887873,0.061089564359139314,0.08022261685798829,0.06475621130081596,-0.11491713351465936,-0.04415951732918386,-0.0011880908687544713,0.03606309952880443,0.10571736329708942,0.20172764227642276,2.6344973493144472,6.940576283544849,-2.091223889283109,3.7380961352975293,3.1,-10.6,0.8895613311033613,1.4,1.9403455284552846,-6.5,0.3,1.1,1.7,2.3,0.2915836663127447,2.847483369398783,8.108161539002648,-1.225109312902391,0.5610141595532734,4.0305380540771845,-9.657619599117806,1.4297219078150896,3.653544763223576,2.439905254040661,-5.507053712636761,-1.363341062450876,1.4910300823665232,2.2902037007727003,3.0895575746540693,0.005271642964627999,2.3867373512888017,5.696515184037086,0.043286882811329155,3.1364403170867226,9.047541972007776,-8.0347199885134,0.4746324266176451,0.6197929670556921,1.3082051660797733,-4.5792851528262695,-0.3191366714727632,0.0017031560377171948,0.30065629558292883,4.811623417856997,0.4349731959510579,3.7786319155763,14.278059153411817,-1.0382389078472254,-0.15825951720692988,5.493407697086067,-11.436859232403654,1.5898560228325265,5.9572920402561405,3.4029870430627045,-7.2039994265479255,-2.8547342658606736,2.3525319726659735,3.102557774395467,4.127455049670397,0.050341228140484355,1.3237570142118744,1.752332632675137,0.558792999871063,2.141688965100328,4.783938331575563,-3.730619336937012,0.8161951662764192,1.094435129812144,0.8817301768276209,-2.2018503911107308,-0.5703656493580477,-0.013808518214838778,0.5240694804540964,2.7551060090782027,0.007351629690171604,2.009212738441028,4.036935828313696,-0.6631780223571015,7.1731516264667174,8.080533673425956,-10.296286184620868,0.19780825042381459,0.2689114539125457,0.9808731095525514,-3.4596065670616576,-0.10874392351349561,0.023238499957010533,0.16016753039905007,3.2549848006767794,-0.14269538933805748,2.678981931229004,7.176944187851483,-0.8134549377589708,3.574443945347559,8.735812130114768,-11.455681882523285,0.6115834555163704,0.8321828140920294,1.495621888418002,-5.27365771395486,-0.414505803668725,-0.011663459522518793,0.4176770104233044,4.595990200824362,3.014634146341464,3.454758305214985,11.935354947451914,-1.6364122165605197,1.8342163019162179,6.4,-7.6,1.1860817748044812,3.8,4.195528455284553,-5.885,1.5,4.7,5.3,5.8,4.2734646780918775,4.856676620078769,23.587307792019732,-1.5926735676116062,1.6670569310585437,9.702838645775667,-10.483297057283355,1.6854355042987021,5.330072608861768,5.924152201241257,-7.7880848866924515,2.1276359378924723,6.638583101774156,7.45770854675424,8.249173749345577,-0.04007897052762287,0.4454079893512386,0.1983882769779131,-8.44782554298386,79.58220342883563,0.6379467044294134,-4.881906758552467,0.10199116715583224,0.13878813377955163,0.14221768953088684,-0.24323999259910664,-0.07144640185290688,0.0038788537035798765,0.06734173192664475,0.2424849882504227,6.082786253487538,6.7789751491763335,45.9545040731503,-1.6534461659169697,1.9746194236700827,12.880631488734263,-15.454366052085428,2.3502300835406564,7.237148583890631,8.322977325170882,-10.992018055634562,3.269975475743923,9.323196823565532,10.507124059634554,11.597867977254777,0.07684677186318493,0.9266192037648934,0.8586231487858851,5.9279716187425935,38.60104160591641,7.045024396665809,-1.3889917165367025,0.1874574921359365,0.24285043451707275,0.30997021458923957,-0.4859792125050777,-0.14521274371233361,-0.011566491000568613,0.09763769080473914,0.39523968465482384,-0.055643500293833116,0.3549038108706971,0.12595671497054353,-4.034963743649319,17.12957340203408,0.45499801860283823,-2.0736078973996452,0.08693977992843045,0.1164711579118494,0.1488073541041497,-0.23782240569355767,-0.05912299186549759,-0.0012750851395284587,0.0573481660463518,0.19313140748088264,0.07250538570344912,0.510169864286781,0.2602732904263926,6.042015064211581,39.39287997113969,4.029766751134019,-0.467021194412187,0.1489983921473248,0.1944630372625491,0.18615991227373194,-0.2874091676581537,-0.07993642291559323,0.008297448618467212,0.11452661434695588,0.2760830672840536,0.0008385422334324234,0.20268311453905488,0.04108044491925164,-0.23887135230391887,5.668491558421168,1.229828,-1.287968,0.014978730213562098,0.020146999999999998,0.09934909467615531,-0.379268,-0.009012,0.000735,0.011135,0.35362125,0.0011872038215384993,0.22985635100325832,0.05283394209653309,-0.34152104126333493,5.223632284993677,1.088340784613386,-1.3143494806669516,0.01931220469177591,0.026054327255617897,0.11381947613756728,-0.42215920746774427,-0.011690178744726156,0.0010201389900480044,0.014364148510891742,0.42163763006529015,-0.00012682625899991764,0.17122954529380252,0.02931955718152237,-0.08922853378564945,12.439723609542883,1.3904421232151627,-1.534306110104394,0.007666605401183229,0.010340405510992811,0.07382280138296918,-0.2583156577028442,-0.005152659360716446,2.9916248438752673e-05,0.005187746150276366,0.26592255523772357,0.0016828706729587444,0.29701822868705,0.08821982817239275,-0.2658767872452532,4.6017492545050045,1.276294027415411,-1.4219858942320611,0.02669070504284202,0.035920501815729894,0.14836241498546093,-0.5789112602458933,-0.01544136526930591,0.0017588758788313246,0.02047913654642398,0.5438792732352381,-0.0004394604005233844,0.13201867221014896,0.017428929812130758,-0.10150760232985617,7.3838885804482715,0.7655198990621173,-0.7873564769550607,0.0064240663222801175,0.008645985682495763,0.05968875834328002,-0.21304269432215237,-0.004472358851813482,-3.064772677013644e-05,0.004173626830682281,0.22540353018960155,-0.00017923863569272927,0.09758818712059604,0.009523454265484467,-0.13785999634621482,12.075631967498918,0.827595763459374,-0.8794594400928158,0.00775152621522682,0.01045604465902671,0.04366391012580409,-0.14852172720017487,-0.005193735678669429,-5.018567159760734e-05,0.005262308980357281,0.14549752823322812,-0.0007186453646373452,0.22159554552665958,0.04910458579725786,0.028947465398969485,10.46883322855628,1.6674791298818625,-1.6319332668658064,0.007527994581798413,0.010156355298265607,0.09617522610433017,-0.35093498798617234,-0.005154209205451734,-6.971072670565923e-05,0.005002146092813874,0.34558834248209197,0.007059066630633877,0.3971071624787775,0.15769409849194616,-0.10904751970534193,7.639517530784165,2.497444,-2.816452,0.025210168123469254,0.034008,0.18584473774134466,-0.6452950000000001,-0.009801,0.007263,0.024207,0.696503,0.009981652113796083,0.5044719496443402,0.25449194797796165,0.17836358991407872,6.437437340228582,2.9715697234448295,-2.9020574209381813,0.03433660284664941,0.04633817372331131,0.24116166938362865,-0.8696357255997487,-0.012809882146251683,0.010449739233475233,0.033528291577059624,0.8781022460637836,-0.002090253501545496,0.2467053690507451,0.06086353911846434,-0.1239597752932374,10.367841600470221,1.8752290244036998,-2.0701420541806907,0.008400046379482376,0.011338961123478906,0.10678174636964681,-0.38748407918439787,-0.0058589240218063655,-3.098560937486543e-05,0.00548003710167254,0.3828323215670202,0.014111958043041453,0.6428612641646392,0.41327060496335805,0.1318926116737612,5.12768678773546,3.701749048478481,-3.1121979628665546,0.04231821780364438,0.05727295912615321,0.31653557492276607,-1.1617154479508036,-0.015419208507230693,0.014083806923169767,0.04185375061892252,1.1920657826609116,0.0009665684571191786,0.30922630293967746,0.09562090642974116,-0.1558715409889488,6.842603858764795,1.6351389064139195,-1.9824122412372338,0.023313224712228776,0.031455892325656695,0.14570545570612303,-0.5331270726685353,-0.015833946603777273,-0.00020558867542873704,0.015621945721879419,0.5653430101325414,-0.002955666649841583,0.2068576160320967,0.04279007331048235,-0.038189900370567326,7.091689755724158,1.3041633244566968,-1.4029249579351066,0.007371922503355035,0.009945124546893985,0.09401080315731518,-0.3657488220625271,-0.0051378063230245975,-8.638833504765396e-05,0.004807318223869386,0.34672220719243785,-0.0005672042137883367,0.2809177255033609,0.07891476850198165,0.07299871364805674,10.310155962659193,2.1635646725618325,-2.0592702638784117,0.009224865402269572,0.012443882158941145,0.12129352326214263,-0.43266070370429466,-0.006310499772438448,-8.750741920828889e-05,0.006133382386502698,0.43497023491011677,0.0073989416118667994,0.12183966660479399,0.014844904358367354,-0.26962059129785776,9.164105256967375,0.933465,-1.119122,0.012015008378769395,0.016148000000000003,0.06015148051226616,-0.192682,-0.000112,0.007811,0.016036,0.20580875,0.01046289892399542,0.11310131870065772,0.012791908291827749,-0.4407332324028673,9.692851545734772,0.808644739525303,-0.8880452398804861,0.014639905005545833,0.019767743408830377,0.05852277873008118,-0.17649766393540328,0.0014895042312528127,0.01127950533969576,0.021257247640083188,0.1877218549258193,-0.0012681314837688243,0.12997554149935694,0.01689364138805106,-0.009232503383854633,11.647074465866782,1.20018497190986,-1.1106885864106915,0.007694786233855391,0.010391417316683268,0.057947287357449785,-0.206654800080148,-0.0052464443375947545,-6.179826935897854e-05,0.005144972979088514,0.19939155444836487,0.014794416296995402,0.13923222083035014,0.01938561131735139,-0.15425768649014374,7.01204604843662,0.8795472197579688,-0.8126663482594079,0.01909763081574068,0.025743331440868367,0.0748208022915604,-0.2237997436835836,0.0026653175648602345,0.015826465675807706,0.028408649005728603,0.2462536979874802,0.0004913522645024586,0.07869846729549745,0.006193448754660483,0.5592915647738054,9.430050273718212,0.6881210862049665,-0.4559220390554593,0.007221942800728879,0.009750318382373401,0.036597226477713046,-0.13065305552211115,-0.00490488916329902,-5.963351866120214e-05,0.004845429219074382,0.13280922432327646,-0.0017932781441581912,0.14195377125243508,0.02015087317278866,-0.03127476408219613,8.525957012030547,1.0825981958740574,-1.0229257412405424,0.008453399067323024,0.011407400673869868,0.06545363677729521,-0.24380488452731686,-0.0058640319742634985,-0.00012020112400742733,0.005543368699606368,0.23134440799664258,0.00037246715074604523,0.11674840848928693,0.013630190884781405,-0.010879055849755662,11.241986385504065,0.9576523921698942,-0.818761861032168,0.006920318003483455,0.009317345792535504,0.05067501645935324,-0.1730780137055685,-0.0046231383121043464,-1.775543982532689e-05,0.004694207480431157,0.17770750882714964,-5.392743896946251e-05,0.887715515774642,0.7880388369470387,-0.0006966909134109209,1.2577225074882028,2.708612,-2.704275,0.7038201838678702,0.9494564999999999,0.6379715287661774,-1.7344935000000001,-0.47442075,7.45e-05,0.47503575,1.7338434999999999,-3.329117967732273e-05,1.2552509917861123,1.5756550523800186,-0.0007744373891583484,1.2609162974976327,3.776052022153373,-3.8331823772581153,0.99143596708406,1.3373375726549002,0.9015197150177962,-2.448123726297657,-0.6690906705874767,4.0643967057349926e-05,0.6682469020674233,2.4521652560550904,-3.3124894613751986e-06,0.017603144743222766,0.0003098707048508513,-0.7562450901492664,21.733073965739575,0.23436289650824998,-0.4672134222972437,0.017860216166854258,0.02411461139456015,0.013830650532908002,-0.027767281404334897,-0.01216081657793789,-0.0003255997582732543,0.011953794816622258,0.02773470570379629,7.453604915983345e-05,1.7743170704871796,3.148201066622207,-0.0009211495804936726,1.2725168256153294,5.3356199297843405,-5.36015921361869,1.3633258264665185,1.8389747101401905,1.2725528607005618,-3.449457323609996,-0.9179669211699563,-0.0010376902428608937,0.9210077889702342,3.4660476600738943,9.708042754663185e-06,0.051566154269439016,0.0026590682661395836,-0.03444390685963087,0.8110252500971993,0.28608741233579865,-0.5172147356675149,0.042950808705037966,0.05792289237646608,0.039132343207340096,-0.09478669037833248,-0.02893598448289205,3.6762839102609524e-06,0.028986907893574027,0.09599495916731034,-5.563501108452559e-06,0.006823521362119133,4.656044377929615e-05,-2.6172830961517644,188.98867343472773,0.20469024972936914,-0.24380954397737106,0.005806280711553818,0.00783210608257964,0.004942056021944723,-0.009750803353835914,-0.003914008343586227,-1.394427559370652e-05,0.003918097738993413,0.009726495796369267,4.8713862494693605e-05,0.023945096349797,0.0005733676392010616,0.2721683600325003,6.501726407052367,0.42869349277869706,-0.23503274028262353,0.023629051242583902,0.03189268270422632,0.01902954258471901,-0.041162826800427835,-0.01570639702660126,0.0003795418717132242,0.016186285677625065,0.04128396129773977
-5.728963414634147,7.8151513089895674,61.07658998240135,0.789700794860176,0.16153166932360374,14.5,-24.1,5.411498097545445,6.6000000000000005,8.856402439024391,-16.485,-10.3,-8.149999999999999,-3.7,9.2,-8.045504981445315,11.094278674117,123.08301929896724,0.8151922335111114,0.16732437650419962,20.57933722695845,-32.89926357401901,7.5720685855757335,9.154423755024359,12.542570587725207,-23.2108938626695,-14.471040122274733,-11.48453070602623,-5.316616367250374,12.958705506923167,-0.0448017211050599,0.6560912613492639,0.4304557432188681,-6.480703256101511,71.32453517481378,2.099256965610498,-8.519978843081464,0.2692346800867773,0.35644092079523454,0.3032426593621048,-0.5722166779778279,-0.1887849045490525,0.0014749224296923824,0.16765601624618204,0.543181755676576,-11.233847585230043,15.798539662127041,249.59385545580122,0.8343928371157153,0.19288563788829816,29.028415570778293,-47.58827703388638,10.867415764959897,12.945122110315936,17.755940946257258,-31.51039896388901,-20.41712254578033,-16.301162823182676,-7.472000435464395,18.347864469740628,0.14341491871641066,1.1954413640050907,1.4290800547743516,7.408560242226211,65.99930156398659,13.058189307591142,-2.4430187245758788,0.2815557666142608,0.37859769565203644,0.3931381286466304,-0.43235387594680535,-0.17532426270795975,-0.005666050333681616,0.20327343294407668,0.5961635157803364,-0.06256276215584879,0.5981829655482627,0.35782286027211396,-2.1140243421265477,9.392024940291524,1.7434833792186557,-3.3029433820047176,0.26596433483090054,0.37005055923395674,0.33602941676499937,-1.011730054844064,-0.19865440122923603,0.010766856572203004,0.17139615800472072,0.6371671582476526,0.0703907314447123,0.6977061232470353,0.48679383441640717,5.952394219353876,50.567880811777385,7.175880516306911,-1.8780635978253761,0.2638416282648825,0.3604750836142876,0.31202664514995376,-0.5088721197773388,-0.1598634107348229,-0.03085090247142059,0.20061167287946471,0.6021501605733866,-151.302337398374,14.587205686485019,212.78656973982086,-0.5639270268887613,-0.461170448322346,-111.9,-190.5,16.456884625412172,24.099999999999994,151.302337398374,-177.88500000000002,-162.5,-148.6,-138.4,-133.4,-213.90249015268714,19.777167399016374,391.13635032871605,-0.35891199864686973,-0.9198760255964475,-160.62508652892362,-259.1939607035792,24.34778377929885,35.67341797013381,213.90249015268714,-248.00436073506572,-231.5015711294385,-210.41980739285412,-195.8281531593047,-188.80696829899264,-0.4199513723849897,5.733012596091083,32.867433426939016,-0.2845419070149717,2.8098536706724557,20.00077082117693,-21.959852288162814,2.753114396748072,3.7893721114525727,3.677127543921042,-12.720293115660727,-2.0556226133874267,-0.07299778559823089,1.733749498065146,8.681292264240122,-302.2563497451211,27.68209713565685,766.2985018279412,-0.3831752697771238,-0.9618534151182012,-230.9656698627579,-358.69617012172444,33.681628648118114,51.33587236665221,302.2563497451211,-351.0198542144922,-327.4163727905001,-297.22824625546815,-276.08050042384787,-268.4716275668899,-0.3241344371933674,3.283604567354323,10.78205895475017,-0.19625249536051445,1.091677870196996,11.320961894816884,-13.255932402728654,3.2099644661040507,4.247931054401385,2.5500957711994867,-5.902553133906192,-2.356405630770845,-0.17278130195929187,1.89152542363054,4.5696918731586385,-0.5949509879546004,7.203721114911564,51.8935979014227,-0.7093555812483878,4.054201543020914,25.711452217540174,-27.959271905906732,2.298980044515305,3.0841584968817277,4.079954643815274,-17.668959363205545,-1.5462739541775852,0.01585875504382577,1.5378845427041425,10.005635960693972,-0.2725183581187184,3.589636415625136,12.885489596382076,0.36235370334172123,1.9126768482204142,13.788288196177227,-11.431986302320466,2.922988877438301,4.0140672889559,2.646603585160849,-5.769231749187271,-2.1448245452014767,-0.47597108013268946,1.8692427437544228,4.8988982771679,-2.053658536585366,6.813816578923123,46.42809637120761,-0.4248141426560957,-1.0499285762453239,9.7,-19.6,7.85779175807969,12.1,5.660975609756097,-13.785,-8.5,0.0,3.6,6.9849999999999905,-2.928003509414778,9.438949275113757,89.09376341817051,-0.3395845306877809,-1.2763569056225172,12.160760828358836,-23.377612360456073,11.103014774541748,18.070416125125824,7.947336711220603,-17.691026217738127,-12.859647262177235,0.136336842405349,5.21076886294859,9.247067382306685,-0.23350234531638028,1.866364920779576,3.4833180175165532,-0.36023457660517283,2.2195784577751896,6.529840128324356,-8.67279515258414,1.184535638266404,1.6034982219447294,1.3000276321706095,-3.77534493033378,-0.9845006146994902,-0.1208891225244233,0.6189976072452392,2.5612472082342417,-4.199584565127697,13.159885672804696,173.1825909212903,-0.30194597953617486,-1.3685406486256646,17.098927894359697,-28.44627359482691,15.955781357227474,26.03273339019088,11.153829349464399,-24.08491016901342,-18.7817492997437,0.023549860798770306,7.250984090447179,13.000769900703101,0.019670592498192196,1.988042236083944,3.952311932453648,0.9115357951102272,2.400675183857677,8.491445198708075,-4.292036161435579,1.4654299852495765,1.9641766354509413,1.4257619121091436,-3.1756771437123743,-1.1434789687566198,-0.05117787670233187,0.8206976666943216,3.6252077464829897,-0.32499930491084866,2.2458878388811474,5.04401218483423,-0.743162606059665,3.636439707671589,7.425040052016515,-10.042784555221075,1.2065450455702083,1.6760937414736887,1.4639994658093691,-4.993177129942557,-1.0620161766701388,-0.1509726640680087,0.6140775648035499,2.8715903088713635,-0.028233607470834744,1.3522212500806512,1.828502309169679,0.10476893089714717,0.559066558525696,3.9680585483139224,-3.9146176261254553,1.036318711159058,1.456613853902624,1.0152120609459592,-2.4096169140900647,-0.7738291989083885,-0.08239958938184289,0.6827846549942357,2.2654271471664855,-0.24288617886178862,4.340524466649316,18.84015264558133,-0.1870610983365952,-1.5120154985096605,6.9,-6.9,5.1891077647696076,8.7,3.941260162601626,-6.5,-5.0,0.9,3.7,5.5,-0.3456973655218736,6.155270985068202,37.88736089962247,-0.17680162553982798,-1.5157547653466625,9.735390089787492,-9.666155333604442,7.411080492943484,12.33543578176362,5.592998213812769,-9.154868610660145,-7.147188544010536,1.2490146049193136,5.1882472377530835,7.863979528723682,-0.011084760286988736,0.1600918522837541,0.025629401167643343,-16.699907871044157,335.11560170878386,0.44580245008984676,-3.2483260327952657,0.05550877247839217,0.0765476491936869,0.05421419333019619,-0.10264503072201928,-0.04125653281982014,-0.004484573353145116,0.035291116373866754,0.0919465715585069,-0.5171327423623832,8.756072853254684,76.66881181150363,-0.15909552059755294,-1.5167628973571154,13.686050233750587,-13.618690031162648,10.466838264880204,17.594469546148126,7.9507573971197445,-12.944253731764444,-10.251072786883615,1.8752154363771545,7.343396759264511,11.459045930769339,0.014574313470909359,0.3368728102301259,0.11348329027234241,12.999821349901852,191.30587741423636,5.018200018274951,-0.966565458499737,0.08092738848996427,0.10925021545739233,0.09011631164229165,-0.11759865027986718,-0.060496293348127145,-0.006204879228613347,0.048753922109265185,0.12384682458750346,-0.01568264383204091,0.13080788810662586,0.017110703590915554,-7.427149309624416,70.62539007870078,0.19361412359257574,-1.360916528623071,0.06010889347009298,0.08224857766913418,0.05868107681085747,-0.11977271322300448,-0.046537322150704975,-0.006507517469124906,0.03571125551842921,0.0997155434332978,0.010259699282350623,0.18275464053397217,0.03339925863670139,12.902374873371759,188.4719135816209,2.7156919828867547,-0.318210744629429,0.050861279465116385,0.0682663549002004,0.056244960515713094,-0.088480794578287,-0.03413880652794249,3.0632401290670345e-05,0.03412754837225791,0.09525691561759654,-0.014126016260162593,2.985723763281521,8.914546390623967,-1.9437640443399848,3.0666937117841675,3.4,-11.6,1.0378215529539212,2.0,2.158638211382114,-7.169999999999999,-0.2,1.1,1.8,2.3,-0.009809767315196448,3.2929255436503406,10.84335863602489,-1.0035051239077217,-0.389223022736255,4.097665448145156,-8.663353799432208,1.4588821505069833,4.737918907997488,2.825622370559759,-6.655886846254702,-2.3645822224625164,1.621436287656848,2.373336685534972,3.1773926868491267,0.2655125926374371,2.612603613687418,6.825697642252553,0.4237333610135051,2.5396376403161227,8.131061787399602,-8.41321970500666,0.48491754054828834,0.7122997121027865,1.4503768169749882,-4.2886216226500595,-0.24811303446253063,0.01839751772339271,0.46418667764025584,5.975557772924305,0.020585994398444146,4.503150580038886,20.278365146504555,-0.956848071574534,-0.5841302064509928,5.512480621001401,-10.41565899023332,1.620501265262475,7.0495060456068765,3.936815083853033,-9.02690139184703,-3.8918549612599618,2.533104167933727,3.1576510843469148,4.216835722746772,-0.036075030079507915,1.0935185592323262,1.1957828393855428,-0.4650961948434556,3.52180262204715,3.9043854342314566,-4.9735493623067875,0.6310744036539596,0.8120541201056368,0.7157296729308589,-1.8776127474911029,-0.38900121918397196,-0.01474620572748589,0.4230529009216649,1.6619312727653437,0.3698722075857845,3.3983255853304124,11.54861678391129,0.4873493372076477,3.4776080827646982,11.165329578802945,-10.209416829294202,0.21958583205843019,0.32943457541172033,1.6977280689231418,-5.200706894361282,-0.12613816634618857,0.013595851964071246,0.20329640906553176,7.971899894026251,-0.04109646567592305,1.3831103132667057,1.9129941386647247,0.3790288032586706,6.578399409730851,6.820462538800429,-6.476250595365127,0.4243798025861024,0.5971662805517414,0.7825031732087419,-2.1614934591666755,-0.38317603374443643,-0.00414260486279943,0.21399024680730494,1.7562618263146255,2.8840447154471547,3.668341196809794,13.456727136211912,-1.5647103650019332,1.5056306513018392,6.4,-8.4,1.334341996655041,4.1,4.256605691056911,-6.4,1.2,4.7,5.3,5.9,4.082479596796477,5.154666369682908,26.57058538273997,-1.5303952798909959,1.38943239283636,10.12325811757395,-11.780878554720784,1.8516582838379547,5.726861439248765,6.002966902740023,-8.704669651403442,1.7780164552236872,6.582035510388851,7.504877894472452,8.39825648345424,-0.04199135513445981,0.4489396148276476,0.2015467777615966,-8.630001594255313,84.59708169988616,0.6565185843349836,-5.127476575923854,0.11296414474034902,0.15223132122409394,0.14747908907347332,-0.28274468574651385,-0.07728617277253945,-0.002961686197723412,0.07494514845155449,0.23689773237678005,5.793455198550936,7.188859907574826,51.67970677073673,-1.591593582999902,1.6631399477085642,13.087928200842127,-17.407163320011453,2.5508831441952124,7.852206899709935,8.416357078754588,-11.894642223399883,2.698383757184387,9.270379038693338,10.550590656894322,11.751898099931068,0.08857343497469876,0.9208988835809756,0.8480547537806873,6.168709719106344,42.09810071347519,7.346596996151059,-1.4108680321040907,0.14852766899777076,0.20111931616129058,0.29664187770976247,-0.4002320747894179,-0.11033436435665613,-0.008329403253945655,0.09078495180463445,0.4936692303709548,-0.0585259158973836,0.35161911903917126,0.12363600487388288,-4.14975600649489,18.466170490370253,0.37187092393240895,-2.1062725389236325,0.10571439234345227,0.14423426528670846,0.15169879286362906,-0.2668881335623998,-0.06815451364967011,-0.010705915587106232,0.07607975163703837,0.21237065120114568,0.061600591611340336,0.5198189707325359,0.2702117623334331,6.121830922588998,41.53421663516947,4.257605165168597,-0.5231889685757196,0.15606148042601758,0.21286061692409897,0.19642132796715686,-0.30118357598973267,-0.10356937355179613,-0.002391917627561268,0.10929124337230285,0.3014646942007161,-6.030938615613056e-05,0.2142582180928384,0.0459065840203183,-0.8844180137693503,6.443700557626004,0.990855,-1.424838,0.015682966267352258,0.021217,0.1063101481060247,-0.366846,-0.009844,0.000437,0.011373,0.38078125,-8.521107542971728e-05,0.2522006803087449,0.06360518314819373,-0.6775802187903399,5.081395263247675,0.9711318816365936,-1.5067915024304745,0.020603474589450426,0.027797288560295168,0.12769680644355097,-0.4553264211643294,-0.013300381124222844,0.0005191840240402649,0.014496907436072322,0.464168324402627,0.00016360296396299688,0.16792635826231186,0.028199261799242318,0.05729571942246484,9.934237660631108,1.2266557883478268,-1.293481331789109,0.008071847422210437,0.010868596897560428,0.07614512511036783,-0.2653359861431449,-0.0054505394281673305,-4.514277763097621e-05,0.005418057469393098,0.2605403850787883,-0.00012012462436711639,0.3277813255186909,0.10744059735878998,-0.40974785332801755,3.6190488001716554,1.2057310734140692,-1.5516978304615383,0.027992970986129503,0.0378090282603832,0.16987531745527462,-0.6518914337748222,-0.017694413999046428,0.0009055839921612468,0.020114614261336775,0.6316440900145099,-0.000612223874454537,0.14051796094494917,0.019745297348126262,0.07543054323443647,9.237597071902448,1.034682606155398,-1.0567989057402585,0.006917968485810817,0.009332744669586971,0.063943863998146,-0.23215717748966835,-0.004781661829229138,-0.0001430198373531587,0.004551082840357833,0.22561277722450057,0.00023115262562945665,0.09035834174585693,0.00816462992306107,0.09600375375363195,7.931483530095344,0.6657817536464437,-0.6795486410075713,0.007933375352517421,0.010679865580788598,0.043914027405347236,-0.15358087828618178,-0.005411999316888569,-0.00012311654390562534,0.005267866263900028,0.15241823496805967,-0.0007242188612189898,0.21959663957625397,0.048222684113183194,0.011389608508075603,9.544804245390155,1.4588196467437495,-1.430969813286216,0.008086369485120964,0.010878533027618875,0.09839490520839195,-0.34375993022309226,-0.005615200529442605,-6.68968319925032e-05,0.00526333249817627,0.34736974089696104,0.008040819479986099,0.3958817972781232,0.15672239741615704,-0.10110067106091636,6.821037086552682,2.692722,-2.558566,0.027614948921885343,0.037313,0.19435143736770605,-0.659385,-0.011363,0.007564,0.02595,0.70306775,0.011371266035819678,0.49995012906090214,0.24995013154801268,0.06275160836080433,5.847332753014429,2.705685265030053,-2.991862831443119,0.038161642115719645,0.05143479087639642,0.24889563123120165,-0.8492235574468956,-0.015212023642249498,0.010723246568468042,0.03622276723414692,0.9074147513461814,-9.690195416760621e-05,0.2519225976112062,0.06346499518717773,-0.036529169356361045,13.11319209093542,2.1088300567080114,-2.16647170083497,0.009020352625035742,0.012177815647381698,0.10928283701954336,-0.3641872355576385,-0.006218583956219829,-7.622932751011812e-05,0.00595923169116187,0.37451521630165974,0.01608117982385451,0.5954610453125003,0.3545738564846556,0.31829612838004767,4.208535284564402,2.970137759565278,-2.603858218005916,0.04645614924012976,0.06309688424564969,0.3103563299598663,-1.015101659754277,-0.01895927622405326,0.014083215478527722,0.04413760802159643,1.1266624233984444,0.0003414403908244095,0.3810928436942217,0.1452317555149485,-0.22471246145434592,7.712835735341587,2.1586570043251383,-2.599520796511237,0.026188908605624974,0.03533987683744644,0.18076248170865958,-0.6310531118634124,-0.017605525471153606,-8.333483263554559e-05,0.01773435136629283,0.6674532222912369,-0.00013719384564927085,0.21722398845954696,0.047186261162273396,0.0705944541616593,9.513267174052775,1.534748507542086,-1.4314877994804436,0.007909565295132565,0.010678640284281414,0.09785402213790147,-0.33788475606829393,-0.005356890993234298,-0.00013487455867014427,0.005321749291047116,0.3468378559621158,-0.0009286279589507428,0.28234522401766515,0.07971882552558553,0.051954773672224897,12.077423701173693,2.1694856623047882,-2.0176697962440673,0.009941159001440544,0.013380288127526235,0.12111090151693135,-0.40614557501851223,-0.006823401526162698,-2.9391757170127734e-05,0.006556886601363537,0.4007455197880775,0.006317227513979718,0.11749547289795594,0.013805186151514296,-0.16399062222914335,8.118872349925256,0.898991,-0.911493,0.01300242145629413,0.017599999999999998,0.05890627354437179,-0.189295,-0.001927,0.00654,0.015673,0.199337,0.008934697977421503,0.10822670213738504,0.011713019055534263,-0.1314585130509465,5.9609325157297395,0.6066073796232277,-0.6783683328913335,0.01618167873514924,0.02188499307306775,0.05809158915271399,-0.17706563315146226,-0.001193595716220693,0.00903915987118839,0.02069139735684706,0.1986480694983802,-0.00019832199524731002,0.12607424175490112,0.015894714434073254,-0.1253124958523226,9.247648124631692,0.9851753106393412,-1.0743762451241057,0.008117417430075676,0.01095505282403022,0.05887711770090516,-0.203125713429794,-0.00546757206684091,-3.688042841914883e-05,0.005487480757189311,0.20747141535140243,0.012637817358903326,0.1227313196620306,0.015062976825983539,0.019238394728386496,4.993417866508114,0.6679836493243825,-0.6599908822343977,0.021428893608542755,0.02881312988896425,0.0687831837370589,-0.20958520132734634,-0.0006811708445748596,0.012624111820269046,0.02813195904438939,0.23274959722515676,0.00044377910086022435,0.09142479114409767,0.008358492435741879,0.0847229973348988,9.624512767627373,0.6566244320006644,-0.6902114873873618,0.007634417292165406,0.010298297470623514,0.04280514374753811,-0.1456114357887338,-0.005114764347452889,3.660776546500857e-05,0.0051835331231706245,0.1493469148576636,-0.0002802522849663858,0.13992569384505804,0.019579199798020915,-0.016039713408335324,7.67650726445914,1.071460104959906,-1.0216127327923072,0.008868033244458675,0.011953979040582728,0.06704294608401994,-0.23586895202868016,-0.0060880460164745315,-3.751313647922504e-05,0.005865933024108197,0.23912907813072315,0.00027134545899757637,0.11047233015921622,0.012204135730806873,0.039181926401569166,8.821605892531565,0.784769263309314,-0.7013028112696044,0.007205587669209254,0.009708730068518164,0.05110884934665831,-0.1770522917448385,-0.004804132321042492,2.37037704098721e-05,0.004904597747475672,0.1739340661990105,0.000193177834644425,1.2139279807113603,1.4736211423539607,-0.0016160544218287312,1.6487499591780397,3.74531,-3.75585,0.7510810947871732,1.0130997499999999,0.8196235399804126,-2.38762,-0.50605075,0.0010149999999999998,0.507049,2.39014425,0.0002511278830054803,1.7165773596334173,2.9466378316060347,-0.0015740320371275568,1.6525270398212069,5.249923862062351,-5.299539883587174,1.0489462959744724,1.4150288771899073,1.1583492585227924,-3.3791069674046197,-0.7068493912929413,0.0006981735633273681,0.7081794858969661,3.3776944312626624,7.168855239799026e-06,0.01820274667973942,0.0003313399866867645,0.5390896495337942,29.123037672910804,0.49173382861022347,-0.3569014869280112,0.018761688083800906,0.02534744136743008,0.014302689735597233,-0.02843443978348668,-0.012725112035611916,-0.0003293555906544992,0.012622329331818165,0.028434347619870806,0.0002956799295114233,2.4267909478289655,5.889314304464609,-0.001471159959701234,1.6639437188018773,7.35998196710077,-7.409830022158497,1.4271115626703812,1.9255251401611317,1.6358059549068664,-4.767204658237221,-0.9613924996495011,-0.003179732647376976,0.9641326405116306,4.748979733008413,-7.028665885816206e-05,0.05353057119324689,0.002865522052275274,-0.11030113327166523,1.5539659266328725,0.2133029881847585,-0.5514539379430128,0.04519817867189326,0.06095371572717273,0.04070862108252636,-0.09592693510895467,-0.030585213454306853,-7.433466411412015e-05,0.03036850227286588,0.09694122182545024,1.0811942364883314e-05,0.0077336700963815345,5.980965315966597e-05,1.2652953559358053,408.59636237460904,0.33206399648861723,-0.30530518860370476,0.0060713508143465395,0.008175898449151132,0.005232255894184638,-0.010125539944875344,-0.0040766316309290025,-2.663697333585303e-05,0.00409926681822213,0.010117210285732418,-4.049408990933776e-05,0.024555217203323067,0.0006029586919023732,-0.013650932014494306,3.653618735610088,0.32565410435918785,-0.3038271924529423,0.024850117639099424,0.0335596930289133,0.019596020428538675,-0.041954322711427336,-0.01667217146138203,0.000453552482797155,0.016887521567531268,0.042061315635941204
-5.691251271617498,7.953569789194849,63.259272391592994,0.899538425535748,0.16886012287932806,15.1,-23.4,6.078669095872969,6.450000000000001,9.003560528992878,-16.189999999999998,-10.350000000000001,-8.9,-3.9,9.79,-8.001117967094967,11.289248344827305,127.44712819118604,0.9228435528852741,0.17827217241924886,21.206764183334386,-31.520824180006038,8.758467286404068,9.016776951846772,12.754961962771077,-22.971522510624347,-14.52941340755265,-12.531215502708937,-5.512636455705877,13.753525671433229,-0.038710614225021076,0.6471589705869334,0.41881473321113927,-6.61943067147978,76.9315237929393,1.9207537723365644,-8.711400499543041,0.23823259770243085,0.31422335953298575,0.292487472858409,-0.5058124370743595,-0.1745800698606944,-0.010861186579959048,0.1396432896722913,0.5491982797195513,-11.183332954900896,16.087380710579986,258.80381812714097,0.9390031794011854,0.19426733712138322,29.721488006544035,-45.50494548988872,12.456786244751182,12.664255242045924,18.073646550628418,-31.713644362075534,-20.43068895354741,-17.914698109672006,-7.766433711501486,19.559640362280224,0.12164735942729105,1.1696103593235094,1.367988392636869,7.482975941349393,68.12353161850739,12.974803854946064,-2.166430788471919,0.2843136141061203,0.36572261428580616,0.3878507248626025,-0.5460184727765498,-0.1638402693107825,0.04122326202603577,0.20188234497502366,0.43395478906058227,-0.05319849207609091,0.623035006337386,0.3881726191218266,-1.683172925212483,11.055010586624732,2.2053287321839976,-3.949873659365948,0.27127967818432497,0.3644518625887785,0.3504173471938698,-0.8466382472441123,-0.1995610279030296,-0.016048306975505498,0.16489083468574886,0.7302845288837846,0.055360322686001474,0.6624254262167019,0.4388074452983792,6.710747444655251,59.82573255180939,7.120458811042456,-1.1776816913058907,0.26170805267626984,0.34648283221272724,0.2802905946755806,-0.49922559023240526,-0.18190105909574888,0.010619058232710461,0.16458177311697836,0.3875220172448618,-151.28362156663275,14.573567060746734,212.38885687408222,-0.5604676045298616,-0.4848484422768147,-111.6,-192.8,16.456884625412172,23.19999999999999,151.28362156663275,-178.2,-161.7,-148.7,-138.5,-133.3,-213.87102654720914,19.779612021713,391.2330517294934,-0.3883749126171457,-0.8372153155791748,-160.2475657282012,-262.60952726886603,24.233102497753983,35.35860051357139,213.87102654720914,-248.36138289836708,-231.26031602722733,-210.73228735746895,-195.90171551365594,-188.99484714790083,-0.09457147505931345,5.660901580989588,32.04580670965042,0.2230320649654381,2.367315286797864,19.924449254036134,-17.581746050944837,2.84832999083572,3.786910868664825,3.671890835556718,-11.253979576099361,-1.9706903519493695,-0.11229094259981132,1.8162205167154557,9.801296840923637,-302.2490493648498,27.614111834677633,762.5391724180832,-0.3960758376508359,-0.9161813743433282,-232.38029072690182,-368.7857219411595,34.41141100352309,50.938051555741026,302.2490493648498,-351.1895416713143,-326.74471415073174,-296.974970191674,-275.8066625949907,-268.1209687548473,-0.5051526320770368,3.8227466041357245,14.613391599431212,-0.19598467701915548,0.42459215674601447,9.38366514967429,-14.197168686291086,3.871022793855099,5.1318876251741745,3.071364380212156,-6.8144819860991195,-3.0831180305060464,-0.7207629761344929,2.048769594668128,5.244098769774255,-0.13529812027670385,6.778859530478774,45.95293653396291,0.31240750044853033,4.912713681298558,30.781042652254797,-23.54259065925122,2.183069250620324,3.063427025104782,3.84162297484793,-12.72263942996564,-1.5255820807020015,0.10021486819178567,1.5378449444027806,9.328645599813548,-0.251678506065029,4.146568123421919,17.194027202178773,0.23640910333262752,2.6390054993156253,16.32592659411442,-12.414297390071019,2.6130144362539913,3.4870087176118494,2.8702263713699017,-7.416695859978319,-1.879998557036521,-0.13558719934141403,1.6070101605753284,5.747109418645442,-2.059918616480163,6.843043470596795,46.82724394047743,-0.46414349288120904,-1.0309818053600202,10.3,-19.2,7.561271314378569,12.1,5.684537131230925,-13.790000000000001,-8.6,0.1,3.5,6.789999999999997,-2.9351296256143415,9.498019943981527,90.21238285627084,-0.3865885923437398,-1.2312990049941113,11.890908382468842,-24.40775636254597,10.814413296564288,18.020578435988217,7.974164520762484,-18.026583078419666,-13.027796027948135,0.14764157948542994,4.992782408040081,9.202094688115737,-0.19742355917655255,1.755260354743261,3.0809389129334384,-0.2640825006148451,2.217956233623621,6.032029236060554,-7.232032534830769,1.0802964503272545,1.462199506847269,1.2089787225294961,-3.6917202479018347,-0.8473637110686181,-0.10298360606016257,0.614835795778651,2.6630762072337,-4.2133284206127755,13.250539805755386,175.57680514390796,-0.3540240294091441,-1.3090448531685235,15.449699391528524,-32.630031584526776,15.159485401796932,25.645131924882396,11.19396922049334,-24.74894951716267,-18.634085154863758,0.22884358471468447,7.011046770018638,12.970453578721195,-0.006567848530535155,1.93974924246055,3.7626271236262774,0.589661530225336,2.10706248225135,7.410294334406449,-5.133621571691425,1.4678149166230081,1.9733699412859376,1.3876160054520508,-3.210843188626188,-1.0463184176617129,-0.05780283840565226,0.9270515236242246,3.5199191456611425,-0.27684523439751824,1.9806921458394684,3.9231413765901584,-0.3418530710412393,3.85523502685058,7.8857081852963224,-8.393719294274456,1.1308371490507885,1.5895526506888036,1.2844693752725205,-4.110549527473317,-1.0328031409151643,-0.15585178186679657,0.5567495097736392,3.0640409349639084,0.12462178850640424,1.4623319446116738,2.1384147162317597,0.3292508542168945,1.0763028364669305,4.894767248602609,-4.503044992702258,1.122963404733699,1.5611345716258462,1.0824809515119005,-1.9862960139022297,-0.7227653774999607,0.005974493121604337,0.8383691941258856,2.703505424383996,-0.30244150559511707,4.39530570593366,19.31871224861299,-0.20075441495165894,-1.5218080839308605,7.0,-7.0,5.189107764769607,8.9,3.9889114954221774,-6.7,-5.2,0.8,3.7,5.5,-0.4393315154363347,6.237172559945474,38.902321542536775,-0.18800935221211976,-1.5263446881304334,9.885519968861846,-9.895785893797074,7.439504775762415,12.59237019551757,5.665825611828876,-9.468960574846363,-7.392872372610314,1.1478711998998345,5.199497822907258,7.863315365186487,-0.00933922957740297,0.1730649814096061,0.02995148779030731,-16.577060920770478,332.3766323711984,0.4163228688132425,-3.5018614908697323,0.06067534537938243,0.08224285422057548,0.058492179612279156,-0.09614001036448704,-0.0432539572310397,-0.0009565407783589386,0.03898889698953578,0.09987172002058922,-0.6535098957198836,8.878662377214223,78.83064560855932,-0.1706424642690735,-1.5264381004124719,13.920979338853698,-13.86397110644146,10.54325642090703,17.87879682178827,8.062428096234735,-13.357307738968423,-10.506348991591654,1.611102318380085,7.3724478301966165,11.320030605169318,0.018293289748550715,0.35614682634807104,0.12684056191780307,12.98594944710402,191.67429111604773,5.310384156499229,-1.088640538300923,0.07268921050729504,0.09901968659678452,0.09119890119763625,-0.12430803549493293,-0.05461447466790968,-0.0038573351980669135,0.04440521192887484,0.1266552861183816,-0.01334408017871797,0.14401792242895498,0.02074116198075249,-7.2188701254090875,68.56068060715126,0.30617579336369954,-1.4288256509091986,0.06001054446868252,0.07998880997873613,0.06442304620425035,-0.12094607852893714,-0.04254283400452918,-0.0035012500737787674,0.03744597597420695,0.11028257706306936,0.010165293585093998,0.1955727770396821,0.03824871111901321,12.58598979766032,182.83132304276086,2.883816718330418,-0.34613576551105635,0.061675211585924164,0.08154031917119607,0.06343951450350398,-0.1034976721518731,-0.03760407452570879,-0.0006078313507720712,0.04393624464548728,0.10870694822806394,0.03835198372329603,2.884886095241268,8.32256778251641,-1.8116280907639335,2.421643973641804,3.8,-10.9,1.0378215529539212,1.9000000000000001,2.1488301119023396,-6.99,-0.1,1.2,1.8,2.3899999999999975,0.06572322999472215,3.268079193628819,10.680341615829592,-1.1540352958067588,0.4073362686242423,4.20579216739199,-14.462685878653764,1.5715948785284184,4.748923740867566,2.7791189426773184,-6.310991330698891,-2.41550103400965,1.594052089633897,2.3334227068579163,3.2497326857691218,0.09737461335038053,2.420314910240738,5.857924264733632,0.23057211507327355,2.7869952184117732,8.684572586321856,-8.516627743846184,0.41488445432086585,0.5505410849265525,1.3418567655647664,-4.183913957022905,-0.30434529867806615,-0.0026481136177422815,0.24619578624848637,5.309601968431748,0.12482891180525912,4.446398587127186,19.77046039560664,-1.0746752897587795,-0.07284077923706933,5.568260031892656,-15.416388268331263,1.5928702665440775,7.126728050752505,3.855695714151687,-8.14759490702621,-3.957193250723024,2.510934135539194,3.1695348000294814,4.353089993131569,-0.021588455091423476,1.1707004075520693,1.370539444242581,-0.3468031960506411,3.7656763466835397,5.282162620074573,-4.386987001502939,0.697941192044937,0.9259684626000997,0.7734768218201312,-1.9905853743630626,-0.38991447905965537,0.008182058203938497,0.5360539835404443,1.7846176633669408,0.1355584232638506,2.9627425168296573,8.777843221030132,0.10811558995254206,4.215400727381457,10.47033889345737,-11.674208318800018,0.2504781565806607,0.342596784190761,1.4720493759780167,-4.760691702267318,-0.1847396842788617,-0.0075074925569214275,0.1578570999118993,6.682423794919815,-0.034306953902388186,1.6655161762265236,2.7739441332722206,0.007097260476141968,3.4109826951744724,5.420789074798293,-7.065834008075398,0.4674912013001432,0.6272838249723311,0.9608347106255847,-3.3448168516774075,-0.406720970910441,-0.005649891260241575,0.22056285406189008,3.0106704168739107,2.9435401831129195,3.5169342517586317,12.368826531193047,-1.5832262076245964,1.5553824855491243,6.4,-7.6,1.3343419966550423,3.9,4.211902339776195,-6.0,1.4,4.6,5.3,5.889999999999998,4.1649140236850215,4.938196205316412,24.385781762201415,-1.5501829203042503,1.4446480624571647,10.335876884684158,-10.47711119445835,1.8133566054657626,5.367480399657728,5.935221563430409,-8.281574244430185,2.054097316849738,6.541920375658887,7.421577716507466,8.225609025176011,-0.04429725287809226,0.4298760481904501,0.1847934168078382,-8.474094057855542,81.75008764304941,0.6564228127422165,-4.8029217254663275,0.09773093761816226,0.13096140819769986,0.14019682641525433,-0.26770702888988596,-0.06813638650575887,0.00013031193295953702,0.06282502169194099,0.20679152847431712,5.8954811297060195,6.881401078000774,47.353680796310215,-1.6113260421455993,1.7250021605311394,13.55316895723237,-15.60795493067999,2.5050924893618935,7.246558515965776,8.316804006708455,-11.510307500746823,3.1644271219285303,9.199965364339317,10.410985637894306,11.63063804354256,0.0770888631953991,0.876913554705045,0.7689773824254378,6.2251182463299255,43.379667467157354,7.170547122027389,-1.347922907840286,0.15960660397991483,0.2125898537010786,0.2936053071399568,-0.432678724565711,-0.11940756021353183,-0.012590559219961384,0.09318229348754678,0.42712593444649966,-0.0619362662260191,0.3376163688009997,0.11398481248237263,-4.038840642994207,17.574339597198062,0.3751946900818924,-1.9747416145335988,0.09291513398377173,0.12287482182646225,0.14538981429885542,-0.30132483854263614,-0.07212363416209261,-0.005665075578248184,0.050751187664369646,0.1908135257062309,0.051130373722008744,0.4978831604957896,0.2478876415052762,6.049249306547158,40.316992062475684,3.979703545717028,-0.46469348967761115,0.1290740222118333,0.16706949102816254,0.18180552719541002,-0.2962196337722872,-0.0919779468265962,-0.0018945915715366884,0.07509154420156636,0.2806563977660428,-0.0002544358000786616,0.2098765631756624,0.0440481717704278,-1.042109789044839,7.3956583999296885,0.874727,-1.575614,0.015155159877564264,0.020504,0.10127924026563398,-0.34935900000000003,-0.009369,0.000556,0.011135,0.367246,-0.00036018110833452044,0.24736052687754784,0.06118723025713807,-0.7101578212164453,5.490632842526082,1.0105272625850004,-1.52797219839883,0.01983391780064403,0.026770774549612276,0.12189903836776336,-0.4433748404360014,-0.01263989481221745,0.0005298098861868858,0.014130879737394825,0.4518528643586362,-0.00023266019774017936,0.16401544571518117,0.026901066433149542,-0.05129282951384116,11.640472482006551,1.2913632601395981,-1.4036148274707185,0.00782595366904849,0.010556938903332976,0.0727027424171763,-0.2527237614442416,-0.005260141937658368,3.32854717797748e-05,0.005296796965674608,0.24634478096609613,-0.0005103806048322861,0.32155134771965543,0.10339526922032677,-0.4176123635782433,4.0624118497096475,1.2237270915270475,-1.5646322918658215,0.02720144748821622,0.03690722096178824,0.16304999915719184,-0.623952814054517,-0.017471763385781984,0.0006924416012398572,0.019435457576006253,0.6194995468990365,0.0001026151200895635,0.1376843481117361,0.018956979714953727,-0.08119745023539315,10.22040705293067,0.9440251923779657,-0.9505544244653,0.006468271206611963,0.008725554369892434,0.0614491306114907,-0.21222212135480378,-0.004355283833057938,3.0341074693300915e-06,0.004370270536834496,0.2149678271371777,-0.0003290435141419589,0.09165432861111786,0.008400515953154778,0.1498715386251101,9.836376054643354,0.7080117346046895,-0.6906753743294232,0.007802670447582209,0.010518948217946106,0.042980503177786754,-0.15013400841847058,-0.0053436848400341495,-2.5036351923558046e-05,0.005175263377911956,0.14497364179305527,-0.0005450216606575953,0.2130529502800168,0.04539155962301931,-0.13267411644615523,10.61315849068369,1.4793975607024425,-1.5515709461047165,0.007766067666674769,0.010479043821580162,0.09326700245092946,-0.3102961923985102,-0.0052777948225638475,-1.1751065725572611e-05,0.005201248999016314,0.32157857959688607,0.007160975342631531,0.4000613195372633,0.1600490593898963,0.006898936232915244,7.847685123544961,2.746499,-2.763758,0.026457036589232465,0.035691,0.18968948065228572,-0.64511475,-0.011183,0.006362,0.024508,0.686199,0.010125808292707837,0.5091580208679685,0.25924189021418664,0.16365341038604653,7.073552603301049,3.4685857160493296,-3.0335146350131628,0.03612171509005117,0.04872860218737235,0.2437523661141163,-0.8419631655532529,-0.015430942574377774,0.00872050312748008,0.03329765961299458,0.8870447139361755,0.0003466334523779697,0.2466314794911703,0.06082708667600356,-0.06142710566672795,13.131405193330774,2.2403929897139303,-2.621008576019286,0.00890462276984231,0.012008972806111422,0.10593400107830059,-0.36364979808245756,-0.0059971080020632065,-1.6971565187175338e-05,0.006011864804048216,0.3664679432638832,0.014316196088111624,0.5881467723666316,0.34591662584528643,0.400512805952155,5.324313377923058,3.488401782224901,-2.6710739178276643,0.0447129075926501,0.06033042411297958,0.2948317114758811,-0.9963700601390406,-0.019020531342236233,0.01143893337514881,0.041309892770743345,1.0941548165916808,0.0007159480739793937,0.41529828994490897,0.1724726696311657,-0.1961813202102384,10.072181032490672,2.499483564139599,-3.0406996486965983,0.025170706194261403,0.03389375831602472,0.18719078432740183,-0.6252356576742494,-0.016987548329660068,0.00010604528932229647,0.016906209986364655,0.6794993047137972,0.0004898983747642602,0.20819483324128868,0.043345088588368004,0.10831366228627672,11.889973090134765,2.0319687215252458,-1.9671962675818542,0.00785135647093037,0.010562567472963693,0.0927599800256855,-0.3316790984627937,-0.005227450885225141,-1.1587014237777064e-05,0.005335116587738551,0.3319840696553529,-0.0008793851335718405,0.279796774579048,0.07828623506483859,-0.3757959917864471,13.13261079220704,2.2279144250337453,-2.2096306983987892,0.009774555128787079,0.013200564636375766,0.11792849352273561,-0.38988574450253827,-0.00661086813948206,-6.938626600815703e-05,0.006589696496893707,0.402352296945782,0.006386313874686109,0.11878643095352764,0.014110216178677191,-0.38080946047430303,9.286776813426693,1.059143,-0.961752,0.01210544711409824,0.016390000000000002,0.05860418834901522,-0.18280875,-0.000959,0.007145,0.015431,0.19873200000000002,0.009032510993593527,0.11081764859270049,0.012280551239615254,-0.12840745664456774,6.6662400043888805,0.6480988842163856,-0.7515834823077204,0.014814425754650374,0.019978050594923767,0.05858925057776933,-0.1808411352584018,3.8787060314924916e-05,0.010038357692266818,0.020016837655238692,0.19591378412643223,0.00020645945374484853,0.12624296753389824,0.015937286851764883,-0.05701882203788941,10.292359115163983,1.0032985529335923,-1.1062617940956172,0.007874945762696641,0.010603627300781435,0.05777280078236982,-0.19919380524790747,-0.005313469069662078,2.608324737515225e-05,0.005290158231119357,0.20425189318713677,0.012776494408642692,0.12436873854283607,0.01546758312673632,-0.011237291464241822,5.048689673486095,0.6548067828659677,-0.6484840474719481,0.01959362561651638,0.026446892872598805,0.06926438578551368,-0.21730060864994968,0.0008365875288349959,0.014070532347496667,0.0272834804014338,0.23159913747459698,4.330306016913001e-05,0.09533675952679334,0.00908909771706962,0.3201234843917237,12.586982787231083,0.8028649279943939,-0.783574247006115,0.007189785960472279,0.009717013050289627,0.042364282996032405,-0.14866949827859632,-0.004843410152063571,0.0001122460158278181,0.0048736028982260555,0.1422082481061282,0.0002917087294850799,0.14390285772938408,0.020708032462683358,-0.11814600494098121,8.858515951513285,1.0016115381759703,-1.062343591932641,0.00854941858483034,0.011536858703986894,0.06617807654887817,-0.23739257108672498,-0.005691784805173728,7.063995871788993e-05,0.0058450738988131655,0.23802313388254748,5.380975141242953e-05,0.10564449830166169,0.011160760021409798,0.1246999950811427,12.17040648818092,0.913483311969086,-0.8000846234121144,0.00696663581582565,0.00939248714665566,0.046860242771976264,-0.16005416369875913,-0.004728253338008977,-3.82775990913299e-05,0.004664233808646683,0.15463577067788706,-0.0001528731582609748,1.2156500944918716,1.4778051522380964,-0.0004141719765555618,1.843854438147507,3.818789,-3.820356,0.7402788550231414,0.99885525,0.8105274077239584,-2.3836684999999997,-0.49925925,-0.000518,0.499596,2.3839699999999997,-0.00024743189541005453,1.7190255615073307,2.9550488811155935,-0.00036131696452223013,1.8478492659678896,5.392728544743219,-5.389131777941192,1.036813643540263,1.3986356852949093,1.1456196499799656,-3.376463250747598,-0.6992065079221776,1.2637934108096667e-05,0.6994291773727316,3.364222440453596,9.019420858885986e-06,0.017505979853238332,0.00030645933062198636,0.136667814073568,4.471301413385773,0.3172038129690422,-0.2231601860146679,0.017003821489856026,0.022925463400089253,0.013570454876282794,-0.028316586804361114,-0.011459384132248266,-0.0002348653306921064,0.01146607926784099,0.02821237063802127,-0.00043656531891944167,2.4302654907898114,5.906190355723842,-0.00026485118711595405,1.8600060927758397,7.553619919147792,-7.500722994607139,1.4024455891228165,1.8927970031287322,1.6178867795800667,-4.768345715231609,-0.9426763012155573,-0.0007719078841080702,0.9501207019131749,4.7755575026051496,3.124384782662121e-07,0.05371704906492614,0.002885521360243682,0.003964959217102513,0.580082424243638,0.18175920145807478,-0.263199666079402,0.04713428520915689,0.06357540560226813,0.04037664063699261,-0.09784696253367922,-0.03149246166819257,1.2759969835617405e-05,0.032082943934075556,0.09828520330612128,1.2212253900224412e-05,0.007157897715954368,5.123549971206475e-05,1.2411853471952823,65.43813863403068,0.21975271977311733,-0.1492249995266573,0.006582580671345189,0.008877675780640047,0.005462702081228752,-0.010768525468734205,-0.004419130955442839,1.8653865585639825e-05,0.0044585448251972075,0.010798510718325358,5.337428776770755e-06,0.02370065817691708,0.0005617211980190665,0.018569458935242436,0.3839592108235985,0.1855325805104958,-0.1575067243220812,0.022890507709888035,0.03084085285596424,0.018523300108167898,-0.041980912410898366,-0.015385359094011071,0.000374161177320862,0.015455493761953166,0.042204302988837594
-6.0327586206896555,7.702676749287083,59.33122910400783,1.022929926974805,0.2271751759003493,15.1,-21.4,5.633888430321289,6.4,9.139858012170386,-15.200000000000001,-10.8,-9.1,-4.4,9.2,-8.485070804972288,10.95174867737103,119.94079909229812,1.0448138996627951,0.24408153863818738,21.281177563232653,-29.731496992924537,8.259030397740434,9.127341078322118,12.95601752632685,-21.480867195019467,-15.252287739725444,-12.955150149471997,-6.124946661403327,12.942755434475805,-0.03453384562123516,0.6229756193012633,0.38809862224379255,-5.249850069112392,62.89281269601577,3.514914236649186,-7.895692948424626,0.2429373191427131,0.32759039837178705,0.2903273917331977,-0.5270561084335998,-0.17666853717049213,-0.011171447803353912,0.15092186120129494,0.49665902809861595,-11.870236879179743,15.662040338911602,245.29950757769424,1.0609875938597289,0.23809687669990032,29.788388620933816,-41.58721794008117,11.668693139800935,12.914234431340205,18.380423453654323,-30.293147475223837,-21.54614031540685,-18.307625947230633,-8.631905884066644,18.28853971586979,-0.04913670864594247,1.061187429755049,1.1261187610701269,4.444686757576521,83.19466761790761,12.382234661218886,-6.869341495620598,0.2715173628177227,0.37197081909122187,0.3604636377471969,-0.6423531022663411,-0.21846115249090695,-0.01400952949830958,0.1535096666003149,0.5082971208729229,-0.04730595388158595,0.6383957829299666,0.407549175662765,-2.0219498255447945,13.532951711017155,2.543016899368675,-3.9086292561216505,0.2511547522337129,0.34231052688403907,0.33512255933336316,-0.7186724590791315,-0.17638343469207401,-0.0007010515552958829,0.16592709219196505,0.6356099685907439,-0.006660659807856094,0.6000106656425215,0.36001279888478166,4.7755387326414995,57.357647251212086,6.563063358863914,-2.3344325847702705,0.2582492205587078,0.34845890243777833,0.29388852819531075,-0.5227762283589361,-0.17657411004711845,-0.002918221397513965,0.17188479239065987,0.48252324257715423,-150.88062880324546,13.705045635544412,187.82827587235494,-0.4120627327655,-0.6310018490353535,-111.5,-186.3,15.863843738009924,23.350000000000023,150.88062880324546,-175.375,-162.05,-148.5,-138.7,-133.9,-213.32307648838653,18.852365780277655,355.41169551338385,-0.2943840544314898,-0.8980168130730228,-158.983262653773,-254.39479596744036,23.089529905539592,34.9128342850405,213.32307648838653,-244.9033714867168,-230.93940871037344,-209.98585159021835,-196.02657442533294,-189.48450157849248,-0.019379894528485576,4.360134850654641,19.010775915893174,0.01914156980727119,2.7909664494989723,17.44627318256764,-18.72905331199217,2.5191824879861375,3.4042883128774095,2.9473439384941202,-6.892948846858442,-1.7965540587936264,-0.15661120242185067,1.6077342540837831,7.644116040601952,-301.533426350155,26.37977601080409,695.892582380195,-0.2991170831206854,-0.8768501683947676,-220.17064308834458,-353.6471200443723,32.431946895512034,49.085145151092206,301.533426350155,-345.8208660220116,-326.1723790182673,-296.37483418738424,-277.0872338671751,-269.12710741368005,0.06460802362734375,3.2416005989330374,10.507974443003027,-0.1414890209944439,-0.028009688475012506,8.556407232134568,-11.079583047231967,3.42648324647187,4.4939543968374505,2.605123740898902,-5.256361410460936,-2.23677109183273,0.24099119426834648,2.2571833050047205,5.269656414080144,-0.028416402617284776,4.825966703078185,23.28995461921933,-0.2570088087341508,6.021348837928564,19.641401168254127,-22.851927712689797,1.8067062056233951,2.46344830850581,2.7913919001630996,-6.657608181431311,-1.3250292799892378,-0.06980272800016944,1.138419028516572,7.7773644601584095,0.25173825111475673,3.772486963342516,14.231657888589238,-0.3135951381296689,1.3201845127896057,9.99748959775242,-12.684365891210778,2.6195096087170544,3.548720985824133,2.7019700259945285,-6.8100744772472,-1.5079323565350131,0.27842975039131734,2.0407886292891195,7.184467083161194,-1.7163286004056797,6.553534195830239,42.948810455916295,-0.4578026356454477,-0.9826509018374874,9.0,-18.2,7.264750870677449,11.4,5.408823529411765,-13.1,-7.8,0.1,3.6,7.0,-2.453378134268541,9.063893246353286,82.15416078128871,-0.36533608475073825,-1.2326359706236443,11.480398792941005,-21.526698334061972,10.353152372757226,17.00731739712122,7.610840664124875,-17.189860000367474,-11.910517200651967,0.2991054873150445,5.096800196469252,9.335002760688457,0.02268051080064073,1.8968374373497916,3.5979922637317245,-0.009370879109616875,2.09038260690334,6.621870420544553,-7.601150667695217,1.1440804362439552,1.5730178898653058,1.3116973989383773,-3.0699945382080474,-0.7379414019073073,0.02631830279815235,0.8350764879579985,3.493076272207487,-3.543952538525125,12.680497143058219,160.79500779510764,-0.33830457251413276,-1.2918448034481183,16.027825775873836,-26.846437408709754,14.764899412958101,24.300780119141095,10.645008536450014,-23.014237103556784,-17.064230693900704,0.2745857544135518,7.236549425240392,13.15403348462684,-0.004212113216523596,1.753739798620218,3.0756032812644825,-0.2932021605889975,0.7547280109378098,4.501598558985509,-6.676125117403823,1.6391528775391273,2.199730253051831,1.370323404287941,-2.578665878663405,-1.0714191145073853,0.01631035649194079,1.1283111385444458,2.77779360039689,0.030484037925441677,2.001183816801425,4.004736668627919,0.11602153341666434,2.4416142924199447,6.8778533404464,-6.30369842165345,1.007154973832293,1.366990243511884,1.3057377777065051,-3.554473322659578,-0.7334212944159292,-0.040507638060933146,0.6335689490959548,3.9227112673282063,0.10476650835538022,1.759394321112489,3.095468377162876,-0.052810627519187185,1.3929080221126222,5.885052348803854,-5.6184293076752425,1.36187638072971,1.7344271527181072,1.2879729823557287,-2.7052829233615414,-0.7666159528199148,0.19087959990912998,0.9678111998981924,2.841747281627076,-0.29878296146044614,4.476725764387085,20.041073569527132,-0.18134807590339674,-1.5494330113128907,7.0,-6.9,5.485628208470727,9.1,4.078296146044624,-6.6,-5.3,0.9,3.8,5.6,-0.4259374752884876,6.348250140314594,40.30027984400426,-0.17134564468581281,-1.5526628136836655,9.84554974452861,-9.786112230454492,7.849906473790182,12.834080966618357,5.787872886656086,-9.345211746520505,-7.456709834547132,1.2253169261738235,5.377371132071225,7.974275719950568,-0.004975993164384761,0.17734409895291145,0.03145092943342005,-15.329293854283032,298.5146488359082,0.42911409542776785,-3.490820035403013,0.06453263048694181,0.08489102649802957,0.06420874824714314,-0.11036761187119787,-0.04192653798415287,0.003631128773689679,0.0429644885138767,0.12288675889068494,-0.6116002499749768,9.024739221035722,81.44591800770043,-0.15977447529978853,-1.5500319576449928,13.781363689325715,-13.75884768077462,11.275541461280804,18.44785448619907,8.223557212585922,-13.227792730237883,-10.876932867786264,1.6468908932835793,7.570921618412804,11.410735033229145,0.013103591316970647,0.3626768549309131,0.13153450110257858,13.63459173570843,204.4801095279228,5.490408070792855,-0.9558457911725584,0.0739726818673173,0.10572300036579521,0.09271500075774841,-0.1819865278788514,-0.05371916062142046,0.003553031210267177,0.05200383974437475,0.11747845549321974,-0.006673229543398484,0.15096242862795894,0.0227896548572516,-6.822299296628761,64.14206887202513,0.32457732634127484,-1.5180605635057947,0.07006689291506145,0.09463912156040663,0.0685956730892897,-0.10524468837984867,-0.048946373443974414,-0.0014499975289512881,0.045692748116432216,0.12361236413742921,0.0038057806148998953,0.19873329882285556,0.03949492406101441,11.618330077298669,164.71977793464214,2.849081637202631,-0.47735381612227157,0.06415321755865414,0.08861088475919693,0.07159520018712921,-0.12880429066635363,-0.04480702110706744,-0.014178962033591876,0.04380386365212949,0.11414102414587768,0.16034482758620688,2.830348333044498,8.010871686367768,-2.0691611380937758,3.7283928468194656,3.4,-11.9,1.0378215529539212,1.7,2.075760649087221,-6.375,0.1,1.2,1.8,2.3,0.23520664259711774,3.0966590818459583,9.589297469179053,-1.203419901716311,0.36201952172283214,4.359551554367317,-11.310250681681064,1.421138015010824,4.039071967901746,2.654958091484952,-6.510240671246212,-1.662009414885,1.6427511454959989,2.3770625530167457,3.1761365541694904,0.03710400765767177,2.5195446702400863,6.348105345335225,0.14060038452477924,3.45271485925647,9.035668426225216,-9.045993509357238,0.47692424371420256,0.640498013209618,1.3747003273326208,-4.852142356755756,-0.3192203706220409,-0.0024009243858359453,0.3212776425875771,4.959621605863508,0.3560528763925303,4.136620920946307,17.11163264361068,-1.073318695407109,-0.1376439828597813,5.459683178871173,-11.157899321910877,1.4926314670368817,6.274699244267088,3.6721872332038377,-7.976390470423821,-3.0900078966351785,2.582326407284346,3.18469134763191,4.301573612990772,-0.17140082289208888,1.3645418123927167,1.861974357768,-0.3503904864048059,4.244022827843915,5.807367379754692,-6.428122894727431,0.8507535733761641,1.1455917526949344,0.9029701280518152,-2.546349466383699,-0.725502198950398,-0.04010864693592836,0.42008955374453627,1.4113841464291887,0.051687060858254856,2.9389264433510065,8.637288639427798,0.13190431098294994,5.19029744804855,12.459660720591963,-11.35382684858814,0.26265220869601924,0.3402518080958495,1.4376460069314327,-4.787682319966468,-0.1540369419285073,0.006366510296404029,0.18621486616734217,5.052677528259871,-0.13701249779482239,1.971938294462525,3.888540637167772,-1.049352936641653,4.442121770458335,6.360889864177862,-9.207061717033149,0.5810614683338561,0.7835764593060401,1.1142305954899219,-4.036931203357153,-0.3734955024091149,0.030396013062211538,0.41008095689692525,2.806442391043865,3.1088235294117648,3.2500792992812886,10.563015451616751,-1.6359538486261451,1.9973697003206983,6.3,-8.0,1.3343419966550416,3.5,4.118559837728195,-4.6,1.7,4.6,5.2,5.8,4.393877864298889,4.560356185391471,20.796848537638244,-1.6063358733139512,1.9208655992588,10.115857337675674,-11.307777516584068,1.8531391094062422,4.9454327523356305,5.795471989841949,-6.483080925106532,2.405670121300427,6.507183514319648,7.351102873636058,8.286531800342123,-0.010064216300746243,0.4541679635086513,0.2062685390775956,-1.072884721579602,94.64401884440196,5.6734713992808175,-4.93694304600232,0.10763179714721247,0.14521846851554426,0.153361273254391,-0.2703895315878826,-0.06544934069447216,0.0077303660052178425,0.07976912782107212,0.25353172531163404,6.206070178904808,6.365841334915732,40.523935901321714,-1.5552767837014763,1.7602533945428585,14.65137382819521,-15.262435918380461,2.550567834572403,7.1707636369249315,8.136297935831836,-8.672373315845704,3.2714459056695095,9.242875849884722,10.44220954259444,11.687896630194716,-0.07098700579154521,0.7655019293956369,0.5859932039084426,-6.226181427889105,51.458380251202094,2.752178587560809,-7.250264374504272,0.17918737411349378,0.23994342081953574,0.2734124048242927,-0.46178474331343616,-0.12931288305300148,-0.005013040538456193,0.11063053776653427,0.4757688791173457,-0.014230520909144314,0.4816905730087651,0.23202580812551246,-2.5642564805134036,47.920795442264485,3.823980768416255,-4.081156803433543,0.09530046364419721,0.12876447522330786,0.1629475414006913,-0.2429859847249728,-0.05174387574475327,0.013748660722694622,0.07702059947855458,0.22160476507448684,-0.03690793807687645,0.4174652216862813,0.174277211317576,1.8964901616875118,30.419785264915035,3.5650793351859873,-2.003713157414517,0.13428302034594902,0.18288678755316545,0.18702823921127304,-0.40778702787896526,-0.11032592673004424,-0.020229559040299654,0.07256086082312121,0.22650321716552224,0.0003918683816403839,0.20492646020600083,0.04199485409256164,-0.4791784090457958,6.947759196244892,1.211523,-1.508814,0.014449441221555595,0.019552,0.09785207852465273,-0.35494525,-0.008774,0.000853,0.010778,0.35479525,0.0005548344515818438,0.24298798583047385,0.059043161257950554,-0.7573128799779403,6.004125657986727,1.1187321910252719,-1.5713821408007,0.018852254145476026,0.02542974213710765,0.11880128045010757,-0.44675810375694475,-0.010885877451728233,0.001461599504120426,0.014543864685379415,0.42496016949340254,-0.0001775028943874366,0.15792128844894218,0.024939133345373996,0.03946870210864704,12.130383274089246,1.3445571099597031,-1.4041916527633567,0.007624328909245915,0.010285381021702955,0.06925852253699613,-0.24694912722405898,-0.005109692094876244,3.7590695341019895e-05,0.005175688926826712,0.24235233948611584,0.000786735841513381,0.31788178159907027,0.101048827072599,-0.7722455900698029,4.682053501989745,1.2513282541559752,-1.6299294893145448,0.025729737839540662,0.034862314037464565,0.15900952514781538,-0.6288405046435638,-0.014053535739040664,0.002410613459042278,0.020808778298423904,0.5695788231561983,0.00017473398054296312,0.13044818120287005,0.017016727979136816,0.0004692666161043445,8.673734995456938,0.9495409196149751,-0.9291269386490401,0.006464743576737206,0.008711305031711277,0.05840577036561345,-0.22012283244068345,-0.004403359113783267,1.3457689518626037e-05,0.00430794591792801,0.22330932243700732,-0.0002506513124601579,0.09149569605165621,0.008371462395977056,0.052758356688752665,10.29213943472901,0.7402151489500468,-0.7769209856907198,0.007566836784979602,0.010215756173859863,0.042143859999567906,-0.15013278588820406,-0.005225305191432227,-2.783244721100857e-05,0.004990450982427636,0.14733147160545482,-0.00043860542766549466,0.20371018002096614,0.04149783744417443,0.013576416280526875,11.377255819762526,1.543932081758601,-1.522782381217718,0.007530886544705434,0.01015494690851507,0.08808920875355984,-0.3146730217559677,-0.005141334549102348,-0.00010767195478856789,0.005013612359412722,0.31528170839768366,0.006938432282030952,0.38458374967324677,0.14790466051273451,-0.34775297958505497,6.93875235199353,2.147927,-2.720196,0.025032255857248584,0.033829,0.18256633352421228,-0.646692,-0.010102,0.006182,0.023727,0.699177,0.009811737491799312,0.4902298527952017,0.2403253085716051,-0.04608019608619281,5.595669626508126,2.585677603714692,-2.7692213563608417,0.03439506077856623,0.046435540261484,0.2381147415783772,-0.8589631491485513,-0.014183774770556344,0.008313685376301862,0.032251765490927654,0.9158384360103887,0.0005627731173994658,0.23549448337838072,0.055457651701650436,-0.05920863239201054,13.235616911681543,1.8874719524071661,-2.2204308734573925,0.008463750718667661,0.011422293545221875,0.10028732560499481,-0.3602798546453747,-0.005686647624706682,7.300279740623715e-05,0.005735645920515194,0.3522121380772256,0.013874193504608398,0.6247979823683333,0.39037251877154006,0.08515376839387963,4.541961708926645,3.2202571795414796,-2.812709498617243,0.041226712664779605,0.055621346830509,0.3113874743095683,-1.134535727622163,-0.016285549036333613,0.011410102413829159,0.039335797794175384,1.180897343189205,0.0005412951576224162,0.300321794682278,0.09019318036118434,0.18407005786528638,6.908191062169028,1.8479261944430838,-1.8119533353100592,0.02417267713951649,0.03259702152389275,0.14130632112323627,-0.5120231390100046,-0.016907843310396957,-0.0003044583632789679,0.015689178213495792,0.5401571764693813,0.0007956223485929089,0.20947686372965013,0.04388055643801041,0.021700203571954547,9.88070593966145,1.551940793874647,-1.5393634974721326,0.007323980558240392,0.009879976651983896,0.09208330913682954,-0.3368626695389877,-0.004788836628494461,8.668656980558529e-05,0.005091140023489435,0.3289590619248526,-5.094532171470556e-06,0.2588729778076048,0.06701521863897665,-0.00423055297856715,12.060868511783319,2.0105042495861016,-1.8347778300643185,0.009273044468014791,0.012513982032120452,0.11017510680042816,-0.38943419577302013,-0.006253444495824132,7.4642040811481345e-06,0.006260537536296321,0.3858630717070829,0.007001551390479546,0.12016377658402813,0.014439333202936229,-0.4407961431199103,9.4894698079782,0.926872,-1.147669,0.012195885849427083,0.016510999999999998,0.05902332509617361,-0.188449,-0.000415,0.007387,0.016096,0.200562,0.009901494331138308,0.1143467058320429,0.013075169134639754,-0.08777650690408491,5.920330562298323,0.7175488209215275,-0.6678501935571537,0.015108267033253629,0.020496330010961485,0.06042605539828642,-0.19506357484747966,0.0007162384403640344,0.010242742689097712,0.02121256845132552,0.21153520344321705,-1.2626165292441676e-05,0.12570198734461996,0.015800989622386994,-0.07212497938097695,10.953776687943883,1.1080440074753122,-1.1379080399449917,0.007487245459826042,0.010105742225411015,0.056710642927840546,-0.2008611473532743,-0.005066242875948484,-5.330675614628004e-05,0.005039499349462531,0.2044174903312026,0.014002092804639743,0.1430106840422121,0.020452055750221413,0.025661446474416486,5.330981616743948,0.8428401976569015,-0.7413360210396248,0.01991952655392194,0.0270783961493113,0.07716928121040553,-0.2469675782359482,0.0017112942946012114,0.014175227176102199,0.02878969044391251,0.26819747465491506,-1.2836798267563264e-05,0.075457328775971,0.00569380846600498,-0.00826282858785365,9.781234363100815,0.6440855061959727,-0.6211433535915393,0.00723458340583008,0.0097612529685413,0.035145665636676524,-0.1230581787428917,-0.004846904880383817,4.687770762909569e-05,0.004914348088157484,0.12403175111159437,-1.8095356747398555e-05,0.14611407505249058,0.021349322928444846,-0.07315059350781561,8.870486567057592,1.105413150944566,-1.143911625545151,0.008160844778553687,0.011048265262305651,0.0668776047915017,-0.24618027031074696,-0.005428184309313921,-3.591060717093708e-05,0.00562008095299173,0.2400321470136601,0.0003129152619805221,0.10122748211771618,0.010247003135892548,-0.04688253868768834,9.937626856121456,0.8421368920648412,-0.7409456506658363,0.006714887140924473,0.00904523115888916,0.04543500684919328,-0.16174338759593787,-0.004476957901985318,-1.4186407275399145e-05,0.0045682732569038405,0.16472560874539538,0.0002634961971045137,0.9879935417479578,0.9761312385356737,-0.0016042702364307813,1.54460902867521,2.959996,-2.958044,0.7146542995795998,0.9640500000000001,0.6867675107626348,-1.96197775,-0.48112475,0.0013254999999999999,0.48292525000000003,1.95936525,0.00039337273330984813,1.3970617835203112,1.951781626972953,-0.001641526442700946,1.5482845153785236,4.174640992993508,-4.173562317773127,1.003237465233988,1.3532559063591822,0.9705378317932785,-2.772307803446428,-0.676509428424521,0.0015880617266235755,0.6767464779346614,2.7719041049518474,-4.630441457190726e-07,0.01792790097794418,0.00032140963347497184,0.20250040158180377,7.322670578000865,0.38054367450646204,-0.24746493240249864,0.01827463561092901,0.024665593419870416,0.014047853274984968,-0.028421202929121932,-0.012364437019061113,-0.0003211741020170081,0.012301156400809303,0.028598716579302214,0.0006184969560885533,1.9748826085309712,3.900161317478093,-0.0017123130664288158,1.5609583271864427,5.820845575839711,-5.862661594003256,1.364180671053203,1.8408925115196535,1.3702841206278582,-3.9150097102758075,-0.9204500305284647,-0.0007846987952015473,0.9204424809911889,3.9008752929427373,-1.8865324307740506e-06,0.052588380179926536,0.0027655377299484903,0.025084276714384526,0.6445654457066752,0.4551347896299391,-0.3107284206406056,0.048108024296865275,0.064936236839939,0.04015480496614053,-0.09557340450039083,-0.03260944450451293,0.00038291993276031583,0.03232679233542607,0.096304319980507,-3.0800302726367646e-07,0.007260806121703911,5.271930553697298e-05,-0.5947534112734867,49.562476338919666,0.16255501428333408,-0.19879998583838807,0.006777453575940328,0.009148802244805493,0.005642956094974417,-0.01089950000831169,-0.0045673554763113995,-2.4198078193047538e-06,0.004581446768494094,0.010959208028290729,-1.1634589794676928e-05,0.024299625390642145,0.0005904717941255404,-0.17384044064985663,2.2590776365904377,0.11994199647750912,-0.3465433148036845,0.02495305345215206,0.033665733385613086,0.019345712453916197,-0.04269673394886957,-0.0166621401236521,0.00045325710905531804,0.017003593261960985,0.04265675853822233
-5.824796747967479,7.6113372167432765,57.93245422698129,0.9134211020839245,0.1565864225473561,13.7,-21.4,5.114977653844327,6.5,8.868089430894308,-15.5,-10.5,-8.25,-4.0,9.0,-8.192920343002676,10.807202881108191,116.79563411343317,0.936355856822608,0.16173941690254745,19.35652688727078,-29.357467651161365,7.420630261502378,9.217524296552908,12.565971708477225,-22.090527093584832,-14.882050926244258,-11.871639333966447,-5.66452662969135,12.733331783933163,-0.056586972382789265,0.6613148245592797,0.43733729718187087,-5.202696689145187,57.43388353304196,2.446949305536295,-8.187670759679705,0.266262682202816,0.3666216324416765,0.3181626209524409,-0.5605971077501491,-0.20684188873130344,-0.015188501452929215,0.15977974371037307,0.5249059667385564,-11.483333343157506,15.407965447228964,237.40539922300164,0.951182056027124,0.1719116311086104,27.345482916335566,-42.233503547568624,10.512991188168467,12.937339853683701,17.819616836032314,-30.41242440207821,-20.961862733117183,-16.5960698067291,-8.024522879433482,18.182301805142437,0.1157828107464357,1.123828958510686,1.2629915279872133,7.5232998581449015,69.0159934600881,12.290944151280463,-2.557121035180101,0.2754952058554258,0.3719574688729612,0.3798055997764614,-0.5167807547459486,-0.18243678077193742,0.0030657123837801725,0.18952068810102382,0.529714788856069,-0.08083068400277778,0.6305106556497502,0.39754368688787783,-1.3260509647553576,12.40621855677056,2.991774016119704,-3.6096499192491134,0.29008463466202505,0.39725023773402074,0.3453438329342627,-1.006890232991435,-0.230312029677114,-0.00399488679215176,0.16693820805690673,0.48547316131602547,0.07140665917032628,0.680315068514355,0.4628285924476914,4.964944000878891,42.946992418717755,6.68388575484354,-2.4398631433520888,0.2642367562233501,0.36275444422939296,0.3112812881213743,-0.42856224960954786,-0.166236040546958,0.006759547377779075,0.19651840368243495,0.518736164742039,-149.21087398373984,12.644471366835448,159.88265614672153,-0.4575827886705429,-0.5120254213358741,-112.0,-183.1,14.751892074130723,20.224999999999994,149.21087398373984,-171.7,-158.2,-147.55,-137.975,-133.3,-210.9532950379013,17.269480058297724,298.2349414839427,-0.2956089190455672,-0.8853769543574801,-159.9840361989925,-247.2271674007213,21.854163892544843,31.48384348303253,210.9532950379013,-240.4997087265283,-226.416988035522,-208.78783993776065,-194.93314455248947,-188.9513159191608,0.14419644557530364,4.534383391014774,20.560632736710648,-0.01655870036034288,3.0043406330509024,18.763092404040364,-18.068062880718582,2.559934473390533,3.419047130960733,3.032804261053224,-7.545722474185953,-1.5594590898279383,0.2024201274260058,1.8595880411327945,7.825247206504775,-298.1115777106802,24.083997563917688,580.0389386587932,-0.31273930845530784,-0.9100837567760705,-229.27711843030477,-348.28709295936136,30.707020534214056,46.12443685371579,298.1115777106802,-338.0398952293732,-320.86998319201894,-294.7983282512884,-274.74554633830314,-268.210132113667,-0.03445519844931781,3.6170996002567146,13.083409518177284,-0.3094939613462196,1.6199383358248767,11.684841221523033,-14.87641277848223,3.1655444187527952,4.208128504711681,2.7309077914165245,-5.8886236122283515,-1.9279090774529477,-0.22994567074963967,2.280219427258733,5.805873046678048,0.20206859704570454,4.63040981703462,21.440695073690584,0.26948323422189674,7.88153537454191,19.586496615617726,-23.095638025110283,1.8865793794279313,2.5903918220904205,2.590332274915515,-4.775528180900193,-1.23523462762667,0.021498388716689028,1.3551571944637506,5.659798960078387,-0.40636516832258807,4.354193125039463,18.958997770140925,0.4316843728695883,4.399929918503091,21.502245972241223,-15.49559362820564,3.199684867702496,4.375324906805213,3.068335049691304,-6.133918734154211,-2.556965335572118,-0.4951156937411162,1.8183595712330956,5.891813303277644,-1.2127032520325205,6.484682640853834,42.05110895259106,-0.5483127284115309,-0.7948406470259677,9.4,-17.9,7.116490648826889,10.8,5.284654471544716,-12.8,-6.6,0.5,4.2,7.1,-1.7378618577491478,8.94458062363432,80.00552253269451,-0.4216576423811569,-1.1482607058840786,12.303710240568888,-19.816493904640605,10.258421883821509,15.815077275830294,7.412145816008524,-16.740500651921938,-10.459927147981155,0.7149744073031835,5.35515012784914,9.814866529056083,0.007782114678770336,1.9723213236187085,3.890051403601054,0.12435669295896214,2.4471259193204062,7.338726742291733,-7.051008352254794,1.1706421298385359,1.5950954235746932,1.3410202866881877,-3.25970550513943,-0.7827725684916735,0.055012512155147505,0.8123228550830197,3.5526966568592586,-2.5149206618450544,12.464480250265053,155.36326790924755,-0.39668830734077937,-1.1963952531642907,15.897557374621702,-26.00170174941464,14.92241279356737,23.13576340408316,10.393224292550768,-22.696293338174684,-15.231426200560385,0.8471670443123498,7.904337203522776,13.644833326405825,0.056464255552701424,1.9188320454986076,3.6819164188323708,0.3850976978470737,1.0513382207639301,6.884623713513223,-4.94393350745163,1.5221184632550713,1.962747182342528,1.4209594206469156,-3.143401172522662,-1.0291249410157433,0.04798952985094185,0.9336222413267848,3.2500995224895726,0.010481676128100281,2.149843243320769,4.621825970851963,0.18819718451238338,6.6581115793467625,10.168464391080724,-8.599240983227364,0.8953533486545946,1.1830764533645177,1.255320131328451,-2.636675970368712,-0.6079357894147954,0.022481723464137824,0.5751406639497223,2.7035444480359536,0.15046267999621163,1.740499424268838,3.0293382458801568,-0.12105191402251846,1.7726280368524971,5.077606625288504,-6.815656943022819,1.2426289741113237,1.7113691450303485,1.2514724900799015,-2.763574379019329,-0.7211386038265013,0.08310720956978979,0.9902305412038471,3.106262316842077,-0.435670731707317,4.490778487081909,20.167091420037675,-0.16656746440721584,-1.5325206837460184,7.3,-7.3,5.411498097545447,9.0,4.086686991869919,-6.8,-5.4,0.75,3.6,5.5,-0.6174573597514804,6.370031185324446,40.57729730200597,-0.15551601171971002,-1.5337712141413051,10.274168074659059,-10.267065785685396,7.838017563155982,12.621960791521783,5.8004135266090655,-9.560731145352515,-7.54880055291776,0.9562806964252605,5.073160238604023,7.861766370051251,-0.008159256240934424,0.17305533057031078,0.029948147438799536,-17.520942509746927,356.72728995075136,0.4064707194769389,-3.5623895907752576,0.05649767061033638,0.0769996371427712,0.05492380592962217,-0.09565602347174477,-0.04053582932802277,-0.0006163033311865074,0.036463807814748415,0.09882391060310337,-0.900157714923593,9.066863801891623,82.20801920205261,-0.13734701002678626,-1.531151035578747,14.402520142826482,-14.447990767582361,11.045202961758626,17.957605404320283,8.255166269269443,-13.55589243747485,-10.785137378732305,1.3944626025670301,7.1724680255879765,11.498183093372882,0.023591087962293946,0.35598074175637506,0.126722288501419,13.385112332845337,199.40645489954622,5.365910283641164,-1.004936719745531,0.07352133445346141,0.09618167146550291,0.08854799541564834,-0.12834130274483208,-0.042631983955892384,0.002053785279970244,0.05354968750961053,0.11809499152421808,-0.011254685471387166,0.14573194607059625,0.021237800105523175,-8.26210143485617,81.69289036001247,0.19066123151167888,-1.5424771475984174,0.060470856617771754,0.08074664953632568,0.059869796923198555,-0.10028505195918694,-0.04129332627162271,0.0025632597107280936,0.039453323264702966,0.10255736276758551,0.019337268065578124,0.19376933797958856,0.037546556341048025,13.145570529602885,193.50207842703142,2.9066596749761677,-0.34605188778052764,0.058481293640972,0.07894170636756806,0.06023106255051969,-0.08687495052325306,-0.03323441072433308,0.007491007047696917,0.04570729564323499,0.10540793752678844,0.13953252032520327,2.898508900538931,8.401353846503403,-2.147302047842289,4.169449840815313,3.4,-13.0,0.8895613311033613,1.425,2.1055894308943084,-6.984999999999999,0.375,1.2,1.8,2.3,0.20794521227350052,3.1915134553545976,10.185758135709444,-1.2102930615982324,0.34785555815633007,4.414441393519493,-10.298266551990912,1.33484208776932,4.410316536018611,2.721865725772811,-6.708784754274603,-1.992722388509105,1.6870219563019826,2.4175941475095053,3.3037514369837546,0.019792087940853235,2.556501504918238,6.535699944649215,0.30716383922394647,3.851361118310039,9.506218502322696,-8.77260838363272,0.4559111382780214,0.6010907633081449,1.3621105707355317,-4.946905944667234,-0.3367871571158978,0.0037589997826024957,0.26430360619224713,5.006412842181805,0.33011463516170236,4.267849277662343,18.214537456842983,-1.0980544708361242,-0.024430818786588482,6.0321995743431325,-12.59634149606011,1.4701917526304922,6.6957082167482085,3.7791206530232166,-8.109321518244169,-3.4697210113606443,2.6268042637157674,3.225987205387564,4.274195531126953,-0.05804864314794878,1.4044494603920847,1.972478286795618,-0.28294297608952473,4.179504675189703,5.294600834909159,-6.215389849685089,0.8079006046712932,1.0925877547767824,0.904146056990544,-2.4852367293209525,-0.5239862941092033,0.012850113500326,0.5686014606675791,1.8826347919235893,0.027286130941144838,2.927211804216838,8.568568946746394,-0.18492134283696932,6.867839723407997,12.104861530134775,-11.984296749686514,0.21832927589350384,0.2777972965570391,1.318672639724721,-3.8729839895517486,-0.14357387001098093,0.019296519467995134,0.13422342654605818,4.298377772025506,0.0712612906194694,2.0774273692880945,4.315704474667252,-0.7046774754345856,8.782628768541224,7.895357917939437,-10.794173377156827,0.4458822991503569,0.6166900375594763,1.0209686650313454,-2.234776262682994,-0.2541922001801813,0.028697561001479754,0.362497837379295,3.500160963235679,3.3590447154471548,3.201120786643868,10.247174290683455,-1.8052032255667245,2.589982277256058,6.5,-7.8,1.334341996655041,3.1000000000000005,4.329369918699188,-4.784999999999999,2.3,4.7,5.4,6.1,4.75015745947089,4.491261930620807,20.171433729443738,-1.751351534668192,2.3777653620216306,10.54162397253518,-10.40398339075452,1.8525559423645555,4.396326736007915,6.101693241158061,-6.633583507080771,3.216097659816916,6.626505084572095,7.612424395824831,8.556213423672403,-0.03367649136295203,0.4494805857186938,0.20203279693802004,-8.66931127897007,85.33818318647043,0.5956194651333072,-5.022902664050414,0.10055177155237431,0.1346160078252609,0.14651438558951976,-0.25615491767177273,-0.06346630351245189,0.0064341621123262804,0.07114970431280901,0.26083205615877897,6.719190319432903,6.237872837716426,38.911057539520385,-1.8413810189228965,2.829051918148515,13.821065596175767,-15.695603995173611,2.5187566543707534,5.554348487796537,8.555641222518135,-9.085366851353577,5.108188395162269,9.347445425418954,10.662536882958806,11.923613449584797,0.09278070321144305,0.9383546225304858,0.8805093976243306,6.045478618200191,41.27815564263261,7.4466969505397875,-1.4584945711815174,0.16732890272754805,0.2219829617702196,0.3230652974793362,-0.5392159846957911,-0.10906442787372467,0.0043719524056803905,0.11291853389649492,0.479946548376485,-0.046903996189244686,0.3601717707815715,0.12972370446793285,-4.304206352925203,19.473665216894187,0.3621426243880944,-2.1618562640168695,0.09923363793913761,0.1339875634893164,0.14955939479760694,-0.28947406746312815,-0.05529104060182667,0.018306026224227927,0.07869652288748974,0.21136021825071083,0.0654701555640093,0.5144012725374885,0.26460866918818743,6.084642979862678,41.40251364678421,4.1062100349040005,-0.5951842296455737,0.12876816877581737,0.17675281418087518,0.18933460259491208,-0.301749961923339,-0.08609409550594946,0.006870231115228803,0.09065871867492573,0.36382113536908833,-0.0034412071307047135,0.20421054287259885,0.04170194582032153,-0.5079644181249356,5.448921949973254,0.998047,-1.212907,0.022379880488342063,0.030309999999999997,0.10162735264006209,-0.39494225,-0.017095,-0.002594,0.013215,0.34962425,-0.0048652393266112965,0.2550208454677682,0.06503563162309532,-0.6322200137443654,4.689870749095355,1.226987249012123,-1.5082944109911913,0.03044784970586159,0.0414597545540681,0.12946856325967354,-0.5398377867410074,-0.022683169945492097,-0.0031786794393024046,0.018776584608576,0.4355766508606571,-0.00013806728921805553,0.13550204944738273,0.01836080540444095,-0.01404661544621463,7.859398436338148,0.9130293525899144,-0.8983648106826859,0.007942465485405508,0.010733732734204495,0.06211760317744795,-0.2296688533061934,-0.0053287802957738065,-3.5426952287805858e-06,0.005404952438430688,0.2273676067056561,-0.006876622943065077,0.34594752925107264,0.11967969299492177,-0.7141644622636256,4.809799872972356,1.6272296017723828,-1.8110351836789398,0.04287286213850168,0.058304537839782455,0.1760840033375963,-0.7582731226200858,-0.03192564929429523,-0.004381685223443732,0.026378888545487224,0.5880741907952836,0.0006198588121999128,0.10182345841726977,0.010368016684053466,-0.12564034608162042,8.599363864482507,0.6281903145786807,-0.7074107736942963,0.006340168841811868,0.008544733885437942,0.046026267410087196,-0.15806473662385498,-0.004255278412851034,6.248183165581374e-05,0.004289455472586908,0.17174588767637272,-0.0001953933461061483,0.07933030590214606,0.006293297434528069,0.00791185210407444,8.547140739748547,0.574383373660109,-0.5377291588562774,0.007694510417911876,0.010373184918015473,0.03727097130622995,-0.13015246544613904,-0.0051911366376035505,-1.639494496482665e-05,0.005182048280411924,0.12873276532722797,0.0003990393319193123,0.17441786654123365,0.030421592168795593,0.060419657790873764,7.845738769777633,1.077056048220467,-1.080585092695028,0.008138705307743759,0.010933320261434062,0.0785375901591284,-0.28780344666867397,-0.005571462504209487,-3.3327943838490004e-05,0.005361857757224576,0.28903715555770443,0.004814311748201653,0.40223818918619814,0.16179556083979174,0.8231660367735321,6.701415347417621,2.541487,-2.094285,0.03019912458874061,0.040858000000000005,0.18999943251350623,-0.684546,-0.017552,0.003057,0.023306,0.72408275,0.006807017318855885,0.5285202933971729,0.27933370053263373,0.8616047205607275,5.954787954849149,3.125157750395026,-2.249493102061075,0.04173265856683161,0.056318764530139113,0.2545262149674184,-0.9486803699292393,-0.023963064698465014,0.004377129892379865,0.0323556998316741,0.9830270109636616,0.001176663363023815,0.21030240488738922,0.04422710150141938,0.012450239750433316,10.762090684077341,1.6866443424630428,-1.6810183749520975,0.008886864794229891,0.011995349250091068,0.09156413533938011,-0.316342735966182,-0.0060455942802681,-1.5020136293139997e-05,0.005949754969822967,0.33191539157148964,0.009622540640014521,0.6944340145378771,0.48223860054719253,0.906171906547946,5.675475143635488,4.185038620818688,-2.515537236201418,0.05497753012347625,0.07418861883387823,0.3354249888163393,-1.2881259544301462,-0.03109671817179032,0.00607106092159603,0.043091900662087915,1.326282979018656,5.781781870395715e-05,0.27627686817692954,0.0763289078896525,-0.18568116427612402,5.7642036757561375,1.4082447880950555,-1.631465569470545,0.020195572270376844,0.02723010773812226,0.13291697738967473,-0.5016548767680901,-0.013309700214761834,5.7151144376004176e-05,0.013920407523360429,0.5120611775523721,0.001663833436420313,0.20347249818673746,0.04140105751835188,-0.0829997753447634,12.055568692458236,1.725949369593306,-1.853443985166377,0.0071648036480029195,0.00964158037338361,0.08698775940566324,-0.3001433875233577,-0.004642015792713094,5.4932295719295055e-05,0.004999564580670517,0.3080526306390351,0.0009266169419637423,0.21687890959026138,0.04703646142506077,0.11560081226843483,7.849567922812877,1.5403900985510448,-1.3346092909667884,0.010145166728534858,0.013688986837540525,0.09748270481379112,-0.35519817380854607,-0.006879978188428362,2.8424789000354665e-05,0.006809008649112163,0.36031596550056677,0.004967683550726801,0.11554129416156385,0.013349790656529028,-0.044452192337916474,7.238269306495386,0.900503,-0.880345,0.012554675586305438,0.016995,0.05739890221771184,-0.1974755,-0.002653,0.005694,0.014342,0.203767,0.007025667386988761,0.11780871821028881,0.013878894086351234,0.06882713639982078,6.038104773458681,0.7816970291992182,-0.6137184015452817,0.015663357983202654,0.02112181701497847,0.06075416021166317,-0.21265146807142665,-0.0024334272701832076,0.008018886851365047,0.018688389744795263,0.21338207824491037,0.0005517320821881799,0.11321659368487068,0.0128179970856051,-0.049161661065149714,8.407737382131621,0.811358920079675,-0.7943374009634487,0.007735434473377039,0.01043463533727858,0.05210629764296378,-0.18206311405561432,-0.005143406624828806,4.4637909156568185e-05,0.005291228712449773,0.19091974546694282,0.00993668755291537,0.15246258368615154,0.023244839424256765,0.09736731932689362,6.298587191329277,0.9518188548581554,-0.8883085388885428,0.021027223951629374,0.028372543963724284,0.07867598592620191,-0.2651457093767439,-0.0024275347254240813,0.011418228662976407,0.025945009238300204,0.27303073721557136,-0.00038956523010515886,0.06714049261723931,0.004507845748885567,0.15794318408528932,7.435112069192467,0.42564993605359036,-0.41615248095964263,0.006642735549026675,0.008958002857098454,0.03189646854237521,-0.11424721804882929,-0.004611964690794457,-9.35045396809831e-05,0.004346038166303997,0.11411080736325356,0.0007801447482995933,0.13164526214619823,0.017330475045541253,-0.047551375267075986,9.046450682793521,0.9684010016008182,-1.0980789251170577,0.008332588805962039,0.011237729466107203,0.06029267550054577,-0.2148586462554082,-0.005529660902347711,6.066239168737571e-05,0.0057080685637594915,0.21701427310978025,-0.00011348679896864536,0.09110937307971206,0.008300917862978163,-0.027607982343415736,8.509275366588925,0.6025313592790623,-0.6305546686075143,0.007049788282628036,0.009506173670963566,0.0412892281201941,-0.14884432676498435,-0.0047380498140212075,9.402251229539407e-05,0.004768123856942357,0.14803337529205185,0.00011236934005909932,0.955335050573088,0.9126650588534846,-0.002658436477745895,1.7339807852413518,3.037465,-3.032134,0.7016800475654573,0.9464192499999999,0.6673748832940333,-1.860493,-0.47208675,0.0007574999999999999,0.4743325,1.85748725,0.00016422263993733202,1.3509170248691305,1.824976808081263,-0.002664621248004416,1.737179831482675,4.27201499291741,-4.283541750356559,0.9890554881589814,1.3335527158720584,0.9432897766806974,-2.6301529843431135,-0.6646178932755036,-0.00014592158624744406,0.6689348225965548,2.6236356119314523,-2.2920912629754507e-05,0.0152074201318317,0.00023126562706604005,-1.1408818602091069,31.568846343621303,0.08031635639493481,-0.4674124321498758,0.015164231120418653,0.02043888822409216,0.011927432370142882,-0.022629415654914845,-0.010184560453320368,-8.855409603506469e-05,0.010254327770771792,0.022729971636854977,0.0002495054734464049,1.9096963042844277,3.6469399745976014,-0.0026764578686656803,1.747801362280759,5.999443954392874,-5.999687286963678,1.355459894342254,1.8291092980532973,1.3314508067523996,-3.7243190918356883,-0.9109947998731898,-0.0006659658954508447,0.9181144981801075,3.688479568294332,-5.361603874862672e-05,0.050266450286445066,0.0025267160243996533,-0.03243300173999676,0.9065087573083401,0.2622164795568726,-0.513132932366381,0.04156527833919972,0.05605068726474828,0.03789717512072304,-0.0904620794597314,-0.028458426484974136,-0.000234730793828717,0.027592260779774145,0.09178351940811985,-3.256915875655767e-05,0.005985293808803856,3.582374197770577e-05,-4.815356710407808,154.51225407068094,0.041096120865110906,-0.2023192585509103,0.004607424943713196,0.006200768818300843,0.004184327185356224,-0.008916551980818335,-0.0031416977789278286,1.7642766301169036e-05,0.003059071039373014,0.008978003262954927,-7.883980752649995e-07,0.020657015150581392,0.0004267122749313491,0.5303590079893009,11.070682790903055,0.4242885316054267,-0.1750114853381686,0.020748578523550474,0.027952070505602757,0.016447703252279487,-0.03424545810078218,-0.014118896802668032,0.0002731716966625318,0.013833173702934725,0.034244502749212376
-6.063136456211813,7.720854501670277,59.61159423596219,1.011190577845146,0.12239888792980613,14.2,-21.2,6.152799206798249,6.8,9.160081466395113,-15.194999999999999,-11.0,-9.7,-4.2,9.1,-8.528244854687033,10.967744699296041,120.29142378893643,1.030827551638121,0.13432897240719344,20.049398076852068,-29.099090559747136,8.472010340007266,9.584357737278832,12.979073659060171,-21.43170349676661,-15.436123030783383,-13.854216387622813,-5.851765293504551,12.825302699277888,-0.04048361322127466,0.6438789789569593,0.41458013954265654,-4.911525384068048,66.02266311469002,4.053672354873824,-8.305511374313483,0.2726760966819905,0.36613996292262596,0.3019496195767166,-0.5524783893952941,-0.19726996503517139,-0.014067797863154263,0.16886999788745458,0.4963865277155534,-11.931909119588456,15.660491163812848,245.2509834918603,1.0445293724901428,0.12349304875404687,28.177621041854046,-39.87716631852092,12.066434687901516,13.788858222529651,18.39990010070211,-30.238601554889648,-21.92391084047901,-19.677762548214943,-8.13505261794936,18.507391024891042,-0.006238790152395204,1.0778344088137035,1.1617270128227857,3.4930297897053126,71.20822170336059,11.93963334778305,-7.5338584452006865,0.28450936066063215,0.36127936646659153,0.36166584931171303,-0.4836572123751593,-0.18732213191761965,0.022374722107653594,0.17395723454897188,0.5296202901566602,-0.057558641063868786,0.6369920884977439,0.40575892080871767,-2.028066253998242,17.219282887630214,3.1032056126082637,-4.233045575914022,0.2324870100725428,0.32918023407500285,0.31326042788954933,-0.5365141089624175,-0.18327942625738694,-0.00034551130482627333,0.1459008078176159,0.47753129648277604,-0.025785440872883064,0.6439217185143349,0.4146351795744544,3.624772545747913,58.72990944889791,6.921923034326648,-4.030965571539272,0.2735540918714159,0.36610544882166024,0.3058346817841123,-0.6427207255693836,-0.17750447498979574,-0.007924513974188956,0.1886009738318645,0.4557288481541033,-149.73441955193485,12.933591804464283,167.27779696450568,-0.40158351189371777,-0.6367804451308818,-114.6,-185.1,15.715583516159372,21.775000000000006,149.73441955193485,-172.195,-159.775,-148.0,-138.0,-133.01500000000001,-211.68117195417176,17.805800367857056,317.04652673997845,-0.2995353977688284,-0.9082122905085446,-162.87384373623192,-251.4541942153199,22.791737623106382,32.53482469889758,211.68117195417176,-242.8171509474418,-227.49418313996776,-209.37751381783534,-194.95935844107018,-188.87451194101746,0.022617170458283136,4.079906044029166,16.645633328105724,-0.019793600955609246,2.6570790075930706,16.886572541450537,-16.66155063817392,2.9345912550740394,3.99759431432758,2.869350999325179,-6.627396682694928,-1.9609652844596095,-0.07267909963192043,2.0366290298679703,6.475781365474578,-299.1536794958013,24.859416073123167,617.9905674966545,-0.32642023647257146,-0.9155791299184135,-231.0318380049559,-350.25011393267397,32.50125191051045,47.99102532796104,299.1536794958013,-343.76008840536326,-322.8513995369562,-295.66210166764415,-274.86037420899515,-268.0330194513736,-0.223622668292386,3.6020470957083615,12.974743279701041,0.010216747756286865,0.1782381358217786,10.710383519491916,-10.07850767631524,3.2538041815781114,4.377575491447459,2.826924581691631,-6.146502257161529,-2.4493538720798256,-0.25499335040724613,1.9282216193676338,5.599589507496374,0.030857569387927504,4.258126072278511,18.13163764741802,0.17202059356187532,7.21278283791267,20.597895610507983,-18.501284791363872,1.8033323689518432,2.5497562636388396,2.561234862084295,-6.065524160057311,-1.4086442344062764,-0.006625941756186615,1.1411120292325632,6.824033066168359,0.5416953306358421,3.8057188732440443,14.483496142165919,0.64035430381879,2.5930746721786546,18.357905287291146,-9.71154236919185,3.0689998155993217,4.05107278334338,2.815234587716464,-5.249423489441647,-1.6081354387715625,0.5690852773530786,2.4429373445718174,6.942870158551376,-1.5135437881873728,6.432872067932017,41.38184304237994,-0.3944508670045513,-1.0647141591233866,9.9,-17.9,7.41301109252801,11.475,5.342057026476578,-12.2,-7.7,0.3,3.775,7.1,-2.16200587450096,8.910676813194568,79.40016126920331,-0.3116301529316672,-1.2824545778355572,12.345915379000681,-20.17721177280626,10.702803771024199,16.87258750421823,7.510864605805947,-15.935389171884996,-11.777839801845246,0.5393499155438958,5.094747702372986,9.922859497241223,-0.014882381382115967,1.7901355919359268,3.2045854375157905,-0.15349548936025706,2.0677107859177877,6.451098473893324,-6.903260658022338,1.1918701953110087,1.616143414297567,1.2470196637934723,-2.9646044831916685,-0.8018832461083334,0.05287049835474046,0.8142601681892335,3.0079824657737877,-3.118818738832416,12.450148734908282,155.0062035213383,-0.28018325763569774,-1.3630183967828602,16.54237112138576,-25.483425650686073,15.124904228375005,23.727467549849326,10.535613481696434,-22.162509482660614,-17.104653167492742,0.7498926155983068,6.622814382356585,13.797426194715246,-0.06251438516343401,1.8245665117206509,3.3290429556924637,0.07404834176839922,0.9338692574423919,6.427873063584384,-6.29064066690947,1.638364562197621,2.174676375089644,1.3933865184602905,-3.1672982856734246,-1.1715617914551533,-0.055364109384351504,1.0031145836344908,3.029902926381638,-0.02045803927285061,1.7839540880827531,3.1824921883871675,-0.02019450624761455,4.726632747121728,7.892316211411696,-8.273831456585501,1.0399749237710818,1.3826004425423333,1.1442412973368472,-2.7233378325489546,-0.6982185114732002,-0.0038717822194252634,0.684381931069133,2.5936716876888113,-0.07828493616109497,1.7735289998022195,3.1454051131394607,-0.07558475981722361,1.9202426548671516,7.544537933789018,-5.393965492397919,1.4176625822787272,1.791578951136586,1.288802059814799,-3.3653202281428953,-0.9642845238670172,0.020199294198218955,0.8272944272695688,2.6010749326038543,-0.3612016293279023,4.514742966666943,20.38290405506863,-0.18382432750742939,-1.5455039527497414,7.2,-7.3,5.189107764769607,9.100000000000001,4.122505091649694,-6.7,-5.4,1.0,3.7,5.594999999999993,-0.513186479254514,6.403943428049578,41.01049142965938,-0.17325247393588794,-1.5475527221001815,10.15978447042714,-10.29922586340236,7.3758618694619145,12.826587352848755,5.851121676769377,-9.462266832284019,-7.607007715911638,1.3418977301824988,5.219579636937116,7.906775599787249,-0.00817707300838994,0.16985527947130688,0.02885081596427577,-17.03051884754249,344.2871646725481,0.51558176958232,-3.4640323235632273,0.06017090858581571,0.0819188391318946,0.05539211726155146,-0.10136311323721807,-0.04045574909219624,-0.00012937865369741508,0.041463090039698364,0.08522577326753927,-0.7321758066999742,9.109142293784576,82.97647332841493,-0.15917840980273754,-1.5431299937245782,14.331249922258378,-14.450558956959249,10.415210466738419,18.348325676470047,8.320853468049052,-13.37180997498236,-11.0107792166032,2.0240678106917063,7.337546459866845,11.536795600219572,0.008918107445569637,0.3456961393141953,0.11950582073673953,13.14207155328491,194.7318666582138,5.161414343227304,-0.996557200625525,0.0771930509926361,0.10801043621131029,0.09315047518728937,-0.13416342270255233,-0.06138222482588739,-0.010655711249471372,0.04662821138542289,0.13332772083213684,-0.011652826566490183,0.13934585229698784,0.01941726655237395,-7.623589427544058,73.8737499380056,0.2576814903991772,-1.472953401085525,0.06150973856473544,0.08489893364821871,0.06149263615845326,-0.10214189876086804,-0.04320836155869569,-0.0075576020454298926,0.04169057208952303,0.09942321898252843,0.004600557460350215,0.1938793838300725,0.03758921547432858,13.133963986592478,193.535213615514,2.8906062177092946,-0.43069624307424076,0.05119923215715997,0.06761413052529916,0.05790213335890283,-0.09257764231211717,-0.03992695596008775,-0.01240538190652581,0.0276871745652114,0.08976483697627359,0.1737270875763747,2.7091498728312877,7.339493033461782,-1.9142542297701306,3.1951642649405025,3.4,-11.3,1.0378215529539212,1.9000000000000001,2.054378818737271,-6.395,-0.1,1.2,1.8,2.4,0.2566599028046826,3.020619547660642,9.124142451709583,-1.0677466785347933,0.046436975668965985,4.389460508275471,-9.164902079928796,1.6944108228252959,4.419463637684153,2.631296328771349,-5.966841836262803,-1.9961760212885904,1.6000981302327495,2.4232876163955623,3.2753812511210696,-0.026348177521565177,2.3420343649421342,5.485124966569907,-0.05087605190014143,3.323355466235424,8.63203045760151,-8.233891704716507,0.4464767591330686,0.5960003214374601,1.2769014514987058,-4.451232043936798,-0.30099101667466444,-0.004030348160499547,0.2950093047627957,4.6161908766377895,0.3934371913092578,4.089897131726742,16.72725854810663,-0.9708180269049156,-0.3983924569661297,5.521258706286051,-11.321905378193655,1.8618296992846592,6.418692733572773,3.6775154755261377,-7.307224295598279,-3.1197792594727916,2.4585340487173264,3.2989134740999817,4.338137462956504,0.054386743205279295,1.1734349854223982,1.3769496650132638,0.48267528879549504,2.9546776053662613,4.7766168915607485,-4.0330659559494535,0.8796121255101381,1.1561907763030523,0.8087177663684185,-1.3150198041420182,-0.5998021554701005,-0.005509350435748558,0.5563886208329518,2.2478260014943117,-0.03638283754726867,2.4490753156501355,5.997969901726812,-0.1619112196959564,7.257543897744869,10.07064903141606,-11.51912008777373,0.21532358608325847,0.30794559741838046,1.126287134455155,-4.456726621566762,-0.17189985985974598,-0.000689730477815572,0.13604573755863447,3.240019606476836,-0.01900979069284423,2.2000849105142266,4.840373613472393,-0.121127640380037,5.647703064681693,9.199994328395611,-9.560454012900896,0.5972471317900327,0.7747525159846926,1.1548355972674618,-3.63674711288067,-0.3665165409381692,0.01862496077783061,0.4082359750465234,3.838439925365748,3.185030549898167,3.3135668092052564,10.979724999066704,-1.5735606641485331,1.7876544141672452,6.7,-7.9,1.334341996655041,4.0,4.178105906313645,-5.0,1.4,4.7,5.4,6.0,4.511274719537923,4.651726072629954,21.63855545478529,-1.5262489301621505,1.6063247369854725,10.833594294052814,-10.575958186187863,1.865331981349946,5.629272399479831,5.892792743484003,-6.843724207312683,2.040937808218205,6.656812708440841,7.670210207698036,8.449039848373955,-0.02257569339572269,0.4885100648678045,0.23864208347714658,-3.5340386792625593,84.02180852538723,5.264039768706958,-4.922661230547173,0.1055529474943098,0.13673516028541088,0.15626115457027584,-0.2870367831933947,-0.06102204839328972,0.0026755212591450597,0.07571311189212117,0.24442290370196626,6.399406969628111,6.482348271809504,42.02083911703166,-1.453525234991987,1.4046302684752332,15.915849484402381,-14.791793288499743,2.6752431616045804,8.242752755891932,8.255207294352424,-8.988936901300894,2.547042197095929,9.432723105390195,10.789794952987862,11.950596051490857,-0.052561496020443306,0.9694151633999137,0.9397657590296815,-3.584069565389253,39.339271394552306,6.035735820913235,-7.228838023718809,0.21646112167198603,0.294377123108609,0.3383913944001226,-0.5896205284612732,-0.1514039647067384,0.004525766193095804,0.14297315840187058,0.5282938596092982,-0.0314244454307193,0.48832019877105876,0.2384566165278063,-5.9791006267899505,51.518606029985456,2.320652627890531,-4.0059655006359565,0.10157818717773591,0.13808995941003194,0.1575944970082205,-0.22215823408384097,-0.06393925693771087,0.0032501139662033194,0.07415070247232106,0.2538987150423204,-0.06933425522203503,0.47787935852635244,0.22836868130555807,-4.954343152444622,42.108387805844536,2.0345914434679346,-4.765171545308464,0.13171563520501567,0.17740122282556237,0.20111252091514503,-0.4117632750366652,-0.11019039046347602,-0.00880298620015799,0.06721083236208633,0.3059103064831837,-0.0032940890763845255,0.20500114199521322,0.042025468219341576,-0.2775287380097198,4.127740640199186,1.108232,-1.214155,0.024055220995253392,0.032628,0.11037270823085898,-0.39844019999999997,-0.018105,-0.002356,0.014523,0.355419,-0.004659123943371711,0.24743164131050405,0.06122241712160993,-0.4911804967643869,3.678563224799386,1.2301968285677023,-1.3101354750820022,0.03224630272208585,0.04427057702996573,0.1342087281221994,-0.5195812755043753,-0.023236452136732894,-0.0023172630818589423,0.021034124893232836,0.4234034899813909,-3.1015562811746474e-05,0.1510563240570971,0.02281801303764273,0.011087029629939483,5.964002804478456,0.9461690821325525,-0.9531256508437397,0.010015726080169943,0.013493014383283665,0.07624214037227134,-0.26283303766799115,-0.006766177416050693,1.5737736099683745e-05,0.006726836967232972,0.26026151054012586,-0.00658943627704085,0.32894636153689244,0.10820570876835994,-0.6543553631092947,3.606324921601793,1.3513317896517119,-1.5131442447780021,0.04491332799066819,0.061997071563659474,0.1790194605907463,-0.7202836064601582,-0.03207130291843224,-0.003227858860017854,0.02992576864522723,0.5498276318921143,0.0004417234747027773,0.11921720806595086,0.01421274269904022,-0.1221004232731318,5.5114604345560405,0.7021147996373702,-0.7871005313838607,0.007732763678103982,0.010440233506837027,0.06033937165009517,-0.21084891309059062,-0.005197685491089227,4.762431170278383e-05,0.0052425480157478,0.21784432969559422,-4.3625976228929966e-05,0.08607077809418985,0.0074081788417392725,0.004485852283880221,5.601987145558066,0.5626004285381924,-0.5475840765052826,0.009521888493171532,0.0128266769743544,0.04492135272170139,-0.1523122240048866,-0.00641418512625571,-4.2702887549895645e-05,0.0064124918480986896,0.1489435142099414,0.0007680617321740718,0.19549278904805303,0.03821743056978657,0.014170620018140066,5.792215513932909,1.1309786630791174,-1.1477267746375204,0.010099335478970226,0.013638160274765257,0.09805514436792685,-0.33614904227137776,-0.006617409221092144,2.2755460740234195e-05,0.007020751053673113,0.3364406739473448,0.00698384690781797,0.41814774362124124,0.17484753549553528,0.6097584189341101,5.710789832382966,2.580963,-2.636617,0.037325993453097034,0.050712,0.2119695156628669,-0.6931889999999999,-0.020977,0.005701,0.029735,0.768329799999998,0.009877772728587498,0.5362928314534537,0.2876100010683625,0.7857538822436672,5.021823849420574,3.2329448454663448,-2.5698085888818056,0.052149938184476476,0.07079091902860615,0.2786288331819469,-0.9197812440541892,-0.029630915382829512,0.007788274762403498,0.04116000364577664,1.0325335889556895,-0.00014655382962070512,0.2490806114137782,0.06204115098226159,0.031843977340205026,8.670426175757024,1.7945437508396596,-1.7439170447492163,0.009883736475933722,0.013322516865388677,0.11770877437109317,-0.3921899742981025,-0.0067594176819007696,-5.971546009994047e-05,0.006563099183487907,0.39942663574236537,0.013972169304708787,0.6906555762158247,0.47700512495801284,0.8787380610506181,4.644632090580828,3.879425028289032,-2.4542337748111906,0.06907678528982335,0.09338922605479766,0.36076956420840894,-1.242265627015549,-0.03809062841532118,0.011268175415067494,0.055298597639476484,1.4244215990293392,-0.0005848887482362344,0.3131944758469409,0.09809077970104003,-0.19561035038614638,4.400524595068868,1.452349785205321,-1.923361931625526,0.024907729527778436,0.033710063733300655,0.16269605010990404,-0.5883888019967758,-0.016518516478187004,8.696074282470395e-05,0.017191547255113647,0.5688909382753089,-0.0002071154450879436,0.22925287949255402,0.05255688275562749,0.11723092691779928,8.097098884105645,1.6026883809087176,-1.465120406127376,0.008927061828829195,0.012041762731169596,0.10997738395347197,-0.3798891792652086,-0.005990891289926862,2.9646572942912495e-05,0.006050871441242734,0.37395351131152166,0.000939094549284409,0.2673907839091262,0.07149783131953702,0.0018539691922631885,7.137849943837841,1.5697487685760358,-1.508909351646213,0.010840686132908854,0.014652624739612078,0.12794994573152327,-0.4415035682621988,-0.007068140122574689,0.00014878876412773804,0.007584484617037389,0.45352899235173605,0.004915426604434073,0.12305123834535979,0.015141607258326542,-0.11542606152746905,5.664805687121191,0.732427,-0.877745,0.01461697527224673,0.019717,0.06491618542321156,-0.2123868,-0.004165,0.005512,0.015552,0.21952879999999947,0.006952376670332796,0.12222324337023686,0.014938521219940151,0.037759468623637056,5.416295523945312,0.7573998192636086,-0.6987513552147507,0.017315071516950446,0.02333041190253128,0.06560221764092007,-0.21242938522986865,-0.003501954232063828,0.007802906560255302,0.019828457670467453,0.22443966247546626,-0.0001716243082485558,0.12385825633641949,0.0153408676626982,-0.02850650163196654,5.593872859709506,0.8009363592800616,-0.7617507209928951,0.010447835290935237,0.014088506267933638,0.0636595288189345,-0.2181563838737613,-0.007056955106508623,-6.463822977081777e-05,0.0070315511614250144,0.21802331121084226,0.009834076440166343,0.15504843043196725,0.024040015779416588,0.06060930948294226,5.300686718523323,0.8360814325039275,-0.7747323380689425,0.023362253805262922,0.03151977158922745,0.08317049479507965,-0.2769599387857762,-0.004008832323654355,0.010904431683780715,0.02751093926557309,0.2772031823025362,-0.00038434439562476055,0.07635749086343052,0.005830466410958876,0.19831974181387585,4.859347821306793,0.4670910708512753,-0.40183973515846955,0.00783726836410396,0.010645999099794788,0.04010424481441616,-0.13834070543437754,-0.005727515204684022,-0.0001725654084397117,0.004918483895110766,0.1346792802281398,-0.0002425812332041237,0.14212383778662963,0.020199185267200208,0.012806143740225429,5.385456413191282,0.8971121091038738,-0.8793196703404497,0.01106547254594139,0.014919591896683588,0.07356815424659793,-0.25282028334144385,-0.007666308532307164,-0.0001422278441388153,0.007253283364376424,0.25335064898773857,-0.0002873500809630181,0.10235165904868558,0.01047586211001838,-0.0007791590216055244,6.707686167991696,0.6396284121307833,-0.6586410348834051,0.009751947042824552,0.01316945164498214,0.051301148928076426,-0.17041961296061586,-0.0064767758573407155,3.508743267222845e-05,0.006692675787641425,0.16818092878900806,3.8395188941746364e-05,1.0360673201471282,1.0734354918768518,-0.001494426368595807,0.9256835016201688,3.162539,-3.168543,0.7504991734164099,1.0124149999999998,0.7448050761691052,-1.9834086,-0.505226,-0.000253,0.507189,1.9866299999999992,0.00011486799535699857,1.4650519503598007,2.1463772172530557,-0.0016113786833165376,0.9283964982240707,4.458465475510582,-4.473362920466862,1.0568481778810774,1.4265499874903318,1.0527400828878646,-2.802915135530934,-0.7111281465321404,0.00016135467473285016,0.7154218409581914,2.8060484386472404,1.7744317454057126e-05,0.01609166573146383,0.00025894170601316736,0.6927049029578387,51.83359409087566,0.47502973930870274,-0.40388948451392825,0.015391018326785801,0.020748956184667232,0.012300817640439617,-0.023377421943394247,-0.010405694478511418,-0.00013860548511115435,0.010343261706155814,0.023576698376373766,0.00032481509830226536,2.071097622131288,4.289445360397875,-0.0018293696574622593,0.9368752467729657,6.258740464209759,-6.245666296750663,1.442944334061284,1.947281818869325,1.4866334589006187,-3.9603852162096924,-0.9723533057401441,0.0001577901280434453,0.9749285131291809,3.966864970117066,-8.16121899514115e-06,0.050221024171969796,0.0025221512688815744,-0.04567525756206804,0.8613160327672649,0.2957554980987863,-0.449110223613745,0.04257718109926975,0.0572678507068356,0.037914242455793105,-0.09058459752879995,-0.02908006970983876,0.00034449911520599563,0.028187780996996835,0.09105276464197617,2.5873329545943412e-05,0.006975192843737764,4.8653315207330516e-05,4.976491071637914,552.9313236835814,0.32793903360924764,-0.2697368206055445,0.00481823731302455,0.006499426762150273,0.004222905129386926,-0.008792721505294464,-0.0032503322218084135,2.175903711937896e-06,0.0032490945403418595,0.009070545404862185,2.74076397920265e-05,0.021662432040888652,0.00046926096192611937,-0.0342223205195486,7.751341598719016,0.3057854981467241,-0.3010659311321549,0.021406719433099103,0.028907322960545198,0.017028912659701037,-0.03570841407289037,-0.014455259640844965,0.0001447167851810773,0.014452063319700233,0.03560421279456834
-5.96321138211382,7.8229524875192915,61.198585621984265,0.9918216863428863,0.1907137026976895,15.0,-21.3,5.633888430321289,6.7250000000000005,9.139634146341463,-15.584999999999999,-10.925,-8.8,-4.2,9.3,-8.39078781534048,11.122536342499854,123.71081469023004,1.012684613343066,0.20054365936159657,21.002686018225614,-29.061186832089543,8.051238847599492,9.610311658421272,12.959216935487724,-22.02719069731873,-15.449916482020935,-12.499796338378443,-5.839604823599663,13.230384380892595,-0.063474077231021,0.6194012441982149,0.38365790131429656,-6.523986341693607,69.82033166914218,1.5007212450409853,-8.07028535460712,0.24953788601600668,0.3330298878868012,0.29654450199535815,-0.6390435356697262,-0.17848475806942468,-0.026213773552235697,0.1545451298173765,0.483309750838487,-11.772389832274136,15.892267047219578,252.5641519001413,1.0275913974345392,0.2158399715237569,29.71309742578127,-41.983896857528144,11.504547207413845,13.644885100225402,18.405023553616804,-30.428420829524022,-21.91999112008733,-17.628822669157664,-8.27510601986193,19.03533107618235,0.11869860432274458,1.126736033250327,1.2695340886246815,7.284799987677924,64.42132231875486,12.272004882390771,-2.3042534261814325,0.2666003795887407,0.3531889638512333,0.3694928361617171,-0.5018907982708356,-0.17005225711006094,0.019529483998769803,0.18313670674117233,0.451781376706275,-0.08845949608856828,0.5579138620215609,0.3112678774358133,-2.568381246889292,11.157858904518308,1.6377953058295958,-3.4762394752315955,0.30657363717442004,0.41003828724000313,0.3243757240161223,-0.9613718670251494,-0.22842572198719202,-0.013043129308774158,0.1816125652528111,0.4891813646838431,0.0657264483524386,0.6647289007819266,0.4418645115347484,5.6184063856245965,45.555999682725044,6.628250655824361,-1.646530629601763,0.273322143440626,0.35752371233709296,0.30600382373773893,-0.5008007832872956,-0.17569766197521247,-0.004889630234367101,0.1818260503618805,0.5715077256106977,-150.32815040650405,13.818922980875232,190.9626323513616,-0.5496101631239645,-0.46737307483657897,-114.0,-192.1,15.19667273968242,22.224999999999994,150.32815040650405,-175.4,-160.6,-147.75,-138.375,-132.83000000000004,-212.52899145637056,18.831326156736683,354.6188448213952,-0.38985737991943636,-0.869501619070292,-161.8479475046289,-257.37003500244384,22.152449652400623,32.75305372480884,212.52899145637056,-244.8797471377762,-228.08403764994907,-208.92302655403807,-195.33098392514023,-188.83021901935885,0.5982401593785989,5.078733570190921,25.79353467698422,0.39787713891980164,3.4923946137019897,23.503235658680964,-23.121295056734276,2.635235764704161,3.6162512338513073,3.3379951557722025,-6.592165112388542,-1.5010142260069923,0.12337750918078605,2.115237007844315,10.237125407516919,-300.32777201881896,26.27959262705462,690.6169886439435,-0.4091673361534941,-0.8905339412264781,-229.95569141553207,-358.16640522588455,31.456185729796104,49.472719907142334,300.32777201881896,-346.62223013877247,-325.0154636026412,-295.3827006853702,-275.54274369549887,-267.6050040929111,0.2708928987279892,3.7792184890601113,14.28249238805379,0.08753019636686381,0.0630175453369679,12.37692827650289,-11.190636728191116,3.990394586385761,5.39031091094422,3.040310065648762,-5.584480824938517,-2.409102137968243,0.3718459820646487,2.981208772975977,5.81186378463693,0.8327985522144301,6.037638486264218,36.45307849081887,0.5792779447222348,5.854584244289088,26.47881014127216,-26.749189424779008,2.2995509628279143,3.1631630296808577,3.449650025699931,-5.871812701698583,-1.1186979839861355,0.1029781342527092,2.0444650456947224,13.991164483849543,-0.6649046897917625,3.7408490816713384,13.993951851841295,-0.05095658142135616,4.99566030239924,17.399429104493432,-18.078356530162626,2.87760995374594,3.9214048401154216,2.654513182850259,-6.545172442853016,-2.472469680815469,-0.39524854219891226,1.4489351592999522,4.4830622074189606,-1.7075203252032518,6.8231823534512595,46.55581742844867,-0.4216150437202344,-1.0917448273005914,9.6,-18.9,7.7836616471544104,12.125,5.709756097560975,-13.254999999999999,-8.3,0.35,3.8249999999999997,7.0,-2.4330316249065924,9.459840247359956,89.48857750557129,-0.33792218543749475,-1.3011203538094658,12.582228668061319,-23.31378552531196,11.067291885501891,17.95414609243065,8.03940243892749,-17.083347832507993,-12.359198824018193,0.607241754055938,5.594947268412459,9.681543482989179,0.26504041230727116,1.805663511580692,3.260420717053916,0.2478444374738344,2.227381439949353,7.774933017683715,-6.782620624222698,1.1012942217077573,1.5388290157811058,1.2516082690855619,-2.6870385758287836,-0.5542998160536496,0.12223616572734064,0.9845291997274561,3.5811620555438126,-3.483789225730053,13.201043567873969,174.2675512809067,-0.314434200143139,-1.3586313909358219,16.94196408305333,-28.419987078801572,15.902742421968814,25.668928469757038,11.259892505333468,-23.804604739829255,-17.730147301432396,0.7880214828165534,7.938781168324642,13.678063504390636,0.09344029337054807,1.8334707503999814,3.3616149925722714,0.5704056201263444,1.2200922648979216,6.640520174170483,-4.712561024992503,1.4898691451246442,2.0873372399254952,1.3533995968878467,-2.815197232782823,-0.9981519195770424,-0.03861269338596218,1.0891853203484527,3.60691689992061,0.37130045995718375,1.9676639018893414,3.871701230798388,0.6999443580683496,3.0385300666494226,9.426107044240064,-6.9545753086861595,1.2883947934784528,1.6685183278638425,1.3524203162117494,-2.4441750294560745,-0.5924664034893312,0.14732785632417777,1.0760519243745112,4.267302347199852,0.03227525377926263,1.6006521469854686,2.5620872956491905,-0.16540016750673145,3.0036801233595805,4.980594838449231,-7.431005074698723,1.134720029055972,1.573295370212013,1.1215652720886933,-2.0634548454675894,-0.7739568315623431,-0.058819571449840784,0.7993385386496699,2.858574365754313,-0.34664634146341455,4.475891714413261,20.03360663915328,-0.2192726562961619,-1.538283683260089,7.2,-7.3,5.040847542919047,9.100000000000001,4.078556910569106,-6.784999999999999,-5.4,1.1,3.7,5.4,-0.49305897566990836,6.349366023253047,40.31444889724021,-0.20817749070305008,-1.5407478899358185,10.124168507512424,-10.308652086215655,7.337250173180942,12.763492965971137,5.788636758559859,-9.535820356891525,-7.575912463352026,1.4147699958986075,5.187580502619111,7.617042094075404,-0.009447973932124657,0.1679218071017594,0.0281977333003205,-16.829225353397007,337.68010166169773,0.38758335154626455,-3.41156566133123,0.060095743138840196,0.08082530052174129,0.057420442966842886,-0.10695078992363248,-0.04179809261846783,0.0001303119323585178,0.039027207903273464,0.09423827055528161,-0.7285985054471225,9.03896656512507,81.7029165654489,-0.18920463368703472,-1.5399344291252164,14.214493680655194,-14.44757769888297,10.69975795995621,18.142817504080654,8.242713701830983,-13.47900800540507,-10.899071497119053,1.9403535371449012,7.243746006961599,11.123113542663674,0.02079257610015562,0.35126306591379125,0.12338574147515645,13.204735879170807,195.53871992114705,5.2667481970662084,-0.994293419800824,0.07114418812135319,0.09214269965742278,0.08811295103255411,-0.12532029158328395,-0.04721918761278113,-0.004778064250040792,0.04492351204464165,0.12727951977894683,-0.013179159642311747,0.1441332208246412,0.020774385345284783,-7.619537705251473,73.21455929807787,0.26349972169235336,-1.4853513631128197,0.06716296707149697,0.08994604174359204,0.06407700349275995,-0.12461005936199321,-0.04467653614063323,-0.0003574333440647551,0.04526950560295881,0.09976571276956955,0.009733399434563509,0.18667632521530483,0.03484805039589026,12.885169732456013,188.24777842413076,2.7725601877240234,-0.3399899437247981,0.06292494533882136,0.0850441884078783,0.06160369050820969,-0.08940012271719062,-0.04444482140772758,-0.004715034552816969,0.04059936700015071,0.10228273733619267,0.14176829268292682,2.6866187008715423,7.217920043872694,-1.7967567541374267,2.60336659119152,3.4,-10.3,1.0378215529539212,2.125,2.0629065040650407,-6.169999999999999,-0.325,1.2,1.8,2.4,0.21079676017157056,3.080119029130891,9.487133233614221,-1.0377761717649017,-0.0734211147823034,4.877734845953698,-10.97575116587101,1.5356231041761972,4.610142639451234,2.692339688805823,-6.1839587694815155,-2.20206656050816,1.6377550063884154,2.4080760789430737,3.249983596150433,-0.2300795859608289,2.1969936959785152,4.826781300169337,-0.31157297386553495,3.6659099203135908,8.26137988415072,-7.951476541993721,0.4044182923619358,0.5474091845778506,1.191370576156671,-5.048210629282241,-0.34509562452696224,-0.012854725286847751,0.2023135600508883,3.079063368928615,0.3327045686684945,4.161622163099838,17.319099028403777,-0.9089149025595016,-0.5770833390881251,5.8507822728724035,-11.808571590179191,1.6981703897192022,6.977089579706652,3.7693912212287017,-7.331621015747576,-3.6408583215203625,2.6478851358610833,3.336231258186289,4.41171562955814,-0.15646476763765216,1.2064328198094312,1.4554801487133355,-0.5347725482691648,2.7979141312130142,3.8922022184117875,-4.966347973603961,0.7482669577712628,1.0231180357813932,0.7907824551499618,-2.7408603262508144,-0.6488735056584659,-0.04067649910057969,0.3742445301229273,1.5104075129950019,-0.320327542225754,2.728903744612959,7.446915647362632,-0.7591477770609647,5.056036137324263,9.950950733148948,-11.027141338668846,0.21446446012715562,0.29765124820924505,1.2902193369452954,-6.489762122380798,-0.17162439112857578,0.0039872891801928465,0.1260268570806693,3.7450827649924157,0.009859458838356427,1.4400992233603611,2.073885773123115,-1.54118670009308,18.44097398165841,6.554958208122444,-11.494455600771731,0.4820533902157282,0.6558464051218427,0.7659303047449678,-1.8203461686850342,-0.31495829040988094,0.008915652198729796,0.3408881147119617,1.955394424656013,3.266260162601626,3.175010376623203,10.080690891665014,-1.5426317030731564,1.7099675320801246,6.6,-7.4,1.334341996655041,3.7,4.149186991869919,-4.385,1.7,4.7,5.4,6.0,4.623595170920844,4.459205463992516,19.884513370100713,-1.4902406122832812,1.5006363186951948,10.37832170496059,-9.869811678905117,1.8903647797154575,5.280696622986859,5.854136869663434,-5.883107773968174,2.370986714243777,6.689706380906602,7.6516833372306365,8.513664364500604,-0.04061271753606896,0.4320840856241771,0.1866966570496812,-8.545793949248992,84.50174528664226,0.6917225951534782,-4.890967969097213,0.09861495574388804,0.13095617919494057,0.1442044420067246,-0.2553959852342059,-0.07282358614235344,-0.0003777441852370611,0.05813259305258711,0.26211971061895184,6.558019993640773,6.208616808388849,38.54692267340854,-1.5602561627643188,1.851131466268269,14.215918499579095,-14.60674547388423,2.7252468285689937,7.140303960073899,8.226814675384434,-7.947092552174249,3.5405221358882297,9.403933261952076,10.680826095962129,11.993183237242317,0.09668407861590882,0.9028264305004465,0.8150955636101775,6.045424607210934,41.66537283224164,7.330980940590986,-1.3753635120385423,0.19574356167712317,0.2628066055923597,0.3174844941840428,-0.4883951611953136,-0.12481399712820068,0.008849411865079204,0.137992608464159,0.5052186015978322,-0.05672836776631747,0.3438563692047652,0.11823720264268381,-4.153272039404863,18.608079017265496,0.4781350576524949,-2.0441173136038944,0.10042687808511984,0.13657936685883723,0.14752470375861737,-0.2520584385065545,-0.06518076012581596,-0.002690385447146294,0.07139860673302127,0.19868233296698748,0.05185136646221031,0.4973305193158004,0.24733764544292375,6.052512676705109,41.58017352374326,4.017625765602523,-0.666961118304908,0.127599250431581,0.17206615610894677,0.1881269659737499,-0.357720350456121,-0.08935321153357381,0.0029895822401211497,0.08271294457537295,0.3299350715148876,-0.003038428214316678,0.1858702270689777,0.034547741310673334,-0.39606897447939676,5.593210946219676,0.989132,-1.252488,0.023173072675242556,0.03132,0.09357974185764241,-0.35286525,-0.017986,-0.002356,0.013334,0.32943300000000003,-0.004297853477282575,0.22465682890082625,0.05047069077177512,-0.4958214892510919,5.09820513729445,1.1151874313050354,-1.330879487791771,0.03170162051021471,0.04283820995170268,0.1148582851274665,-0.45082397889131864,-0.02357763112694393,-0.0026268010393444914,0.019260578824758744,0.388889659025588,7.342970571352233e-06,0.13645077243292367,0.01861881329754152,-0.011433612186503442,7.472216708268311,0.9077477065701542,-0.9800280439385088,0.008070418587395597,0.010887057200077183,0.06342417479913813,-0.23424428479309006,-0.005431983375002328,-4.600354690697481e-05,0.0054550738250748534,0.23227568696011597,-0.006080470327058529,0.29924390721107325,0.08954691600294941,-0.5713523069489537,4.739819711775282,1.4290653967504212,-1.5256624574936641,0.04384618720050756,0.0591343516556298,0.15420311976508583,-0.6226912856851738,-0.03314858694278702,-0.0041319663344353014,0.02598576471284278,0.526042043634378,-0.0018591896089348722,0.10664682851363128,0.011373546032015878,-0.27458557707064923,7.899276496091783,0.7037721707295409,-0.8179239997394263,0.0064832946499454504,0.008720979160252468,0.04906232708916797,-0.18858743213714158,-0.004408416020988976,-1.080148718380421e-06,0.0043125631392634915,0.17527187418509496,1.0314929864235952e-05,0.07426144519940833,0.005514762243104728,1.1305688147166504e-06,6.7414375422779145,0.42412174120863694,-0.49243884939454297,0.0076924004408716554,0.010383425478103045,0.03584063814040392,-0.12795594743061833,-0.005231132539542648,-4.395328501234054e-05,0.005152292938560396,0.1274149953038235,0.0010449858940493621,0.1780879690645352,0.03171532472553085,0.03113416239275021,7.664571831224984,1.2069387971764198,-1.1781264589831475,0.008166748007173213,0.011009434917418761,0.08161486966090167,-0.3044647145137429,-0.005389633761431778,5.309132265972881e-05,0.005619801155986983,0.3016857112632203,0.006077915816547697,0.37108315899362565,0.13770271088868846,0.5350054829873785,8.251923545490854,2.281317,-2.639981,0.030465992988071615,0.041099,0.17211612886165942,-0.600321,-0.016531,0.004259,0.024568,0.63835575,0.008604614219014378,0.4755471607935446,0.22614510213880135,0.8316672315245394,7.303815475855155,3.0991960191763637,-2.5504645267564157,0.04204253509176184,0.056675587859272375,0.2261188740560956,-0.8130722233394783,-0.02248095641308061,0.006073994953990861,0.03419463144619177,0.8729804367134462,0.0023759148832880757,0.22188305725132812,0.04923209109519615,-0.11706761839050418,13.193705897623605,1.85711606184936,-2.121613518224689,0.008119620712858324,0.010953091788612156,0.09569174030737293,-0.32572079899794837,-0.005449492072997481,2.7776349822788358e-05,0.0055035997156146765,0.35761520039162936,0.012194689606756688,0.5939707349084203,0.352801233927649,1.0958835851844646,7.2774013003106806,3.875720794075365,-2.367431914064316,0.05627868542450581,0.0758539937632692,0.281028165419409,-1.028760989037687,-0.03050323048392459,0.007662720166968836,0.04535076327934462,1.0964643161256453,-0.001792164334583092,0.31529760329144063,0.09941257864132666,-0.27645361728300294,6.579692728732546,1.7133726304936676,-2.0737961652420784,0.018643860781015712,0.025124220332322155,0.14865692570496136,-0.5605260134469386,-0.012360100554995115,0.00011257977786299835,0.01276411977732704,0.5642468267841567,0.0033597340395999115,0.20000015512585248,0.040000062050365055,0.12054038439068972,9.195778452574437,1.5103622312155136,-1.4125093000185591,0.00701913253473816,0.009459748940667725,0.08855347870857826,-0.30310080071435364,-0.004617917434830112,0.00012154511842128462,0.0048418315058376135,0.328588583339924,-0.0005768963843049736,0.24175759212344636,0.05844673334932665,0.11483907040653242,12.78889019027725,2.0952541033605643,-1.7992894100289487,0.009060591295539279,0.0122299432133492,0.10366614923704127,-0.3683646881165404,-0.006194960669080362,-3.9360430749446504e-05,0.006034982544268838,0.3661883709613473,0.006553284758546946,0.10683118166457703,0.01141290137584986,0.07469510696563832,7.197464983614557,0.849397,-0.765312,0.01335972859095398,0.017962,0.05482862267722451,-0.173994,-0.002108,0.006661,0.015854,0.187982,0.009269709473431339,0.1033745962341477,0.010686307146573064,0.1289667355383195,7.39479532315328,0.7802996201358288,-0.6514827220862044,0.016157131009273736,0.02184065693329699,0.05432513960010317,-0.1658061552969882,-0.001079569186279366,0.009306934270519892,0.020761087747017626,0.1763467077256296,0.0011666888961794654,0.11016443529223191,0.012136202803256353,0.11038285794535066,6.902085207314316,0.6814273079919754,-0.7139110432777122,0.008104184679948665,0.010939464729605,0.05208067928385501,-0.18567883822330922,-0.005403051968337929,2.9404978616070468e-05,0.005536412761267071,0.1920659017973218,0.013114886517284844,0.12767254149598373,0.016300277852043688,0.17111041262278257,8.44569541792793,0.9706652474565366,-0.7804836504436365,0.021452952325920795,0.028760636858117694,0.06692416730073673,-0.19105014004776183,-0.0003740883206958596,0.013201909687073972,0.028386548537421834,0.2176488293013423,0.0010734693646776974,0.07118748711475105,0.0050676583217128465,0.28329349681967453,8.111680089849237,0.5403176700649774,-0.46615107346609336,0.0066558721721745855,0.008980151934760627,0.033673330607214585,-0.11405935547193521,-0.004556493170898901,-6.447267064580231e-05,0.004423658763861726,0.1220428112164949,0.0016497818809828714,0.12771345646424972,0.016310726962045812,0.20916686074237284,7.493842706709627,0.8999766522627788,-0.8817755741365086,0.008413620685986663,0.011344487783693308,0.06004071115263185,-0.21461789968728415,-0.005563684824524895,6.19305139179274e-05,0.005780802959168415,0.21882169292991835,-0.0007022734102374875,0.08920192844315082,0.007956984037977,-0.018657379708414485,8.315818997972174,0.608634675278466,-0.6406531781703064,0.007768360342827312,0.010509888035822208,0.04172444635811525,-0.14972930597856945,-0.005398420737181301,-4.5292652656611805e-05,0.005111467298640907,0.14682260899055855,0.00010852177556859298,1.1337173447844342,1.2853150178650679,-0.0006207657017365562,1.9700509132397226,3.722902,-3.719525,0.7256300038031968,0.9785025,0.76285182247204,-2.22035575,-0.487876,-0.0008305000000000001,0.4906265,2.215538,0.00016163159056128583,1.603169292575999,2.570151780658629,-0.0006262173612647577,1.973739654495061,5.262674932841259,-5.2395108895414815,1.0195924097490923,1.375976319065244,1.0782153054501558,-3.148485333815599,-0.6870126116639214,-0.0019814629894651867,0.6889637074013228,3.129424130132339,1.817403522312117e-06,0.016159144819516625,0.00026111796129811094,0.51969736059161,28.06856741407704,0.47561628693528174,-0.3085962024859532,0.015759303677021688,0.021237686749302855,0.012546937929602804,-0.023832479063104053,-0.010706469131570334,-0.00016585301898184267,0.010531217617732522,0.02374482456705062,0.00025472618559383776,2.2664719130992044,5.136894932867567,-0.0006164194518231844,1.9846950011791273,7.369031564323741,-7.349895357106015,1.3903694497335046,1.8761917011830276,1.522322404345869,-4.441163999405615,-0.936337553913167,-0.0035987823753254374,0.9398541472698607,4.428262479295293,-7.203835130919914e-05,0.05041229731999501,0.002541399721079576,-0.05593794323941518,1.0064810828210629,0.17277686086788768,-0.4886025722246212,0.044192211947648906,0.059648396723071845,0.03812905960100604,-0.08985637820359864,-0.030351089032919387,0.00018735003730217803,0.029297307690152458,0.09124549146932895,2.5325820454368218e-06,0.006650512029932361,4.422931026027505e-05,2.5654477435097682,510.40302499864094,0.32578435366666375,-0.26753832500260527,0.004872689306767687,0.0065826596791836375,0.004234371204973476,-0.009038052229634708,-0.0033093876427682106,2.605861422182615e-06,0.0032732720364154273,0.009147042787653546,-8.797134240617112e-06,0.021866352489756245,0.00047813737120626907,0.12488512002296899,2.5809738742969355,0.3087626073824595,-0.17150055889507448,0.021875771735478042,0.029432387336755753,0.01745776361762765,-0.03629237887890863,-0.014800668399379513,0.00028897298875802866,0.014631718937376241,0.03653582951036061
-6.166768292682927,7.68973707110552,59.13205622273449,1.058511636041666,0.20861163888662748,15.3,-20.4,6.004538984947689,6.699999999999999,9.204979674796748,-14.6,-11.1,-9.8,-4.4,9.0,-8.67478622925856,10.937490917274152,119.62870756545458,1.080692576807276,0.23173274843109182,21.573380358183122,-28.129145559030583,8.36920956181048,9.600056459259543,13.050510369629484,-20.830093622919396,-15.625860378833117,-14.00985095117377,-6.025803919573574,12.979605394224045,-0.06072921583376463,0.6372906979898447,0.40613943374438344,-5.599830031357876,57.965747342449355,1.68526504854468,-7.969948124133314,0.2637232900436207,0.35493876949008857,0.31191698320906097,-0.6662601196130399,-0.18691380418413367,-0.0035241737420496078,0.1680249653059549,0.5041341499831098,-12.161752080448764,15.647005421953999,244.82877867465783,1.0962024220704343,0.26079301239522357,30.15485855947111,-40.32005288024356,11.303500364474091,13.55383939592479,18.53176834201931,-29.130009423627,-22.158081714392544,-19.963587819755407,-8.604242318467755,18.66346894653601,0.10319251507778444,1.0709878000477049,1.1470148678510226,7.199167667678558,65.64136417997011,11.7420774211466,-2.32783107355005,0.27370768628697933,0.36686596947809924,0.38140408360470096,-0.5673368067242666,-0.19068964402833316,-0.00599298408303417,0.1761763254497661,0.6075396180088595,-0.08256771586606716,0.6254306794683648,0.39116353482026045,-1.4626631874760432,7.756909478734473,2.632168377717288,-3.1006054438649713,0.307576760341801,0.4059077463659357,0.36067183580218476,-1.1691948106212133,-0.2072433551606059,-0.01364133858486826,0.19866439120532978,0.573466892559618,0.06504227562803842,0.6387824077475015,0.4080429644476953,6.041774319906409,52.652593919921074,6.7121908857589645,-1.1688888458598248,0.2759613504542858,0.3703743763593731,0.2992230192942763,-0.4533060565583563,-0.17906799912733454,-0.015218906462416443,0.19130637723203858,0.5043019088524341,-150.44227642276425,13.530376142507524,183.0710785577368,-0.38407055860185824,-0.7810906978983643,-112.0,-184.0,16.160364181711028,23.725000000000023,150.44227642276425,-173.985,-161.925,-148.2,-138.2,-133.1,-212.68368735362563,18.702845200609822,349.7964185979738,-0.3066816976432863,-0.9659955485256448,-160.97129942890354,-253.43077825770388,23.07377178658301,35.82073488977326,212.68368735362563,-243.75171570569123,-230.73893690004178,-209.25317911533236,-194.91820201026852,-188.66382674857203,0.11281575644705139,3.9184288671838146,15.354084787179433,-0.3494862503387007,2.1301137261333887,13.114854191898349,-14.090150486283953,2.879657171405968,3.8121256861030055,2.76444739854343,-6.3634766379090415,-1.7429854684901356,0.07555211607393097,2.06914021761287,6.42074160448759,-300.52276503067174,26.13241257009871,682.9029867338531,-0.33233846824151175,-1.029521172405486,-232.7876930954103,-351.9690587807505,32.84072289191675,51.211667526386236,300.52276503067174,-345.3968752661061,-326.12847519061825,-295.9715704077687,-274.916807664232,-267.752784255733,-0.39904527777439325,3.601380917805991,12.969944515137122,0.01912051881547162,0.26499587710808425,11.09650023856531,-13.904709061173962,3.8221468741316365,5.205527363759817,2.9142225990237716,-5.803641522597791,-3.040384577457494,-0.62892141479767,2.165142786302323,5.745358817920592,0.1559357382726275,3.9554613022610834,15.645674113684947,-0.23248902382248823,5.9661465786527295,17.372475368075474,-19.634296716327675,2.1686753104131578,2.8841123825019337,2.4343902546591547,-6.0661628087260375,-1.1281793267236528,0.20543327065163636,1.7559330557782808,5.680376349214653,-0.3581782733229805,3.8111174868723787,14.524616498744436,0.8314959960079129,3.5674901888699564,16.013978160357176,-10.714070232200703,3.012468812849837,4.1115967735991825,2.720276307840236,-5.907883764397885,-2.5406090290636456,-0.4401959393763286,1.5709877445355371,4.897280340816225,-1.6688008130081302,6.756453718825689,45.64966685463349,-0.47055585402396133,-1.0145320949243697,9.7,-18.4,7.561271314378569,12.0,5.638313008130082,-13.2,-8.1,0.4,3.9,7.0,-2.3800476519796714,9.373533475448088,87.8631298153459,-0.3806883084258594,-1.251218032291055,12.115426388818744,-22.883675697317283,10.717131693456468,17.52602319516174,7.933249162335133,-17.664356638142067,-11.99591952729073,0.6404074169271692,5.5301036678710105,9.528985873873275,-0.03154141034513446,1.7639015282034345,3.111348601198412,-0.16851866402768273,2.45537239608338,6.487591826051233,-8.085920198985036,1.124842897096862,1.500594037013895,1.2078823506404226,-3.3785567445092197,-0.7588129322020698,0.007061738135031637,0.7417811048118252,2.7823933013334985,-3.415097739179532,13.036142707789484,169.94101669785292,-0.3454252083387741,-1.3326661623761058,15.38505657273184,-28.49253033404591,15.367623685015994,25.326198732994964,11.086241211383173,-24.43305418954136,-17.395791867683464,0.7408403031420824,7.9304068653115,13.393209463699455,0.04422055418480172,2.0763682734148525,4.311305206843776,0.6563426437764169,1.2407429851472296,7.152014677510439,-5.403837717045772,1.669931822888486,2.3255118485711948,1.5414507517881184,-2.8612111891265015,-1.3287200615760817,-0.07293218631973383,0.9967917869951132,4.371144276250114,-0.04701337589852262,1.972578608485963,3.8910663666564176,-0.1142051041699296,5.058160646748625,7.482283551887713,-9.15961649830136,1.145529029993423,1.522247372900383,1.2637330969394074,-2.6416765694526796,-0.9044287825908472,0.024131444246351573,0.6178185903095357,2.7804223796084986,0.01593002221288845,1.4988458464886643,2.2465388715363206,-0.5000632736104204,3.269465154610077,4.588484198774257,-7.779698396184677,1.1852279631860327,1.6453375794492366,1.0916309107222937,-2.3474543654732343,-0.7359889974316696,-0.03543958911811947,0.9093485820175672,2.311059252993319,-0.45711382113821136,4.400987301838894,19.368689230947187,-0.11889725402136392,-1.4906321596286545,7.2,-7.1,5.708018541246568,8.7,3.977642276422764,-6.7,-5.1,0.15000000000000002,3.6,5.684999999999991,-0.6473640556620652,6.243379676852283,38.979789789332116,-0.10785222287718307,-1.491516444866414,10.168362681336463,-10.051456417092501,8.213021138874673,12.410784434582327,5.64676659687003,-9.453496707024579,-7.275045903100198,0.18771690329969534,5.135738531482129,8.036213130539121,-0.013851237209952903,0.17614024155999813,0.031025384696814495,-16.531222991247425,329.7316458514016,0.5394885340225859,-3.5607382582662823,0.05680890666806713,0.07763076879206916,0.057308345079689106,-0.10435212105418562,-0.04471131773780419,-0.003737958084910842,0.03291945105426497,0.08742781598882554,-0.9408266750024172,8.888210103966905,79.0002788522594,-0.09100570626207208,-1.4886798528000575,14.327115347896571,-14.170553304252094,11.744560549505334,17.66943289571584,8.039829408313407,-13.360644889676157,-10.400062854013157,0.23310091116963366,7.269370041702683,11.693403020077769,0.02732257689239212,0.36630337981088956,0.13417816606088082,13.156248677152753,195.3109106713109,5.496032778518318,-1.0792906652335894,0.07309557329462323,0.10086258939100393,0.09308584698818018,-0.11699907846312729,-0.04458678067322999,0.007667511097676855,0.056275808717773934,0.16206011645947643,-0.01937794092280131,0.1411661886816333,0.019927892826898493,-7.896981626928615,76.71020688684575,0.1985187026215699,-1.4980025222661686,0.05824188900976342,0.07920742661714714,0.05965223930672422,-0.11152142512168617,-0.04693133543175532,-0.0063601607057409415,0.03227609118539183,0.08161916401301042,0.012680431124366481,0.20281741030834033,0.04113490192418168,12.752879372398587,184.48357094020443,2.9990324594024815,-0.3530063546443015,0.05586749914285267,0.07664946240555415,0.062297770656786315,-0.09701130538014982,-0.03924754951618195,-0.005232449349535404,0.037401912889372196,0.1073061203672745,0.11219512195121951,2.8093401234822206,7.8923919294071,-1.8448783995972164,2.9125140395289195,3.4,-12.8,1.0378215529539212,2.3,2.1410569105691053,-6.3,-0.5,1.3,1.8,2.4,0.16988986956344393,3.203006011512959,10.259247509788153,-1.0473820572662134,-0.08076314370815929,4.583594426443996,-9.59052307487523,1.615488505689099,4.754869847940773,2.7870768967585033,-6.211726082623596,-2.310052783281696,1.6733464223673657,2.4448170646590768,3.4178071867844877,0.013985060014638848,2.3346999333619984,5.450823778840521,-0.03139250411200097,4.274454644245607,10.847644094229809,-9.620867647627808,0.4635925856875396,0.6258751174543965,1.2390044153767348,-4.666512739699163,-0.30309317916228273,0.003526166001502823,0.32278193829211377,4.385963717214302,0.27721578097891675,4.371301471804871,19.10827655740343,-0.9598088711899853,-0.5067603133560117,6.0932858109951535,-10.82609830439746,1.737585312873213,6.957348038725308,3.9126845334701446,-8.257611462699902,-3.6652598694854603,2.642345549978633,3.2920881692398476,4.426895721939509,0.05143823485031253,1.1046129978007955,1.2201698749104601,0.03819664534936042,6.955460703419966,5.792611926660808,-4.795531933190432,0.6334547902224289,0.8104080443967591,0.6878527864445781,-1.2938729092065882,-0.307275072899032,0.007041130940702078,0.5031329714977271,1.3548186908764264,0.01940422289061992,2.6904500676916254,7.2385215667418725,-0.6024676590740967,7.772811788481738,11.846634636907394,-14.220539354595306,0.20494654052603248,0.261466180552145,1.2496219594039173,-4.022724066291417,-0.12133884938015099,-0.002276639193753013,0.14012733117199402,3.9362088068329495,0.1504025251980013,1.867826008152722,3.488773996731733,0.28477519929286993,7.2976681170184925,8.362892836176714,-8.479261766603411,0.5116389030203597,0.6694166453691888,0.9827743195342911,-2.6237541310537953,-0.24010128494228816,0.01560993425774121,0.42931536042690066,3.082563458773146,3.314532520325203,3.2002798062627775,10.241790838373321,-1.5978731811436448,1.8097816942030915,6.7,-7.6,1.334341996655041,3.5000000000000004,4.224288617886178,-4.784999999999999,1.9,4.7,5.4,6.1,4.684938136658313,4.490717415382558,20.166542904820197,-1.5445852817869152,1.6059365609356098,10.718295895570023,-10.024845979696694,1.9690616842121555,4.972858645284152,5.951880331217223,-6.354825750922242,2.7115722618725684,6.7003216179369005,7.68443090715672,8.54499937941039,-0.039446180184708635,0.43918423937202,0.19288279611277978,-8.600308821217165,85.24746179096073,0.6562995343263265,-5.029732620275477,0.10310640269132668,0.13787469939871097,0.14404159200422267,-0.2952189702803892,-0.07108118591102493,-0.003142696450920468,0.06679351348768604,0.23388157854848096,6.620165013929955,6.2402628308359605,38.94088019791284,-1.619732409747068,1.980014374562722,14.120995951885494,-15.146458220990766,2.872873661137221,6.306019867266137,8.341159945980337,-9.07171011041919,4.461646124906082,9.386176363930337,10.767665992172219,12.050773471361502,0.10707287233780975,0.9086182053747355,0.8255870431384049,6.217642293055661,43.01172106153055,7.407993768253842,-1.43389462376277,0.1731523685297416,0.22919700467328846,0.30526298775917354,-0.43324349804943174,-0.09509878470715805,0.010948987296719004,0.13409821996613042,0.4244474110824903,-0.05513471925468605,0.34701240559740665,0.12041760963849905,-4.290537056958287,19.78143336298685,0.3760993361347011,-2.1160399317808123,0.10986338756157467,0.14484483622835748,0.14845861922878753,-0.2729663932177271,-0.07162947949753598,0.0028240762103984764,0.0732153567308215,0.20028529995055472,0.06318370573589939,0.50609457099765,0.2561317147932954,6.087923136825263,41.63971830668779,4.115670467363225,-0.5679771224855705,0.11277720757000324,0.14994031047041517,0.18762498856539464,-0.3040431190810754,-0.07027347691649947,-0.00048826231000036625,0.07966683355391571,0.34074403524608465,-0.0023871803756195112,0.1896293623050402,0.035959295048216204,-0.415661972833186,5.436409187303221,1.077565,-1.206963,0.02229240695745023,0.030072,0.09467340383444918,-0.364811,-0.016382,-0.001643,0.01369,0.332776,-0.0033770593869037586,0.23133123326285193,0.05351413948291202,-0.6015407479990894,4.8056385471194325,1.1122769926922584,-1.4081330537846726,0.03013737264295302,0.040766536731987296,0.11709913209074528,-0.48993445170865274,-0.021095158576093568,-0.0014474365787388126,0.019671378155893728,0.3986939589537625,3.1579996146035156e-05,0.13564003691845214,0.018398219615239058,-0.09937134483200641,8.812808509453717,1.117589940256154,-1.0503973336272012,0.008339414240813739,0.01125338573215468,0.061719484034929155,-0.21992652289660197,-0.005593022838474461,-9.423715710341572e-06,0.005660362893680219,0.22710819616832142,-0.004779197288443065,0.3115061207100113,0.09703606323980016,-0.7494152474437212,5.026627668412413,1.4100951293084967,-1.544389012266737,0.04198563830021318,0.05705906185848099,0.1567443678907207,-0.6610912905378032,-0.02994387352228266,-0.0023531137035404273,0.027115188336198328,0.5413187518128995,-0.00068225145132856,0.09986609586569135,0.009973237103455455,-0.2180323175847051,8.684140930669646,0.6413921688712192,-0.7407101894350036,0.006333594736802062,0.008542570803846409,0.04533787472462365,-0.1631207025729604,-0.0044013636048338065,-8.348024440247663e-05,0.0041412071990126025,0.16354798098975754,4.464677907178156e-05,0.08201742988421674,0.00672685880481241,0.0038102908865251597,7.972221842033369,0.5169174139440454,-0.6083958866797871,0.007931729267939783,0.010706071051151952,0.038854613442483484,-0.13590924566005802,-0.005390847156015569,-1.2351356013527443e-05,0.0053152238951363825,0.13764542376562067,-8.922639802992078e-05,0.1733873852265684,0.030063185355706432,0.05734711713816578,9.347920744658891,1.3560263352863648,-1.1710933440103228,0.008585103903422679,0.01159304074372127,0.07743088652657813,-0.2816456521301442,-0.0058873756943823114,-5.996518445427058e-05,0.005705665049338958,0.2838450856431666,0.006180936889545837,0.3804967483176388,0.14477777548029658,0.586442053509329,7.806507828475619,2.405874,-2.446446,0.030554949121181955,0.041097999999999996,0.17581835630235054,-0.616003,-0.01617,0.004199,0.024928,0.643388,0.008739464225691643,0.4944692715424253,0.24449986049969674,0.8677001227736314,6.922189358305699,3.16432884712985,-2.5294923344493245,0.04238682201614013,0.0571316356601938,0.2337413571796186,-0.8429318017103635,-0.022491835496312885,0.005866539517490012,0.034639800163880914,0.919568359554928,-0.0006753368771312472,0.2122033191531376,0.04503024865960837,-0.09195355728169827,12.391763806459682,1.6638551491455982,-2.0501621940713535,0.008006716374916376,0.010798271487084597,0.09126496432419604,-0.3152998306085991,-0.005552852871385109,-5.374689814613155e-05,0.005245418615699488,0.3151082308235066,0.012354672277795823,0.6385395662092046,0.4077327776146392,0.979606492499543,6.609213910611903,3.826193264331682,-2.677513702388501,0.0567613262791119,0.07628739051401807,0.30199802337938136,-1.1209025246107904,-0.02920680487483956,0.007994404593424338,0.04708058563917851,1.215164140181404,-0.0005438926894179751,0.28492517559742103,0.08118235568922122,-0.0018205944601549283,6.333740982135106,1.7858752588991127,-1.8217934044327595,0.01900195317269451,0.025747627025072627,0.13640435183049757,-0.5006045106134335,-0.013164745451997733,-6.626592132449806e-05,0.012582881573074895,0.5023465467031225,-0.0009547214932777053,0.19759337405233757,0.039043141469386984,-0.0762457808437984,11.716546470640385,1.5284338484119757,-1.4234070785460238,0.007064306369109155,0.009545635248029828,0.084331328722168,-0.2943662821784341,-0.00478337705383313,2.8685889386932523e-05,0.004762258194196698,0.29091550336384364,-0.000538141878842187,0.22583492930635646,0.05100141529480701,-0.04473622577183786,10.264737674218566,1.678094348222778,-1.7094827315039034,0.008698335295008101,0.011737249995198307,0.09812963884596226,-0.3617612862272187,-0.005822334755346458,1.4393196830336683e-05,0.005914915239851849,0.3560933314010096,0.0063697363852418636,0.10926181318394676,0.011938143820243682,-0.13773977589355377,7.065437269270417,0.6962,-0.817446,0.013091377589404464,0.0176,0.05480845246790134,-0.185969,-0.001564,0.007024,0.016036,0.189978,0.00901128627818445,0.1090561197586489,0.011893237256812772,0.13536642517082054,7.593827940726502,0.7318532090381861,-0.6556022421713597,0.016094793331198513,0.02166824343306737,0.05568067218198009,-0.18145236673217924,-0.000784511984314755,0.009789101777758616,0.020883731448752614,0.18656867309162725,-0.0005797816503813413,0.10945671280517867,0.011980771978115364,-0.08244449844498387,7.401173901391374,0.7617269473178964,-0.75671554431207,0.008365485643026409,0.01128365044282392,0.05122724135521775,-0.1868090194143443,-0.005674795192568272,-2.915341532148388e-05,0.005608855250255649,0.18569221060117702,0.012752982309040027,0.1393707063935735,0.019424193800643665,0.20647855732449213,8.268558651082278,0.8611962047718692,-0.7672185539931405,0.021338853999625096,0.028716593756498678,0.0708103293051531,-0.22476364345370428,-8.718551647304454e-06,0.01383070416803315,0.028707875204851373,0.23370062633922228,0.00037639506175033083,0.06601938914610135,0.004358559743224365,0.0327682374911227,8.927574399439797,0.5401338112370516,-0.4390377218080579,0.0064379489395656655,0.008673580708773283,0.031107688814431635,-0.10481945826865235,-0.004253229640457805,3.024016895806673e-05,0.0044203510683154795,0.11217810090593666,-0.0008195978482904617,0.12494060543491294,0.015610154886442596,-0.16399831563881012,8.791603460014459,0.8515788811870698,-0.890218369822277,0.008505735608671398,0.011446326148006149,0.05747756909803686,-0.20312810684434407,-0.005655967964247984,-2.56225428921771e-05,0.005790358183758165,0.1995285499478894,-1.5100858915350273e-05,0.0913631981085219,0.00834723396861702,-0.08239934968429298,10.00368979731319,0.599046904150144,-0.7245159683664115,0.008181795163132978,0.010969281910372186,0.04148204576949941,-0.1432103749572123,-0.005482258466343693,0.00014380828555385816,0.005487023444028493,0.14214996769441615,-8.221824189201002e-05,1.004553952733282,1.009128643952061,-1.3554948556512431e-05,1.496031229792421,2.977796,-2.992127,0.7189753437454344,0.9698395,0.700185665942092,-2.009424,-0.484207,-0.0007574999999999999,0.4856325,2.010852,-0.00011777548817329777,1.4205086294726001,2.0178447664061245,-1.2103688229988754e-05,1.4991243574077053,4.203252336197385,-4.183618526269428,1.0113025011353043,1.3640465902503822,0.9896361123322541,-2.8417684509161103,-0.6811264141174187,-0.0017696486976209076,0.6829201761329635,2.8397530760992695,-9.894401155428192e-06,0.01604982473726069,0.0002575968740967852,-0.4908660563970974,12.196197321931699,0.20489208211672877,-0.37464279676440954,0.01579425518753257,0.0213090228019834,0.012616786040493565,-0.023643827899646096,-0.010760053166732906,-9.718536314768517e-05,0.010548969635250493,0.024078389560607708,-0.0001714132978207798,2.0081059530013503,4.032489518479461,1.5209663688376062e-06,1.5093727006979565,5.850987415773674,-5.928326224527648,1.3812471434665063,1.8618435295688212,1.3969580960595978,-4.025115594609392,-0.9305859484842834,-0.0031800207924408703,0.9312575810845378,4.019966477121567,2.1549781747508825e-05,0.050762245625094814,0.0025768055809024574,-0.008262374551709178,0.5170140712096964,0.26108646306155225,-0.4133118609907236,0.04256445195670189,0.057479209415014304,0.03838545599400778,-0.09242591223378491,-0.029043518655417627,0.00014286522994021687,0.02843569075959668,0.09352966155150322,-1.4133502766414779e-05,0.005945311620200964,3.5346730261296613e-05,-1.7101759138473547,77.24935598470014,0.12991953751489113,-0.1686006377917958,0.004869014247877302,0.006569943445928492,0.0041986991071128995,-0.009064676605022083,-0.003300964474091491,1.4182098938128151e-05,0.0032689789718370007,0.009055485894765085,5.117181758399902e-05,0.02191669474234991,0.00048034150842934817,0.2747647611804742,3.812248493803147,0.3388558631227624,-0.14228058725879897,0.022029424993110034,0.029720831060588367,0.017527741814856165,-0.03654908917039562,-0.014773779842682876,8.953581109512289e-05,0.014947051217905492,0.03631473293696309
-6.023499491353,7.658061607926201,58.64590759079323,0.982561045807092,0.16594931837715654,13.8,-21.9,6.078669095872967,6.499999999999999,9.079450661241097,-15.09,-10.7,-9.4,-4.2,9.0,-8.480209693434857,10.871058774434857,118.17991887721709,1.005345120617658,0.1782270054807502,19.4231987431187,-30.304039992743597,8.477805295381412,9.296717793815905,12.866318035120212,-21.326479386969986,-15.169396796280289,-13.48024633665842,-5.872679002464385,12.665280876344053,-0.037699527132693124,0.6677292450579634,0.44586234470567765,-5.365314830942764,64.61588865408747,3.810880681390837,-8.584770163570088,0.24636078270689368,0.3376009343342316,0.30613513646696683,-0.5835602117479867,-0.18300933905367572,-0.026822226785716774,0.15459159528055588,0.603410854770716,-11.886784413088234,15.50276282012736,240.3356550571232,1.0174133987432075,0.18590312151442046,27.37988685672337,-43.50304616364641,11.731292882812836,13.165195821073121,18.24257888701512,-29.516693472546734,-21.475111474681093,-19.07803256889549,-8.309915653607971,18.002067047768485,0.13257042782515635,1.1160721827696074,1.2456171171521158,7.033815476302526,64.83993733989851,12.350410613855066,-2.639274697304366,0.2980194924977007,0.39771645026095226,0.40000214327961525,-0.44134717620882774,-0.18903150388867318,0.014427222968204867,0.20868494637227908,0.6152760183251352,-0.05056997359752811,0.572905711452709,0.3282209542151346,-1.666206250686831,12.025288037356122,2.32708339664445,-3.3573620750040116,0.2447617381856869,0.3335155734918686,0.305931720473367,-0.7601253273647548,-0.184441836497243,-0.010622561711062423,0.14907373699462562,0.5103332469105818,0.045831622451022215,0.7419390894748246,0.5504736124907318,4.876729754023117,42.335136005707405,7.145282625195,-3.417786416374063,0.24254754680866625,0.3282799226595575,0.312309535061213,-0.48111186863034194,-0.1804485164207606,-0.0016600961583437199,0.14783140623879693,0.489099262744694,-150.12817904374364,13.230233319683895,175.03907369327396,-0.3764073784328483,-0.6599121309719425,-111.8,-184.4,15.567323294308821,22.75,150.12817904374364,-173.2,-161.25,-147.8,-138.5,-133.41,-212.22157161438352,18.20401423282484,331.3861341888893,-0.28316311801765665,-0.908287640843271,-158.64796034363752,-251.35084659550213,22.440639973090004,33.56629354679893,212.22157161438352,-242.8500437856752,-229.61252398405173,-209.07820228591248,-196.0462304372528,-188.97945667798135,-0.08149099977692555,4.207635452244887,17.70419609898803,-0.20288233513377094,2.255313447181641,17.47612741047054,-18.648413156059227,2.915978050436226,3.9301982581212576,2.9780550504049432,-7.49262753557378,-1.94434220197705,0.02392771431019014,1.9858560561442076,6.57143939747512,-299.87283344390124,25.391167691290327,644.7113967272257,-0.30644055832676925,-0.9084619011641655,-224.5139853994735,-352.6982717270317,31.83229035449352,48.593507335161405,299.87283344390124,-342.6929875264162,-324.0533517324676,-295.52829655753555,-275.4598443973062,-268.0735496941329,-0.33636909400918596,3.8096690187574653,14.513578032480467,-0.08978376050911138,0.041016856737508434,10.960304295028381,-12.059054609430989,3.6298107184126476,4.937165706972147,3.0591068816033977,-7.199727314913107,-2.619394184078585,-0.26477039614699827,2.317771522893562,5.332646968566907,-0.11332058282495855,4.157509269172579,17.28488332325591,-0.5132656859978638,4.345678368685137,17.885638791826118,-17.034298818875623,2.2810940277946754,2.9744045714604974,2.672930893760827,-6.892454468865223,-1.4902046464742962,0.19878186414366572,1.4841999249862012,6.64921998088477,-0.3373700167764379,4.188455824095206,17.54316219039705,-0.28636251544578134,2.51453321319294,12.307507988936068,-20.70775332890369,3.352712939455272,4.4101757597924,3.078165172614742,-7.369571091608823,-2.470626547187269,-0.4298522900116203,1.9395492126051317,6.544871445158576,-1.6102746693794505,6.529283455896661,42.63154244744585,-0.41924087533595983,-1.0160044184056307,9.2,-18.9,7.709531536229131,11.7,5.430824008138352,-12.7,-7.9,0.2,3.8,7.1,-2.2932145695224957,9.050067859578961,81.90372826298413,-0.3404345485457121,-1.2318631200955286,12.965395427156412,-21.95163580382948,10.803935667686392,17.301380676316917,7.625122224297769,-16.435438813643334,-11.886129537750962,0.5890457388651061,5.415251138565956,9.607505288000318,-0.12421298030411806,1.733061616530167,3.0035025666901563,0.45181908608260946,3.1449918681533973,9.248907798900982,-5.975968301562177,1.186762007851601,1.6498190633657681,1.2203813875423353,-3.0729511687566813,-0.9649423220528377,-0.0981211365097056,0.6848767413129304,2.6631687668168484,-3.288249176588981,12.597254822900235,158.69082907308322,-0.3104503101542253,-1.3029509539371975,16.5263901634451,-27.285595094632686,14.776539425922484,23.883546020205046,10.69966930475176,-23.766547842060106,-16.147406737999383,0.8561680615399544,7.736139282205662,13.33250698930446,0.11718636062460448,1.9710000977622926,3.884841385378967,0.2115193995105029,1.8359486817817166,6.541292634573313,-7.798556200536861,1.5347899196294597,2.0184093402319814,1.4343371075608684,-3.072620642621709,-0.8805264239573183,-0.0006386605949681989,1.1378829162746629,3.5481559005502117,-0.17212544831329143,1.8248723737728734,3.3301591805594417,0.6084875572948499,5.604665605638035,10.502211445259592,-5.950756065560258,1.2399324934365512,1.7047048972190766,1.2403416398064138,-2.7736033599108487,-1.039769433891458,-0.09777587846396157,0.6649354633276185,2.470942987237012,-0.0653420742515666,1.6099384884005241,2.591901936433364,0.10864892220663462,1.1845598911461481,5.15991096126684,-4.87039971165352,1.199589893568112,1.649555197099585,1.1913184714915546,-2.807787052613814,-0.8769391470021792,-0.13532201135138172,0.7726160500974056,2.8820179637841967,-0.45503560528992887,4.582403933806737,20.99842581256746,-0.12922739319805399,-1.603473652626104,7.1,-7.2,5.930408874022408,9.3,4.227772126144456,-6.7,-5.5,0.5,3.8,5.6,-0.6532715451580254,6.4985644938696785,42.231340480983675,-0.11746930349940726,-1.6062011490648898,9.978392889856591,-10.152850125788571,8.477553519591888,13.147897506555761,6.001111277758129,-9.493183273383288,-7.787336315385696,0.6078160427643822,5.360561191170065,7.9616433419634385,-0.010373057268830374,0.18328470989318035,0.03359328488062729,-16.875082166548133,339.1161290264975,0.46615267403807786,-3.7274897359953783,0.05842027688997525,0.07875742830126939,0.05861554252521086,-0.10603053332918114,-0.04077017074684616,-0.0013907086576076533,0.037987257554423226,0.09362938905271023,-0.9507716034033131,9.240072748372985,85.37894439522509,-0.10199586123290405,-1.6032808788206052,14.007297393363762,-14.358512013880054,12.172167124269865,18.81714435650365,8.534594770587631,-13.448647992992928,-11.232029680308013,0.7054730080040028,7.585114676195636,11.578288618588962,0.028049508943743397,0.36549907036163204,0.13358957043521724,12.997868166978316,191.66118652084273,5.459783383836041,-1.0073328460357724,0.07915507007704843,0.10689683848594903,0.09814285072582225,-0.14807110774525334,-0.0466837260250311,0.010094965189192173,0.06021311246091793,0.15855881854183315,-0.014654447383759869,0.14936077226770808,0.022308640292406152,-7.642252781953982,73.41874937909613,0.30618709865652,-1.5113521297984411,0.05458340209093284,0.07252717601801609,0.0605364839165878,-0.12133816899195671,-0.04057216964730292,-0.0034723020559876213,0.031955006370713177,0.10117759961512034,0.009055440333530278,0.20992519712809624,0.04406858838927006,12.598330007473443,182.7583061872009,3.093113141837169,-0.3909635599152466,0.062363318273285964,0.08469973958441748,0.06725616291597153,-0.10862316234045159,-0.043755215014067206,-0.004081861441742827,0.04094452457035027,0.1032949118935295,0.2869786368260427,2.650720803820748,7.026320779808112,-1.86505240876731,3.003298362322637,3.7,-12.4,1.0378215529539212,2.0,2.0772126144455747,-6.0,-0.1,1.3,1.9,2.5,0.4179850263037548,2.9979927620671245,8.987960601406865,-1.033976333257336,-0.1252739959820275,5.2313523846377095,-8.574601795100213,1.524874519596354,4.625709089534613,2.688021986941355,-5.733009738435449,-2.0526983687960056,1.8153275560519515,2.5730107207386075,3.4055930954317666,0.0350767704587595,2.232733249827793,4.9850977648865795,0.3663328760438254,3.659515378275212,9.148416090265655,-7.602916690584502,0.4705730559538951,0.630385336065562,1.2235201104199762,-4.3427718408352876,-0.33832493117465334,-0.014755482293813571,0.29206040489090873,4.600145155805169,0.6247839608592213,4.033754379889828,16.271174397280372,-0.909395750189871,-0.6402093551918555,6.563383848703878,-9.946434002972529,1.7418675994525132,6.542035993326564,3.7357608285827273,-7.205212045928986,-3.0665636408501364,2.7184487118636307,3.4754723524764284,4.661372744055843,0.03702051784412654,1.2386148189473716,1.5341666697160299,0.04710355760060946,4.641104604406001,5.0707909500166854,-5.325520925903297,0.667705628621186,0.8753334665313852,0.7937842517702566,-1.9148584341852406,-0.4318795119003987,0.020249839882572535,0.44345395463098647,2.029280185998586,0.04866049923216841,2.4742706194203103,6.122015098126566,0.47740361757182315,6.215159373482392,12.684747818247674,-9.885544872865447,0.2316925323515646,0.3154734335602844,1.2090601513581734,-4.433177439997428,-0.15291216409302222,-0.001944752846217187,0.16256126946726218,4.6898651476910285,0.10859549839527063,1.9228776263140943,3.6974583657793256,-0.12682557874804667,7.945771803215672,8.786656500576509,-10.717391511477848,0.5297379364639557,0.7145593290271961,1.0294573422755016,-2.6626725895922707,-0.3016602273565227,0.00886388090676887,0.41289910167067334,3.288959270537492,3.264292980671414,3.180458626342667,10.115317073877485,-1.4975323369398432,1.5279395263489572,6.8,-7.6,1.334341996655041,4.0,4.142828077314344,-4.3,1.4,4.7,5.4,6.089999999999997,4.6127732907418695,4.459338828388945,19.885702786377287,-1.4544623859354797,1.367816257190273,10.37611108498536,-10.004208490521831,1.8887433266962235,5.623908756339054,5.834914799827471,-6.24897263453663,2.0246504647214114,6.706601411173348,7.648559221060465,8.561118004426582,-0.018722909695860747,0.4636469487885785,0.21496849312095873,-2.976934798962455,84.72173984911707,5.181059886791223,-4.900940621779731,0.10335797836302922,0.13845419942688025,0.15086590636272518,-0.2660763047307583,-0.0669139300163247,0.0017031560364726417,0.07154026941055555,0.26793424959611406,6.512953685267744,6.19831983836015,38.419168818608995,-1.4933606603751226,1.6449965151421768,15.184912397393573,-15.162585402357768,2.8597988063269097,7.708208191744957,8.153576126600262,-7.825651646585541,2.9851279577623693,9.304867518007805,10.693336149507326,12.0412886683496,0.08377909476080946,0.9178965156239588,0.8425340133946044,5.540454786060508,37.94688227321551,7.363607747598553,-3.1627725244894602,0.1802918433859467,0.24776463270753882,0.3186243079542957,-0.4855993255704052,-0.12602702658951415,0.006199275262719073,0.12173760611802467,0.4947878177766267,-0.02624754711061479,0.35348824817714863,0.12495394159934942,-2.171221849711032,21.684970408706008,2.276905001180189,-2.102107836607109,0.09665516817951561,0.1287923977142602,0.1476980880876472,-0.20483098671577454,-0.06367581001919873,-0.0021371876738825527,0.06511658769506147,0.23380922680991542,0.03442109812913528,0.545747273277779,0.29784008629013087,1.2759939733923482,45.622700120320616,4.0187603121675055,-4.702083574103743,0.12946947460308347,0.1753723353447995,0.19214452635633095,-0.3243898150084509,-0.07724422444050177,0.009479801483196468,0.09812811090429774,0.2931005311793108,-0.00346461365457081,0.18210213124417635,0.03316118620367123,-0.3081436417309994,5.612148511634812,1.040659,-1.21041,0.02229240695745023,0.030132,0.09193399706257604,-0.34347525,-0.01763,-0.002772,0.012502,0.31461925,-0.00490149844375178,0.22091417946432465,0.048803074688395835,-0.516360207865374,4.994930975534682,1.098812514209776,-1.3541213646682653,0.029904240032952747,0.04032130269547355,0.1127870105355769,-0.4616517471557696,-0.022859490497842937,-0.0032331330452100757,0.017461812197630613,0.37924295561691623,2.947890720868068e-05,0.13233840406958491,0.017513453191684732,-0.06170874395939268,7.849275087040139,1.171857523057567,-0.9624205016305919,0.00859928185966023,0.011591988635294368,0.0621588163023351,-0.22358400660420785,-0.005785314508880214,-1.6787608824591206e-05,0.005806674126414155,0.22418934370503749,-0.006936642512125925,0.2960531272004582,0.08764745412517068,-0.663502914969795,5.002354419955903,1.3568800075944896,-1.5875481356361358,0.04150777239019832,0.05609304919294772,0.15148663218694272,-0.6315129743496621,-0.031907661665366335,-0.004246685517737322,0.024185387527581387,0.5024281578493338,0.00039195179267326175,0.09970651496028789,0.009941389125526112,-0.0647376954253795,9.847457927011483,0.7023180522711758,-0.8090977708419083,0.006412481588967274,0.008652598442147535,0.045219040783846934,-0.158237920809579,-0.004389795775235567,-4.014756260919809e-05,0.004262802666911967,0.16552565055897456,4.149362133678221e-05,0.07508750917121856,0.005638134033537833,-0.02322080927430248,7.901688219438309,0.5461880398384074,-0.5211508667365922,0.008505234626303041,0.01147868892670478,0.03629948666622192,-0.12611092180199035,-0.005729834823255956,-2.2165484016919225e-05,0.005748854103448823,0.12530637236815662,0.0005258457107607046,0.17141255908748482,0.02938226541292047,0.0038941005192716254,8.207319554227864,1.2839377065705613,-1.3254221123269652,0.008403524235028508,0.011327114247880122,0.07911329130622546,-0.2842529100747107,-0.005639600135036581,-2.929879130694483e-05,0.005687514112843541,0.28891762442980673,0.00660589747203513,0.371960495063955,0.1383546098882225,0.5642351917022965,8.068743217238964,2.251875,-2.668041,0.030910773653623293,0.041579,0.1724245150728422,-0.597016,-0.01605,0.004619,0.025529,0.633459,0.00934251514822532,0.479416278215587,0.22983996781808516,0.868694185801031,6.866173939880264,3.0113731374148682,-2.4760587330062953,0.04266931731375643,0.05756248342662595,0.22745978253214486,-0.82087857321716,-0.022477786541316762,0.006149254433833513,0.035084696885309186,0.8659244854360615,-0.00030703797815606734,0.21643610445513747,0.04684458731171518,-0.11247546279225214,13.940610142598697,1.7650912442587625,-2.091651749882467,0.008078052196471718,0.010918909960654808,0.09154632288456609,-0.3108300721035261,-0.005639361442886452,-0.00011488914245177107,0.005279548517768356,0.31655041214576096,0.013213429564543747,0.6150226261585754,0.37825283068699084,1.008520470440803,6.683737741200153,3.6701538008203047,-2.633532411079419,0.05741712879487475,0.07740935385978358,0.292375898317443,-1.0733189308116402,-0.029817447910327782,0.00848736657866573,0.047591905949455796,1.1263765817734934,-0.00023497321555539203,0.28521120036710185,0.08134542881484312,-0.023480794897423506,5.595352255662544,1.5859568631307994,-1.5715507590580324,0.018288409143325263,0.024671680258578948,0.13690770009136863,-0.5081548713625458,-0.012314954951388984,-9.005998666820116e-05,0.012356725307189963,0.5157228212144335,-0.00043439303242747215,0.19108219633428483,0.036512405755934174,0.04719489165085434,13.064928129809278,1.7770135681088597,-1.6283525164616712,0.0074455190930526995,0.01004763302899908,0.08061059811816937,-0.2792983663426257,-0.005011360256594469,-1.1605515733804151e-05,0.00503627277240461,0.2671894851593717,0.0007197438835441477,0.2390807411544509,0.05715960079096155,0.09317675880633164,9.910514214796589,1.6233391764665563,-1.8213479237233154,0.008640614186440456,0.01166925959970678,0.10350033697896294,-0.37070725676080973,-0.00577448401451831,0.000117074339605114,0.00589477558518847,0.367269767703057,0.005286675206954871,0.10793003643183073,0.01164889276417631,0.0013282594107967174,7.606602030038966,0.770651,-0.875023,0.013361211193172483,0.018023,0.054095424873156696,-0.17760775,-0.003378,0.005512,0.014645,0.18832975000000002,0.007478424290818979,0.1102754015581437,0.012160664188809843,0.23401207048356468,7.739781113453942,0.8654679597068334,-0.6243758231658776,0.016184777668012375,0.021860618659247415,0.05610042663918807,-0.18282115579678915,-0.0025183389042054247,0.007933173307231796,0.01934227975504199,0.18504843552129613,-0.00021062850072967358,0.10552276080028686,0.011135053046914558,0.08069368764748001,7.789207244970669,0.8218791110685675,-0.817937909011521,0.008672857763381057,0.01171827677129008,0.050133605464554386,-0.17740666249172587,-0.005834629348429715,-1.839149781968466e-05,0.005883647422860365,0.1790331260331319,0.010581404020721394,0.14093574365750763,0.0198628838402947,0.24190207017018348,8.26363838379371,0.9504219196276145,-0.7875184207760961,0.021566849850151292,0.029163317293051137,0.07100143355677649,-0.2263132145413002,-0.0028094707459667694,0.011022624986566098,0.026353846547084368,0.22966094544064627,-0.0003046823931741518,0.06673974562676194,0.004454193646324889,-0.07953407312664106,6.943022001777033,0.4670202014991776,-0.4013314596522706,0.0065523267042456815,0.00885461625786114,0.032251836337461905,-0.1167068448754107,-0.004434539785063378,-3.9214234506494296e-05,0.004420076472797761,0.11532570295692543,-0.0002978678939241226,0.12250627720709986,0.015007787955142796,0.12217981261795982,9.578814066581195,1.0227659116703416,-0.854094281261334,0.009130097058940488,0.01231586354014698,0.056425959473142176,-0.1975371332178962,-0.006151653723957819,-5.3205395578395354e-05,0.006164209816189162,0.1916712229884654,-0.00018265209233190284,0.08519579459567933,0.007258323416789184,-0.014314190575685384,8.025221488033718,0.6095106930443452,-0.5888736925494048,0.007865429837317446,0.010608898069569401,0.040214274065040065,-0.14373145076582491,-0.005193147767145671,3.2717294566745946e-05,0.005415750302423731,0.14182606546716942,0.00010201836631753888,1.009001632641056,1.0180842946723168,-0.0032373131820621253,1.483592043175591,3.049109,-3.051096,0.7088432401841671,0.95631975,0.7016399648102541,-2.0108835000000003,-0.47683125,0.001668,0.4794885,2.0095525,0.00010999738469067784,1.4268150462370972,2.03580117616857,-0.003161952456836598,1.4865023216164301,4.315871112108922,-4.297765228878761,1.0001685742651985,1.3494501179892784,0.991660216473617,-2.8449264018520912,-0.6726836219969812,0.002736149740921987,0.6767664959922972,2.8374230140371473,-5.038935798743923e-06,0.014249078614623418,0.00020303624136571845,-0.0038496517977896186,1.730202665221019,0.16394818147950507,-0.1616633477559397,0.012080572313948913,0.016296388892128023,0.010849897745773907,-0.021929639581193684,-0.008178744211720615,-2.213543363621326e-05,0.008117644680407408,0.022062255301878983,5.7192546058206475e-05,2.017023120332973,4.068382267957763,-0.003014792826677672,1.4960540120839143,6.031074909806501,-6.041182623037534,1.3651266336511076,1.84208645108009,1.400000678262026,-4.0192781070320125,-0.9184012410174561,0.0016419420376873363,0.9236852100626339,4.002152536332904,1.5365834632388968e-05,0.050616507566968,0.0025620308382769286,-0.008708601223159442,0.2894349177560924,0.15564261336349608,-0.22765481402713142,0.04404695789137153,0.05933927384351425,0.03844870588159718,-0.09104236641004756,-0.03013573570477366,0.0008927771776032975,0.02920353813874059,0.0921698112816386,-7.192125271061851e-06,0.00546688327908617,2.9886812787151952e-05,-0.5984106870069227,19.610228838523913,0.07037537488591053,-0.10904205491920735,0.004533302095046606,0.006115450458807278,0.004052135623518566,-0.008897953533303275,-0.0030969272589252044,4.877012409473813e-05,0.0030185231998820735,0.00894450291480808,-4.1285820663707965e-05,0.019408443024987822,0.0003766876606541984,-0.027577902711260267,0.28976442476316233,0.09429716822123851,-0.12792897642273654,0.016666643738906556,0.02247846592774902,0.015009456014600112,-0.03325814880082816,-0.011380849201786909,0.00012009521534657344,0.011097616725962113,0.03345136619786099
-5.920408163265306,7.5062104787815604,56.3431957517701,1.032480600701031,0.18554392257459096,13.7,-20.7,5.337367986620166,6.199999999999999,8.948571428571428,-14.6,-10.6,-9.0,-4.4,9.0,-8.331089155687241,10.658970409567354,113.61365019203244,1.05565761683195,0.19717357719065065,19.417616859058032,-27.40815035011336,7.743464571897341,8.67023617034533,12.683126816434537,-20.72548073579061,-14.89810809602828,-12.885879677280865,-6.2278719256829485,12.740589077212553,-0.03460103897624831,0.728409394444819,0.5305802459154679,-3.388665975566446,39.40833897769748,4.088091685305076,-7.958227216766206,0.311053049289027,0.4120272815002786,0.3668820897273161,-0.8080864987832943,-0.2033943644169262,0.012351809174351192,0.2086329170833524,0.6157271049329314,-11.688881265005694,15.199197771712663,231.0156129036352,1.0720444668836266,0.21490225515044603,27.331823305128065,-39.7270961391388,10.99643091518888,12.16003389553389,17.99703603252265,-29.016854792267367,-20.911953792436925,-18.579748291997063,-8.751919896903036,18.04696683386925,0.10329651233156233,1.3033509989228809,1.6987238263932714,3.9454043635050335,33.58759497020461,11.917524178390847,-5.031605765153968,0.34342726101666404,0.4620705071245327,0.5553871777265541,-1.0494430761095896,-0.20549817841309054,0.012239000129931843,0.25657232871144214,1.1280828590186969,-0.04628343902816776,0.6347273673820137,0.4028788309037018,-0.5852703612049982,7.775010054932489,2.907751584700075,-3.13028090535905,0.30956236110713803,0.40948036149465505,0.3695625096766456,-1.0161788560751068,-0.20657082206922572,-0.006437780253888076,0.20290953942542936,0.6553131850454861,0.0757903225986706,0.7993523887715172,0.6389642414347306,3.3128934651600663,23.081225987537245,6.638023620407969,-2.277155913297999,0.3385933517262211,0.4601836045466688,0.4214116887716596,-0.7081727718439697,-0.21251997402584,-0.032388955010121484,0.2476636305208288,1.0915826318994428,-150.7577551020408,14.601962094227252,213.2172970012495,-0.32772328055755395,-0.3851667096005804,-108.2,-196.7,15.863843738009965,21.025000000000006,150.7577551020408,-176.4,-161.025,-148.7,-140.0,-129.5,-213.10026876228568,19.883807341648286,395.3657943997863,-0.2863925300009194,-0.5105802717080437,-156.8958551248955,-264.93578550519265,20.6687167390545,28.57067306650808,213.10026876228568,-246.5658785595806,-227.4326493406099,-211.11105467550445,-198.86197627410183,-184.13941904580142,-0.019112667345711088,5.543867596786664,30.734467930701147,0.2534104373454287,0.12916607209338782,16.55635744741936,-17.73392511001542,5.567693833639576,7.436258527453028,4.386450266785824,-8.358189793424406,-3.8047819214235226,-0.2810894332009308,3.631476606029506,9.583280675061701,-301.0096039649291,26.04992165080196,678.5984180129207,-0.2335363489040134,-0.9067281658108826,-227.4188403549593,-357.05516485182034,34.03401751057962,46.20059664188983,301.0096039649291,-344.13828147395054,-323.3362732637161,-298.5263682030974,-277.1356766218263,-266.68891637758014,-0.5139860398980736,10.59283022775024,112.2080522339392,-0.02304228707607301,-0.09054596178550245,33.1942097279438,-34.47427260588984,11.900121423286102,15.15087962546053,8.498857406079653,-17.418335780594816,-8.75960793496311,0.07929922409373624,6.391271690497418,15.300674005745412,-0.030124069554686297,4.025075488144667,16.20123268526303,-0.5764686521694814,4.215534753170407,16.528331562639767,-17.096915842537427,2.4259595240017604,3.2830579754901263,2.624774090731995,-6.769188612067556,-1.4705261571318604,0.11210724354836425,1.8125318183582657,6.518557090636189,-0.22632367121827646,6.66328820600516,44.399409716287465,-0.05150943052749139,-0.29790950093798196,16.523998948613325,-18.629709623230248,7.189906342101687,9.25827368311236,5.395331626471474,-11.108282445133817,-4.825195430790863,0.11849101168277872,4.433078252321498,10.73488428657077,-0.9453061224489797,9.369806502051196,87.79327388588088,-2.1515248565756697,6.012697360898091,20.3,-48.3,6.078669095872967,8.25,6.0961224489795915,-20.505,-3.425,1.0,4.825,8.404999999999996,-1.3590355689555045,12.238634817422225,149.78418219421954,-1.8731417800359784,4.3528587421027245,22.716865869604746,-53.94389947817319,8.671518080733392,12.252445467966808,8.283478043703546,-28.7443885653437,-5.610217911277636,1.298792992532938,6.642227556689173,11.086256860626897,0.005159198217676411,4.994712392616395,24.947151884955797,0.5366509277314672,13.505725335893633,38.843589577607865,-26.868230980335593,1.9763978054604707,2.671667192437657,2.7224576205662117,-5.641710968071857,-1.4690826941820523,0.055624440355162244,1.2025844982556047,7.200847771204738,-1.9798143981679563,12.613068406651825,159.08949463087842,-0.6171413993272827,-0.5562721023357602,17.27520124030452,-33.929194330343805,14.298486326273078,20.00113010837636,10.19733725194353,-26.272264173245432,-11.283391335323788,0.9086429612523224,8.71773877305257,14.043603480892621,0.020446305925478598,11.713145509734405,137.19777773221125,0.03340910869364912,7.137382082540064,50.14300610147966,-47.28142256642912,3.771363228676717,5.124986314162655,5.9920570297823,-17.193821525444736,-2.3947000465696724,0.012950586588176508,2.730286267592982,16.890267754624272,0.008023196983971446,3.236414936308224,10.474381639958967,1.0102878278688707,15.530929082307829,23.806904176232084,-14.760087027387513,1.3027944278538857,1.7275508958921661,1.7495155128769528,-3.7357501607000616,-0.9886491448264925,-0.09728735197175889,0.7389017510656738,4.164321877411872,0.2669249850472769,6.217273655636273,38.65449170906882,1.3527817512700882,8.093852505051673,35.13807183898916,-22.828387637253506,2.381834661229444,3.299138047113647,3.481128374710649,-8.943033900141527,-1.6487739895507567,-0.19148584974024746,1.6503640575628902,10.113424065106074,-0.8421428571428571,4.3624966522412745,19.031377040816324,0.06742560930230046,-1.4244163421751828,7.1,-7.1,6.671709983275209,8.9,3.9641836734693876,-6.8,-5.3,-1.2,3.6,5.8,-1.1891196819742245,6.189332033220414,38.30783101744835,0.07773740675432285,-1.4232071342035568,10.058203026595343,-10.032983300543581,9.462404262582634,12.555125736758384,5.62737772419726,-9.657857673006218,-7.48178966848355,-1.6595266738303747,5.073336068274835,8.257483320315488,-0.014302219190007905,0.19055561718677386,0.036311443241432304,-15.556365126246776,306.7474577881725,0.6184750659079792,-3.7789202438407212,0.059638042682539784,0.08062889935088968,0.06413565988533725,-0.11479134246390106,-0.047363918993299725,-0.00953175993438754,0.03326498035758996,0.10934204716923314,-1.6981338013136935,8.812019826983082,77.65169343114295,0.091089325879201,-1.4165790924240598,14.224747994151766,-14.152841702180833,13.505767258710101,17.952545606140667,8.014383330870592,-13.628158373855424,-10.967517102755776,-2.2595023192275985,6.98502850338489,11.88092052344615,0.021830108736199092,0.38127722639761846,0.14537232336946082,12.608151889823949,184.24250639830734,5.627086316324881,-1.0635946481743648,0.07617694323545524,0.10267570012017027,0.10287905593617636,-0.15619553420704665,-0.04536648046619576,0.006352053446220085,0.0573092196539745,0.1606747683698022,-0.020027509598998836,0.15434341663648177,0.0238218902590226,-7.164679960097774,68.5188581455814,0.33756006000479044,-1.5815542050057947,0.07238383134854162,0.09450105079875054,0.0700594814352266,-0.12886044644970845,-0.05940910879553255,-0.009447695578432606,0.03509194200321799,0.09886210785766059,0.01562592635110906,0.218234291132761,0.04762620582621869,11.84217791345484,165.63780180581946,3.13985880465214,-0.42142792025755593,0.06630987408913361,0.09104581212008564,0.07188150760278929,-0.10677151322090776,-0.04295924660537635,0.003734254468575722,0.048086565514709294,0.11879055462642973,0.26653061224489794,3.2136129778664806,10.327308371511869,-2.621233440140125,7.507476142848692,4.1,-17.3,1.0378215529539212,1.6,2.259183673469388,-6.5,0.4,1.3,2.0,2.6,0.38561713239437695,3.585285297649833,12.854270665544052,-1.7861162429312951,3.0226514996948985,4.356620160018596,-15.611413509863128,1.69150215940901,3.432830869692555,2.869445988954301,-7.075275009569657,-0.733830712364636,1.798565978662836,2.699000157327919,3.494402844867613,0.09425968615267101,2.7724215056863954,7.686321005192421,1.0694392988380954,4.573247421767392,12.086327031201359,-9.287901809861324,0.5532480269970119,0.7359810315846087,1.489720993610739,-4.502002946832586,-0.4192069639503879,-0.006983302093629268,0.3167740676342208,5.510975226787347,0.576690069776391,4.349366866076296,18.916992135722342,-1.1230624240399918,0.05841807277058564,5.470865449479306,-12.930437655385843,1.8668379999982898,6.627249529136366,3.9112284912774093,-8.117254902797919,-2.9795316847517537,2.7040445256626198,3.6477178443846117,4.699544106815289,0.08630131321702766,2.5555249742658055,6.5307078940962455,-0.05456407393043402,3.229938431836575,9.155604974439061,-9.96315625448947,1.0302489885608337,1.4004425463326557,1.571231033776599,-4.57668339356036,-0.6289422646126496,0.0594017621269243,0.7715002817200062,5.029121157498734,0.13163326333928785,2.144115862087017,4.597232830053153,-0.4327631531824863,9.060874080738376,8.570270637454852,-10.708352522595865,0.1982366030025722,0.2887123068346009,0.9747991637639061,-2.4832564115088127,-0.11191223929918158,0.004124844191038016,0.17680006753541933,3.4190304684818797,0.13685662927642553,3.246828912605383,10.541897987730255,-0.5598382925346072,4.173465175757151,10.786017624104504,-11.91341997482673,0.6312672450220527,0.9960114421561254,1.7701946589504913,-5.363178989053449,-0.34504188284323145,0.020490237065219727,0.6509695593128939,5.713739003959013,3.246938775510204,3.1680517441156826,10.036551853394418,-1.6158916704605348,2.056736989397608,6.7,-8.5,1.334341996655041,3.425,4.150816326530612,-4.205,1.875,4.7,5.3,6.0,4.59048571623835,4.447010580702845,19.77590310488305,-1.5856679998531718,1.930960712610049,9.313701653319802,-11.85877560989096,1.7865037688100118,4.875527956256347,5.8500119992706265,-5.672197306764838,2.6134877495683315,6.761731401159636,7.489015705824679,8.44945926398608,-0.019873807131400557,0.42811346221683416,0.1832811365312847,-2.59828217105281,79.8493062687905,4.747592305053861,-4.743317517947358,0.10949961258598628,0.1474137585603993,0.15354952181974474,-0.3210042735638884,-0.07253667985139456,0.003994848822912844,0.07487707870900473,0.264441958928359,6.49231385528658,6.1993195940120565,38.43156342870181,-1.623522995737791,2.1690771085871647,13.84556637206976,-17.55777396937988,2.5711716144667554,6.701907321080036,8.211749883603558,-7.781031668549887,3.903651370908172,9.483102513378654,10.605558691988207,11.744965071830766,0.07815072225351974,0.7768449097446173,0.6034880137961225,5.847017467843848,45.72380565136987,7.13144632087026,-1.7392356171258716,0.219457763278778,0.2798910081884479,0.29927592063472525,-0.5009049467519112,-0.10337340336741613,0.021275474708973285,0.17651760482103176,0.4823197335154437,-0.027440109330846514,0.35572728634839695,0.1265419022527944,0.48102540471095395,32.86705836196314,3.1367193574986216,-1.934140160642938,0.08914357063606439,0.11916790395869926,0.14967777092036605,-0.33526734728388474,-0.05240316400562789,0.010331216928823349,0.06676473995307138,0.2205043443822122,0.07582535982441838,0.47883541884182834,0.2292833583374292,5.164287389660557,32.27285898463443,3.9126340692411556,-0.7764927690108567,0.1545841442909649,0.20249717145204937,0.20452761427379615,-0.3255703136479614,-0.07071520642541218,0.024010398870405868,0.1317819650266372,0.33099927259762313,0.0012570714995632922,0.38215128278430915,0.146039602933693,-1.0216907852436732,8.350041691551096,1.593783,-2.394158,0.07516051946714149,0.101389,0.18761847760744513,-0.568615,-0.046513,0.006202,0.054876,0.56816725,0.0017795388434861741,0.5278703783174095,0.27864713630496496,-0.9191386479345901,8.19114620599132,2.213047546021828,-3.1087494183386557,0.10640391838828346,0.14361132959621237,0.26131117013443805,-0.7742083209327818,-0.06587646113748308,0.009103283369624463,0.07773486845872928,0.7918424997674363,0.0005150681891031363,0.11578369025110943,0.013405862928164853,0.1681443933459864,23.721770282659865,1.3731432728608004,-1.3833086399304895,0.007955421519220842,0.010736146225487186,0.045343510706238155,-0.14178137479307068,-0.005333897830727071,-8.253857805934307e-06,0.005402248394760115,0.14636978949101156,0.002521892295562657,0.741773738557981,0.550228279214284,-0.9207437732696878,8.250431302712311,3.059551362197809,-4.383240004207328,0.14948913933632257,0.20193485700636726,0.36769734679897,-1.068236774166317,-0.09233189591093158,0.014377211460784071,0.1096029610954357,1.1115551064300548,0.0031916753705470945,0.08340802891951556,0.0069568992882387435,0.28748811934183044,13.477887479307729,0.7194948144396531,-0.6938070471894043,0.008731347447619992,0.011841099710991726,0.036271545923797235,-0.10641001333423065,-0.00542006574511409,0.00019479559552588533,0.006421033965877636,0.1294381935657934,0.0007279547330590678,0.07135662163891776,0.005091767451719666,0.5700271601574403,18.304000347782516,0.8531042300088741,-0.64812891579661,0.007663641191248886,0.010342253382771715,0.03053057082802649,-0.09603879823463254,-0.0051529898008498415,-1.2095576790867867e-05,0.005189263581921873,0.09876953150044018,-0.0010827586424640094,0.14735655387047883,0.021713953968583333,0.1800771505728068,22.33387245611124,1.6657547923977687,-1.4340887039578487,0.008173930652799847,0.011012857126506523,0.05626397017727648,-0.19055708375416858,-0.005610484408106516,-2.195510176190924e-06,0.005402372718400007,0.17206546806386103,0.004799709378670602,0.5323266559393794,0.28337166862360247,0.7112411069504445,6.680448441152025,3.47882,-3.396397,0.10716693616024042,0.143965,0.2765397664819444,-0.90029775,-0.070788,-0.00217,0.073177,0.973527,0.006783351844374026,0.7292830269624307,0.5318537334154855,0.6911371953424849,6.309863838855707,4.428746033586685,-4.2487735451894695,0.15111976146519826,0.20314391238223717,0.38139305842958904,-1.2398890965578409,-0.09960058100296694,-0.003356667296727579,0.10354333137927024,1.3446343277956299,-0.00034740433291289094,0.18665121425335557,0.03483867578225205,0.017726680556376016,15.130230868555703,1.8927669626640116,-1.7582324797598612,0.008973531140890835,0.012096515857653083,0.0774918338258709,-0.25815716945593437,-0.006080107263772738,-6.864042478398275e-06,0.006016408593880343,0.26263374532419087,0.009579951235953357,0.9992631809501094,0.998526904802531,0.7225071093722562,5.8802083009128125,5.945653292766598,-4.408458331979282,0.2130617088848653,0.2858708191768427,0.5298011867733321,-1.6173986247212713,-0.14041978934674254,-0.007007648226425294,0.14545102983010016,1.8848116872677732,0.0026655796841365226,0.2549174376212658,0.06498290000339194,0.306713137842872,10.870817608194004,1.8678399228125373,-2.0952630714566527,0.026677302700321412,0.03596295518701741,0.11579148043581888,-0.39901417504956793,-0.018186482502223537,3.599965913983136e-05,0.017776472684793876,0.3895121931388905,-0.0004910001551867564,0.2032914486402044,0.04132741309023286,-0.2804133908642136,13.82787572333456,1.890332238431424,-1.832078991400217,0.00789892962300436,0.010676985908220717,0.0850864134263375,-0.29379616286121246,-0.0052643388332999025,2.887964332728682e-05,0.005412647074920815,0.30689190402986044,0.0011389826803883628,0.16833319243677655,0.028336063675956848,0.022902721547092893,14.97408010472557,1.5501895359568763,-1.5890650158201762,0.009758826787172147,0.013145980835577168,0.06864560671006852,-0.23309691373730196,-0.006364412886282408,-3.7289098366180898e-06,0.00678156794929476,0.2407599345132191,0.004766992786796374,0.21757075447974472,0.04733703320488536,0.39659706884457857,8.485575786592632,1.880105,-1.203856,0.025825448044149074,0.034837,0.10528676265698882,-0.3482385,-0.012027,0.005875,0.02281,0.34151175,0.006741151447349327,0.28359563522632714,0.08042648431942401,-0.0361434648315889,8.122179009145844,1.776770640903858,-1.565542210751326,0.035271544128505555,0.0474070545324791,0.13701522304314187,-0.42773510581238827,-0.015412454167496656,0.008762637062942447,0.031994600364982445,0.4429546399248808,-0.0008711321628973531,0.11932433762736912,0.014238297550210376,-0.41887993108468763,14.38221650503207,1.0997729465490256,-1.1730879638387068,0.0078028250890777974,0.010530958934133687,0.050264319497673765,-0.1737871288782345,-0.00519854082889072,3.242549059369695e-05,0.005332418105242968,0.16766502399761346,0.009532144890205646,0.39661420744951575,0.15730282955080752,-0.10695297143727851,8.118365224235218,2.3632285153552055,-2.196897815123176,0.0490609294636757,0.06608685859339006,0.19117036623742462,-0.5693208468689903,-0.02085730679450835,0.012582826834543228,0.045229551798881704,0.6263609045856323,-0.0017357756672160207,0.059314178376408205,0.0035181717564683706,-0.6036431556299331,13.841978690028611,0.6034784793670961,-0.5147989602616135,0.007327971327097145,0.009883574100375625,0.026789454043638906,-0.08837307589703056,-0.005131116390749886,-8.316611695125193e-05,0.004752457709625739,0.08284806846697511,-0.0012314242089577231,0.1495950708155026,0.022378685212295236,-0.4947990121989768,13.460199716034001,1.5489180833357823,-1.2939546817554282,0.008469182625794758,0.011432850793510614,0.06348561121395412,-0.22427918951717962,-0.005639662912200362,3.9721159077178386e-05,0.005793187881310252,0.21893638145781086,0.0007228717495080531,0.07805291694968722,0.0060922578443547695,-0.14049024727141268,26.062118690514616,0.9174321348179638,-0.8760454922023438,0.006754810607662112,0.009102976072779215,0.029955031600715165,-0.08276936416232886,-0.0044646943176814245,0.0001022292545999819,0.004638281755097791,0.09521479987935222,0.00021608154383640087,0.8434656936717797,0.7114343764012164,-0.0012723839745469253,1.8099430815396031,2.992316,-2.968207,0.687026007237748,0.92674225,0.6063580080263832,-1.53333225,-0.462208,-0.0004915,0.46453425,1.5334530000000002,0.00034509736260744173,1.1927013866501026,1.4225365977170774,-0.001346844943047108,1.8132204723586032,4.226972075610698,-4.1512464671563585,0.9679969355867989,1.3064017047602616,0.8569001396184379,-2.164406957884175,-0.6518611691309436,-0.001932576614548656,0.654540535629318,2.173650625450292,-3.7396692628170057e-06,0.015017738661076295,0.00022553247449238562,-0.46578392280157155,41.348653023642974,0.3756441842449946,-0.4725671512633738,0.01463163662055052,0.019649636476016887,0.011858764361111803,-0.02243757775616391,-0.009713899506263248,-0.0001428556784844777,0.009935736969753639,0.022422626296728622,0.0005975520460984967,1.6859245253093524,2.8423415050395655,-0.0014685164517432296,1.8246977334522514,5.9036827947498995,-5.865613468306173,1.3413675053116592,1.8102220190511802,1.2093074488939062,-3.0540376371171876,-0.9028995992202955,-0.003335612617541211,0.9073224198308847,3.0611469036487935,-2.0207343146093437e-05,0.04797405992940244,0.002301510426109897,-0.05991526942020694,1.0441452681692391,0.25557929265109136,-0.535551228077636,0.03593295033845849,0.04818189813826257,0.03627086824460217,-0.08701748727879942,-0.02345572978659153,-0.0003853778243923557,0.02472616835167104,0.08825247671198672,-5.153803134657038e-06,0.005882497435597139,3.460377607980691e-05,2.240481699563828,290.81710686400606,0.2526652173948384,-0.2002416746093395,0.0052787688065007565,0.007137865964773553,0.004168385217162783,-0.008532569854476897,-0.0035930951900744602,4.9816082930473536e-05,0.003544770774699093,0.008380975292568305,4.628964807479571e-05,0.020410008243506323,0.0004165684364999961,0.697333467788262,13.14596426866823,0.43425588551493804,-0.07180106636055866,0.020766671510952996,0.027946568886032558,0.01632361925888802,-0.033169704720407284,-0.014204649777858925,0.0002823899349730283,0.013741919108173635,0.033439518556409566
-6.028353658536586,7.7872628265784245,60.641462330210196,0.9898824289836455,0.149329746093128,14.4,-21.4,5.337367986620166,6.7,9.164735772357725,-15.6,-10.9,-9.0,-4.2,9.4,-8.481867687880966,11.066423864509531,122.46573714898608,1.0091731958028054,0.1564051524586496,20.204403465055613,-29.38972685162085,7.5789057287649895,9.465876731028665,12.990044636665035,-22.079837591624212,-15.385225575949768,-12.757311203269165,-5.919348844921103,13.166821900936972,-0.03604044089874579,0.6006877297219685,0.36082574863853273,-7.31694048445347,88.14336470917111,1.7163467211494745,-8.405904694470376,0.2700625643339694,0.3657720997375309,0.28121970777637884,-0.5626525168015072,-0.1773849069302956,-0.0020246755481482803,0.18838719280723526,0.5308047809422226,-11.896688541438081,15.792311007667658,249.3970869629011,1.0216850869865266,0.16693347274286685,28.528973170676107,-42.27779525176326,10.774855208659497,13.270678990825125,18.430854575444606,-30.853853981443912,-21.680770799308412,-17.921432098854993,-8.410091808483287,18.967542775751077,0.10642879427970395,1.1501668905530325,1.3228838761244313,7.098236260197433,66.19961930227922,12.771589084673295,-2.5854726737840084,0.32857000087373445,0.43324683927583907,0.4229190789198571,-0.6565306660008725,-0.20473704399165232,0.004614879780671988,0.22850979528418675,0.6153235246509867,-0.04924992028845239,0.49283692656850475,0.24288823618948976,-2.9165646982497933,16.606824027364652,1.246239170180569,-3.3903098003173846,0.308829803962135,0.41950769426371287,0.3002677860151683,-0.6483244211585859,-0.21466761437367127,0.003138576645761424,0.2048400798900416,0.5155478841331249,0.08308956977516774,0.6803332186081162,0.4628532883416789,5.6095987461897785,47.61816877996095,6.957713647945871,-1.4004795400962606,0.24893928287456718,0.3346844026521305,0.31543141635079286,-0.4396307548748051,-0.1341636512146105,0.03292289760239324,0.20052075143752002,0.5884260215648067,-150.53760162601625,12.831913212254307,164.65799668682664,-0.33577100065236176,-0.44420223414829074,-110.9,-184.3,14.084721075803218,18.92500000000001,150.53760162601625,-173.585,-159.0,-149.6,-140.075,-133.01500000000001,-212.80464642674877,17.630528818878837,310.8355464333172,-0.22365104636203914,-0.7100135397200988,-158.7716055759488,-255.0099491839717,21.559497457508627,29.156021147375924,212.80464642674877,-242.83249909089884,-226.5359911304527,-211.57528157730022,-197.37996998307676,-188.504970480465,0.19477955127702476,4.261518107403356,18.160536579726685,0.12218639727056109,2.179337461552393,18.356587361372373,-14.280443201563015,3.1564455887848095,4.315753102143788,3.060888217906955,-6.467013966502749,-1.8932888693229293,0.1810282850287077,2.4224642328208583,7.452142962758772,-300.6469985543333,24.428739184223332,596.7632981308084,-0.22316890455385585,-0.818229098994792,-228.2396755024486,-348.0491004414745,31.71545600648459,43.1140703589129,300.6469985543333,-341.87490980317335,-321.2286780350126,-298.7210224452457,-278.1146076760997,-268.3926076578995,-0.21074581286108218,4.97327645378056,24.733478685728144,-0.061538365536265835,-0.1023104102857757,14.278690525682578,-14.374181172231655,4.885966537230462,6.621444817099412,3.9837594371438025,-8.485292408085716,-3.530874432998761,0.19637124421858232,3.0905703841006504,7.693275177561463,0.26929685256655184,2.7791940213234265,7.723919408159879,-0.0816148682273318,2.4948786598888617,9.910874656752293,-12.749534171774622,2.195498080804542,2.7894861446265358,1.9980616412313636,-3.749610064266761,-1.1006831714343106,0.16049439250309777,1.6888029731922254,5.15383772928044,-0.3461448144230126,5.294103763771997,28.02753466158483,0.2929048674406205,1.490809660571296,18.723752220559586,-16.796063088915496,4.1692651927908955,5.6429101761129274,3.927603898376981,-9.031018294411348,-3.243925700178713,-0.4738956022728409,2.3989844759342143,9.172433075776194,-0.4984756097560975,6.179324603407978,38.18405255428316,-0.8787932271552096,0.3650498452276878,9.4,-23.5,6.078669095872967,8.5,4.836280487804878,-12.485,-4.2,0.7,4.3,7.2,-0.7383620157378075,8.46314577728029,71.62483644749723,-0.7437620666305473,-0.13647050635005886,12.789202314888989,-28.809831816741692,8.573910580136298,12.961044940591671,6.753078540976444,-16.58069786198319,-6.942201080315462,1.0716636086723588,6.01884386027621,9.795406725257,-0.07930769298458247,2.1556478252714366,4.6468175465974735,0.07161443463865165,3.190075220491309,9.434228728182243,-9.219427981136425,1.3662282709636888,1.866273138581285,1.4564073542169178,-3.8211074314517406,-1.028510904227372,-0.018857917112702058,0.8377622343539131,3.252528508850384,-1.1367362164044026,11.203076995857863,125.50893417511965,-0.37816462774581167,-1.1228291405341047,15.324876853137882,-24.21777070695457,12.740245619343096,20.576089031740857,9.42276423714762,-19.605179996343683,-11.844219250374042,1.4672185533943043,8.731869781366813,13.610504273202865,-0.07243928298236832,4.1557734685207235,17.27045312166077,-0.17088339681121104,6.540470660918963,19.645110630685583,-19.815943999677653,1.9598544729472753,2.578779237323848,2.4622445518886553,-6.837954847281138,-1.3214845119525855,0.0465166015299846,1.2572947253712625,5.4926304762765215,-0.11299750276579014,1.4961951921373067,2.238600052974792,-0.3078083166085476,3.036542740947538,6.064551742834401,-5.907368002920444,1.070324121849246,1.44479901227845,1.0510737309083662,-2.560106221049983,-0.816031597055749,-0.0812741701522448,0.6287674152227009,2.1416176348011824,0.015425122117878816,2.632259222617295,6.928788615053807,-0.254795770106576,4.066928265371824,10.442981045490116,-11.482898421460618,1.4580769654898649,2.021582390915215,1.7186956009111767,-3.7033562579210955,-1.0574404469650114,-0.10924513900563528,0.9641419439502036,4.236266855712407,-0.6454268292682928,4.471756377797165,19.99660510236962,-0.01024564075721483,-1.4759990465542896,7.4,-7.2,6.523449761424649,9.0,4.061483739837398,-6.9,-5.3,-0.5,3.7,5.9,-0.9117475185833943,6.344045231983056,40.24690990544695,0.00027144948492055005,-1.4750393728291196,10.446851132392561,-10.186691910504805,9.204586884071583,12.78438824149193,5.76511768738195,-9.686067817082963,-7.513507581732368,-0.7026287714005598,5.2708806597595625,8.409588676648157,-0.009879964215415,0.18289730265412463,0.03345142331815446,-16.15227969480683,317.4828222941269,0.4687241658149305,-3.6580124058851675,0.06177397671596063,0.081612655861458,0.06041822893844433,-0.10493196124915109,-0.03955767249974468,-0.0011319513558205596,0.042054983361713316,0.09475754900092215,-1.3089615766766842,9.03152974895039,81.5685296061759,0.015462270337361169,-1.4688616370509417,14.706288798124557,-14.397719834440673,13.185624743903341,18.112464507176792,8.209924035896776,-13.724895928728527,-10.740168190448134,-1.2728902339352686,7.372296316728658,12.156264965511031,0.019873995426855237,0.3765245113232183,0.14177070762718832,12.552561624131881,182.6827965502676,5.548839553744982,-1.0726881665653527,0.07986472061343566,0.10982358689919237,0.10290097835680131,-0.16051095226789025,-0.05542742912918357,-0.003799611102846101,0.05439615777000881,0.14393313265959118,-0.013839637682321932,0.15166850812792312,0.02300333635774988,-7.655342739216614,73.57679094928784,0.28024760745189964,-1.5901910461570656,0.060727112268315585,0.08090088376997089,0.06460034854116196,-0.11527155192087044,-0.04148889721886535,-0.0011218091512244137,0.03941198655110553,0.10237823777456165,0.007753923402317927,0.20725775555539352,0.04295577723785926,12.079053300079575,171.75779592984102,3.0056237097121667,-0.4669358548142044,0.058178564960408734,0.0787411460606168,0.06640082451787714,-0.10918799428364584,-0.04392874287073856,-0.004214058471153132,0.03481240318987824,0.10385037469784669,0.6465447154471545,2.6102962662491063,6.813646597594024,-2.1444276631470127,4.250843737142677,3.9,-10.9,0.8895613311033613,1.3,2.1878048780487807,-5.4,0.8,1.6,2.1,2.7,0.9245700196177599,2.86431154608734,8.20428063304925,-1.555589412354785,1.882226223124741,4.475788304815792,-11.17585277880775,1.4192476111349563,2.8470726402168434,2.625172047995696,-5.311669146370961,-0.06934143653935335,2.0318497433605187,2.77773120367749,3.6015880515167042,-0.08680492891896273,2.3149562794287477,5.35902257566659,-0.005902085243235762,3.589785988173391,9.845760853862675,-9.484311214219147,0.4656032814697427,0.6555380043464806,1.2734846864535507,-4.284529460790107,-0.3528079917034701,0.001706889156667779,0.30273001264301047,4.216408722520275,1.34339546166019,3.5486290822635045,12.592768363486323,-1.041482681008933,-0.16078954375234344,5.932212867936873,-8.48084366531403,2.0269259463133755,5.013995476804501,3.5040417405679447,-5.631300272410359,-1.1525240575287627,2.898375468592022,3.8614714192757384,4.930951286104314,0.055297495748413264,1.9270716860538324,3.7136052831903603,0.8639736161166042,4.2051186133804235,9.604054458231287,-6.0541851164497285,0.9202879012627276,1.2611130306231457,1.2068815381368005,-2.7242373193447813,-0.6907702734776766,0.0013726158137992994,0.5703427571454691,3.4946533339485706,-0.12134926254944225,1.2504947930566956,1.5637372274619081,-0.9122732013757874,5.486932424150805,4.785656065022594,-6.2729397432256295,0.19876410556512983,0.26547759256514647,0.6419572203596,-2.945353320897146,-0.1316387260418165,-0.004212326031823135,0.13383886652332996,1.6042543965252465,0.034626502886517654,3.000664637643806,9.003988267606035,0.06633763614239477,3.0050273633385673,10.017679159983757,-9.849498357789491,0.5802750301176406,0.7737457930573851,1.6550823841102273,-5.26239713860261,-0.3702454997668535,0.009446931085105373,0.4035002932905316,5.888090532828499,3.5202235772357726,3.0668082026170524,9.405312551639236,-1.9454480590735677,3.3219234145080083,6.6,-7.8,1.1860817748044812,2.7,4.365955284552846,-4.084999999999999,2.7,4.8,5.4,6.0,4.994441497015513,4.309042840161099,18.567850198343628,-1.8982736418378707,3.081249056736378,9.665029060949042,-10.591710323899731,1.5731534572102805,3.742417407867556,6.174590695720508,-5.582452873019994,3.861352921484793,6.835779361441768,7.603770329352349,8.461569592879,-0.040435470002296095,0.4243301050622619,0.1800560380621502,-7.817227423337044,75.2541540241913,0.8935706546464317,-4.853477172689106,0.11213001313075689,0.15032984636464308,0.15635227212624303,-0.37039291637473504,-0.069836180103081,-0.003222310055779498,0.0804936662615621,0.2536698350473142,7.117542769361268,6.0075937120521425,36.09118220908844,-1.971212904133701,3.5227682250486785,12.720573548568366,-15.773561467636641,2.2198578708744474,4.998559564415024,8.716655434975538,-7.704175098709722,5.7144020018390735,9.683619758577885,10.712961566254098,12.140632793453562,0.0816083680414276,0.878515431963363,0.7717893641977742,5.935977492766252,40.28129359690575,7.210698060578697,-1.439523197311995,0.16032309801795153,0.21256985650627805,0.3003343210814972,-0.41788808225692226,-0.0954584679588413,0.008097740444114154,0.11711138854743675,0.4089071736496942,-0.05633245912395719,0.33482131788267044,0.11210531490868825,-3.806641558076443,16.78357655602487,0.6382399726270461,-2.0048890068600684,0.10150958102562077,0.12935707499164695,0.15066442425650958,-0.30962000057120054,-0.06492888048214071,-0.01616574810776805,0.06442819450950622,0.19855944173614407,0.06266236557518427,0.48915195294245045,0.23926963306741325,5.52010608075473,36.70848837974172,3.995295003041947,-0.5539923026165269,0.16350641486348855,0.21899122105232807,0.2102486015697529,-0.3433474787058487,-0.10609016802264082,0.01072045077280066,0.11290105302968725,0.41647914933431496,0.001503034086350029,0.22065219320398333,0.04868739036572798,-0.6945622288011333,6.092998486391707,0.908425,-1.808168,0.03172027446492735,0.042731,0.11182015654414715,-0.401376,-0.018878,0.00222,0.023853,0.414954,0.002126073694656648,0.28241278237514755,0.07975697964887246,-0.41327174448013254,4.821914000164679,1.123820862516978,-1.6939209679221097,0.04392434430187427,0.059336164650521946,0.14645103275204743,-0.5241780656450936,-0.025946923620492668,0.003317978292381078,0.03338924103002928,0.5287481158042083,-0.00036034366368318263,0.13269841910757316,0.017608870433649136,-6.97185250539369e-05,17.524973405199184,1.5291656938817313,-1.630257315453023,0.007972039271626114,0.010754215867298049,0.05684455704498663,-0.19980430790247616,-0.005364747157838997,-1.2109598221940668e-05,0.005389468709459052,0.20256415898898403,0.003007893644703993,0.3893963983497408,0.15162955504775003,-0.3390965077312542,4.445423252286628,1.549362272756001,-1.9297652598785526,0.061477514132126224,0.08287509590119678,0.20283423337655357,-0.7338310741427287,-0.0361328426438455,0.0046819446278705,0.04674225325735128,0.7337371488646544,0.0007590216073646093,0.08862915965587555,0.007855127941306678,0.15354300208536664,9.114063174452928,0.5862053160549731,-0.6540066901084073,0.007021100631313369,0.009466715915673964,0.040332841772564076,-0.13738507989237453,-0.004774617438034555,-1.9976398154214188e-05,0.0046920984776394085,0.14889748355631555,-0.0005097408454850942,0.08700720490429614,0.007570253705258174,-0.004971577700181218,17.77815165784762,0.997903519015421,-1.0004304060675997,0.007899177765906897,0.010654211939967743,0.038825495680797344,-0.1373020893450443,-0.005318405776388091,4.929940865088486e-06,0.005335806163579651,0.13369526768256296,-0.0003771784279610172,0.16625536526767581,0.027640846480288306,0.020679658939734336,14.935415495155269,1.7744943532620479,-1.7149629824186037,0.007961701590964773,0.010748799890090747,0.07127763301365314,-0.2653203960381768,-0.005290561400975425,2.8766543246258384e-05,0.005458238489115324,0.25057981150917,0.004966216152825356,0.4336070538374573,0.1880150771375996,0.4275487259554734,6.370025152818442,2.791503,-2.416103,0.048371379980963775,0.065313,0.21413103851495233,-0.742889,-0.029389,0.002997,0.035924,0.771835,0.007021359068707901,0.5824030952491347,0.3391933653557727,0.561498160937478,6.242659715033696,3.6533982803065963,-2.852417880375782,0.06785928976434948,0.09163450244913138,0.2918899905250913,-1.01333749594861,-0.041484899417960956,0.003902332222537289,0.05014960303117042,1.055244741058275,0.0006222673040271594,0.1918377452235157,0.03680172049244253,0.08174756639514992,10.49842641546761,1.4683961309144775,-1.693846141647025,0.00879082346555906,0.011858851894419167,0.08404366536609778,-0.30442270500644375,-0.005889848144008528,1.551667961072938e-05,0.005969003750410639,0.3059119992866131,0.009924596339966799,0.7645810224691655,0.5845841399199945,0.4676170486578573,5.2644728462871715,4.459231488518037,-3.5849394333666718,0.09306649352362786,0.12555708790225634,0.3902340419110604,-1.3511523074925595,-0.05776244005397367,0.004905409314895944,0.06779464784828265,1.470760428150442,0.00025986652550309637,0.30606783389974407,0.09367751894808131,0.0063321288635598575,9.616655372624008,2.1639382619820267,-2.14953233573378,0.023644168874919172,0.03184193906528681,0.13965060035540813,-0.4819307520242144,-0.015882310959183278,-2.7934085461599136e-05,0.015959628106103532,0.48450215698961785,0.000880090943751106,0.19645927093806087,0.038596245137514404,-0.02461019639499153,7.827872694437698,1.2593460608018183,-1.2947491306917753,0.007887036888506083,0.010631880184529518,0.08917388658345576,-0.327805657748822,-0.005304051617679816,5.026581130149896e-05,0.005327828566849702,0.3376094986015138,0.0002976723123128212,0.18706548222349462,0.03499349463950858,-0.06550607995551727,10.811775303220546,1.4698243769247192,-1.3850070710847855,0.00965025733321841,0.013016417004821285,0.07975050436085067,-0.2893851353183921,-0.00644427959817288,6.853038011457368e-05,0.006572137406648405,0.2796246445953322,0.005634047588186279,0.14262565223665558,0.020342076675931412,0.5864379806242663,7.541718250470037,1.279534,-0.793193,0.019816461252545874,0.026732000000000002,0.07315569110884794,-0.243607,-0.007491,0.006238,0.019241,0.244894,0.007968337694702782,0.1631502157192617,0.02661799288924163,0.24397139940144383,6.483636815084832,1.2937425634426698,-0.7958373049356016,0.026025308310672096,0.034960857820505856,0.08527771988305811,-0.2860627487146975,-0.00865064991370311,0.00920674166564072,0.026310207906802746,0.2801634839330883,0.0003021219318155437,0.11858462854803029,0.01406231412787432,0.05513395971684756,11.517404217601513,1.1128529947738157,-1.1411677874610395,0.007942348603989971,0.010717792857010015,0.053388158419418394,-0.19621382608746452,-0.0053015059241656275,1.0707888657936155e-05,0.005416286932844388,0.19664021574490906,0.011270790831822333,0.22078567027050705,0.048746312196797065,0.15661291526563048,6.398540434564822,1.4768882633297624,-1.0929853738225346,0.03618732230054448,0.04876334690232287,0.11557942361520028,-0.38456915375482026,-0.012182012212893747,0.012830696559546662,0.03658133468942912,0.3802719746463774,-0.0004992718554948838,0.06692978855666414,0.00447959659623977,-0.18511853720342325,11.558522046571948,0.5204957550739178,-0.6160945918212841,0.00684042723768442,0.009262300663826863,0.030476853958935176,-0.1030170540364502,-0.004716738624308984,-0.00015132145286506936,0.004545562039517879,0.10322088752300292,0.00042758325208369316,0.13885211479340837,0.019279909782601856,0.008736839298973197,7.759351037093129,1.1350697508927419,-1.0123997391345778,0.0088952407073442,0.011993799862452118,0.06453924012451881,-0.242627991905679,-0.006014446985001075,-7.008490842120127e-05,0.005979352877451043,0.2408385782552068,0.00025468120664702424,0.09401843638878513,0.008839466380992035,-0.007794501558929436,17.821474310619458,0.978517818184656,-0.89867955684547,0.006835777563471747,0.009199004761910195,0.03987104203577347,-0.13187465162119966,-0.004679053345519581,-3.153018327859457e-05,0.004519951416390614,0.14032751693227952,0.00025206886708020894,0.7457519731259625,0.5561460054212664,-0.0015602991606518978,0.921068365770167,2.267477,-2.257449,0.6815255530070922,0.919168,0.5623508950560132,-1.40494225,-0.45829775,0.0009245,0.46087025000000004,1.40403825,0.0003674473093165468,1.0545213116672945,1.1120151967605112,-0.0015614456722502375,0.923482523581479,3.213863963682188,-3.1540009421341972,0.9609934589133582,1.2959446506024146,0.794794174678176,-1.9774796901137086,-0.6465924068825308,0.0009016427697048366,0.6493522437198838,1.9895055436419264,3.403956531301568e-06,0.014085723545593957,0.0001984076078029,0.042771541471933607,0.1511143411340634,0.13926749592533252,-0.054298466810178435,0.014613766996857173,0.0197322149820248,0.011485997851786191,-0.021921403069665363,-0.009721631662146162,-0.00016578821364900825,0.010010583319878637,0.021912747440229606,0.000551625804265677,1.490561432292353,2.221773383437431,-0.0014881161821976839,0.932687872022754,4.501358533703772,-4.464640751682717,1.334217085914201,1.799463951404892,1.1217885299928214,-2.7952362074141863,-0.8962873830508551,-0.002503783154173645,0.9031765683540368,2.8065238582023717,-3.873950867137287e-05,0.04402532784133537,0.0019382294915370594,0.012785226206864592,0.002146843154192002,0.15965283244293027,-0.1655495025476936,0.0352326121547209,0.04746742368339574,0.03391940907918915,-0.08083813948368868,-0.023837264902155368,-0.00031836133161441526,0.02363015878124037,0.08096278663750243,5.8997486850300095e-06,0.004779193039811465,2.284068611178235e-05,0.3874700931865155,7.555023282899752,0.0883647071680428,-0.022008649968597378,0.0044854335079386595,0.006037069942014844,0.003681319603193125,-0.007695980373823647,-0.003046216623580397,5.33995640585017e-05,0.0029908533184344463,0.007570579153013313,-1.2909274315262814e-05,0.0193497046529889,0.0003744110701579004,0.00452885377260954,-0.3117356150622359,0.10238585242137693,-0.06637704694035454,0.020759581597591174,0.028047156025441437,0.015820195415943008,-0.03264005205268595,-0.014218908432706278,0.0001964407458332936,0.013828247592735158,0.03275755734537243
-5.738109756097561,7.645329149820288,58.45105780909181,0.8062594205229587,0.032558684572585594,14.3,-22.2,5.782148652171847,6.8999999999999995,8.733028455284552,-16.2,-10.2,-8.6,-3.3,8.784999999999991,-8.068953207733982,10.860838099151355,117.9578042159776,0.8308486409935112,0.039376734416010084,20.080008218709875,-30.170107869981862,8.409990263519644,9.625746182591179,12.37694804815567,-22.911899569220584,-14.363886190023987,-12.246731693200903,-4.738140007432807,12.330542501464194,-0.043217951987423606,0.6002091272403164,0.36025099642258235,-8.0091261619064,93.38353673250978,1.309973291607812,-8.3995617526599,0.26102140422146786,0.3581920912299942,0.2670842774526542,-0.5116212065962517,-0.17743430130070334,0.008180424577343803,0.18075778992929087,0.4504810693354308,-11.300914065232462,15.484834426602621,239.78009721929772,0.8513814187878808,0.06589561474562355,28.149723849585964,-43.61628058253747,11.778262393501054,13.820502033553165,17.553749734800462,-31.66458399519879,-20.42423911984619,-17.061566037667056,-6.603737086293028,17.77884513040975,0.12206860601504699,1.1605898506015948,1.3469688013194323,7.053511253895188,60.620883025010976,12.3086143354737,-2.5410691702582344,0.28304715476967596,0.380446994665999,0.3858312869798552,-0.4640944169675708,-0.20091369740763232,0.003227458371009684,0.1795332972583667,0.5766391297308948,-0.06013267810701548,0.484800208953861,0.23503124260170727,-3.383149980218843,17.872377016795763,1.0674937023373952,-3.425668967444489,0.26239229357624244,0.3363445440465807,0.27593162659470094,-0.5936152148688226,-0.15260953177563708,0.000583326167299527,0.18373501227094363,0.4639918005128042,0.09276376345108099,0.6845129091132165,0.4685579227426386,6.048616155039515,49.22114599862174,6.950579649857569,-1.0805140535189366,0.25662474237624666,0.34273280044594645,0.3030589504131623,-0.4865379711994723,-0.1547467373821406,0.03118619653390388,0.18798606306380589,0.6003641001804221,-152.46819105691054,13.432431569374781,180.43021786593627,-0.38220664067537025,-0.37078364011715825,-112.4,-192.9,15.641453405234095,21.82499999999999,152.46819105691054,-175.88500000000002,-163.125,-151.1,-141.3,-134.41500000000002,-215.53666906953723,18.452990122980776,340.5128444788261,-0.2662291363725304,-0.6997669964120816,-159.78698358746706,-267.4573123472021,23.043721261376522,31.556412447820918,215.53666906953723,-246.51294528882408,-230.81301181161845,-214.0388370666416,-199.25659936379753,-191.55929999731535,-0.15439220828862008,4.437854878095127,19.694555919032712,-0.09988380059088312,2.193139463049083,16.977607178334246,-17.00607233761242,3.5189415278210743,4.7313921093949665,3.2373870730527985,-7.041578643027571,-2.426953889222135,-0.028406631533112403,2.3044382201728313,6.968261284409294,-304.52372076724987,25.547932063526037,652.6968327225418,-0.2673218215349673,-0.7945403826686888,-227.42667416199177,-364.9883723511219,32.398259481499544,45.825727682685965,304.52372076724987,-347.2015909421195,-326.7670938438372,-301.5640826310404,-280.9413661611512,-271.27476214425997,-0.1302939959903649,5.122554757693993,26.240567245573367,0.09089453150741675,0.25992960561575806,16.92167342435984,-17.186137415422124,5.1367782261521615,6.895110517917292,4.071874645240799,-8.107001677840044,-3.5559764855251608,0.0035257824547780814,3.3391340323921312,8.11375040532595,-0.2176173835915187,3.5394427213427817,12.527654777666395,0.3428016799334975,4.049253871678016,15.587311578651121,-12.312065519164241,2.471356398250014,3.384210456476546,2.436319106624721,-6.162425645431366,-1.9776629333922926,-0.15654126077962108,1.4065475230842535,4.528830388239124,-0.4815343533348376,5.109233070945789,26.104262573246142,0.4446840648163193,1.5529764379437978,20.198086791620934,-14.497208222133848,4.305999025522104,5.75918431591583,3.8433329314420788,-8.61695922858463,-3.567064408853057,-0.6199798990750379,2.1921199070627724,8.430427767062934,-0.8019308943089433,6.366509676317082,40.53244545863904,-0.8463163624037484,0.33260067221173584,13.1,-24.9,6.301059428648808,9.0,4.997459349593496,-12.684999999999999,-5.0,0.6499999999999999,4.0,7.2,-1.1588937682591112,8.736171984270676,76.32070093875583,-0.7733447581324863,0.03776024420117885,12.62687207817667,-30.259620892754306,9.473013448000783,13.091424466827853,6.956634399736134,-17.16510308059584,-7.5172610594898845,0.6799213783957524,5.574163407337968,9.927415792325212,0.09995075357873658,2.133720055410946,4.552761274862891,0.21397429326393852,2.8781432445704924,8.840271608951905,-7.85889706320047,1.3354515360098833,1.7661012065830002,1.4559037308764566,-3.4148508023113937,-0.7969120994319812,0.11082784670997797,0.969189107151019,3.836705027355945,-1.7024672194465702,11.503910403667525,132.33995457560994,-0.38481684577287206,-1.130593634509389,16.31654067401972,-27.439152090348568,14.027004905333424,21.77705734158966,9.602584239403274,-20.320440960707554,-13.58802309310251,0.8697176920635712,8.18903424848715,13.48564570613227,0.0849822085381415,4.4080884672056095,19.4312439347111,0.2683761445043359,8.528416413145031,24.352759903004195,-20.958037019348,2.115582476920965,2.83052212768028,2.5292629896481977,-4.946014499400051,-1.3539652505272808,0.048490347888240734,1.4765568771529989,5.948787062962702,0.13788849651222645,1.4888244932175132,2.216598371604385,-0.030784814446634765,1.110814057912961,4.5989792462908055,-5.398816340134824,1.1564268351140983,1.5413985186893546,1.1098717000023504,-2.1682088684229157,-0.6618635852118575,0.12870980168604196,0.8795349334774971,2.6001174625836745,-0.053158328219413395,2.6007393660553815,6.763845250150147,-0.2998967839172755,4.081289238152679,10.237617897491603,-11.539440290163057,1.5883391279857069,2.1164474002252183,1.7093741876640693,-4.365082447760555,-1.1193377995634264,-0.0910680805630848,0.9971096006617917,3.8169707482894744,-0.686178861788618,4.431407220257274,19.637369951748298,-0.017828213245870455,-1.5448064797026924,7.1,-7.0,6.301059428648808,9.100000000000001,4.0615853658536585,-6.7,-5.4,-0.35,3.7,5.6,-0.9701995136895043,6.285784959540863,39.51109255759013,-0.00789325615249439,-1.5437755714211545,10.018232802262109,-9.922732832841755,9.027250748388704,12.866751676575742,5.764378457863122,-9.407863190407795,-7.617901942565879,-0.5486427008432764,5.248849734009862,7.9462563150079975,-0.008977308378083507,0.17980783920870796,0.03233085904090458,-17.51280113218141,355.6060072494548,0.4138614223793913,-3.698806992515519,0.05767040310507435,0.07767057559870956,0.055015347244255663,-0.09143076739423825,-0.03807402956737861,0.0003223132237643589,0.03959654603133095,0.09279774287194298,-1.3933034708444978,8.945612610590457,80.02398497875501,0.006278685046591946,-1.536866466988698,14.084089197657264,-13.865212652797478,12.819051067233028,18.50309518416281,8.201887697225867,-13.374716205684829,-11.138213235640738,-0.8043173868156156,7.364881948522073,11.509039995447266,0.027147187949607344,0.36723361055234743,0.1348605247193132,13.286210855663944,197.02018161231578,5.522122457501932,-0.9973529884541312,0.06746789968091689,0.09224221107335992,0.09215771425296646,-0.1299228031171411,-0.03926143301202881,0.0027688823835905207,0.05298077806133111,0.15681680584461213,-0.012017126656812335,0.15110584417437178,0.02283297614364953,-8.357530843739537,84.42740070914238,0.4369872847150675,-1.6258198493766247,0.05541764924453166,0.0756137518942647,0.05768976605163891,-0.09287177540966315,-0.04004643952982239,0.005009881465977016,0.0355673123644423,0.08876671028312233,0.012121513211922369,0.20220176004998183,0.04088555176731043,12.796343852824084,186.36587610095734,2.9972195375380273,-0.36246136103956383,0.0592891829165432,0.07773542112693828,0.06460364416201518,-0.1051166977118132,-0.03871667121526684,-0.001475714574695582,0.03901874991167144,0.10487714243165618,0.5928861788617886,2.717859145842228,7.386758336638245,-2.110362805880184,4.018173788127859,3.9,-11.7,0.8895613311033613,1.4000000000000001,2.228252032520325,-6.1,0.7,1.6,2.1,2.7,0.8464955754083605,2.949220108874198,8.697899250587936,-1.2837529184750283,0.6417612132005601,4.661035146849121,-9.02097245463818,1.432245146098108,3.5531069397846218,2.7275788967721373,-5.391998735016445,-0.6710630224394145,2.110101077924961,2.8820439173452073,3.6513986677566095,-0.05942179455736004,2.4492392513896153,5.9987729105475625,0.38716131570012907,3.7051287413073437,9.739352760113327,-8.261602725525568,0.49576452065122584,0.6835624080960112,1.3379735906993404,-4.273788920352507,-0.3888034362750614,-0.0002895391355267757,0.2947589718209498,4.757474283387582,1.2254425643820854,3.7905920412555765,14.368588023230119,-1.0239999765783783,-0.22773975526749357,6.505740388261719,-9.795117731430407,1.9181350836698838,6.127423186666563,3.689259660816654,-6.116276371962674,-2.112365284411099,2.972668248009639,4.015057902255464,4.943650843089273,0.04817260925513829,1.6920905490679445,2.8631704262450577,0.7880447131615119,3.9550698254658156,8.07771234449419,-4.880149220140754,0.871171211527852,1.0687364353466973,1.0575205553892444,-3.054541932574329,-0.5863182039941759,0.0014938909851135163,0.4824182313525214,3.000277244270624,-0.08200909360471485,1.8557908090904816,3.4439595271047043,-0.165591682215436,9.11094168552102,10.581759516414662,-7.822149019399591,0.23726083473639603,0.32102637164674086,0.8788813512969277,-3.6059203411744387,-0.14714299725358704,0.004963151498498168,0.17388337439315382,2.5435053430598895,-0.05001766430747377,2.8955422892537617,8.384165148856916,-0.06887178917636566,3.574984558982874,11.218331844963132,-10.19545872709051,0.6279495706183212,0.803884466122641,1.604392985600016,-5.733755009526109,-0.47070831124188117,0.03307595378580823,0.3331761548807598,4.998961097297055,3.3646341463414635,3.392514666211488,11.509155760460043,-1.8464279144177254,2.7730083309034157,6.8,-8.9,1.334341996655042,3.2,4.4434959349593495,-5.084999999999999,2.2,4.8,5.4,6.1,4.767479000127564,4.763725480250089,22.693080451183935,-1.8094114159217667,2.5889901776450506,10.585673520464058,-12.442836487858456,1.6705246765910156,4.531182529664935,6.276730903877296,-6.86017475265753,3.1822429940049566,6.873936136484202,7.713425523669892,8.585473961370782,-0.04300051338571997,0.44734208979551193,0.20011494530261587,-8.019111470840098,78.12466074687019,0.7186342525066179,-5.502762284178926,0.10610918155729064,0.14210064113429974,0.1593401669048292,-0.3562160593801151,-0.07038925686933772,-0.00013031191994006264,0.07171138426496201,0.26730143032110537,6.773125047590729,6.632758159726482,43.99348080541823,-1.8834455323270343,2.9817146906801213,12.929004345950233,-18.464779435156217,2.412386716674425,5.775543348490173,8.827182795952254,-9.295982152313904,5.057668720478068,9.693808596112197,10.83321206896824,12.008606597844063,0.10290153678422906,0.9094063712548421,0.8270199480788998,5.87709444706123,39.933988421940576,7.95062690356797,-1.55925343577143,0.17578109530556013,0.23359545009703053,0.3220439578754581,-0.4850017047778225,-0.1046455648505561,0.008150289803462663,0.12894988524647444,0.4855263255865314,-0.06021644163892954,0.3558230039835775,0.12661001016389703,-3.8809775285955457,16.994177273363153,0.39968774843234467,-2.2495810522881623,0.11056958038811024,0.14741941018459537,0.16460899715044097,-0.34638522296614305,-0.07310466671293255,-0.006366839647470678,0.07431474347166281,0.23967503780251115,0.05667976007077486,0.514665662401479,0.26488074405515316,5.694327841666266,38.72539145723923,4.570465969194097,-0.6538478976573284,0.14636484642666975,0.1961897910129414,0.20661018866682201,-0.35292553311059494,-0.09990734351052835,0.0015051403150889509,0.09628244750241305,0.3522690260543916,0.0010643032967679322,0.22391479854550378,0.05013783700767354,-0.566796346032904,5.819971681045763,1.1512,-1.525752,0.03251346665182785,0.04386,0.11301139193600564,-0.40691750000000004,-0.020126,0.001923,0.023734,0.41568175,0.0015063561573010358,0.28845960945737237,0.08320894628829978,-0.29975720671472716,4.698715726554219,1.26165518308397,-1.527471869980797,0.04496826203393019,0.06074427070060534,0.14906823718903228,-0.5434614219683911,-0.027778427420331108,0.002852440654309195,0.03296584328027423,0.5421060913999024,0.00016740329671314672,0.13060619903089193,0.017057979225296956,0.11953503431665627,15.627696582602692,1.385429503185813,-1.4434185782159408,0.008519107829614425,0.011485064333934814,0.0552825707742413,-0.19776407700283186,-0.005683787812010434,3.3245438932124585e-05,0.00580127652192438,0.1915660698511773,0.0021336355864522297,0.3963749366998443,0.15711309044380556,-0.21814937907727097,4.285052590197816,1.6388527383608031,-2.046379715195406,0.06278766851813933,0.08460352616323508,0.20592158627201165,-0.7776358218885284,-0.03871358069632948,0.0040591292339259635,0.045889945466905606,0.7561758137925318,-0.0018718196116599554,0.0962934652908372,0.009272431457717667,-0.1959035108708053,10.740542138841564,0.6465680790075659,-0.7383919637326583,0.007108370058482365,0.00959501891864686,0.04189103163150823,-0.14874967355641042,-0.005004831219645063,-0.00015391187915049346,0.0045901876990017965,0.14174364083818478,0.0002363585452961322,0.08484032316388339,0.007197880434552167,-0.08301003263581458,14.920757097052842,0.8283257410712012,-0.8738334093839851,0.008655891298802895,0.011647165771088744,0.037698526080425086,-0.1290740814296581,-0.005838035337059374,6.0637720357756554e-05,0.005809130434029371,0.13045239370072154,-0.0010368208465116684,0.16404571168073545,0.026910995520838983,-0.2347466965767323,13.500252459708538,1.576591202637492,-1.5477005771477106,0.008276999069338096,0.011180810297511475,0.06953767347841582,-0.2483226791351961,-0.005620012419984057,4.206348930765019e-05,0.005560797877527418,0.24961477608991145,0.004837376819692381,0.4291211184168155,0.1841449342712986,0.32982193158441225,6.211872255511105,2.89479,-2.335288,0.04890659938184429,0.065974,0.2110068268093992,-0.7528177500000001,-0.029629,0.003478,0.036345,0.753269,0.006840287270104561,0.5728086600930892,0.3281097610776401,0.4330225123951696,5.785186020578346,3.5594855214248122,-3.0162837285052695,0.06850699369957074,0.09243030892106172,0.28752855295351104,-1.029195722113619,-0.04175458969757323,0.004775892911387757,0.05067571922348848,1.0481746590669794,0.0003676190572142281,0.20036858078188433,0.04014756816454651,-0.03278126369598336,12.088136775040935,1.474235999085323,-1.8329317397285636,0.009310005388082585,0.012559710138283458,0.08485846820413552,-0.2922427732255706,-0.006340402869687746,-4.707619117494204e-05,0.006219307268595712,0.30147495282984477,0.009671735520922733,0.7581996596108104,0.5748667238339488,0.3424817277759316,4.967568365007672,4.148637915220395,-3.8348250026591817,0.09371237947065868,0.1264110801469574,0.3861691423807509,-1.3726674000416537,-0.057724717007683383,0.005569249497168511,0.06868636313927401,1.447941279275109,-2.4357284244304425e-05,0.2850217194298625,0.08123738054675524,-0.24638478227059962,8.167500352169196,1.9911397758300287,-1.9244429539063903,0.023773993831974184,0.032137085121938795,0.1308884875352525,-0.47679881835421445,-0.015503250934959792,0.00018608684799315228,0.016633834186979002,0.47442032135930456,0.0005199374491092477,0.19432971462932894,0.03776403798791642,0.01909228592369665,8.004854064174905,1.3749687471672292,-1.2558698282027632,0.008283720005085995,0.011177221842381221,0.08691747275960039,-0.3262822623531371,-0.005590971534615465,-5.018867677996309e-05,0.0055862503077657565,0.3279514952582254,-0.002678286536534276,0.20617897130523416,0.042509768208484566,-0.0868919522305111,12.464040113331523,1.6776285443648604,-1.4635841261247087,0.010098092105030886,0.01359582492714135,0.08450074558336083,-0.3165545718121925,-0.006937615643983386,-4.012097532304718e-05,0.006658209283157964,0.2807159912181446,0.005403993000617591,0.14050547095912608,0.019741787369445825,0.48767069209727437,7.272897136799999,1.158512,-0.833896,0.02035464585786341,0.027518,0.0715587463165015,-0.23533575,-0.008156,0.005996,0.019362,0.24082675,0.007644227082491207,0.16239223888892007,0.026371239251356083,0.2667066984401991,6.027260344458902,1.0146668009974662,-0.8681497958469372,0.026530721935842893,0.03587447522444189,0.08463971569191245,-0.28182700573632746,-0.00965464225584704,0.008569099086181748,0.026219832968594852,0.2814761590747396,-0.00023288588645416447,0.11449398724423594,0.013108873115083262,-0.008866626527432354,12.12556649486798,1.2310484958253751,-1.0441365400223805,0.008653770120715346,0.01168269736125235,0.05064130237945874,-0.17934741788942593,-0.005849320097316759,3.591861294311939e-05,0.00583337726393559,0.17884661975731583,0.010815972748028964,0.2198883631716671,0.04835089225831496,0.21563939361128348,5.78502577371243,1.3574060866944726,-1.0567856880135083,0.03692977757772929,0.049833933983908826,0.11531935221727643,-0.3876574511182599,-0.013468334328528519,0.012081035149092267,0.036365599655380304,0.38983323744245857,0.0012368628488230679,0.06618939147397794,0.004381035543695503,0.30375372625478914,10.587754482253452,0.5512930158706474,-0.5197189084549412,0.007068039335769643,0.009530626743109701,0.030170785169615195,-0.09972167439509451,-0.004751906012443391,-1.821717889566749e-05,0.00477872073066631,0.10994008347351039,-0.0003292183015090937,0.13637521746749673,0.018598199939307024,0.009765216588259615,9.3080450647706,1.0339640271682555,-0.9916413030698799,0.009816175243478803,0.013226565634789859,0.06190716764042915,-0.22425565023382504,-0.00668660604206203,-8.437022319189526e-05,0.0065399595927278275,0.22256227853831936,0.00017468763809181488,0.08726347623655613,0.007614914284887997,0.08429461058585976,15.977600133571464,0.9648655007280901,-0.8932011920758605,0.007480345684200912,0.010089650441208835,0.03731982086836558,-0.12598418856524635,-0.005027054422359918,1.5957909972677867e-05,0.005062596018848916,0.12750638208955048,0.00026272992088933366,0.7894667707435427,0.6232577821082373,0.0009697396362721923,1.206631261218468,2.437887,-2.44591,0.6772697433388718,0.9133635,0.581390253315884,-1.519815,-0.455334,5.05e-05,0.45802950000000003,1.5201594999999999,0.0004219452889637585,1.1163473008124238,1.2462312960311843,0.0008615651149867225,1.209077361963562,3.4075149868271137,-3.4606589362702187,0.9574333219445047,1.2921618511695596,0.8216997115004044,-2.1415049342421435,-0.6448094246546195,-0.0003549259768286265,0.6473524265149401,2.148635153520551,-3.403247649104912e-06,0.014356797827358068,0.00020611764385563338,0.10891423148975743,4.782138615688974,0.27015759623567676,-0.20619856864544708,0.014504007814673906,0.019562898526567007,0.011479368143955108,-0.021800709843657423,-0.009714330782861776,-0.00011221538397061803,0.00984856774370523,0.021867012070735773,0.0007401675555082384,1.5779943993398269,2.4900663243478607,0.000680589348395482,1.218062565120512,4.822423705028394,-4.834110220201338,1.3233894770982266,1.785331351355119,1.159505220967118,-3.0329323330727656,-0.8902076591147385,-4.419372396015364e-06,0.8951236922403804,3.033516449693228,1.5584726481896642e-05,0.045669992845003476,0.0020857482464626685,0.013577194386729238,0.13425999142240785,0.2604074320792171,-0.13770338427898976,0.0370400664036737,0.049894693017398364,0.034803434749953566,-0.08383176421467263,-0.02497488623262848,-0.00021227417643127425,0.02491980678476988,0.08453102086018802,-3.833896918585636e-06,0.005216210162637847,2.7208848460806354e-05,-0.6842497744151008,48.90209086872935,0.11053253569243257,-0.14631245717994432,0.004625490189230765,0.006240788591799605,0.0038692691471509705,-0.008165571808616677,-0.003140142242576068,7.432949736341188e-06,0.003100646349223537,0.008145137932453077,-1.742763840283837e-05,0.019622722097907528,0.00038505122253170836,-0.1314510190440896,1.2129871936667405,0.05103089200934173,-0.24928932862480757,0.020208693529503302,0.027168307739159472,0.01589977524072348,-0.03292266617059328,-0.013679643872163541,0.00019352206915729784,0.013488663866995933,0.032946324336724404
-6.173780487804878,7.702808294811129,59.333255626611134,0.8011418386602599,-0.06603476736499037,14.3,-21.0,5.782148652171848,7.800000000000001,9.023170731707316,-16.669999999999998,-11.3,-8.5,-3.5,8.3,-8.68510685027634,10.949247826710863,119.88602797073254,0.8259343583382531,-0.04814595503385988,20.25256096451523,-29.38152929401935,8.30795097890344,11.118116761875399,12.790544692298864,-23.802272589597546,-16.115317517353883,-12.095188035898879,-4.9972007554784845,11.850534577653546,-0.03107569904044315,0.5869392898219339,0.34449772993667616,-7.080262871444673,75.72325844497179,1.3750350259473838,-7.692686630209872,0.2532271742622789,0.3410205332584717,0.2681286355028339,-0.49818540814320267,-0.15191794055238547,0.02418012022076277,0.18910259270608626,0.4582608617926927,-12.176883876812356,15.632560381295459,244.37694407484844,0.8490713324670901,-0.012221153684598196,28.60815809964075,-42.02728596089265,11.715191112949439,15.845280010456994,18.15020194053996,-32.69274683332526,-22.883387654736964,-17.181067472035913,-7.03810764427997,16.800210146911766,0.10870393103846512,1.1195557740586715,1.2534051312281111,7.128988343482439,63.79501765286139,12.250385286966276,-2.5144697108473197,0.3136310351946081,0.39975840948901836,0.4035284326090792,-0.6003404913190006,-0.19923426697561536,-0.02868773482800524,0.200524142513403,0.6012927422043675,-0.044046696847162344,0.47834547242478515,0.2288143909892909,-3.8091012511870908,20.86088474050314,0.9103523479355294,-3.5633805115716535,0.21024995293829718,0.29723709395955716,0.25422713656651236,-0.5081831264938093,-0.13230744536521666,0.0289454434450944,0.1649296485943405,0.407130533112801,0.09051049316278209,0.6658070058319314,0.4432989690148816,4.724542858487006,34.730391431853846,6.181668022423094,-1.6303951580824336,0.27840163938100393,0.3809520540733064,0.3284838805810536,-0.5400716975064046,-0.16120804825632645,0.04451573171593663,0.21974400581697995,0.7163153380831918,-152.77235772357724,13.809858919780062,190.71220338422893,-0.3928052359829375,-0.4352244639949965,-112.6,-190.0,15.715583516159372,21.899999999999977,152.77235772357724,-177.0,-163.2,-151.1,-141.3,-134.4,-215.95846474763624,18.89472680297976,357.01070095924183,-0.2588089518825927,-0.7718141891951968,-159.1488999277498,-258.3837352807345,23.55715374364255,32.28632485566254,215.95846474763624,-247.5922423801593,-231.8742177151339,-213.80001071206163,-199.58789285947137,-190.71259357668777,-0.1557943667174195,4.8812621040242865,23.8267197281836,0.008260812668080772,2.1324200469236887,20.810392363256433,-20.30153503998378,3.5956703092143094,4.850009784423565,3.475534332761246,-9.262670280647953,-2.6100595315125252,-0.24427304041488007,2.23995025291104,7.783094401301382,-305.0968709939179,26.324564843886748,692.9827142199981,-0.26671675235840475,-0.8066839774752474,-225.54727722624745,-361.1085039639692,33.62211767481189,46.67990351676883,305.0968709939179,-348.76235583487306,-328.4952964636019,-302.37172121834544,-281.8153929468331,-270.2410869436225,-0.38581192561856015,4.372033050498382,19.11467299465019,0.03976456530594033,0.10528583405382097,13.108251515159491,-13.639213343882243,4.064648813081428,5.407695204619953,3.4410411484153345,-7.466372138780377,-3.0861543403025227,-0.08714412028579765,2.3215408643174307,6.5011742454974515,-0.21688411267102514,3.3859382385258527,11.464577755111556,-0.08110296902782585,2.869040114025391,11.312222989515053,-15.892396206181099,2.5400773308080997,3.4967691713027658,2.4011074802081644,-5.664331282653644,-2.0362371163726394,-0.22076405343961183,1.4605320549301264,5.631105287843667,-0.41794455499701133,5.946082784275617,35.355900477458874,0.022918052278252696,1.4925531584211722,19.289123960417978,-21.113753002463426,4.155801306972626,5.757997634799018,4.2684625269002865,-11.314138250184776,-3.3873263443319463,-0.35919903910437695,2.3706712904670724,10.229973706983829,-0.7703252032520326,6.1061522267459125,37.28509501619406,-0.6400554352085738,-0.47048617266210657,9.3,-19.3,6.449319650499368,9.725,4.95670731707317,-11.785,-5.5,0.75,4.225,7.0,-1.1168361203019022,8.393481852760258,70.45053761261579,-0.5270107925947215,-0.8462232953331572,12.065118236023213,-22.088135164214364,9.318681170670317,14.425656416071002,6.9430860293098,-15.656012946495489,-8.510613965691185,0.9824463062346983,5.915042450379817,9.699510205896633,-0.023637729385931252,1.9992386903831276,3.996955341124843,0.518851605404303,5.383704921325442,13.358950270320975,-7.593091407424412,1.3714508668718568,1.8591982780548342,1.3748701038950601,-3.3584087741207282,-0.9781552850160211,-0.034612151760479604,0.8810429930388131,3.217426543636994,-1.6511105778160886,11.49605455315572,132.15927028913237,-0.38309391289492023,-1.2011548377650654,14.803302922185189,-25.98935506973708,13.38094219129341,22.187205544686513,9.705434207650598,-20.529035687644914,-13.552185192250228,1.3339503650021438,8.635020352436287,13.357286659085462,-0.030408396139569926,2.853898967465509,8.144739316500699,-0.2289000935833684,4.097434475928115,10.187632955489194,-12.948288733220771,1.7281231834760415,2.290317318675639,1.8714088569469671,-4.5069253200848856,-1.1789624629799618,-0.03681810996575083,1.1113548556956774,4.9583993291425745,-0.03572491167428392,1.4238534007314565,2.027358506774534,0.42619972992312344,2.5668548327976968,5.607234438283018,-5.385587462771374,1.0869258002733162,1.452048278349181,1.009649041890405,-2.139927968518133,-0.8526778540538523,-0.051039677075169404,0.5993704242953286,2.306554079356368,0.032439248405758674,2.4199175964465356,5.856001173591578,-0.5992986331803228,4.468612524799819,7.787112372355583,-13.180686898804813,1.6278440775272978,2.1623268882570117,1.6610474264430217,-3.940005270480916,-1.0754592459300376,0.022678450567523704,1.086867642326974,3.9178157842819354,-0.5670731707317073,4.434525158896942,19.665013384889946,-0.04561309115890328,-1.5497981990175023,7.0,-6.9,6.078669095872967,9.100000000000001,4.054065040650407,-6.6,-5.4,0.0,3.7,5.7,-0.8016873658804462,6.288446251406637,39.544556256830184,-0.035652044328359,-1.549897537348466,9.916781670358036,-9.762297529865158,8.686423539230542,12.816148597384498,5.75202911653948,-9.353841919940681,-7.540795117163453,-0.0126977719865642,5.275353480221043,8.186665204300434,-0.006407998041584936,0.18031616310976498,0.032513918678627365,-17.422439752497585,354.19891204754776,0.5018118690389104,-3.703030942006323,0.057262171511600554,0.07837122176669778,0.056339549117367854,-0.10169846875725956,-0.03870329464709227,0.0032223100679852346,0.03966792711960552,0.09789188277352114,-1.1546324660634681,8.944144946093736,79.99772881673412,-0.021143655655716898,-1.544748133962282,14.025335979549814,-13.759521297646307,12.512947474281873,18.268033049434774,8.18024442136376,-13.22674372206173,-10.810191413790724,-0.10693904084299558,7.457841635644049,11.752964873451173,0.023383287188916687,0.36817948076335244,0.1355561300551718,13.337739195547183,198.61087063647994,5.542776754329097,-1.0948655709422255,0.0828133634206458,0.11369197912153872,0.0912893578246461,-0.12027455098724324,-0.0540544927786432,0.0014273733982337333,0.05963748634289552,0.11737171494756105,-0.009144043982733102,0.14907299781429756,0.022222758677341567,-7.91349584878993,77.5005561697197,0.3206252953171631,-1.5724707825950086,0.0602726182864568,0.08162523975089431,0.06257409404034919,-0.10370295896833936,-0.038911180319176994,0.00032839429701702824,0.042714059431717306,0.11610323857536586,0.012036327544393877,0.20443779855536331,0.04179481347816331,13.197787175195808,195.00743507522714,3.063968944349593,-0.4504311804558953,0.06226244965868501,0.08362615142592103,0.061760800232802705,-0.09102959315531559,-0.04023758229206695,0.0017438365337501256,0.043388569133854075,0.09858290460150257,0.5091463414634146,2.9209430351098145,8.531908214356536,-2.1387321233558567,3.9425037339700806,3.5,-11.6,0.9636914420286411,1.3,2.3158536585365854,-6.885,0.8,1.6,2.1,2.7,0.7283236367715742,3.124401984289045,9.761887759429323,-1.3342324094298657,0.8581774359224941,4.604491492959514,-9.721420576051365,1.5341148000702294,3.5538532291987703,2.7838652500099643,-6.020801843055033,-0.6933011028736045,2.0463606359797724,2.8605521263251656,3.7368737649448054,-0.020343512735686794,2.6857400161739458,7.213199434478027,-0.02317218649086119,3.279110008537309,10.120574669152061,-10.486355774488661,0.4213748561272278,0.5663143843398424,1.4647970062849442,-5.089154277867968,-0.30443136157464606,-0.02069752029967864,0.26188302276519626,5.198207204367244,1.0583940437349513,4.110626253144136,16.897248193037797,-1.0973473651622312,-0.07839389927783724,6.096397683133264,-10.672568622778353,1.9351818280022253,5.381144780272301,3.856574042325827,-7.51452079334715,-1.4301541666377973,2.954260123090775,3.950990613634504,4.865837095998758,0.10352302905507062,1.5548413791047007,2.417531714176208,0.2036813163283635,3.138349686159196,6.048449509304106,-6.357760447925148,0.829741412348355,1.1359171725569581,1.0118321130401278,-2.5298777860756765,-0.49175448327085935,0.04900282370743492,0.6441626892860989,2.927477667946837,-0.028317376156446215,2.0942992377325735,4.386089297167239,-1.176094276568008,12.373150935064567,8.557928915643746,-13.354466237757528,0.21604844482104854,0.2936659756234642,0.9383309864108852,-2.428337600640506,-0.16781103712087808,-0.033704685739168176,0.12585493850258614,3.0305760199228997,-0.13405826418360503,3.133885768368412,9.821240009182072,-0.07024852786979814,2.511947203511032,9.842398639497842,-11.11529892759429,0.5533588433181247,0.7600226795465919,1.7370920481537173,-6.692782787654906,-0.46264595570184086,0.0243223819566095,0.297376723844751,5.9833275181385375,3.0710365853658543,3.627355492446282,13.15770786858021,-1.5463701500256883,1.5393121491485369,6.8,-8.3,1.3343419966550423,4.2,4.326524390243903,-5.9,1.3,4.8,5.5,6.1,4.353019504489258,5.102540993964686,26.03592459509013,-1.5171550184916665,1.4340731869781873,9.642492681326948,-11.725108509613527,1.8581222584130594,5.884010981438031,6.107981539351187,-7.97513190478564,1.8399483122699374,6.8414857259311095,7.723959293707969,8.6058409638425,-0.03419536379941903,0.4371658369035902,0.1911139689556164,-7.495264158995178,69.05745773794962,0.8866870083327136,-4.833405288515357,0.10188586958656838,0.13812019884820842,0.16012015088000153,-0.3756435725510735,-0.06430829396451662,0.004050405486016095,0.0738119048836918,0.3012693647429813,6.194155006883351,7.132103346409819,50.86689814387014,-1.5658200447492843,1.6705244227967473,14.096294795158279,-16.72429039017672,2.6426430494683015,8.10296080385358,8.591804660834804,-11.838764984666025,2.837611668970376,9.738150939072755,10.940572472823956,12.096911053383364,0.09347587579226108,0.8996742356631402,0.8094137303160555,5.550443733003079,35.4250552788621,7.100918643443054,-1.3468960036268007,0.18631920648078992,0.25434179119269457,0.33358049595874334,-0.5715260388196388,-0.13200336951183056,0.01109727848937353,0.12233842168086399,0.5078532691172981,-0.04786791030921178,0.34331732080064636,0.11786678276173392,-3.6157548275038134,14.929886832411604,0.56216370635996,-2.010157512602309,0.10105220635843193,0.13280769798643358,0.15870362502938623,-0.4362933022805201,-0.0652323863775009,0.00673547553436362,0.06757531160893268,0.2529176098851975,0.053961040601121085,0.5062313112851726,0.25627014052550534,5.3626493980533345,34.15642125491922,4.0221563860268175,-0.72117763312763,0.15019117487463196,0.21068082712781888,0.21553620435942855,-0.37632472067890277,-0.11013953829011172,0.010791706133552757,0.10054128883770717,0.36632910689110587,0.0014563752816176675,0.2079550868806223,0.04324531815952717,-0.5197502755903426,6.108477210577137,1.129865,-1.27834,0.03048674941913069,0.041067000000000006,0.1032005227797402,-0.375226,-0.018402,0.00228,0.022665,0.38464424999999997,0.002059487809296948,0.26388433459802024,0.06963494204623989,-0.3582274976835257,5.39062226068822,1.311418194203402,-1.5480922353245445,0.04240239767207458,0.05715164129837255,0.13449685274942705,-0.48374419017116305,-0.02585800025172154,0.0031474692320778287,0.03129364104665101,0.49440040150787357,-0.00017359654158684377,0.12980159906555666,0.01684845511997552,-0.1446979791148209,10.654403192146642,1.1271068461474758,-1.260035845190832,0.007263145539140839,0.009796520772650183,0.055138326437794476,-0.20437117561605694,-0.004881530234231279,1.5688378980279534e-05,0.004914990538418904,0.20352977129596872,0.002912022989697027,0.36180439338274645,0.13090241907105712,-0.3241802384746168,4.898679494993335,1.6773698904919432,-1.9064762197856835,0.05939498693883417,0.0801495971475856,0.1857658855653965,-0.6921890900231333,-0.03588407299109776,0.005157349769709359,0.04426552415648783,0.6765662507457219,-0.0009079504450282528,0.0913423354848775,0.008343422251831911,-0.06571933981353605,10.472056106954723,0.6527188714673722,-0.7997385049762069,0.0067380627078709645,0.009104152430177242,0.03968170852790796,-0.14318773024434217,-0.004742972204746577,-8.253939114988827e-05,0.004361180225430665,0.14099357218371522,-0.0002450082846499816,0.08623436114115948,0.007436365041423917,-0.12424242006215529,10.583073894235628,0.6286875591990975,-0.7660936133197105,0.007141879966835306,0.00963314488863661,0.037989533121154044,-0.13920109421780416,-0.00485503400881616,-3.4941507968688756e-05,0.00477811087982045,0.13425635659095445,-0.0023016790403503477,0.16201736849580228,0.02624962769430459,-0.11788327156038414,10.073264811151823,1.2304088360573069,-1.3970373816492028,0.007445473777657574,0.010040701505376538,0.06860484058816428,-0.2650722142674859,-0.005079633574220692,-2.537313993897553e-05,0.004961067931155846,0.2465132511327851,0.005487755945261871,0.42132782304176,0.1775171344691086,0.45238416554807065,6.593494455611554,2.680765,-2.281752,0.04578868691632701,0.061768,0.20279790452813393,-0.735468,-0.027226,0.003358,0.034542,0.75405,0.007760468805279183,0.5589463062793844,0.3124209733033674,0.44752296050575197,5.999074360093445,3.4146568043312393,-3.27989398697063,0.06441479739192853,0.08691102830896807,0.274419147638123,-1.0123650923435203,-0.038142466292534774,0.0050434190660237814,0.0487685620164333,1.0148115653142313,-0.0007442846985809472,0.2063576272123151,0.04258347030869681,0.041606400152066216,16.253339502456843,1.9325645892580279,-2.3523645279977474,0.00806059295680472,0.01087616160202202,0.08284840213906335,-0.28692688725440707,-0.0054305958229775,-2.2800334800628097e-06,0.005445565779044519,0.28359557180639194,0.010973964588874134,0.7394015345993267,0.5467146293678392,0.3282471315461989,5.125460351276061,4.155534854908513,-3.845974501493098,0.08857080504287847,0.11960329619506195,0.369106630392292,-1.332745437425749,-0.052441380797257145,0.0064962798877650175,0.0671619153978048,1.4226630997506895,0.0020015819848219645,0.27932144704886314,0.07802047078147085,-0.13903468108242073,8.97118627678918,1.7753371620039191,-1.985531122288769,0.01990707402874158,0.026859828337018235,0.12394427806105848,-0.442817092443501,-0.01314003370026215,0.00018401021564115475,0.013719794636756084,0.4624546928664431,-0.001052537742265432,0.200274367021736,0.040109822085957016,0.15465007740156186,13.298517878101084,2.0665953960783474,-1.7958584046634887,0.0071888577448293795,0.00973315721205869,0.0836212401629524,-0.3140755407091578,-0.0049386805553672045,2.659199782068284e-05,0.004794476656691486,0.2951957826032066,-0.0018928064786162275,0.21222471849579327,0.0450393311406187,0.07896806539621323,13.712161732165104,1.7907787433577602,-1.839357449595747,0.008570672741098984,0.011571788692206816,0.0838973826862645,-0.3051961478344331,-0.005973113827931958,-0.00013335464993768518,0.005598674864274857,0.2725327872419904,0.006853553180541263,0.12832961350225286,0.0164684897016376,0.2776742911098897,8.74644313140165,0.993945,-0.940705,0.01874009204191081,0.025280999999999998,0.06411745674908909,-0.20403775000000002,-0.005435,0.007569,0.019846,0.217134,0.009693538684048111,0.1455941925972322,0.021197668918039942,0.2366279768012351,8.148816659165375,1.0378349460742278,-0.9387224763282499,0.02489962926403459,0.03362107790340798,0.07412489476073648,-0.23593171467906696,-0.006322897941405057,0.010844659999403374,0.02729817996200292,0.2414335581219872,-0.00024665560105504496,0.10833530720500292,0.011736538787202358,0.06357771985931966,10.491671570207139,0.9133673851679808,-0.9472289932579109,0.007259981257024729,0.009792680272758645,0.04733429815850671,-0.17369157397771023,-0.004898751407092245,5.659950808279421e-06,0.0048939288656664,0.1688578338127319,0.013711921735684475,0.196219530651237,0.038502104208991736,0.19773516247739611,7.5292970663521555,1.2411458479871893,-1.1002299237658442,0.03459242504164779,0.04667458064504355,0.10097545604404067,-0.3144091964176104,-0.008946677798608797,0.01501307902832091,0.03772790284643475,0.33104681395605257,0.0009822481939690385,0.06233238023602342,0.003885325625888203,0.17390980588469548,10.91213639968074,0.45066696760506253,-0.5162429028656722,0.006446563155556639,0.008696011749853017,0.027728508636764473,-0.09189422011920842,-0.004403697970888925,-5.5496341868902475e-05,0.004292313778964092,0.09973181664163316,-0.0003488173228271386,0.1267800477729574,0.016073180513313363,0.1750230734926392,9.465764440684005,0.9480875878347872,-0.9654403613776605,0.007893613377383042,0.010649699832061425,0.05601360561857729,-0.20881831954935798,-0.005369659687894285,3.559919646364972e-06,0.005280040144167141,0.20505916289555076,0.0011698752447899603,0.0859920059467478,0.007394625086745509,0.26660728964982594,13.369103070886492,0.8709535570529745,-0.7806791693341402,0.006500027741197547,0.008761548995422336,0.036266948114460115,-0.12101642139630482,-0.004370342068934893,-5.7466696758806164e-05,0.004391206926487443,0.13288116751737117,0.00019376950463104606,0.7874294047385267,0.6200450674468706,-0.0008826946431391931,1.4637911903150513,2.573039,-2.588309,0.6640226925165242,0.8952125,0.5768938277751509,-1.49715,-0.44563975,-0.0005855,0.44957275,1.49818675,0.00023427675054014943,1.1134604822532772,1.2397942455397006,-0.0007685864549359683,1.466474568918053,3.640809374646346,-3.6535966423094193,0.94215334906227,1.27020995516872,0.8153132923964702,-2.1194787375356965,-0.6313069829957977,-0.0004798742107944929,0.6389029721729224,2.113213373721652,2.3596509712022738e-05,0.014597825950621215,0.00021309652248463018,1.503129400060968,44.89859064980927,0.4656470098709824,-0.0877435494320497,0.014145015220097108,0.019035844646346188,0.01143873002360395,-0.02253784942090676,-0.00927546753971666,-0.00019726164107316743,0.00976037710662953,0.02261596387653324,0.0002164044914096661,1.573717634054246,2.476587191733294,-0.0005208196423848065,1.476396601588518,5.124533902258138,-5.0933047718827185,1.3167260779698704,1.7763077398181055,1.149803509614951,-2.9780412625650543,-0.8863244311485723,-0.0033836924071267496,0.8899833086695332,2.9856964478899783,-3.4401793074906966e-05,0.05169131676694108,0.002671992229100244,0.0496529389933809,0.8152958088490494,0.5672821551267684,-0.3861178403304177,0.04156138231752467,0.055872806648595764,0.039135691291332576,-0.09249994843729921,-0.026807807089403696,-0.0010345463759158305,0.02906499955919207,0.09354196635621922,3.263599637965071e-05,0.006189776283512032,3.8313330439928015e-05,7.015274296824216,291.47083698749105,0.27904915296380967,-0.06303002173009593,0.005465011784529067,0.007374044923512444,0.004407945635943752,-0.009083492085291285,-0.0036517783468015285,2.685643599032578e-05,0.0037222665767109157,0.009070531651365473,-2.993961825088294e-05,0.019699789418450277,0.00038808170313128554,-0.42347637347685924,12.85183718448081,0.2486455397024408,-0.4223816753433742,0.019329022564411744,0.026033361782751646,0.015659073147417112,-0.03266931344947129,-0.013321942167623751,0.00024349614471051609,0.012711419615127895,0.03283328610913514
-6.058290946083418,7.512819151696186,56.442451606093,0.8472265678488032,0.19158289177216759,13.6,-22.6,4.744327099217927,6.1,8.924618514750762,-16.59,-10.2,-8.6,-4.1,8.5,-8.521563173904239,10.665707147053517,113.75730894670846,0.8727204756979043,0.20611277869426647,19.23252257670756,-32.42699970593505,7.070475787369699,8.513807423835484,12.641804793767744,-22.959526375125744,-14.439082300175663,-12.31559330001883,-5.925274876340179,11.909308452772072,-0.03168236193332198,0.6157166551892185,0.37910699947739895,-4.089979922004953,79.59928897992546,5.825885481424674,-7.929551939524581,0.2635110265651663,0.353867241434336,0.28082534749251065,-0.5637765005717519,-0.18344239897585352,0.021156870337390332,0.1704248424584825,0.5134645003794831,-11.923361688462048,15.2032562643058,231.13900103815357,0.8946764070498809,0.21626515028878934,27.21307162010852,-44.48356301988376,10.175174049744886,12.123635331633707,17.90599288310851,-31.80208856650986,-20.255415848993042,-17.448175216793643,-8.131780517359335,17.240786937483946,0.11977062725533692,1.117474365731023,1.2487489580659525,6.784362387030101,59.496771893572735,11.812276919939567,-3.559377544720765,0.2781185811285559,0.3722672079002335,0.38061301789613944,-0.44787124055951977,-0.17398146020184496,0.0030154461727973647,0.19828574769838853,0.5851511433456077,-0.04510425191373428,0.4798629948965832,0.23026849387111822,-2.979834886458772,20.71572721430836,2.008406999497337,-3.514857123461387,0.23163183845738763,0.3209934748515755,0.26744337955750586,-0.5513528012596394,-0.17295586723739775,0.007205743714182458,0.1480376076141777,0.47941822877477613,0.03053640962562381,0.7190590306781555,0.5170458895998085,1.9980679736018316,40.86424535519575,6.327011215064489,-5.513546158420402,0.2888779948965972,0.37275872445708,0.33445037833405966,-0.5962770290629855,-0.17601720767670692,-0.013179256179591283,0.1967415167803731,0.5960002157682978,-152.29277721261442,13.550123171528389,183.60583796359057,-0.3499484852474153,-0.35185535161950066,-112.2,-189.0,15.122542628757124,20.75,152.29277721261442,-176.99,-161.95,-151.1,-141.2,-134.31,-215.27553370209458,18.580056387513554,345.21849536318325,-0.21312939541933038,-0.6633728898540885,-158.4186169133573,-260.19106398953335,22.20491165139712,30.610174248009457,215.27553370209458,-246.51198788480386,-230.3296243351756,-213.71836065702135,-199.71945008716614,-190.3359668059354,0.1570374228654416,4.602754785977637,21.185351619840038,0.09230942571775148,1.9473335404562588,16.11140677052408,-15.568613662803639,3.106470984054037,4.1193557672327294,3.2392797039184407,-7.534797510577405,-1.8577253037208488,0.06766830312020744,2.2616304635118807,8.301425695260281,-304.1716625185164,25.75992833018287,663.573907576158,-0.21655355280396307,-0.6756580852032754,-218.89362296016645,-360.07167986656236,32.604850194052545,45.5823866630912,304.1716625185164,-345.81242150495245,-325.6758533159802,-300.3317288180796,-280.093466652889,-270.0753226973963,-0.07065835292958332,4.921266688322143,24.218865817589194,0.07490805300032569,-0.18917695672824575,16.403438159870657,-12.253532756040276,4.8121239962392135,6.680045300044131,3.9792525879036726,-8.047569770618026,-3.469285621142485,0.017132833038523643,3.2107596789016455,7.978121279405837,0.21706531937617093,2.825046175595462,7.980885894246548,0.37611399370656184,2.14758367346872,11.914270706831319,-8.755424396857524,2.045532532591503,2.756956158765108,2.0314413621378313,-3.9298815332334147,-1.2505506639507238,0.22902771533847832,1.5064054948143841,4.662394553995304,-0.45892111246671635,5.796956085124928,33.604699852866936,0.34942491338401427,1.8648408436470136,22.091314597656478,-19.229544638961425,3.898471864337343,5.117620685117632,4.061933490312428,-9.869034631656291,-3.2687488102021414,-0.3697066700991803,1.8488718749154902,10.009381407787224,-0.8429298067141404,6.153781092271138,37.86902173159376,-0.564096393423713,-0.5887083922846692,9.7,-18.1,6.671709983275209,10.1,5.026653102746693,-11.9,-5.8,0.5,4.3,7.2,-1.2147802279277855,8.443970090939656,71.30063089668347,-0.4299350908656257,-0.9581460792735319,13.43423170482613,-23.39546932999153,10.21672192913418,14.736436550332698,7.044063564657272,-15.522682057185458,-8.971599148855539,0.6694220552877576,5.76483740147716,9.962119140009039,0.07414226293575531,2.059850611649316,4.242984542312062,0.2696222860857882,2.4023442770254144,7.9653807097279,-6.836798139449376,1.3111560013041874,1.7514507299594726,1.407438776748569,-3.3207524134411224,-0.8268276325846553,0.04829031711253512,0.9246230973748173,3.6765761414654143,-1.7813265083958159,11.640077802422361,135.49141124644578,-0.3418659796797814,-1.1912015575693788,15.78660779807047,-25.034707566130777,13.860998749365221,22.591228936233993,9.759855560125047,-20.564284791510207,-14.05904563529937,0.750080963055251,8.532183300934623,13.788774155738366,0.39228820182091634,2.521269651492569,6.35680065553746,0.6366583162529086,2.3233642711302167,10.471903298349897,-7.284082764923642,1.9006480129499377,2.630141651079687,1.8167685933166615,-3.163703757934547,-1.0595939965090075,0.33234004137331785,1.5705476545706798,5.174556403425174,0.10380019787801281,1.4835550467268552,2.2009355766687215,0.16355410632774203,1.5538402524100254,5.761339788252648,-5.3486369965093905,1.2170969391457966,1.6364433091879653,1.092446316715214,-2.1844352918233367,-0.7255774686888452,0.02824101247996516,0.9108658404991202,2.831576966375474,0.10396082025324752,2.481896878248845,6.159812114261363,0.09223604905628507,2.6990336193379134,10.264398413166576,-7.972080808949173,1.4720477199026374,1.8969955091026087,1.6619525678772544,-4.100442900378799,-0.8323642649361231,-0.0030515421322893366,1.0646312441664856,4.810554755683311,-0.630824008138352,4.5333146865575635,20.5509420473585,-0.010893344349874098,-1.5335012587899297,7.4,-7.2,6.375189539574088,9.100000000000001,4.146592065106816,-6.8,-5.4,-0.3,3.7,5.889999999999998,-0.8992988055102896,6.432161142129018,41.37269695831447,0.0012312610700516149,-1.5336168461522448,10.438272921483234,-9.864752167759265,9.048359626131019,12.906855216350168,5.886885307216389,-9.585139880889953,-7.686361679725318,-0.3563740608434882,5.220493536624851,8.321004192390289,-0.008686398652376394,0.18494074895721221,0.03420308062485459,-16.800977388817522,337.0045132587234,0.4745506160502359,-3.753747482994181,0.05531557171253006,0.0740188269121439,0.05915858365601314,-0.12020877105121656,-0.03439786499395622,0.002215070948096365,0.039620961918187675,0.09755229735654207,-1.2915320852912326,9.154246933848357,83.80023692587206,0.016181396038412073,-1.525198684087392,14.720239115991973,-14.592496601941702,12.95750388721246,18.28253489336153,8.374404297410926,-13.514887909761352,-10.889606526823048,-0.46020380855699333,7.392928366538482,12.138184229702867,0.018722233936413937,0.3737311199151323,0.139674949993019,12.891425092676304,189.9760287091937,5.560344915218736,-1.1008614419297738,0.08144834583288522,0.10620128882099808,0.10103915341200317,-0.1513031605003876,-0.05877610389215093,-0.0013479585254021487,0.04742518492884715,0.17409942905655715,-0.012355848001352504,0.15136377784617525,0.022910993243866296,-7.232250748680876,66.94745570563116,0.300627853379842,-1.511183976201365,0.055895189175464446,0.07220064885361477,0.06439607316594849,-0.13649327974897824,-0.03127543917773134,0.0028929463415133753,0.04092520967588343,0.0986638831331155,0.01345053171876599,0.21067763035248843,0.04438506393093976,12.80093172177756,187.17336035658295,3.1269515448351295,-0.3946761685885732,0.05914962909770687,0.0783298872581834,0.0659163356312467,-0.10880887518988816,-0.03597661335093004,0.00027629443467582914,0.042353273907253366,0.10202588605477678,0.5733468972533061,2.875734536394633,8.269849123812856,-2.1786316949009756,4.2768838324331,3.6,-11.9,1.037821552953921,1.5000000000000002,2.2996948118006104,-6.59,0.7,1.6,2.2,2.8,0.823399623148593,3.129663057114937,9.794790851070013,-1.371466773524043,1.0228266589155162,4.903514401800761,-10.163659511929822,1.480315079109999,3.8099241133979307,2.844174225322855,-5.81814863975022,-0.8634885573424577,2.148276816935967,2.946435556055473,3.8421056680483887,-0.014826667774479227,2.5793426864605733,6.653008694197648,0.39400805276561773,3.716121958990165,11.189310797760687,-8.624666990666274,0.5438679957354092,0.753908077340127,1.4270244727964503,-4.766240968434185,-0.41203252563992654,-0.005318394130643889,0.34187555170020045,4.877595563608168,1.199149252708004,4.0307961800632635,16.247317845212596,-1.100184473347001,0.016502086192630383,6.355961920078502,-9.899818380340841,1.921543199518437,5.852577693890524,3.8477491622166924,-6.321024780507452,-1.7636039652595168,3.0129989183919563,4.088973728631007,5.146802336441434,0.17489772574595308,1.770862662897437,3.1359545708442016,0.7710116082477335,2.5898293383070925,6.592392401241723,-4.713453085960646,0.8910856048604586,1.1797846938160257,1.1386471223290062,-2.691791189239454,-0.5238458218489221,0.05169379905889945,0.6559388719671034,4.01858208269923,-0.021773701949376147,2.0371073459586815,4.149806338958823,0.9400540776955321,9.024598824549265,11.15051361308294,-8.336160752467489,0.26080366183684933,0.36031561745006657,0.9808574983861987,-3.6642540643680346,-0.16557032675241085,-0.0027983303387847914,0.1947452906976557,2.610334024650673,0.12347908378256489,2.9926089165675376,8.955708127519532,-0.39304361502297935,3.352749995110625,10.91878781431434,-12.181998851115843,0.6776105805196586,0.8855943416945958,1.6970727516697304,-5.87757675554843,-0.3807143982626333,0.03289027681191388,0.5048799434319625,5.4432493055626825,3.1979654120040695,3.513420850692872,12.344126074083427,-1.6699823860897471,2.0542494394712394,6.8,-8.5,1.3343419966550423,3.45,4.353204476093591,-5.7,1.95,4.8,5.4,6.1,4.534167016568169,4.930277615789329,24.30763736875331,-1.6559947306688254,2.033390327038548,10.76833047608889,-12.04366970685684,1.891138338164599,4.887391971724634,6.136648045251785,-7.757615272903678,2.7604148132980946,6.79913138460717,7.647806785022729,8.67697677617936,-0.01890769734787458,0.49159809147762135,0.24166868354443977,0.2805203953370075,91.99336271513224,6.414230287640971,-4.43051808981455,0.11249242114680398,0.15062038161394042,0.16789841626361818,-0.3181083824059911,-0.07107460185372413,0.002963552770731015,0.07954577976021629,0.30154626158623565,6.444400606634358,6.865139226235913,47.13013659560303,-1.7012525835990033,2.2533070755000626,14.392438265320916,-16.79453460868157,2.4381234391535287,6.6474552300140815,8.623657193287908,-10.91279508636922,4.06583511706887,9.616582534346119,10.713290347082951,12.120941347171243,0.10229924478650772,0.9680258468230786,0.9370740401175385,5.2245203612828215,36.16864051463601,7.424215890421279,-3.746313617100635,0.17713118359605293,0.23802943798305376,0.3347002396875351,-0.5509088604452552,-0.10499969933177705,0.023699553977581934,0.1330297386512767,0.5002990388400086,-0.026998356558682574,0.3691161720426549,0.13624674846342283,-0.9085271176984124,21.823488080938606,2.7035340668221024,-1.9192332996993757,0.11350078537540384,0.16061892491146645,0.1637395521724873,-0.3407021460150781,-0.07367426836515281,-0.0005500387025837786,0.08694465654631364,0.2574366740237714,0.026005684853531053,0.5829455684179743,0.33982553573815516,-1.3412001056215763,54.23024574854349,3.6986935784164943,-5.84878392347037,0.15237295314982155,0.2057738280004084,0.21450787839986082,-0.3404475583590682,-0.09923546518102651,0.0051935430388858755,0.1065383628193819,0.36682815025885207,0.0013639513685310422,0.2141590409197175,0.04586409480765323,-0.6455991575285728,6.6628158903878685,1.188583,-1.388822,0.030222846224236696,0.04077,0.10577748606797666,-0.389237,-0.017927,0.002517,0.022843,0.38375225,0.0019280221077322167,0.26885960194154257,0.07228548555616474,-0.44377549998963073,6.017298705155696,1.3825863047437246,-1.6843234960565003,0.0419450155834007,0.05661107723937725,0.1361194566019634,-0.48625083076534087,-0.025315371220278222,0.0033620812155308573,0.03129570601909903,0.4898829715653046,-0.000214004848010628,0.13940840507907537,0.01943470340669157,-0.053858960202989886,7.944670237187209,0.8886244698145448,-0.8791210928851868,0.0076416737675362185,0.010309602420478618,0.06162583061715953,-0.24053949538835198,-0.0050934647028253914,3.718261513116749e-05,0.005216137717653226,0.22957251109377366,0.002724061714649015,0.36679817615659205,0.13454090203180233,-0.40348195611746046,5.382000063314338,1.6966134855474737,-2.143612063718462,0.058396828512149584,0.07873393810694948,0.18762379329864584,-0.6891629074191377,-0.03467458264985941,0.0053896919761890665,0.04405935545709007,0.6779745572927831,0.0007673233342476856,0.1000221148378244,0.010004423456630933,0.12522596690925322,10.846340137689475,0.7166254305531612,-0.8899069178268305,0.006946703431127285,0.009372263814185083,0.04344845977957875,-0.14782028141977221,-0.004754630344093193,-6.121446425709845e-05,0.0046176334700918885,0.15706635040240485,-0.0003025809215927179,0.08793854583640913,0.00773318784382223,0.06199777080830674,9.544426883360416,0.6898991495359692,-0.6976100414107471,0.00749650539888207,0.010138521933702016,0.039870100126081214,-0.1439253660433627,-0.005220702079452465,-6.45886100751982e-05,0.004917819854249552,0.1436014716215692,-0.0008751109452797826,0.17643325319904216,0.031128692834397318,0.023600818135289737,7.339711327726189,1.0339206345739715,-1.0135096813330167,0.007655865557211286,0.010322059117876084,0.07793129412038939,-0.30036851055155206,-0.0051737287990358885,-7.633970196158996e-05,0.005148330318840195,0.29420813905710674,0.005593848634371463,0.4351122971809122,0.18932271115805047,0.5515495047667199,5.790895043691428,2.688877,-2.233924,0.04605555531565802,0.062128,0.21393085853191307,-0.780277,-0.027346,0.003298,0.034782,0.806084,0.007908471632795233,0.5767758064322993,0.3326703308856292,0.5789288277704373,5.504526005468097,3.7045722322945704,-2.5427846674544394,0.06453704785844483,0.08695676095077352,0.2880848309471923,-1.0445341721085064,-0.03785310575576242,0.004929528973991815,0.0491036551950111,1.0927921989932328,-0.0004815468679999959,0.2143411647806021,0.045942134919505224,0.11242200634923202,13.886612378103194,1.8956923277918405,-1.9080502484127988,0.008658662295153836,0.011667475038077656,0.0881685537688667,-0.3057098446046267,-0.005952790528718125,-3.388564716768673e-05,0.005714684509359531,0.3100371325017783,0.011177292212203786,0.7581921719182084,0.5748553695580502,0.37138443563380197,4.63428437818491,4.302866346738859,-3.325715235443513,0.08843380423808334,0.11917142654555195,0.38539004908739183,-1.3998825979756173,-0.05163619262197629,0.006511967540681389,0.06753523392357566,1.4901848267772837,0.0010812101739182383,0.3006148619970253,0.09036929525349056,-0.09410430958649035,10.39424641017849,2.13789777932753,-2.234941098033447,0.02309000569877008,0.031140222557229213,0.1335358227302782,-0.4509115291073014,-0.015326225288660341,4.035841398983579e-05,0.015813997268568872,0.4815272153826215,-0.0006811156998538655,0.20413326506704274,0.04167038990693153,-0.04363468360242042,12.354349057239167,1.6211240569517535,-1.595697575039479,0.0076662402642575485,0.010343809913917992,0.08626604660500127,-0.318741774779815,-0.005177772830731977,3.511873882735094e-05,0.0051660370831860146,0.3052099296853902,0.0006908659760610205,0.22404780410692693,0.0501974185251359,0.04222139044098994,10.545770471234846,1.5315768875132916,-1.5972379450288554,0.009385374342236656,0.012664704177698632,0.09317123995792731,-0.32663716377346785,-0.00641590250726951,-7.757331773210869e-05,0.006248801670429124,0.33580371132398956,0.0060904404696252865,0.1323078302333719,0.017505361941062756,0.2482899497312906,9.56955286565133,1.260906,-1.025741,0.018023995170372606,0.024374,0.0648156155196935,-0.21589175,-0.005495,0.006903,0.018879,0.222032,0.008614675783555674,0.1496498057385115,0.022395064357574226,0.3033551763519458,9.013269727321454,1.2380173167239166,-0.9536561272587375,0.02387495225612599,0.03216108291906327,0.07467685311765886,-0.2407820330012993,-0.0064713982773108945,0.009991164466334895,0.025689684641752378,0.24317391242504335,-3.661048088220667e-06,0.11230602941985962,0.012612644244054375,-0.0797597141959697,9.87617850892621,0.8298177435652477,-0.959096549723942,0.007606584193261193,0.01026235584165219,0.05016007724241563,-0.1776241783041649,-0.00511286761953671,3.0065796458342926e-05,0.00514948822211548,0.18157730887298482,0.012187339179743512,0.20069660449098367,0.04027912705421032,0.19511214572544486,8.00634138650266,1.327236886948193,-1.0421430503952265,0.03316553204117743,0.044503534019376664,0.10118697349462341,-0.31993371413819205,-0.008888642167859822,0.013920179293306838,0.035614891851516846,0.336391629032098,-0.00031111688123939993,0.06710612952254807,0.004503232619496998,0.06815034747699136,12.966339772919252,0.5192469932287695,-0.6008376228856688,0.006658672541424125,0.008975983315298919,0.029945480140586178,-0.1025412786180605,-0.00457005238572944,-6.052482806964427e-06,0.0044059309295694776,0.0993268531626002,-5.342672063372309e-06,0.1292864679123861,0.01671499078526044,-0.006470637583573638,9.237010101373103,0.8979038603600011,-1.0784473138363664,0.008567859836281777,0.011542385653930908,0.05831483787813188,-0.2102274404658821,-0.005744661894123746,1.2068586758971848e-05,0.005797723759807163,0.20982348444925158,0.0006868103464905308,0.09222496679337808,0.00850544450003969,-0.04893421681371958,10.737485228212034,0.683225186555379,-0.7363960344821259,0.006571075223315435,0.008873642480493625,0.039982365720506764,-0.13821191971958302,-0.004312479800772973,5.9897014286677363e-05,0.004561162679720653,0.14060350404995275,0.00013395097669288597,0.8024196256407239,0.6438772556133995,-0.0009267953136311798,1.385911521692842,2.539879,-2.550828,0.6721177006295648,0.9061177499999999,0.5875794012712972,-1.53201625,-0.45152074999999997,-0.0003595,0.454597,1.533252,0.00015557861337598062,1.1346593566528158,1.287451855639782,-0.000824416256363694,1.3882941593703295,3.6008344637171628,-3.595180920559101,0.9532340166126452,1.2852999426479044,0.8304126717167218,-2.161248929219275,-0.6401564606831996,-2.1833462191363923e-05,0.6451434819647048,2.1691363763050915,-3.745206438077407e-06,0.014295858022989964,0.00020437155661348652,-0.19506813046700186,9.26436917193056,0.2132354714946082,-0.323039961724006,0.012606953551391827,0.017013734650744863,0.011129359463354483,-0.022317449261752425,-0.008520354960350734,-0.00011458985077812678,0.008493379690394128,0.02241332865892583,0.00012557026906113587,1.6036246255498383,2.571611939669859,-0.0006022961132669001,1.397207343796718,5.065285258445371,-5.042036173095665,1.3320434375294286,1.7967363062548798,1.1713810767338682,-3.0558368375345957,-0.8951768884618732,-0.0029130614839986864,0.9015594177930066,3.068682248791749,2.462821935228965e-05,0.05381785932840017,0.0028963619826914695,0.014443401504906863,-0.1359439324111622,0.3033735119167764,-0.14280095145180513,0.045396626415352984,0.06150686447288228,0.04134546742916995,-0.09678353712264327,-0.029617502271730066,-0.00019170665720172342,0.03188936220115222,0.09734408728210459,-6.496136659518964e-06,0.006366134772888059,4.052767194657449e-05,-0.9169130855301723,133.08754884299975,0.18202029803334455,-0.22469539511667555,0.0054595400442949615,0.007367511717622731,0.004699703117194749,-0.00995225994730822,-0.0036684416754409694,8.524042694289119e-06,0.003699070042181762,0.009698902028393807,-1.0908796851663479e-06,0.019191573491314257,0.00036831649307251613,-0.06259543261949366,0.5405158678417501,0.09361041193957097,-0.1966487507536815,0.017014838144628956,0.023066195982949754,0.015148224115858519,-0.032509910556471476,-0.011847372943557543,0.0002871997027186846,0.011218823039392211,0.0328630786514836
-5.69735503560529,7.613072571620842,57.95887398076558,0.8925618572333982,0.12699575979064548,15.1,-21.2,5.485628208470727,6.75,8.74883011190234,-15.669999999999998,-10.4,-8.4,-3.6500000000000004,8.8,-8.016397409826567,10.819828579696447,117.06869049401604,0.9198112924170226,0.14466268436492769,21.10596461106828,-28.821795958359665,7.969155779334337,9.435519030184455,12.404834302280227,-22.18624638773582,-14.596247098521696,-11.995686270240919,-5.1607280683372405,12.499333628957565,-0.05143137470960423,0.614059050603482,0.37706851762804966,-7.20922556273746,81.104993865119,1.8310904504838232,-8.244864976533659,0.3058907604491057,0.41407135351448315,0.2968079848176923,-0.5902350059490564,-0.20536498510188522,0.004011032203577236,0.20870636841259793,0.4546249281067713,-11.223819830060178,15.45331750552822,238.80502192666492,0.9418185086135777,0.17913246767245816,29.917639528943628,-42.11790906155561,10.885296847598088,13.155353756840134,17.60819070326947,-30.53251590315322,-20.544991981462694,-16.97282583721536,-7.38963822462256,17.83687013623795,0.11944485879503956,1.1343800164814672,1.286818021792494,7.206740646230622,62.18988691399815,12.00342555908824,-2.3728148838093084,0.2768336004665026,0.37327752306387685,0.384142834462751,-0.5239954433156979,-0.19684778388371235,-0.017177215692955827,0.17642973918016452,0.5975411452527235,-0.07154013489387617,0.49158744129030835,0.24165821243435234,-3.0100814655292636,14.871438389637323,0.8998439448273192,-3.3712165057283916,0.2917884950089313,0.40321400645043465,0.29449540131388735,-0.638866320899253,-0.24184183748603655,0.011055362619972857,0.1613721689643981,0.4898794956056145,0.08209419214748563,0.7046782688686979,0.49657146261578494,5.285497899794218,42.041512160004764,6.8968287550555685,-1.6454024680408736,0.3183286825837317,0.4245160540412628,0.34317755621678236,-0.5687370395272997,-0.19959648039228206,0.016958833838110303,0.22491957364898077,0.6288333045051318,-148.43926754832145,12.094271290131664,146.271398039303,-0.4042915529549445,-0.3024865412127502,-110.3,-183.1,13.788200632102074,17.80000000000001,148.43926754832145,-171.5,-155.55,-147.7,-137.75,-132.4,-209.85232139473894,16.331528979656724,266.7188388133674,-0.19732217173192407,-0.722862013741167,-159.33843843134358,-246.6299983013288,21.12261986538837,28.05849801279814,209.85232139473894,-237.86353431228358,-222.7937434759979,-209.21894996966606,-194.73524546319976,-187.92383702538092,0.15979144594332015,4.987125091185707,24.871416675134043,-0.19870756508225168,1.8826617143111157,18.333040078909377,-17.26121019468679,3.36268843238083,4.419449147287678,3.4839542242723027,-8.729823394731676,-1.8642139660191903,0.07526706294266461,2.555235181268488,8.58114918400895,-296.5746933463662,22.534620238088653,507.80910927487474,-0.19105541973883897,-0.8247340418265123,-228.4046324176737,-343.63320873743595,31.654238656063697,39.695510010965904,296.5746933463662,-334.1654631288243,-313.97858989589577,-296.22386093759553,-274.28307988492986,-267.0073399251655,-0.5545142416856654,4.72968189510722,22.36989082890502,-0.07012182131614005,-0.18771067429635124,10.773558410039733,-15.065088646772763,4.509015389607027,6.0552489760024235,3.77498640634108,-8.454606843459155,-3.4808324014487173,-0.1810781244755404,2.574416574553706,7.516369898167756,0.22158081718782272,3.3118911284343784,10.96862284660234,-0.21280008712961485,6.398170197643589,14.676684009269284,-14.627105356795278,1.9596648346942755,2.6562189719993796,2.1081031154668595,-4.514492431636041,-1.122339117795097,0.1405509113495391,1.5338798542042826,4.594870799160935,0.13648008386155872,6.171018776781995,38.08147274339595,0.23385047182233284,1.4757147635269554,21.03452533975694,-16.013004568172494,4.350111802394805,5.489147715393334,4.376069992806118,-10.250921741391515,-2.9746448725370165,0.22204945745879517,2.5145028428563174,11.70678912528385,-0.6709053916581893,5.887409872716571,34.661595009360546,-0.4729892574204747,-0.8087655249470855,9.8,-15.6,6.523449761424649,9.7,4.8324516785350955,-11.2,-5.5,0.5,4.2,7.2,-0.9717810434492016,8.150855996882076,66.4364534819085,-0.4063902344881824,-1.033864532979,12.489714356660748,-19.22072112739102,9.161601729575548,14.048446579408973,6.767628944314033,-14.98863178671345,-8.276681445973983,0.9123777501145662,5.7717651334349895,9.901230274966458,-0.0592903644597587,1.6641426294849009,2.7693706912689198,0.08444773824641368,1.3925212524377608,6.508331480714535,-6.230161232672688,1.3042856639964269,1.738034459324513,1.232067815212219,-2.9609855460849652,-0.916882982334643,-0.02903145662138963,0.82115147698987,2.529897962653176,-1.4398711537312778,11.309817817238047,127.91197905911517,-0.3598860453778732,-1.1637956117263015,15.47789842380196,-23.219857719493522,13.090801449587186,20.242861076281436,9.477876687468505,-20.00472284229403,-12.018128305746576,1.0294821421763531,8.22473277053486,13.61656946000393,-0.25034473687357034,2.1422170275006236,4.589093792913607,0.18036180502563434,0.672131236586738,6.589671718056368,-6.007298166046176,1.8430770964770296,2.4769283011171397,1.637020129294224,-3.7312133554766405,-1.537754061672015,-0.24640949084923036,0.9391742394451247,3.2805894274709786,-0.08147550725545828,1.327620008010391,1.7625748856695105,-0.02741868331841799,1.0230794793110816,4.468376883241871,-4.123257280194265,1.1354912691532648,1.6277970330286513,0.9971036231047496,-2.0908631557080444,-0.9270707713488302,-0.023884371944839264,0.7007262616798211,2.0790443408290913,0.11438683012056587,1.9206332132570123,3.6888319398659557,0.07887191065845038,1.5175628896063378,7.62824892004863,-6.477928779834928,1.4739326701910753,1.9643351451004816,1.411304523176921,-2.9479042122043904,-0.8740939241372835,0.06429680253485562,1.0902412209631982,3.343120350438057,-0.4276703967446591,4.356843211814983,18.982082772338295,-0.16063372337531906,-1.5587827259587708,6.9,-7.0,5.485628208470727,8.8,3.9820956256358087,-6.6,-5.2,0.6,3.6,5.3,-0.6149431444077785,6.181571659019725,38.211828175595876,-0.14811475185633396,-1.5617993091661513,9.743968300696817,-9.80213557571109,7.888345100772783,12.409396159771163,5.654581409318888,-9.352090404043109,-7.371766404282988,0.7775624351286736,5.037629755488176,7.759694420190109,-0.010954147638972152,0.16984020390696591,0.028845694863159764,-16.990233048886843,342.187812726706,0.3962449091776321,-3.4634141536776104,0.05906397513643127,0.08101739422543534,0.056800699384798606,-0.0969549538063609,-0.04160635784178776,-0.0030938646960534943,0.03941103638364758,0.0904157026275521,-0.8976670501134285,8.796829885229682,77.38421602967006,-0.13120037066616236,-1.5591996398240038,13.68151253568912,-13.817609630352107,11.06878649130271,17.658319590303257,8.04430599009035,-13.22414803123062,-10.498142752668958,1.1830088104276981,7.1601768376343005,11.054421554548117,0.025285864574555474,0.34966624991711576,0.12226648633109886,13.018368974247,192.44741713920075,5.226268250789021,-1.0571911325851464,0.07580654282689059,0.10124170096010522,0.09020490812350265,-0.13057006288515463,-0.04511314701066531,0.005561789731044042,0.05612855394943991,0.14796172126243518,-0.015212386408477156,0.13863628555994717,0.019220019673859213,-7.830930433076304,76.06025205459666,0.23900100777876884,-1.4026805182004172,0.05938349654771406,0.07850564523173277,0.05945831708759968,-0.10809156200541645,-0.04700800844471964,-0.003486035038552945,0.03149763678701313,0.10358152237751674,0.015349192746237241,0.19363270982368452,0.03749362631366321,12.550475923705436,181.91533344836634,2.8568228154984086,-0.41272083717301244,0.05771210753349181,0.0791534789059758,0.062449774150129166,-0.0968844615303057,-0.03559616515040755,-0.0006621451500503377,0.04355731375556825,0.10694201384263496,0.24150559511698882,2.8026920955432066,7.855082982420372,-2.2571858569300574,4.567428103777701,3.5,-12.1,0.8895613311033611,1.1,2.0449643947100715,-6.9,0.6,1.2,1.7,2.3,0.35129539591517284,2.8827880534987154,8.310466961394912,-1.3757531773563851,0.8111058863177618,4.182469057880159,-8.668359145154254,1.2707629776639713,2.964969623869086,2.4408426021984155,-6.101290694899739,-0.7145265062345666,1.5455413102977733,2.2504431176345197,2.991714647577788,-0.020470007130312048,2.7024596823407276,7.303288334677146,0.42004328887299947,3.005976349446218,10.33570877671634,-8.703315273051988,0.5317287621820543,0.7047052217462373,1.4932959678598121,-4.910251784595107,-0.38488304025551623,-0.011102737483711517,0.31982218149072106,5.710086917325786,0.5237815116597094,3.6955409239207815,13.657022720373263,-1.0825841186858947,-0.2431856201751148,5.551677098951043,-9.600858002344674,1.252077245559062,5.071916987843275,3.3326781908044687,-6.785963808343,-2.052619816246186,2.435355071379709,3.0192971715970884,3.945574679056217,0.05480971763157344,1.6695760541386988,2.7874842005533473,0.31445855575205467,2.754777975704629,6.8386856447626085,-5.105655576656468,0.7518300615462022,0.9986901347374956,1.0629349684689244,-2.9472997354602226,-0.4556449053249545,0.007282923605558905,0.5430452294125411,3.114653334786106,-0.028757206371233274,1.4968092581837746,2.2404379553846616,-0.295923806701301,10.729446153191335,7.598220690279778,-8.038748837903832,0.2093931197522413,0.27154212283963436,0.6785657738600539,-2.1268856142939194,-0.1350828384876357,-0.01671965238303911,0.13645928435199867,2.0087700605863064,-0.23783358761525814,3.479355924801885,12.10591765145398,-0.336993144916953,2.2616443128243064,9.14128058588344,-12.571547484121352,0.7089266930107545,0.9770782436559532,2.000925300752089,-6.611475455514089,-0.7478189128953328,-0.024757707680236572,0.22925933076062044,6.699901158696295,3.1059003051881997,3.27926774234301,10.753596925971422,-1.742017016253598,2.450393776044825,6.5,-8.0,1.1860817748044825,3.4000000000000004,4.1276703967446595,-5.2,1.8,4.6,5.2,5.889999999999998,4.395567002507153,4.602771997251152,21.18551005867936,-1.6981841316967083,2.2895170699516383,10.379429596523128,-11.31970662667404,1.701663457346814,4.830437502618425,5.820263018231772,-7.2470731218189,2.475184569745432,6.486896969304617,7.305622072363857,8.24105319168664,-0.040046168499629525,0.4272043015117454,0.18250351523013825,-9.0449332333092,91.95155412597322,0.6794762742301952,-4.962115806848632,0.09407449018612647,0.1277281948652544,0.13522366510853254,-0.2247608599376419,-0.06639771938879171,-0.001260396728692964,0.0613304754764627,0.23795433911008992,6.22454814883998,6.404257818333929,41.01451820369125,-1.7785376476790213,2.6805610827335977,13.71092675397809,-16.36904464211536,2.3393516798463234,6.469274751162902,8.16424785141134,-9.906025586438918,3.8393884766817434,9.16766355763292,10.308663227844646,11.592054320670321,0.09923351403498058,0.8999087226105195,0.8098357090304968,6.243033467992428,43.77618995339956,7.35975699814756,-1.3602715944097001,0.17593077250574857,0.24256312877288772,0.3053548909032261,-0.4421861093030406,-0.11390170733766984,0.002908034143762596,0.1286614214352179,0.5100254215785162,-0.055757239219870934,0.33631976546710723,0.11311098464385003,-4.483481966143736,21.130043711346342,0.3742676127490099,-2.091328312115572,0.08713452352053182,0.11257697572623077,0.13408796405566414,-0.2080346222620682,-0.06466553115100296,-0.004178629540710741,0.04791144457522781,0.20603725162666642,0.05214096618261492,0.49415591277162263,0.2441900661271555,6.410052052164845,45.20381162432941,4.123321341513988,-0.5137721318772648,0.12614441624644487,0.17402195628793013,0.17990931490234147,-0.29824971838893605,-0.08499089072656371,8.935338190368828e-05,0.08903106556136642,0.27166640628341854,0.0036433976781277797,0.18900810291450765,0.03572406296734112,-0.5436947039737187,5.968623335671436,0.920846,-1.297001,0.02801969932753737,0.037738,0.09557303814066191,-0.342539,-0.014539,0.004419,0.023199,0.348748,0.005152124786078989,0.23589416314204817,0.05564605620448724,-0.24510916473810018,4.854869952851819,1.0936437126609664,-1.4235513324868603,0.03854408888609166,0.051910077354450704,0.1232411882741151,-0.4276631443546887,-0.020445099036940997,0.005756645245191717,0.031464978317509704,0.45506556558461814,-0.00017776000044327742,0.12568017851798816,0.01579550727231337,-0.002528774575046779,9.466151589718343,0.8871612775771012,-0.9895593594211822,0.00764916953476289,0.010323308521212084,0.05669011217979235,-0.2063771405877073,-0.005193022987680705,2.268022933985263e-07,0.00513028553353138,0.20355108664891564,0.007285148619313084,0.32319166221985857,0.10445285052843514,-0.14990544633462854,4.483374830082134,1.4684125088298765,-1.6617061403524476,0.05406362066958547,0.07293428248936037,0.17069242582118155,-0.6018933178593765,-0.028746982271482258,0.007734228860103091,0.04418730021787812,0.6282874721389049,0.0020909867852002603,0.08255048928573303,0.0068145832813139235,0.24908879920607827,7.5169448436815625,0.5258626262952801,-0.47985820890541314,0.006297523986408202,0.008507871459365726,0.03838928563070406,-0.13009010425767442,-0.004207852129604776,-8.680920075085732e-06,0.00430001932976095,0.1506518324508382,-0.0002512934181282318,0.09521408121168408,0.009065721260985172,-0.13478792135239498,11.378695184086842,0.7948398560863913,-0.807973371239855,0.007641726914636421,0.010301546845178736,0.04272307386621479,-0.15141819963963213,-0.005089057037272921,1.243531190082705e-06,0.005212489807905815,0.14591064164222506,-0.0005408523739149011,0.15006395446460385,0.0225191904295547,0.014522766680851621,7.480956868523185,0.9303789251997721,-0.9350625762673186,0.007586386921378125,0.010245223348266767,0.0685288178493435,-0.251258646005401,-0.005288135696430456,-0.00014895175610468313,0.004957087651836311,0.25593420147788865,0.006501516946293286,0.42548451213713606,0.18103707006857667,0.1870049974416623,5.318510106928651,2.73358,-2.11147,0.040621818184834985,0.054858000000000004,0.2094477851117995,-0.80703,-0.021157,0.006061,0.033701,0.787157,0.009196346824845358,0.5670013723304753,0.3214905562246423,0.2359252267853463,5.191218272170918,3.3183328995545147,-2.433645115902993,0.057076382965838834,0.07695296096141642,0.2815017948123913,-1.0596971287747616,-0.0294926317104176,0.008547904799159454,0.047460329250998814,1.0557075609691098,6.04682546530153e-05,0.20137119662873035,0.04055035883168678,0.055254907420703166,9.888686619375743,1.4655102254469654,-1.5018497082176425,0.008994512613143471,0.012131507692721564,0.0878418485593773,-0.3117729506488788,-0.006154357843698304,-5.781188121920552e-05,0.005977149849023261,0.314832430451423,0.013010351137502475,0.7385195950702153,0.5454111923026747,0.07359054764318683,4.020675959020201,3.8322830419108893,-3.127798587928067,0.07661060048885797,0.10330374210075535,0.37862866384723015,-1.4647764237576926,-0.03725456818128011,0.01356880740651725,0.06604917391947525,1.380690636520342,0.002295528150548393,0.31216456325635444,0.09744671455303051,-0.15152739833111933,7.9104463931930304,2.0259999157004738,-2.0245959554337367,0.0255165889049792,0.03436724329017303,0.14626077382845468,-0.5100915964790034,-0.01721802075336766,-0.00019002026510423154,0.017149222536805373,0.5582887064690264,8.546256060088561e-05,0.18891564080503104,0.0356891193407755,0.03032279630336288,8.290579570233763,1.3619499445441994,-1.3492563611817592,0.0076441651976130185,0.010311024488333122,0.085626376696174,-0.31944472086842823,-0.0051894650296138494,-3.144900702582384e-05,0.005121559458719272,0.3131635227504316,0.0029362153830388483,0.21304473854113362,0.04538806062005998,0.1527397897487865,8.380141557535277,1.446127545982798,-1.3779149774543131,0.009931335663353549,0.013437291571007634,0.09403309303904829,-0.3391506389652807,-0.006401988044495304,0.00026614024662182566,0.00703530352651233,0.3582550762338014,0.005954949713216576,0.11555271991759468,0.01335243108035408,0.3564718093339807,8.196743687435054,0.926025,-0.814422,0.014885326273796243,0.02008,0.05738358407201792,-0.185122,-0.004044,0.006117,0.016036,0.19684275,0.008421573748358344,0.11237160507253922,0.012627377626578723,0.244495535039391,8.889834322714112,0.8869976893748662,-0.8074133351312505,0.019189580654021373,0.02587385451858084,0.057599490951348205,-0.17494884317112255,-0.004343228597845491,0.008701733386306278,0.021530625920735347,0.1935918171924341,9.723408761161037e-05,0.11863822465239593,0.014075028348672365,0.007349611732941478,10.016850163678203,1.0078459304872942,-1.049125557385046,0.007971573979810413,0.010740101241634811,0.05397141360287467,-0.1921006587322009,-0.005385188560407531,-6.889519879270723e-05,0.005354912681227279,0.19160587147944855,0.01190975743838418,0.14437406479108275,0.02084387058429976,0.11421333730070342,8.560911660637133,0.9723186856333291,-0.9452758852203537,0.025908647422852486,0.03493044108893156,0.07467004275784249,-0.2226662368508649,-0.005335686079510918,0.012334841803450758,0.02959475500942064,0.24609237984606572,-0.0009719335686938052,0.06637269659538754,0.0044053348533433685,0.14437014838631554,9.703195773948062,0.5125809763194821,-0.5339604550061648,0.007126373807720768,0.009610919931433424,0.030848990368881248,-0.10860580874053788,-0.005200689646640009,-0.0002173990676296949,0.004410230284793415,0.10209639960944017,0.00013768058206182446,0.1418583434383337,0.020123789603068234,0.07814093045754876,9.167547066140946,1.1474458818326272,-1.0353771193643153,0.008716284666086283,0.011774731121849088,0.06481771047828223,-0.23450587022622513,-0.005861703671021366,-5.2665509354962815e-05,0.005913027450827722,0.23014414969593655,0.0008106219944643332,0.08955686647395288,0.008020432332633425,0.017275013090572923,10.542693894621632,0.6752026144875013,-0.598962326041573,0.006999273262289759,0.009435021723370914,0.03988451910472117,-0.1353460134569047,-0.00459601078427214,7.972641571990071e-05,0.004839010939098773,0.14512230707256235,-2.713103088672786e-05,0.7759292223888179,0.6020661581569156,-7.75780452222615e-05,1.1361460676632218,2.428233,-2.435892,0.6796055831341273,0.9163685,0.5772745453485876,-1.4602315,-0.45700975,-0.000629,0.45935875000000004,1.4606835,-3.5527738022144e-05,1.097187346565397,1.2038200734632167,-7.147820234296742e-05,1.1389359760549445,3.422803711891611,-3.4349499975317355,0.9585065315649804,1.2938319148826591,0.8158137819687391,-2.0635537280177,-0.644271611556403,-0.00010780957825834176,0.6495603033262561,2.06610872978443,-2.33448966737533e-06,0.014455235425220272,0.0002089538311985431,-0.12539603373570907,5.806035217982648,0.21234286126779664,-0.2815703556436526,0.013989063086558536,0.018849967760970077,0.011538919252856501,-0.021973326634965894,-0.009220646181731735,-0.00010337262892559651,0.009629321579238343,0.02201898205531505,-3.9831070901189656e-05,1.5508136221589854,2.4050228906738726,-3.879980113701231e-05,1.1493632640002112,4.794827716379075,-4.845088260112966,1.3394236284349819,1.8051963172543664,1.1512459340032737,-2.9129858370413624,-0.8998159343564047,-0.001841402538013931,0.9053803828979615,2.9233899494778544,-1.7726681677738565e-05,0.04696195216546769,0.0022054249511916754,-0.00026655563396358787,0.10328427575049126,0.26193642198405015,-0.2905627943341083,0.034042392370601186,0.04589724800726509,0.035528020314558866,-0.08503980131430494,-0.022805974618884995,-0.0001922092126805941,0.023091273388380094,0.08635026988771774,-4.612727533483686e-06,0.005958642782984122,3.5505423815208764e-05,-0.15459804635500424,13.776181756803854,0.09024702250699154,-0.11275060429985634,0.005480388856155653,0.007390730610316663,0.004554673813874948,-0.009356918677109196,-0.0036773650751257777,3.12373120517693e-05,0.003713365535190886,0.009406491665155716,-1.2847157909901227e-07,0.019555873520856908,0.00038243218916375236,0.09861081620864977,2.0963265313344213,0.26275546124703536,-0.18149347765850324,0.019775489593309988,0.02666582513281455,0.01573428858572762,-0.03309487751974437,-0.013387315496643456,6.66092773525523e-05,0.013278509636171096,0.03300685616972127
-5.824695121951219,7.597482327187568,57.721737711927425,1.0604022351328581,0.2419398893640219,14.5,-20.6,4.966717431993764,6.325000000000001,8.961686991869918,-14.87,-10.3,-9.149999999999999,-3.975,9.3,-8.187975437410813,10.793398735988468,116.49745627403746,1.08058487714178,0.24838833241745517,20.35309991292548,-28.078844136467342,7.1494449715543364,9.006730390822739,12.69623069110485,-20.71193586937597,-14.578831154553317,-13.124355946308064,-5.572100763730578,13.130105783512327,-0.0326665622342833,0.6133342950751166,0.37617895751529024,-6.205862353225233,70.48891091840031,1.9998921487809358,-8.118025994769562,0.263134061148998,0.3579716738811497,0.2929818763367081,-0.5403982073743472,-0.16781821028150162,0.009283484147419752,0.19015346359964808,0.5087932419618351,-11.461363910816349,15.394721405755947,236.99744716084035,1.0929269468014715,0.2636018964652802,28.40458595959128,-40.66132761837394,9.94100096181658,12.58919015686724,17.997072960205827,-29.4942372298797,-20.451398297740923,-18.717039509072276,-7.862208140873683,18.739975269972305,0.12453250310375828,1.133098290300945,1.2839117354829246,7.1936171388122006,62.25384446610376,12.129743641490812,-2.301176315448695,0.2514683498460222,0.3408649936995578,0.3697734546948231,-0.5422257845109073,-0.15769039756768932,0.016283046784739574,0.18317459613186846,0.48312185991311185,-0.04527358685886996,0.49969444765219273,0.24969454101442998,-2.6762957304833184,14.245084951786442,1.6653956435810982,-3.344215751704519,0.2807421778188217,0.3739130900996831,0.2906606858874996,-0.695181226863745,-0.17805649386297753,0.0011477792552233527,0.19585659623670554,0.4753135767270876,0.0713988659770581,0.6985583795898419,0.4879838096951856,4.761806796104904,39.92942320907398,6.897957254566854,-1.6620258061231088,0.3007070992079868,0.3917329090972796,0.3429785685775635,-0.5793565903823144,-0.16106335623460127,0.006732973527292041,0.23066955286267832,0.5978346470603766,-148.96138211382114,12.38559977674068,153.40308182959876,-0.33853369257574495,-0.32801355586424874,-109.7,-185.5,13.936460853952667,18.80000000000001,148.96138211382114,-171.37,-157.3,-148.05,-138.5,-132.115,-210.62448005974915,16.7984236562603,282.1870373352057,-0.16424526878104503,-0.6952302164913422,-156.563357397462,-248.67207525290007,21.118239634291694,28.51216542046683,210.62448005974915,-238.2693553011771,-223.99504017629448,-209.72327122428572,-195.48287475582765,-187.80434782117962,-0.09431582652007356,4.853908472655039,23.560427460912372,0.09010389600596382,1.5714752032762647,20.06281627481306,-16.63258322018204,3.652697950511129,4.889231253606658,3.544226743522595,-8.841603691850947,-2.6215159218076423,-0.13951259050262088,2.2677153317990157,8.226128781861823,-297.71852745569834,23.290608829709473,542.4524596585409,-0.1692345161039062,-0.7037983816156856,-219.8485645537529,-346.20634929809245,30.42846266013501,40.57065326760255,297.71852745569834,-335.91297290109844,-316.21228651284395,-296.4255230634495,-275.6416332452414,-265.7642068143037,-0.13061342189665562,4.268743757022395,18.222173263117668,-0.12452520320611746,-0.21367941135629742,9.787673383000627,-13.629030840566777,4.496917136605293,6.0475935362097,3.4447543303307695,-6.845066162034768,-3.1732939956444746,-0.14943514363713462,2.874299540565225,6.609683510782108,-0.13668740743978242,2.9506907336803883,8.706575805827308,-0.18050099866298894,2.6547449310396534,10.922764044862877,-12.9181204408036,2.1322520958394438,2.840320536961759,2.077922709796652,-5.487587589646028,-1.506313912045389,-0.05440808575752192,1.3340066249163696,4.567504309871134,-0.4531440519750628,6.131813390097296,37.5991354509765,0.07326279237345217,1.007980552715857,20.276310976077994,-20.071324200613983,4.805607657990304,6.502442973947239,4.537846163126837,-12.246760959953711,-3.6535910890301975,-0.19642656133200828,2.848851884917041,9.61049734390069,-0.866971544715447,5.963949673371446,35.56869570650738,-0.47941443046120275,-0.7526047916655889,10.3,-17.6,6.671709983275209,9.725,4.888516260162602,-11.4,-5.9,0.4,3.8249999999999997,7.2,-1.248689346952825,8.212013819002257,67.43717096348404,-0.36193150648340955,-1.0895499986190476,13.014079272329043,-20.8914731172365,9.761803539082168,14.620786097615289,6.864641948353359,-14.730531328994257,-9.102264255871333,0.5883701664273367,5.518521841743956,9.76918716918487,-0.026693865655842138,1.884848376811756,3.5526534035699115,0.10520048732826714,1.9202452458986867,7.844684854033075,-5.795549093355591,1.2389881292849476,1.6377663625523464,1.3398733375907634,-3.417974909548561,-0.8644630545458143,0.041649754257479854,0.7733033080065321,2.948582462503064,-1.8244116022655323,11.401479738179054,129.99374022010753,-0.3209613132528818,-1.1939587882149474,16.796736553351,-24.68498302372354,13.914264998149726,22.0255891841272,9.573919445647114,-19.853912809474938,-13.371356869871533,0.7380336264544661,8.654232314255665,13.652349401612714,-0.007583633326655834,2.0420460697868865,4.169952151132069,-0.13233903188661503,1.403922283993249,6.027285971897578,-8.22052221411882,1.6940862408427537,2.2714584184074473,1.533013885190767,-3.0459098714916784,-1.1843420862931446,-0.058194348017823694,1.0871163321143025,3.5767641828917744,-0.037717174206824064,1.210938901916582,1.466373024174937,-0.1471421425003754,1.6195156106290565,4.109674438825376,-4.735775262909686,0.9394886428046846,1.2379006127721872,0.8821985068354313,-1.910177792762996,-0.6363797864715297,0.009465551079207919,0.6015208263006575,1.8221155052874287,0.03091019009586879,2.3537765756342695,5.540264168004588,0.04577067907442901,2.012673948838988,7.194576430635907,-8.653681611992502,1.5218121608410864,2.0731433515945703,1.642585648112545,-3.6613683067289156,-1.0677079571488561,-0.1510826301951953,1.0054353944457142,4.049477484241299,-0.48252032520325205,4.405396652314185,19.407519664221034,-0.13221631019084576,-1.5484619840513523,6.9,-7.0,5.559758319396007,8.9,4.021138211382113,-6.7,-5.3,0.45,3.6,5.5,-0.6850776646557083,6.248957833139476,39.04947400035522,-0.12238507555646427,-1.5502736292903911,9.735390089787492,-9.91003506085519,7.943092209380702,12.64484525726823,5.706977653223867,-9.491374887383667,-7.576810299469728,0.6222143863731218,5.068034957798503,7.949748302020799,-0.008901459433156036,0.17331680862376314,0.03003871615152614,-16.573588127355702,331.7282873889121,0.4705613669013049,-3.504825043634219,0.06040974656648183,0.08246236731754708,0.059172496613950756,-0.1077224397104949,-0.041821575223227825,0.001341876895024352,0.040640792094319256,0.09204027472335384,-0.9992039313593175,8.894746939747678,79.11652312215068,-0.1067279555728018,-1.5479109874103991,13.68749510650532,-14.019407389404023,11.676237979296351,17.927318844220544,8.122974485407651,-13.42643251127408,-10.729500304109674,0.7957139980724448,7.197818540110871,11.381006210871718,0.018899355956684048,0.35432060917892677,0.12554309408892578,12.951241501599647,190.75815780936065,5.278284382198838,-1.0122664910025,0.08151266284752608,0.1094871100514486,0.09774934562363631,-0.14519632865578536,-0.05586316809321276,-0.0008637223215214457,0.05362394195823583,0.15179131903120704,-0.012464624865731688,0.142735512753146,0.020373426600903508,-7.169948165743939,68.59513676907694,0.4140802892211167,-1.4506013043079788,0.0692785681875621,0.09337201430480527,0.06388494893412582,-0.12078186468670424,-0.045720967747752354,-0.00017257911413373162,0.04765104655705292,0.09410667610106745,0.014633721681429958,0.1967122341384954,0.03869570305975823,12.692732231956455,184.1967412381122,2.9103714465487105,-0.33672579369590794,0.06051980670688287,0.08291300550603901,0.06477618007635944,-0.10218509235965201,-0.03942395323983557,0.0045456214663839355,0.04348905226620344,0.10928293753262211,0.23770325203252032,2.8305913099515383,8.012247163973164,-2.0744395030369915,3.652492153484615,4.5,-11.5,0.8895613311033613,1.3,2.1125,-6.484999999999999,0.5,1.2,1.8,2.4,0.3424437222284122,2.914458230272881,8.494066776005333,-1.2109596533851639,0.4002121661553151,4.682466889747625,-8.760723427791373,1.4176443507936174,3.872574038273681,2.5283488915262446,-5.6816520443113046,-1.5097851848180288,1.631369031518725,2.362788853455652,3.1713783769377946,0.023798027914746427,2.727884478623859,7.441353728716964,0.33558777262807193,2.549562297984421,9.620470331904597,-8.48178871711084,0.47778386815283247,0.6416694801002221,1.5406492715795796,-5.268989552374192,-0.3461946824972451,-0.011618385514434327,0.2954747976029769,5.331134929427311,0.5070181789351674,3.83897782217381,14.737750719142369,-1.0484151925574774,-0.25570628252851435,5.179686174067171,-9.898096655125228,1.5756569246889005,6.024827724319687,3.478454381329516,-7.0590539920591,-2.8478181519619916,2.5270971004607823,3.177009572357696,4.048206094947968,0.002689308243276365,1.4356229352202832,2.0610132121305016,0.35917186116300587,1.4887313571249265,4.403035427308283,-3.8762590481179444,0.8572520320142781,1.162299813432221,0.9746278786223409,-2.403158939983279,-0.6534242611304903,0.001863191862443131,0.5088755523017306,3.0591275893119843,0.03361982087937638,1.6648989404922403,2.7718884820521845,-0.1461760335475947,9.609497647268883,7.744523153550567,-8.49863808425715,0.2257993112051984,0.2967836806734775,0.7510557756820467,-1.660459012305696,-0.1441695015192047,0.011215535183309446,0.15261417915427278,2.347401414106023,0.0461182203826587,3.4498372888226094,11.901377319350933,-0.032156833068762124,1.5737090877011157,9.732790723960264,-9.996237578742619,0.608756980678165,0.8739883898643097,2.006678687676075,-6.64799514291431,-0.4685128255260357,0.013245183000908881,0.40547556433827403,7.23718676485985,3.1422764227642275,3.189171417483626,10.17081433009452,-1.7366547772983219,2.6317194779115614,6.6,-8.5,1.1860817748044825,3.5,4.068902439024391,-4.1,1.7,4.6,5.2,5.9,4.4533074329770646,4.4843171480042185,20.109100283884686,-1.6909822577624716,2.4529754250127525,10.375299217094646,-11.804095001911751,1.6614871206147654,4.916338165073888,5.7461268370189815,-5.543020584245163,2.3893214271809877,6.495976080590413,7.305659592254877,8.307137557749085,-0.03660798992548216,0.41035385528962337,0.16839028655105717,-8.856870684910653,90.68580962241748,0.6429889838129794,-5.0051273309893665,0.10474805661439665,0.13974173390094144,0.13671221698438074,-0.2426914722322804,-0.06936942668124144,0.001710006602743508,0.0703723072197,0.22486509099000343,6.3352858890590396,6.261461550592927,39.205900749553585,-1.7573519466875962,2.803061394038198,13.758434137823057,-17.574666790266203,2.1659740600388044,6.731556069719315,8.095112206297104,-7.23054734714059,3.5711995522749644,9.244723368049037,10.30275562199428,11.716214549367054,0.09026600727009211,0.8616566172962646,0.7424521261304414,6.043489309788825,42.412814629121286,7.292935482412526,-1.4635353492617118,0.18972322522462237,0.252034734384263,0.3006952583538157,-0.48670644069571617,-0.10769023470111647,0.024747029281200372,0.14434449968314653,0.4622788343408935,-0.05108745466276709,0.3221073959069973,0.1037531744979871,-4.210369595697466,19.495059069549477,0.36037949230750294,-2.0138472161365604,0.08977227359242404,0.11907206736016313,0.1398927778369906,-0.2614892499969938,-0.06247420115448564,0.003913404750907462,0.056597866205677486,0.2209764198234711,0.06449613840877638,0.4736668385580824,0.2243602739496085,6.311191605216917,45.135150560518674,4.172383925659042,-0.5324096318929165,0.14761970239573954,0.18535561462531433,0.18198063823336788,-0.30316915310711867,-0.0802761868420048,0.022325261016704775,0.10507942778330953,0.278876520101111,8.17618164268692e-05,0.19311607335743625,0.0372938177889947,-0.5897283720070857,5.777714226032199,0.953771,-1.363624,0.02806343609298329,0.037858,0.09785587031339546,-0.359418,-0.017808,0.001091,0.02005,0.35445325,0.00011846415832318586,0.24917396340585052,0.06208766403938013,-0.4686447313518787,4.922663034588438,1.0544522620206722,-1.564873574645346,0.03861189589872494,0.05208885456449419,0.12880938410550852,-0.46999320244252113,-0.02450004371934976,0.0015039518289092307,0.027588810845144435,0.4750111603253756,-0.00014888624772093614,0.11177344441041545,0.012493302875368234,-0.013761464782096078,8.835779333500287,0.8039372097949413,-0.8531649605735262,0.007508727440987235,0.010128227310651277,0.05076898449528782,-0.18353087230526438,-0.00506630097932549,4.890413414072913e-05,0.0050619263313257876,0.18467469477987625,0.00017552593528986807,0.34338777638676754,0.11791516497184866,-0.44446395722377213,4.692141004655043,1.4023150614266098,-1.9101886778609907,0.054302770673176966,0.07323858403041145,0.17839081896788056,-0.6593257109905977,-0.03473326024180416,0.0023163273258752642,0.03850532378860729,0.6622598482424482,-0.0008528019998881593,0.07897699513470637,0.006237365760507433,-0.11432329348331306,7.391896392153173,0.48940028122563367,-0.5031736575024045,0.006332162386521522,0.00858313372374804,0.03688569290364841,-0.13607970257392832,-0.004434155047182503,2.9746518559878505e-06,0.004148978676565537,0.13507373553558316,-0.00021037148259887907,0.08638853025033115,0.007462978158812379,-0.04037317482118113,9.580872376431875,0.6443872303117757,-0.5941494007586213,0.007616784126573775,0.010277504487560714,0.039677303866846605,-0.13935651495579238,-0.005186074800954775,-1.0806999842244782e-05,0.005091429686605938,0.1392794100961846,0.0003003716687449353,0.13235944239088426,0.017519021990025807,0.053539383104271455,7.258612351773664,0.8713626885399157,-0.8105537036076874,0.00747925918552074,0.010094955208414363,0.06071382544787305,-0.2210569035631777,-0.005134615351561858,-7.27028501892711e-05,0.004960339856852505,0.2308562627971403,0.005794539830482913,0.42692721690603286,0.1822668485351308,0.17580648041975822,5.066161305447565,2.546234,-2.223529,0.03910659871752226,0.05274,0.2109931769070672,-0.802794,-0.020842,0.005821,0.031898,0.7905070000000001,0.008193486674954297,0.5721298803538937,0.32733259999376074,0.1966306442974576,4.861610803476579,3.333611105012621,-2.5567243920591882,0.05451426281636216,0.07354222590693069,0.28431024020428947,-1.0633079305228577,-0.02846433501283225,0.008361900710690467,0.045077890894098444,1.077329578473148,0.0003402033861477988,0.19279011560588644,0.03716802867533106,-0.014248441767955327,10.253422206310331,1.4953304862740504,-1.454669007233319,0.00880080625841606,0.011870110075083646,0.08364675312053246,-0.2973173147234547,-0.005942756113746927,-2.0602571340476547e-05,0.005927353961336718,0.3038574556001832,0.011583732439494052,0.7538417790940758,0.5682774279077214,0.12540808485887198,3.88323559899234,3.850805943965761,-3.074577244606668,0.07317358499707245,0.09861511373218579,0.3852699868807312,-1.4975957724761682,-0.03713799166521001,0.012414888548945908,0.06147712206697578,1.444933799122172,-0.0005236119024570001,0.2937161692547714,0.08626918808169753,-0.21063273385363046,7.922685539664386,2.07847621209383,-1.9708847300781969,0.023992303451896287,0.03236075578977134,0.13579102106815139,-0.4756888149901344,-0.015965961394661696,9.522930505011695e-05,0.016394794395109637,0.4915598902710572,0.0004810041896482371,0.20494675670837936,0.042003173085283646,0.1070725429347954,9.518453908963359,1.56963630230046,-1.4612822182759306,0.00759516506952191,0.010246308741046987,0.09095210648544268,-0.33598975887049715,-0.0050971350762890714,6.904950135094485e-05,0.005149173664757916,0.3361441224016945,2.3309672202382326e-05,0.17977609499795533,0.03231944433271386,0.1337619583327332,9.676699486870001,1.3183390562749284,-1.110422150104149,0.009686874877903926,0.013074223919539555,0.07949073106075348,-0.2948999417787168,-0.006493556565414013,-6.022612748115118e-05,0.006580667354125542,0.28232297276263213,0.005866107124543783,0.11491346822481535,0.013205105179455646,0.3617969608180348,7.459166898866156,0.912296,-0.805471,0.014256702933149868,0.019173,0.05746595688173016,-0.193529,-0.00356,0.006178,0.015613,0.205264,0.00829619049222184,0.1234666005836202,0.015244001459675206,0.05604617313037831,7.7503706472304845,0.8054015223645439,-0.8191604337622759,0.018337986193923045,0.024747579084591957,0.06275413865494438,-0.19539986308710186,-0.003639464577759961,0.008875020955197911,0.021108114506831997,0.21465535421620252,0.0002817255488725406,0.10565864559564968,0.011163749389107101,-0.015005792067278173,8.720434489934416,0.7521461393172224,-0.7745494065872006,0.007678395340099318,0.010357478545580882,0.04841888648874883,-0.17308253833972634,-0.005170600800043106,6.936387146740531e-06,0.005186877745537778,0.17098792085925435,0.011733336209712283,0.16140786746274172,0.026052499678869995,0.012043509095123377,8.215088088048569,1.0959444812143073,-1.0723235703437184,0.024792020566018112,0.033435790978054915,0.0821581805442951,-0.25466988717190064,-0.004222229035627132,0.0123902861948853,0.029213561942427784,0.28304502941263315,0.0005563254863950855,0.0665560828154614,0.004429712159738555,0.29067794364116684,8.99032477216681,0.5066392283988709,-0.5170609463467393,0.007015661419548679,0.00945791677267914,0.030881694652045127,-0.1044754987748487,-0.00487558652987838,-4.445281502164105e-05,0.004582330242800759,0.11166119422004861,0.00039831718953856434,0.12632022007014707,0.015956797998570384,0.006712649856050683,8.457280473955949,0.8848644040988594,-0.9411617332221645,0.008558070015569698,0.01152725838532959,0.05807378319423122,-0.20800958426398286,-0.0057002529408908525,2.0476808835922513e-05,0.005827005444438736,0.21694528702394766,-0.0001963095341871667,0.07979113728172232,0.006366625588710657,-0.043309341409424496,8.136812228178792,0.5345964924488404,-0.5262714123547394,0.0066519523199204105,0.00898592134689618,0.036522405474151816,-0.1326661049920102,-0.004542214335332693,-1.318323721566768e-06,0.004443707011563486,0.1315067029447052,0.00011480074201429767,0.8065417766299865,0.6505096374494551,-0.0019029077909749966,1.2519003754835492,2.488421,-2.477933,0.6817338586187922,0.9195745,0.5926142983138781,-1.53556575,-0.4585165,-0.000156,0.461058,1.5354455,0.0001765036097894139,1.140495873533013,1.3007308375458306,-0.0019185694952822884,1.254546348926345,3.507966869923647,-3.511580306488069,0.9615856335816504,1.2969611976022153,0.8375207023870497,-2.174804715920553,-0.6463924131975288,-9.895063990950862e-05,0.6505687844046865,2.165977179164038,6.378323784063076e-06,0.014340144154810218,0.00020563973438073767,0.28083047398440675,7.198170157364034,0.26003516056415116,-0.18320067698213693,0.013463136636372374,0.01807890697377857,0.01136777376450927,-0.021877451808648293,-0.008839681148244561,-0.00013982375796707243,0.009239225825534011,0.021967227549440735,0.00028938212811122007,1.6121556075473895,2.599045702946493,-0.0018927617818590265,1.2642845750056848,4.923406357996534,-4.93103140508881,1.3379561702107683,1.8054391255223614,1.1820371944315398,-3.07140336685615,-0.9011723667971034,-0.0018028457767510185,0.904266758725258,3.0554785913916755,1.466869452808942e-05,0.04562763448334782,0.002081881028545991,0.05056757630737111,0.6672999106462214,0.4457057874148402,-0.299314008791654,0.032982247274375376,0.044565207119297984,0.034404217128520244,-0.082812591620838,-0.021896148594539453,-0.0002508860510067948,0.022669058524758534,0.08340692604334378,9.189553602381913e-06,0.005977898751482398,3.5735273482974815e-05,3.8191640428707574,137.24764194115738,0.21173926894571798,-0.08516061537030256,0.005268390069948602,0.007109688253573309,0.004340951586847672,-0.009004720307573853,-0.003582639896738118,5.1554139400222256e-05,0.003527048356835191,0.009029300529431223,3.944348256741755e-05,0.019390119316433436,0.0003759767271055251,0.10086674900238483,0.4902027901964101,0.16801978350379204,-0.055723826586252564,0.018964692042203326,0.02559475372782421,0.015593236450224247,-0.03293834917210385,-0.012919098361298537,0.00021612482120270202,0.012675655366525672,0.0329674070223242
-5.74107505070994,7.6723884206635224,58.865544077531695,1.0635604676960555,0.2620720191215433,15.0,-21.1,5.337367986620169,6.5,8.949594320486817,-14.475,-10.5,-9.2,-4.0,9.4,-8.07217562286546,10.905311085607462,118.92580987387298,1.083596739113131,0.2742613897860937,21.048316717206145,-30.49994825176934,7.677216932782684,9.244775938197565,12.684372257480797,-19.864277409183778,-14.815608461700764,-12.987723123519313,-5.570832523503199,13.343282106224994,-0.020869090900998654,0.6128107860657247,0.3755370595184914,-5.431640375049029,92.71142920526017,4.956761194010887,-8.542972788806294,0.24271459016360353,0.33215473195114087,0.2608972752956371,-0.4365552137207924,-0.18093986083912733,-0.002166827962912954,0.15121487111201357,0.44162723246791874,-11.28548646428232,15.584996138775526,242.89210464564806,1.09172929422238,0.2765036478733083,29.53571242683511,-40.371353970719916,10.912821906796406,12.993576156504199,17.99065078959498,-28.791168456353176,-20.803557040136177,-18.356499239419502,-7.809980883631978,19.11966366591606,0.04463952108053397,1.0604650816283585,1.124586189353041,8.228178236502561,85.10879826653591,12.470518255974717,-2.6053423945368053,0.2825254062255756,0.37920791514955643,0.3593238218488551,-0.5960683295975939,-0.2140480152138771,-0.030100969581610404,0.16515989993567937,0.501555175033884,-0.029180393732118802,0.5281388670476876,0.2789306628864151,-1.7135511978838422,23.75782856075538,3.3294424129140086,-3.873180522446445,0.2522477932369148,0.32926624481869105,0.26769145762075774,-0.45895943091293695,-0.15717737204520424,-0.013136050208577934,0.17208887277348683,0.39052648805645007,0.07174289291258247,0.6774680079800194,0.45896290183641564,5.925505138045777,50.50850254681263,7.081116654229333,-1.2338395793900299,0.22745250784095294,0.3081430183758864,0.30064430587609026,-0.4716024427282211,-0.16469733942872267,-0.006855957429850043,0.14344567894716376,0.641510392763731,-148.28154158215008,11.547469013838178,133.34404062555285,-0.19647905108935146,-0.5429908820666856,-111.5,-178.5,13.639940410251564,18.099999999999994,148.28154158215008,-168.5,-156.4,-148.1,-138.3,-132.2,-209.65014531872663,15.720309538479475,247.12813198560877,-0.03531204453002794,-0.8308858924760014,-158.61901963121534,-241.3703090898361,20.54534501678267,27.853870568149375,209.65014531872663,-235.4727084828857,-223.02492112737053,-209.65238812261504,-195.17105055922116,-187.09924451282527,0.010659034505716968,4.327656655116767,18.728612124576443,-0.01825822301518049,1.5117727869437765,14.873329418871371,-15.685011961845092,2.7381175257071138,3.7369480395564696,3.044675764993921,-7.253937322041345,-1.8707605867732604,-0.07701064655403744,1.8661874527832092,8.008972136841617,-296.34370571557236,21.715121824434945,471.5465158500509,-0.020446306573737694,-0.8582911497726973,-225.1589690995329,-338.74539019128883,30.607818215785283,41.42023972651691,296.34370571557236,-329.5146220984618,-316.66604861704946,-295.81670314797026,-275.24580889053254,-266.7260045083393,-0.009108962837601679,4.470843336041683,19.988440135428327,-0.17841250491913282,-0.3424760745909592,10.400177696934819,-11.943960370633022,4.745633123251591,6.206193795148199,3.644874368033396,-7.267721575348428,-2.980402901173086,0.37572505674815915,3.2257908939751125,6.882629497995651,0.010127984480238496,2.97985040632714,8.879508444088021,0.28179682015556784,3.8093090498569726,15.23923793855559,-11.711053368003027,2.356412829790033,3.1106189816077086,2.128980231664704,-4.345638562419772,-1.626968026235501,-0.17485000227100844,1.4836509553722077,4.668753359017159,-0.6732668665596612,5.261752927481276,27.68604386985778,-0.15033631576280101,1.7943021081308768,14.938453729718342,-20.957868396290184,3.3667727737753386,4.679278308705602,3.7025999171651427,-10.748700316844191,-2.89607771110325,-0.3074810525916539,1.783200597602352,8.053806353032941,-0.6822515212981745,5.6581789695217894,32.01498925113866,-0.49462119924288517,-0.5691269529219287,10.0,-16.7,6.375189539574088,8.7,4.575963488843813,-10.7,-4.8,0.2,3.9,6.975,-0.9946805346515812,7.795648641175597,60.77213773666293,-0.39543452995794043,-0.8459536042673661,12.731590779041925,-21.460344083003026,9.788376172905032,12.982472220179304,6.40560098341963,-14.058474800410082,-7.611886936977587,0.2872776601853547,5.370585283201716,9.655427779422352,0.05580394145493611,1.8032543343859033,3.251726194481547,0.38163426259607314,2.601805952706318,9.315965626443665,-7.317432082343464,1.1889981730911714,1.5739007261569062,1.2680369157736568,-2.851015049774655,-0.8126605943997631,0.024146961552018956,0.7612401317571431,3.0442047072179568,-1.4910001631527607,10.778328410525623,116.17236332514378,-0.3141792250244834,-1.0120109940982027,15.610712007090443,-24.641047413399683,13.510108514223564,19.747530580450274,8.960358104126195,-19.32715495148128,-11.4049173051318,0.28128610051706654,8.342613275318474,13.3212878243683,0.04891535289181335,2.3399937626937346,5.475570809445583,0.2093965741609651,2.962807227623782,9.497599652783501,-9.55205157917735,1.5028751059251249,2.058418613920888,1.598375247948232,-3.522121325120792,-0.9789754631623637,-0.02346431425576294,1.0794431507585243,3.818574475793816,0.07610465083969183,1.4296407403520575,2.043872646474379,0.8844907648629664,4.011627707343036,6.665706229438971,-5.0977974698550135,1.137295609818592,1.5206857710120167,1.006234085987208,-1.950088354941569,-0.7721986827702643,-0.021829142700151814,0.7484870882417525,2.4682716778042737,0.04265538800406643,2.0932198123012133,4.381569182610327,0.019016817163635662,1.1057233959594068,6.222978429896677,-6.80949237519819,1.539064558565267,2.114836601468144,1.5022779443463028,-3.338284107176541,-1.0363669995070137,-0.03246647646666258,1.0784696019611304,3.572084361519038,-0.37312373225152135,4.365743209547326,19.059713771708587,-0.20410548083467148,-1.5471358043391226,7.0,-7.1,5.040847542919047,8.8,3.98711967545639,-6.7,-5.2,0.9,3.6,5.375,-0.5306727918223255,6.19374089955357,38.36242633080267,-0.1931117612984353,-1.5489064597973894,9.881165707443323,-9.933045722982548,7.32531264131606,12.529321000393608,5.660011982310234,-9.463019195023389,-7.438607529082496,1.2027350476603398,5.090713471311111,7.776815183969269,-0.009633726895600957,0.1705889963493935,0.02910060567549339,-16.156739425578703,321.21466073735314,0.4735267862256526,-3.4244530350132116,0.06231599625890688,0.08330703512421993,0.058410758661412716,-0.09923740878652199,-0.043635925027006056,-0.004549729315653811,0.03967111009721387,0.10215181707348761,-0.7586109521062058,8.812964365696363,77.6683409110339,-0.17885921974017213,-1.5439702869098277,13.899822885352927,-13.99619326635923,10.529906306358232,17.854630513031026,8.051233695420903,-13.316347588277303,-10.687000700333193,1.8574942772184895,7.167629812697834,11.068488392759466,0.017317493989470977,0.3463590792208956,0.11996461175874663,12.908310226147318,190.56894587360097,5.156658112162094,-1.0664258899947323,0.07897447841497247,0.105551846358578,0.09374901111544255,-0.13563506007516357,-0.05599336871485222,-0.002818798548684165,0.04955847764372578,0.14981348032293035,-0.013467466511802586,0.14082345451565031,0.01983124534172143,-7.490097658938047,72.468202379884,0.2657933103508333,-1.475774252420991,0.05769432160700124,0.08030718278661167,0.061604650457074694,-0.10724459184622566,-0.04585543557812739,-0.003020895206183056,0.034451747208484276,0.10616955757839786,0.00467356385008025,0.19421872163914908,0.037720911835145275,12.300437982217526,176.81762743970646,2.834768475707653,-0.3783128964615081,0.05689024154308436,0.07548837573152085,0.06401459542470696,-0.10645653747961994,-0.0441421145374499,-0.005556264074569705,0.031346261194070954,0.10035432283633601,0.3137931034482758,2.878931726208787,8.288247884171506,-2.085377536099814,3.590325221258598,3.5,-11.7,0.8895613311033613,1.2999999999999998,2.1924949290060853,-6.7,0.6,1.4,1.9,2.4,0.450350883567849,3.0786842154749756,9.478296498614766,-1.491783710734499,1.4370013973244058,4.324856055880044,-11.35214397128129,1.413269354289047,3.2654828797909774,2.6209786707490363,-5.919399528324465,-0.7880621223775721,1.7154331076701066,2.4774207574134053,3.1957437398528437,-0.02599796087613844,2.647006326310091,7.006642491525645,0.19730758295751413,3.2303372252835754,9.48714736780606,-9.710514156800512,0.47425796352654076,0.6385796781730384,1.4200721209520755,-5.567835307510723,-0.3398539295912939,-0.012850929324046752,0.29872574858174444,5.400491221932422,0.6549731994473764,3.9284950011928057,15.433072974396863,-1.204204547622986,0.2690842698826761,5.256055461111518,-11.629555439972844,1.5499595744686565,5.154433457785169,3.516659061587605,-8.076086480070817,-1.9416815118212796,2.6992609086304555,3.2127519459638894,4.271214499959255,0.012181320378057452,1.8254124936817682,3.3321307720894917,0.4362414000707407,2.9057472349976443,6.772318964108445,-5.643833311184512,0.8566645412984294,1.2099343041358726,1.1498328623799574,-3.0104171461112967,-0.6562711050220187,0.023351800100821163,0.5536631991138539,3.367237654083103,-0.036174647094633895,1.4644233766380927,2.1445358260441134,0.07559261976891492,5.264129460357633,6.16961796267146,-5.564744801260427,0.2590743660751304,0.35072459546604456,0.7744756387764271,-2.7952231728099255,-0.17881616149167873,0.0003416052695528341,0.17190843397436584,2.404668087767348,-0.0028936187362180944,3.4207225968479675,11.701343084586304,-0.3380287159429323,2.8210532805233246,10.877585886567694,-13.339445275991375,0.5332154193598926,0.7821438608755257,1.8893532697392257,-6.796334046639249,-0.3525690502613306,-0.0013933883513134755,0.42957481061419506,5.861733204163447,3.0906693711967548,3.2810344059515035,10.765186773037536,-1.7856651846230227,2.689221604708056,6.4,-8.2,1.1860817748044812,3.65,4.1026369168357,-5.1,1.525,4.6,5.175,5.8,4.371449434592414,4.600751923939504,21.166918265633047,-1.7716747146761895,2.687240472284487,10.219629795503987,-12.472691885641147,1.6183954375130096,5.019525214289672,5.775121820727697,-6.740682828548118,2.2218102185233706,6.456061487498491,7.241335432813043,8.165553255163443,-0.0020686059303543984,0.499125645163473,0.24912640965985317,3.917618464163994,100.6255258737801,6.298727182300482,-4.568358848603596,0.1055707635196657,0.1397784540455421,0.1514764985580936,-0.2557716860062732,-0.06957674528276339,-0.0013931378210887135,0.0702017087627787,0.2304873855425679,6.183367751915444,6.432119380739325,41.37215972808243,-1.774806735439288,2.688098500955907,13.539729943305055,-16.827495721548143,2.1520337392893487,7.0509795041297005,8.114523873718163,-9.60251154493491,3.233451775375772,9.155991452956505,10.284431279505473,11.676029154758481,0.027402382826844412,0.7185218074754001,0.5162735878177158,5.634000811808257,50.661530269536236,6.555215163067046,-2.181809911363624,0.20510201865276698,0.26681553069146735,0.27971025359910734,-0.4636916997730063,-0.12205768988585766,-0.0014303608826367036,0.14475784080560972,0.4370780540780085,-0.003316844187079262,0.44934160859445715,0.20190788121425435,4.698658027932243,53.034205129154955,4.307780565889641,-1.8436998440173364,0.09848800940517494,0.13522910249073167,0.15802737679402823,-0.21717553672438145,-0.0745845743428912,-0.0033276492344450313,0.060644528147840465,0.22164743351021599,0.07292748623639236,0.5340171966765033,0.28517436634623117,5.38683976268494,31.602462734518106,3.867032691026027,-0.5573898802807222,0.1385043918854262,0.1861043608200511,0.20065395184748083,-0.26817713070819793,-0.09513513349969471,0.00704254803241848,0.09096922732035641,0.32948040864040046,-0.00027444770035151965,0.1832587046753187,0.03358375283927568,-0.42192367711173195,5.422004261616788,0.966845,-1.30449,0.02775431353042487,0.037382,0.09346334298289664,-0.34445549999999997,-0.018105,0.000616,0.019277,0.342047,-0.00038842096717467287,0.23371179248166563,0.054621201944993134,-0.14343388652678746,4.103224937522523,1.0867625553381712,-1.4181473922137753,0.0385187616462878,0.051975434209289274,0.12262101801834993,-0.46010316645900096,-0.025554728206563047,0.0006215835599061937,0.026420706002726228,0.46494738928704055,8.91646365467409e-05,0.11198387279581574,0.01254038776634944,-0.04911916334834561,10.758481003512367,0.8980807162832553,-0.977302567671962,0.007360974988993708,0.009938913465930718,0.04948582431432946,-0.17658313685061297,-0.004880515245606083,6.654953276129325e-05,0.005058398220324634,0.17493152887173274,-0.0005500881689152686,0.32084477133023137,0.10294136728994847,-0.049895203257000885,3.7456712985757212,1.4177865537243752,-1.6391048339545684,0.05386904108968663,0.07248883510751467,0.1697709062638165,-0.6379206286718204,-0.03643190852268787,0.0005431056454013136,0.0360569265848268,0.6432996488421672,0.00036181337187069217,0.0792572663959835,0.006281714276563896,-0.00016306077398250287,8.678470804023746,0.53940545563413,-0.5272061347999908,0.0062333480146976525,0.008428299755465635,0.0360201683646145,-0.12816935968190718,-0.004192658131737807,5.5065508693820766e-05,0.004235641623727828,0.13055162783125362,0.00012590536486190013,0.08011790238681873,0.006418878282863815,-0.06043930851758786,10.362274067450228,0.6351876018014383,-0.6068601095991798,0.007375781193592113,0.009953166718745708,0.036636453083118664,-0.12975247182903293,-0.004922485089046733,2.5596893854620722e-05,0.005030681629698976,0.12762614689027663,-0.0007362825829911873,0.1365903346212051,0.018656919511932782,-0.03560471842585713,8.946836944590238,1.0398455725144766,-0.9153653953252111,0.007259142204801649,0.009808991348691055,0.06052035480420864,-0.22155256233902126,-0.0049286455754620154,4.8135658572031205e-05,0.004880345773229038,0.2205433585587604,0.005263879922015774,0.4176099893474611,0.17439810320278656,0.24888732753732518,5.441854973831656,2.662139,-2.201177,0.038304510917310734,0.051613,0.20430151011727174,-0.789425,-0.020436,0.00486,0.031177,0.75026475,0.007443467440893615,0.560515415169942,0.3141775306431324,0.25471886425203566,5.096953642727717,3.1741359294824023,-2.8146142302044637,0.053591224853305926,0.07237388723892513,0.27747921534565934,-1.0399235505155702,-0.028720517644569416,0.00675815869383394,0.043653369594355715,1.0257024499613807,-0.000663161560480699,0.18597687644263317,0.034587398571358445,-0.07973631650230541,11.265668645405404,1.5102867673033598,-1.370486191282913,0.008460671997015334,0.011409802820085755,0.07923955103848453,-0.278037992809843,-0.005674354419259318,-1.518488134228562e-06,0.005735448400826437,0.2772319149774265,0.010524353093242598,0.742718659539546,0.55163100722822,0.19592723020208747,4.141704237074438,4.0413908214538585,-3.118479026005699,0.07217355798264358,0.0974678278685843,0.3769361141362412,-1.4814699530627384,-0.037708522008604015,0.010181435824355744,0.05975930585998027,1.420802158590051,0.0006706364136697864,0.2767896609650429,0.07661251641714342,-0.10037982375190335,8.189249305439224,1.7269781410781633,-1.7742223355548246,0.02253779019993113,0.030392485131850836,0.12600966686287274,-0.43658026694217344,-0.015174746488026584,-4.368574492389049e-05,0.015217738643824252,0.46552605813386927,-0.0009368063720976024,0.19388935764640183,0.037593083008534325,-0.020720778279347693,10.199449081859543,1.5263659274292523,-1.4057020319812406,0.007348614034557877,0.009921685622749216,0.08430414330853234,-0.304065743853822,-0.004946734146870147,4.379353240059509e-05,0.004974951475879069,0.3049681042930895,-0.00023802491145426266,0.177677838858983,0.03156941442159873,0.08905949591683357,9.228666265385147,1.3741612382820045,-1.1500351961902295,0.009288275790194528,0.012531125065666938,0.0780171826464187,-0.2903605659660819,-0.006240475585715905,0.0001174717704315622,0.006290649479951032,0.2888983476736353,0.004836973975718547,0.10525460416818949,0.011078531698602253,0.36643929422317184,7.98015103785249,0.922276,-0.74753,0.014436097801589045,0.019474,0.05289652308510324,-0.177789,-0.004648,0.005391,0.014826,0.183068,0.006840588136966188,0.10790205161314761,0.011642852742326373,0.194329241171386,7.983875490374638,0.8137862106432319,-0.7374640140654337,0.018426599443880934,0.024806388366414016,0.05578009052582797,-0.17734936357650255,-0.00507468074812074,0.007714517332260713,0.019731707618293275,0.18539303280050062,-0.00014330662264967165,0.10252920672800718,0.010512238232274434,0.003977093992756437,10.149179285885433,0.8414137855477396,-0.8677974906571936,0.007601587694106056,0.010248558307523425,0.04683021552443235,-0.16914422163323234,-0.005144977166564068,8.789406377450449e-06,0.0051035811409593556,0.16808059144190196,0.009674180386232361,0.1387367708340319,0.019247891581454686,0.1796034058800252,8.293779113425517,0.9658580641473997,-0.9385658984489273,0.024968361220895158,0.03358778178640225,0.07211298556370427,-0.22341099658871785,-0.006491326471796093,0.010910819275951793,0.02709645531460616,0.2339286230773533,-0.00024205145981705492,0.06351108216158297,0.004033657557335342,0.24385312425979017,8.875587392724405,0.4497051907065279,-0.41409881440435675,0.006758747742446603,0.009134297974491504,0.029456632145976477,-0.10051108970796724,-0.004727207809622738,-0.00011568223457339433,0.004407090164868767,0.09995233762660681,-0.00020204862152818062,0.11947074702611268,0.014273259394977412,0.09640540987082448,9.06297777379617,1.0398702182712147,-1.0344899515112793,0.008389050369522907,0.011319305639131926,0.055210278048687805,-0.20094785900570866,-0.005713872837027963,-2.973721348921214e-05,0.005605432802103963,0.20146004881317295,0.0004666859510509498,0.08214187092717763,0.00674728695941711,0.07845640676540416,10.81481948918122,0.6661104624812958,-0.6810246404825984,0.00663441121748549,0.00894609290177785,0.03663872893959548,-0.1282826785292112,-0.004442288886415375,4.2135033086937096e-05,0.004503804015362474,0.1300382212172254,-9.636405931527524e-05,0.7363473038825248,0.5422073519350633,9.275124314489362e-05,0.7287993727048594,2.037816,-2.051129,0.6793275952181577,0.9160254999999999,0.5594896627920716,-1.405999,-0.45696125,-0.001279,0.45906425,1.4065400000000001,-0.00016426144237303663,1.0412069592896556,1.0841119320732107,0.00018121319050858666,0.730970566034284,2.886030556689007,-2.8932636388287905,0.9597389109137527,1.293812605385996,0.7906462397222583,-1.9909928185366261,-0.6453381234249107,-0.0021713913325137986,0.6484744819610853,1.9834147984431654,-3.2204077769848447e-06,0.014978534480544037,0.0002243564951848466,0.05877383254012651,9.156738243193896,0.3166150256218795,-0.25358781892165055,0.014659946768803271,0.019796206793374873,0.011940901104302092,-0.022437623092345226,-0.00969145059619413,-0.00010315473468502055,0.010104756197180743,0.022448434675130996,-0.0003146387596337575,1.471643204131852,2.165733720267464,0.0004283085664524651,0.7392858254369785,4.045188347756458,-4.042256494679539,1.3360543106862828,1.8038910609149585,1.1156269618970103,-2.7960185718613113,-0.900341665414191,-0.004888974186096726,0.9035493955007676,2.7955582432028714,1.2904597161274982e-05,0.04667108579966702,0.0021781902497198806,0.029313919863864116,0.17196056315561892,0.3559637137720844,-0.20897799817342796,0.03517598183001324,0.047485262601080436,0.03559369747778224,-0.08473451776690996,-0.02324296573268561,-0.00034304374572776894,0.024242296868394825,0.08613636322163096,-4.660861543340349e-06,0.006202659870994336,3.8472989475243474e-05,-1.4176916620618536,64.23003266006229,0.13532246395755546,-0.16885127702380268,0.005515768962554804,0.007432667232107098,0.0045583777182082695,-0.00943702907083049,-0.0037155950658836383,2.814159045364705e-05,0.0037170721662234596,0.009444402263286876,-4.508356451427743e-05,0.020260017744563697,0.0004104683190100358,-0.21174946060603345,2.3982072370532324,0.09415820886930613,-0.2887243066193843,0.02051919317082253,0.027642744540381292,0.01636936171328666,-0.03383845310660902,-0.013919114253699386,8.548270802538659e-05,0.013723630286681904,0.03369959981306893
-5.179289340101524,7.811783205860785,61.0239568553686,0.889241271883278,0.16526858644889852,15.4,-22.2,5.485628208470727,6.7,8.557969543147209,-15.36,-9.9,-8.0,-3.2,10.0,-7.277564524732741,11.08341726585839,122.84213828912787,0.9126822401536127,0.18499371243409168,21.466271845583762,-32.088485921910056,7.723353255498023,9.252853651844582,12.124569963527257,-21.63379533369386,-13.926491906668312,-11.289274632386304,-4.6736382548237305,14.107513766276032,0.022905600721714513,0.6908293326576193,0.47724516686017154,-0.4072468841608737,75.35331960147008,6.815519000392339,-8.476059765896082,0.2580214858787437,0.34492906398408263,0.29308161743805267,-0.4834223274281461,-0.15966819100228602,0.0166777558295349,0.1852608729817966,0.5433530251439491,-10.14680646457842,15.815158964056328,250.11925305837124,0.9242479000070404,0.16593865192267465,29.816011408749603,-42.1768176086841,10.746487547696486,13.003244211170792,17.18409894138772,-30.492281635711706,-19.63033202346669,-15.911031814726226,-6.6270878122958985,20.312457137003705,-0.007856155949972762,0.9692961070622296,0.9395349431659932,8.304977210138636,119.52142214598334,12.745366652546526,-4.786287662912326,0.2447302830003408,0.34544132457212035,0.3375222533639493,-0.632907505509026,-0.16134103620670254,-0.010618970044149412,0.1841002883654178,0.5036758959675374,0.031620263494396256,0.6209056514991724,0.38552382806361174,1.3672356013114864,24.391317876013172,4.515309101343,-3.433335602705897,0.21777896528141352,0.29513621854299255,0.28755670307119274,-0.45881282938322276,-0.12730269888399603,0.011706446216172004,0.16783351965899648,0.5357331412970789,0.0916535562695224,0.7428757435035683,0.5518643702859795,4.982296499707478,38.32739075984293,7.181173734324327,-1.8550720351537726,0.27205498170599796,0.3707499860049232,0.3426602759243726,-0.5599445453763915,-0.1654017165203343,0.01508180726631679,0.2053482694845889,0.6968601804509758,-149.04000000000002,12.632519633242767,159.58055228426397,-0.38681334076372453,-0.3497841990153816,-111.2,-183.5,14.23298129765377,19.400000000000006,149.04000000000002,-172.36,-157.9,-147.9,-138.5,-132.02,-210.68815375046904,17.21303842467059,296.28869180918616,-0.23893439825808413,-0.6933722486742857,-158.44535282376248,-249.43989430170984,20.02316648394107,27.965781353619406,210.68815375046904,-240.2340494906754,-223.80073400201317,-208.53414506310867,-195.83495264839377,-187.64783979554352,-0.15455515177860193,4.688478665878963,21.981832200402177,0.0002655921832226596,1.6003734210783112,17.985186046104477,-14.32844556109652,3.408382404097988,4.580389231403637,3.3921896666975413,-8.45485143595867,-2.5004077125175375,-0.03662197320082328,2.0799815188860995,7.631888356407501,-297.76669740896216,23.86013978299597,569.3062704641069,-0.2576111110390487,-0.6888200884665028,-220.77728666549478,-351.03710187365874,30.373102595164056,41.19758615242506,297.76669740896216,-338.1026705535478,-316.3957750107421,-295.3825488129985,-275.19818885831705,-266.53367465964243,0.48644943455997813,4.4963856297268485,20.21748373121411,0.008832075717222476,-0.34280712043100836,10.663771204007237,-12.983781076514118,4.591815993193156,6.230177458633625,3.6085155300416396,-6.714057469002584,-2.486474020190654,0.21582285076406293,3.743703438442971,7.883146703654233,-0.2167077823899479,4.181966334725928,17.488842424781012,0.07577537667597714,6.566007737549423,20.40208648527439,-19.250921544955787,2.5384919011122893,3.44258415445284,2.6345278530758294,-5.600398830662755,-1.8601720434259843,-0.03723588910601523,1.5824121110268559,5.013371611624717,0.07799314035926808,5.094833116240699,25.957324482342916,0.07565017484326396,1.5340630845935221,21.34230455655684,-14.399360165524351,4.094775397199607,5.743374810193491,3.753831828054203,-8.163722723566199,-2.496655550819922,-0.07093211670102734,3.246719259373569,8.25993171308936,-1.0725888324873096,6.087122122521823,37.05305573449458,-0.5299339872345699,-0.7079077050556872,10.6,-18.0,6.523449761424649,9.7,4.963756345177664,-12.1,-6.0,0.4,3.7,6.979999999999995,-1.544382470092964,8.365783742791953,69.98633763116213,-0.3959056541102196,-1.0760637492189649,12.621954489914065,-21.356518064021156,9.656823465583578,14.60818541484759,6.964217508730265,-15.533265568972185,-9.399780636609124,0.5467128800195797,5.208404778238466,9.601646829774383,0.024545287918884055,1.9946218921066508,3.978516492471116,0.09520674365084097,2.1093327070161285,7.635203863083175,-7.85177800710128,1.3178757097142202,1.7725980167509179,1.3794665956407461,-3.4109771825393755,-0.896658646922164,-0.013845663696734345,0.8759393698287539,3.420343238562574,-2.266922176437589,11.650689660074667,135.73856955537076,-0.3508161909230518,-1.2244877965039547,15.399546413141836,-24.171996838480563,13.98382981722457,21.843234882785715,9.794028227993353,-20.54822766936557,-14.298559855664173,0.9271464722151795,7.544675027121544,12.99487921048563,-0.05759481191487846,2.0354592400242066,4.143094317799921,-0.44095819914054957,1.3485818793381918,5.693038252409625,-8.066781399280526,1.7762778356688198,2.329348816596143,1.5340046668395784,-3.110331794062879,-1.2372615509678202,-0.005842539424397398,1.0920872656283231,3.1693068339376427,0.03703523670191496,1.9737261621573163,3.895594963184249,-0.22426361957373595,3.924238193547831,7.093475449041842,-8.400290269646822,1.0526239289636852,1.4602694497472055,1.2699306590074289,-3.164846899214832,-0.6316775498538968,0.051292110351202305,0.8285918998933087,3.3081922848754477,0.16413299212333865,1.985566781911975,3.942475445432277,0.24729715615716608,1.9897034723024678,8.065611996708512,-6.729619564022265,1.4203906398157808,1.9116518785384855,1.4257844617676458,-3.1143869033600096,-0.8267891426966302,0.07327439498644775,1.0848627358418552,3.449765186594141,-0.3927918781725889,4.42490859377731,19.57981606328429,-0.1322180723665163,-1.5471529697245625,6.9,-7.1,5.633888430321288,8.9,4.041116751269035,-6.7,-5.2,0.6,3.7,5.7,-0.5668880102795401,6.277558745407187,39.407743802038254,-0.120810824257863,-1.5510766544140484,9.69119591596345,-9.90920136575989,7.986078640813835,12.626904967615992,5.737766359830118,-9.383027491304492,-7.392078233099933,0.7930795646648607,5.23482673451606,8.015678812611018,-0.0038043275252232075,0.1776282044528457,0.03155177901714195,-16.11733278081014,320.5454273546913,0.4446592993731433,-3.5577765720610417,0.06129844282876263,0.08372416396899052,0.06080215145522011,-0.09738304130710124,-0.03851109323079976,-6.51559567382276e-05,0.045213070738190766,0.1056891558945808,-0.810201516052079,8.926114430969914,79.67551883476936,-0.11016713837745952,-1.5476570428650762,13.587122648917427,-13.92313081850019,11.350914668167826,17.908743819875536,8.15677313779281,-13.30578982552672,-10.494515770866958,1.2540106283086232,7.414228049008578,11.53084975927516,0.011242456033326782,0.3570933369541096,0.12751565129702125,13.305834728214938,198.59616194217895,5.364747584107167,-1.0340827200166642,0.08323243731229686,0.11687611146486448,0.09344539190477084,-0.1339559750747205,-0.06518771713296267,0.002283697236965254,0.05168839433190181,0.11344613466316034,-0.005259571555126853,0.15260436041326336,0.02328809081714118,-7.226517717069816,68.74452223985926,0.3525250626449873,-1.5414381708816438,0.060292693022056976,0.08352802402424758,0.06562314561613646,-0.10902932868040821,-0.038364395503732864,-5.81164843201018e-05,0.045163628520514726,0.11698608284949556,0.01528889789099001,0.19750298636227978,0.03900742962201888,12.598609957083235,182.4696860630683,2.91599729078184,-0.3302451786805037,0.07012019604733284,0.09494660487813517,0.06833184244748235,-0.10033177807592739,-0.04538959645712495,0.006570921480557849,0.04955700842101021,0.11932715172203623,0.18121827411167515,3.027079565942941,9.163210698549305,-2.0934705915950853,3.626511495303209,4.0,-11.6,0.889561331103361,1.3,2.226294416243655,-7.7,0.5,1.3,1.8,2.4,0.26747395840715454,3.223541294775992,10.39121847912608,-1.288560782659786,0.5302262819993859,3.8520905406300656,-10.687167407236645,1.3550777793555095,3.9488976871286194,2.7402371431235455,-6.868121655532111,-1.5274215841948273,1.7400384366141814,2.421476102933792,3.2557355596224244,-0.07553118207017953,2.7962769645225616,7.819164862319512,0.1155325043879394,3.6104527892333698,11.008363832951861,-10.562266013948237,0.4776445240515904,0.6526266554808522,1.4928218086527507,-5.493188819453471,-0.35687149869745255,-0.011835969208514673,0.2957551567833996,5.4213629986788225,0.4037166714681024,4.267960854220771,18.215489853160896,-1.141246543430439,-0.059727311918660764,4.855942998140704,-12.161968590407426,1.4910942214184713,6.12259587596834,3.7790921737018865,-8.585123256744478,-2.8087553817076873,2.586852288239158,3.3138404942606527,4.367435956628825,-0.08628609361410508,1.539277459603944,2.3693750976447716,-0.1393286161356624,2.0379290620354125,5.478426625534131,-4.916269503534158,0.8836268653331597,1.2010546696447928,1.0365855296210347,-2.785111071357093,-0.6637873413124755,0.005224907582897995,0.5372673283323173,2.565378771174667,-0.10542645976204353,2.44281977782664,5.967368466940995,-1.28419816889555,9.763715303870057,9.177140051495705,-13.323083643004185,0.21969971562818835,0.29562184657590757,1.09510719302728,-3.7010248103264414,-0.14165475607286057,0.0044624720235338505,0.153967090503047,3.4587238925645174,-0.11148232859231935,3.0776293934624777,9.471802683504219,-0.7683113644476669,3.264146236762598,8.570041995470595,-10.864680168089278,0.6141476247924583,0.8274771163960393,1.688270269455952,-7.314983375008918,-0.38066065823085615,0.006836792065891004,0.4468164581651831,5.21201922566545,3.0417258883248737,3.352158947624945,11.236969610141978,-1.7387617802927384,2.5280181509542263,6.5,-8.3,1.1860817748044825,3.7,4.108324873096447,-5.14,1.5,4.6,5.2,5.9,4.297068031100819,4.694887551157493,22.041969118013597,-1.733564874874756,2.5751881915928347,10.119168831636633,-12.564116674773967,1.8542661289223028,4.9370016301191875,5.770701812981239,-6.919355377308941,2.326694800599104,6.431790620569213,7.263696430718292,8.259176627319007,0.014731775917374746,0.5282053949444359,0.2790009392484075,6.474154816177444,103.48469352385274,6.411264868317366,-4.7731032975084515,0.11455290517979441,0.1551257022686677,0.15774010080179823,-0.26148332428035787,-0.07605304740162139,0.004072392196723784,0.07907265486704632,0.24661070269327479,6.063999344442266,6.572865172066502,43.2025565701648,-1.6703088922796059,2.27986803737043,14.163623635374284,-15.926309999825218,2.405276238459138,7.077552821642872,8.121825083960216,-8.65759183080537,3.1914641595725968,9.223797476113015,10.269016981215469,11.750268203320074,-0.052717709415174105,0.6118306044980923,0.37433668860050107,-6.644133990199308,72.9556420761668,2.502456281980849,-7.149186064268201,0.169870075353259,0.22960175937968424,0.24387493262862395,-0.4822135942190345,-0.11176531960133981,0.011603886126155594,0.11783643977834445,0.4156091767981452,0.020781748328624994,0.5184047930837685,0.2687435294922249,3.3332831192080667,53.08574613041889,4.337236299236671,-3.9899281109163205,0.10929602124484157,0.14671074976268222,0.1608923953988872,-0.22121148596680745,-0.069056705593693,0.00459271685731198,0.07765404416898922,0.20312110486342344,0.05796916687785967,0.5284774464388337,0.2792884113945103,4.385649996057948,30.201573478511776,4.044321163015704,-1.9280121246064224,0.14598941076537444,0.19676884569061823,0.20949054382727517,-0.27184796813294504,-0.09331540338577793,-0.0014849095093681913,0.1034534423048403,0.3692404097398828,-0.0004937353579175706,0.19905184730698372,0.03962163791632276,-0.4885343293354349,5.79035738503174,0.988716,-1.358691,0.02678617428174071,0.036134,0.10029265729652631,-0.3666235,-0.018046,0.0002,0.018088,0.36735,-0.0006976104443212373,0.2579198287046794,0.06652263803905115,-0.39063157943572463,4.73494394892145,1.120007839553353,-1.5336274564891244,0.037044040838939356,0.050043762743479867,0.13285637332783,-0.49061982390164083,-0.025179366858698888,0.0001336702657419139,0.024864395884780982,0.4975796599755714,0.0004028579401065248,0.1127540724108023,0.01271348084522045,-0.04777644093330643,8.242403691155802,0.7033991592859236,-0.7861836215001209,0.007655358473368577,0.010334417986472822,0.05125787374802765,-0.1879256471091354,-0.005127712811928345,1.7813442127227394e-07,0.005206705174544477,0.18889282940758217,-0.000984662400504617,0.35403971054329025,0.12534411664157674,-0.3549247860121157,4.3616089001955585,1.3689279561584906,-1.8015698343050066,0.05183984069146864,0.07011395233700621,0.1838446873146652,-0.6615780920087576,-0.03560724291246488,-0.00011067156589954409,0.03450670942454132,0.7064579032178374,-0.00085137006185354,0.08761846387063049,0.007676995211048982,-0.2411110680750614,7.704646969193565,0.5171331986756638,-0.5451831949087136,0.0062654117122596595,0.008470392516602816,0.0404815671557231,-0.14995776141240835,-0.0042380829772204745,-4.810401675900812e-05,0.004232309539382342,0.14408738534774926,0.0005694444446634715,0.07677223774979484,0.0058939764891110255,0.08163184711830646,8.132057806955295,0.5909803121469434,-0.5669901981506776,0.007594718864347136,0.010248629919426454,0.036258351154887854,-0.12819597546511186,-0.005009162920458545,-4.713460890222104e-05,0.005239466998967908,0.131334163915516,0.00023649929339340897,0.13974405920166463,0.019528402082158353,0.026858328324847303,7.2245009123797015,0.8557814508673293,-0.8428232377408466,0.007517342670186989,0.010144575925814997,0.06368219751976564,-0.23241511899304895,-0.005116262791691478,3.4568878247263635e-06,0.005028313134123519,0.24304789740521587,0.005272793985677354,0.4265448983163078,0.18194055027966938,0.3052178624376668,5.3242269879185375,2.665503,-2.135444,0.0382155547842004,0.051494,0.20887397355362075,-0.805693,-0.021398,0.00474,0.030096,0.775741,0.00745515901953826,0.5715181020916845,0.3266329410184811,0.25058820946542426,4.9376680946813165,3.2831972212559974,-2.6453124039119653,0.0533211273780275,0.07191970927552944,0.28340826909437294,-1.0906871952397457,-0.029031618141951265,0.007227472993038354,0.04288809113357818,1.0625537671964196,-0.00026955459579672096,0.19291402136341695,0.03721581963860489,-0.01426930670095199,12.51850593645154,1.6555960567868822,-1.4973404727431705,0.008785442879040532,0.011851930528027224,0.08143933044172756,-0.27397297613687155,-0.00593688900147972,-1.1199429435002829e-05,0.005915041526547505,0.2831711374415598,0.010538364325345375,0.7597150228920041,0.5771669160077982,0.1650401841390661,4.0333266778790735,3.857815219562377,-2.9436812198904136,0.07093167153718917,0.09563678962071795,0.3857987778494527,-1.5325383665588388,-0.03775138057852563,0.010772127993378167,0.05788540904219231,1.4329041292498772,-0.001366474879883803,0.2756471073754789,0.07598132780446878,-0.2425355084599952,7.571926396399684,1.6992332452310117,-2.0228053156736796,0.024076782381471363,0.03243336700557198,0.1292590950306723,-0.4569657170944206,-0.015916408879318868,-3.269968202008122e-06,0.01651695812625311,0.4664996475147569,-0.0003813880929100203,0.1889730883844752,0.035710828133566686,0.07947556892018709,11.169983876686327,1.6268877121935925,-1.3519957581295738,0.007466899875103137,0.010077655175101823,0.0815865587648203,-0.2888864061031116,-0.004994487150521226,6.202944526536187e-05,0.005083168024580596,0.288584247322314,-8.946823730843048e-06,0.196742355782549,0.0387075545588671,-0.019006935638332254,8.832005097951821,1.2179657523727296,-1.1943063187985252,0.009888429599732433,0.013346996512731208,0.08598191128193855,-0.3256384618711531,-0.006570627339114977,-2.6376460321718127e-05,0.006776369173616231,0.3108751140246288,0.005427080364306302,0.1117373523713742,0.012485235914964643,0.21536271734041162,8.501406683794082,1.029266,-0.798818,0.013000938854075625,0.017539,0.054355390440673945,-0.18262775,-0.003015,0.005512,0.014524,0.189675,0.007674523663963053,0.12104509188955706,0.01465191427055131,0.013982060758111526,7.75366546024539,0.8112991370606737,-0.7840104336873469,0.01668314290690841,0.022407009195860344,0.06029894617605337,-0.19266105159211613,-0.0029880209579405846,0.00774129752403948,0.01941898823791976,0.210255040083852,-0.0006670960591686828,0.10156727501768127,0.010315911354517301,-0.01935240099235355,8.130180955831019,0.8000991689367605,-0.7235193548305416,0.0077418484663922885,0.010441441385504693,0.047008746906292836,-0.1702511745857606,-0.005292480035554222,-2.3053819650639598e-05,0.005148961349950471,0.17076797788622328,0.010851780542079229,0.15858318474971028,0.02514862648536074,-0.009544294497863634,7.794744887629218,1.0614993419123993,-1.0493473882844466,0.02258045727017003,0.030437798037117603,0.07935732046370016,-0.255572574835437,-0.003567160741706438,0.010927399807893243,0.026870637295411164,0.2766019316268817,0.000362657964728115,0.06442000648248758,0.004149937235203742,0.30245053484493645,8.450205267481303,0.43267953763791556,-0.4400403412934199,0.006901721116335037,0.009308448251675379,0.03015647053938676,-0.10337488392822478,-0.004651239459949769,-3.647601654141377e-05,0.00465720879172561,0.10724256591665157,-0.0009431495614452628,0.12180739249173948,0.014837040865636671,-0.029864963806389932,8.167094703559886,0.905997384858517,-0.8021490656374314,0.008561798808731598,0.0115496309648634,0.056676143255142114,-0.21028869044465695,-0.005808301257380799,2.1266295310104586e-05,0.0057413297074826,0.20251666599049215,-5.798542023441163e-05,0.07609931132271668,0.005791105183791755,0.0017424130197910784,7.9160422673719975,0.5295553200099518,-0.4700228395875959,0.006706488719052719,0.009025993414786947,0.03502042993687252,-0.1285981958974765,-0.004584191273781417,6.443072320368518e-07,0.00444180214100553,0.1253417371696486,0.0003217946245505603,0.8521696245871143,0.7261930690689433,-0.0017895886120147342,1.5251134498104433,2.738519,-2.751711,0.6800014379264684,0.9170177500000001,0.6119217622945947,-1.6387697499999998,-0.45684825,-0.0001115,0.4601695,1.638479,0.00041044818648983285,1.2050279132879975,1.4520922718032254,-0.0016811334820757131,1.5280274045105307,3.857754502851346,-3.88363006992974,0.9588304206899353,1.2932958262168632,0.8648222972345981,-2.3244605348729745,-0.6450217139003749,-0.0016699651077091756,0.6482741123164883,2.3129759065727415,-1.9856554659245245e-05,0.013914046149760469,0.00019360068025766413,-0.9893845601344311,31.07798726217515,0.2570131723003463,-0.35009757779597356,0.012222413533681666,0.016419105806729714,0.010614996022625429,-0.021180570597316626,-0.008041505167916815,-0.00010060627255065874,0.008377600638812899,0.021163178356340424,0.00045403190406803043,1.7034850277518656,2.901861239774774,-0.0014321676945885046,1.5382082012898195,5.433900897825426,-5.42616835253106,1.328162360890548,1.7893503825882595,1.220717968260617,-3.275563516114918,-0.893693627828024,-0.005640390869754052,0.8956567547602354,3.2576756004695873,4.52935044248962e-05,0.043858612738967746,0.001923577911386744,0.05088645229927803,1.248416920223189,0.4129062418667012,-0.40002404194219665,0.030088776830231354,0.040498855619819404,0.03246921212719809,-0.08077802868230458,-0.020021392156514835,-0.0004001178972656144,0.020477463463304566,0.08097298875145793,-2.6611650299122812e-05,0.006163722666802363,3.799147711325323e-05,-4.395183423983707,298.83386551699067,0.20391455605695544,-0.24433430187970084,0.004941409527959112,0.006667965594715161,0.004086620180456849,-0.00840916924305796,-0.003354813203365555,5.3790751883256676e-05,0.003313152391349606,0.008375270369998127,-7.026587537752676e-06,0.018688741031470838,0.00034926904134138174,0.1523660468260906,6.340115888640877,0.3123620675330355,-0.21829221057770493,0.01669612996203646,0.02244047424440413,0.014630012779006961,-0.03170781067823174,-0.011374364299645005,0.000160045957583896,0.011066109944759124,0.03174276908155074
-5.478658536585366,7.492034511886954,56.13058112730518,1.0085336998282273,0.19555137660208022,14.5,-20.4,5.782148652171848,6.3,8.622967479674797,-14.569999999999999,-10.0,-8.9,-3.7,9.3,-7.7003985170405675,10.6435092337009,113.28428880787631,1.0309009088526209,0.20480685931177245,20.45533291639565,-27.984160655757524,8.384252223091925,8.807564767978086,12.2194501230244,-20.33262934315665,-14.09533258048991,-12.813725851311137,-5.287767812511823,13.162767932013105,-0.05255713678384412,0.6285692233996497,0.3950992686052388,-6.872531659863833,77.690318856226,1.802425984806594,-8.409283521633256,0.2710719642797573,0.36412891000644976,0.287404200796448,-0.5350770869314612,-0.19115377003334308,-0.014329929374621408,0.1729751399731067,0.45598243058882,-10.77689493991433,15.18383181897027,230.54874870677403,1.0453901872544538,0.2214508214395825,28.674215798666054,-40.363395624341806,11.631423907167525,12.354561867292617,17.330663170747528,-28.33461357467253,-19.898686236164917,-18.09054170000984,-7.544124368872301,18.735020206376795,0.11549853537506297,1.135156868148621,1.2885811153049858,7.338372252161601,66.46806306222749,12.509050425273678,-2.6327984049251416,0.26266027272000225,0.3578714456788471,0.3743659309865257,-0.4769442871600521,-0.16948311588651188,-0.007147396778982573,0.18838832979233522,0.5062274707658425,-0.0735596993002747,0.5161258959689694,0.2663859404897714,-2.8080050920594886,14.215960317459395,1.496850746033113,-3.520555728348215,0.25226120006348485,0.3384118734760956,0.2972659964678405,-0.8409849029968866,-0.18168687862116817,-0.011885275863768693,0.15672499485492739,0.47567500056443907,0.07477399058252526,0.7126519689650628,0.5078728288697808,5.137061642164439,42.42239622958189,7.012344921830771,-1.978598423944864,0.24909804130107607,0.33458733897694815,0.3301779406753061,-0.5711882952967311,-0.158331562600532,0.006988458226484522,0.17625577637641615,0.5936724796359139,-149.77916666666667,12.818477156925807,164.31335662262873,-0.4154231976102071,-0.421353527096497,-111.7,-186.1,14.529501741354895,19.525000000000006,149.77916666666667,-173.685,-158.425,-148.8,-138.9,-132.615,-211.74600059284813,17.35923028833835,301.3428762035635,-0.22637574410565567,-0.8221249164613291,-160.63512609358617,-250.90618147143263,22.059990340413105,30.639871001387718,211.74600059284813,-241.13925458411356,-226.48942999443523,-210.39058863006778,-195.8495589930475,-188.17743681296412,0.09606957599394257,5.148743655236931,26.509561227342555,0.018449627418934786,1.5536414403178185,18.507231191027714,-16.13640854150071,3.2548355534587863,4.4954378406627615,3.625496963007491,-9.63780052896753,-2.059293458181397,0.34743278622755014,2.4361443824813644,8.758658470528898,-299.19744755447186,24.108122271504264,581.2015594577999,-0.2546256090286798,-0.9244904795000384,-230.70436110051318,-348.876343798635,32.71636685290824,44.229477793936326,299.19744755447186,-339.7505947614475,-320.32348634582,-297.3932455958432,-276.0940085518837,-268.41183089586013,-0.21967378217129915,4.375734176615725,19.147049584402897,0.010590272829754258,-0.23421756841788,11.54888083441009,-14.52063656204465,4.603095622883056,6.181403620436858,3.545648116150801,-6.849111827738346,-3.3022914692979635,-0.29315580320130863,2.8791121511388944,7.011598487688242,0.13707495403791786,3.652157040770622,13.338251050450426,-0.07264593083557123,5.876512077410469,17.2316159275648,-16.759338237698458,2.487401361407361,3.1304872647546436,2.3681136769217597,-5.313716912829118,-1.1721796166190743,0.0599770419702981,1.9583076481355692,5.032699579722999,-0.2561763678842135,6.236472575523383,38.893590185255256,0.22473821539465674,1.6662175947556426,21.301084273401926,-21.287713534238218,3.987436339488016,5.476447491653823,4.425879560620324,-11.6302005833316,-2.922973961037071,-0.6222174523625674,2.5534735306167518,10.774526846019326,-1.0908536585365856,6.0822427201682325,36.99367650703946,-0.4438945161728311,-0.8375480201672518,9.4,-17.2,6.523449761424649,10.0,5.013821138211382,-11.885,-6.3,0.3,3.7,7.1,-1.5739664828319238,8.410020237361092,70.7284403928231,-0.35122167002145355,-1.0995417686219513,12.080895140318574,-20.348410568910968,9.752791618307958,14.6041828442852,7.033450623039361,-15.306804004695772,-9.53358820721049,0.4619012675224495,5.070594637074709,9.875679530012173,-0.07306874397969429,1.7751966986640073,3.15132331894759,-0.14661000420324655,1.9816484088662962,7.042141903600192,-6.968118974825668,1.2425302505632705,1.68366569519249,1.261463391000125,-3.369392826842667,-0.8527941539063502,-0.03033108422441816,0.8308715412861398,2.664382926767308,-2.3108596523675793,11.689597491363022,136.64668951008065,-0.3153511569805587,-1.2180316225784096,15.995216438431255,-24.214297238308106,14.248478680993621,22.03350107240143,9.836091030009571,-20.491236293199574,-13.944736785412275,0.7197088920710388,8.088764286989157,13.766829363337399,0.035766773091539895,2.0585433858433806,4.237600871399529,0.32823152384420473,1.1471487597371555,7.323836582440866,-6.147055433536566,1.7687310823087528,2.3039366192075836,1.5469157537652323,-3.295889363447416,-1.176447959008807,-0.09872775886666707,1.1274886601987766,3.3971825046291686,-0.10295817342405322,1.5171148354200388,2.3016374238515716,-0.06309150240436719,3.5629988370661065,5.649810007909847,-6.482086113395486,1.069027349244712,1.4448074379463092,1.0445274935908244,-2.5899211661352783,-0.846078303566292,-0.06929037203244373,0.5987291343800172,2.302238250894712,0.12962736287242338,1.974642387730988,3.8992125594239377,0.15235470206228083,1.0947389068727666,6.042138987320808,-6.478078988286013,1.5036354502184854,2.0195750245152717,1.4319696773993007,-3.2256718215173024,-0.9475900266958618,0.05445533628037244,1.0719849978194098,3.711357341408153,-0.40752032520325215,4.405720176540623,19.410370273977133,-0.1341446569153182,-1.550425656279744,7.0,-7.0,5.633888430321287,8.9,4.023577235772358,-6.7,-5.2,0.5,3.7,5.6,-0.5786346468657451,6.249463225209434,39.05579060324509,-0.12394279072600096,-1.5518708004628172,9.876941757952519,-9.842801716973467,8.050554186906082,12.598562487140793,5.7100326553106315,-9.398195781237256,-7.37244657136497,0.6630550590302258,5.226115915775824,7.924025011990233,-0.012746017284690351,0.1703176537665945,0.02900810318455756,-17.100073441691563,344.209851932993,0.3852342355479483,-3.4797480797593208,0.06177951146414995,0.08259267925232334,0.05562006447956029,-0.09574709589648984,-0.044518649687826484,-0.004354261410942084,0.03807402956449686,0.08659635645063152,-0.8476297868840292,8.895175640113328,79.12414966846555,-0.10808029971452948,-1.5490608366498229,13.934913912775729,-13.831836853017993,11.52261635060953,17.911601699239196,8.126471240777427,-13.271987997553122,-10.477595076414634,0.8035607730139254,7.434006622824562,11.44325526941477,0.02439247474891527,0.3603389604578502,0.12984416642384414,13.18406440334216,195.54771242994948,5.405755156185008,-1.0517027446688778,0.07972155667706726,0.11183229017355537,0.09367213183376456,-0.1274186180120995,-0.05823988820969758,0.00908019492530987,0.05359240196385778,0.12102358002824373,-0.017855484853299606,0.14190753460907635,0.0201377483788262,-7.9237865257764915,76.58089055251442,0.22169366208466962,-1.447419868931175,0.05963809234599971,0.07870704986565291,0.05981749806612893,-0.12046019394493962,-0.04336075037750851,-0.005235529521524018,0.0353462994881444,0.09325998685655562,0.015974544234469132,0.1921214523038659,0.03691065243534662,12.878616058800795,187.38286084296575,2.855941798203452,-0.31574083947858184,0.05451446354728486,0.07331859668255182,0.05959854602926748,-0.08624583347547861,-0.03294903039276054,0.003815897502913422,0.040369566289791284,0.09764802903239012,0.2608739837398374,2.949824930793569,8.701467122331284,-2.0406947056466485,3.253218078858148,3.4,-11.5,0.8895613311033613,1.2999999999999998,2.2226626016260163,-7.284999999999999,0.6,1.4,1.9,2.5,0.37597780838299655,3.143158281191035,9.879443980619783,-1.3077268755219178,0.7009450665926011,4.037494894269971,-10.278018678202324,1.5021891276643196,3.7944809754082596,2.6847515573628935,-6.7183859909850785,-1.2807868636727422,1.807415704783688,2.5136941117355174,3.300644050674151,-0.012054885132594789,2.7254382350654853,7.428013573156868,0.05419643371043277,2.710168574750832,9.130604875157266,-8.89660884565186,0.46404122860671043,0.6198709544421621,1.5054253574590883,-4.8749128343612,-0.3497511208011846,-0.01079888154001047,0.2701198336409775,5.2533848853894805,0.5561523817868698,4.074768288781879,16.603736607262405,-1.0260467924131678,-0.34522273537601844,5.413351293591873,-9.946406081764318,1.4991966181560905,6.5868334685811565,3.716149627340272,-7.672019776428913,-3.150448980547737,2.770961778416601,3.4363844880334193,4.398450808949577,-0.0076481798232842825,1.7119418528034616,2.930744907380149,0.39150174374945246,3.0624166711607588,7.060860508698411,-6.004041560161179,0.876182054608145,1.1850695012352537,1.1065077070432883,-3.065581214139339,-0.5899611021325044,-0.006548884251814213,0.5951083991027492,3.1608144810678014,-0.016576834531351607,1.8050786713688232,3.2583090098306355,-0.12260351727881952,8.127751907136991,8.66967585542888,-7.497856841101621,0.20264450314712926,0.26854757299201576,0.808242930385163,-2.1116891902538018,-0.15035156205613764,-0.019037976336491496,0.11819601093587813,2.8338451873996027,-0.09105749399227273,3.3737766391849426,11.382368811110048,-0.22557441545232412,1.7580394088146631,8.837405786195038,-10.654803763591023,0.5430375829663171,0.8519298389861492,1.929963351038244,-6.983164226826011,-0.5409561497713171,-0.010490546393180832,0.31097368921483204,6.334302298358779,3.067073170731707,3.2760018592238183,10.732188181637914,-1.6996857342320617,2.24269919874009,6.4,-7.8,1.1860817748044825,3.5999999999999996,4.08760162601626,-5.484999999999999,1.5,4.6,5.1,5.8,4.333749723561205,4.598634360027505,21.14743797722558,-1.6469725504932011,2.0408671490820867,9.611769917120778,-11.043180088952145,1.6255608958084047,5.071926851251464,5.758728951103494,-7.522072308832524,2.160893661753092,6.499413174504628,7.232820513004556,8.28805688510602,-0.04334972995390992,0.43870506538769094,0.1924621343968182,-8.680174290709557,84.57070484602453,0.6287832571621068,-4.689492795458736,0.09263953015394873,0.13058591442231932,0.1401721187037482,-0.2673886012908353,-0.06944561499237498,0.0023472494467008387,0.06114029942994435,0.2082823629713438,6.1209070319637195,6.393829101693387,40.88105058166127,-1.7153010640842217,2.4252725336367655,13.47042419184859,-16.053501540909792,2.3673586565116818,6.903454269365582,8.044686908361285,-10.594822283937194,3.2747678275944114,9.103892031874278,10.178222096959994,11.533720620375577,0.10528800398606884,0.9197115707920979,0.8458693734488681,6.114958154631019,41.272038598446294,6.938386546247134,-1.2754093358869611,0.20243674774271522,0.27024886320455266,0.31186293428045603,-0.4103493547628,-0.1210699723607451,-0.00682697379490893,0.1491788908438076,0.4896419140041353,-0.06045619374641507,0.3453427127488015,0.11926158924870126,-4.1567765268508445,18.277083080339683,0.44504773201222236,-1.8912519245477322,0.09220107940891094,0.12300400488165127,0.14359336632520778,-0.2913287134840218,-0.06750026313891286,-0.0016298011596473337,0.05550374174273841,0.19812774265148342,0.04791576807426077,0.508062046825102,0.25812704342411213,6.177261918290971,41.79763654785935,3.8842287091583083,-0.5652546222909514,0.12508278421532165,0.16410929433525234,0.18483789653853197,-0.31247906260574493,-0.08681407923548795,-0.0010309555764685886,0.07729521509976439,0.2658171749814022,-0.0009145921582886403,0.2002149174084791,0.040086013152884105,-0.4471910095022851,5.597477184578334,1.083211,-1.26265,0.02705156007885321,0.036490999999999996,0.10121270396630608,-0.36641524999999997,-0.018521,-0.000395,0.01797,0.36907325,-0.0012929258210007853,0.2583135402028983,0.06672588505215438,-0.28722926365121393,4.643420675926258,1.2250783704707804,-1.440561739239889,0.037584036207098506,0.05068734299559149,0.13415158716769326,-0.48006195745626445,-0.026130499847708624,-0.0007279510941553275,0.024556843147882864,0.49611737107515813,-0.00016594258165342175,0.11592630653619948,0.013438908547124886,-0.029153418677362083,7.930829153896466,0.7750664198513308,-0.8184455907298862,0.0076281374965071315,0.010289482437096353,0.053140196938299605,-0.194913016804877,-0.005190103760362741,5.07677045239888e-05,0.005099378676733612,0.19416236495779776,-0.0018269423628998276,0.3556051257302308,0.12645500544561325,-0.27389201638885374,4.317297416533735,1.3941160893215694,-1.744153813607552,0.05239454299795457,0.07065599225326047,0.1854799117504453,-0.6682166552287909,-0.03660672097104446,-0.0011891732637158813,0.03404927128221601,0.7010969560943078,0.0021603991582388607,0.08347544273821166,0.006968149540340454,0.14262412291347967,6.955886236701572,0.5198199087278853,-0.5268771386079414,0.006370864141401258,0.008600457224704088,0.039098314081999354,-0.13510465005814537,-0.0041661348111006295,6.371772396032807e-05,0.004434322413603457,0.15603171628178805,-0.00023461711324038864,0.08199014380978555,0.006722383681949315,-0.04440916187448836,7.545964611822914,0.6222232835264839,-0.5647985353497428,0.0076593359078216796,0.01035123989375216,0.039015856768878455,-0.14208692045612809,-0.005195383731756681,4.740440574289003e-05,0.00515585616199548,0.1399537431241451,-0.002530413952944528,0.14193007969810023,0.020144147523109085,-0.03108324771876295,7.001377457155927,0.8394854761599025,-0.7899480199721459,0.007451860055386234,0.010072707870372006,0.0651209953419511,-0.2519832739327519,-0.005247231707759632,-0.00013745368060563446,0.004825476162612374,0.2331140342269057,0.0068792507802321,0.4321179854504237,0.18672595334973255,0.20736485533338836,4.869026541025334,2.411883,-2.193667,0.03866181805197059,0.052154000000000006,0.21485148763748751,-0.810725,-0.019355,0.006482,0.032799,0.800977,0.009730571019929418,0.580437163724324,0.3369073010323377,0.21826241905455634,4.693979826540165,3.281608663067002,-2.4575804169630815,0.05400885103105402,0.0728612011374183,0.2913279771345182,-1.0886558270866555,-0.026794499429841724,0.009558462816031746,0.046066701707576575,1.0714530189880913,0.0005451295060379234,0.1910770488687393,0.03651043860438659,0.052305660998488546,11.42995588807273,1.5926447143829192,-1.7031435205630345,0.00884491313797037,0.011930663938150761,0.08263918409206392,-0.28187868841902863,-0.00596927507087322,-2.436337031075104e-05,0.005961388867277541,0.2946385335394741,0.013766362078741904,0.7680419025512778,0.5898883640745866,0.1275043526664925,3.8339320397605494,3.940990130966226,-3.029207832462352,0.07208723940956263,0.09735992323141578,0.39399828733270825,-1.5270051717115036,-0.03415910135067707,0.014058564347328266,0.06320082188073871,1.471191108424272,0.0029967534429739145,0.28947381468905475,0.0837950893906332,-0.06068496181067059,7.656541167230891,1.7859428468305205,-1.7334362150088345,0.02417109154656933,0.03264512541001155,0.1341972518196114,-0.4754697671950545,-0.016113560124240017,0.00014057082722459754,0.016531565285771536,0.5023656904936558,0.0007707352377141749,0.18699377878626,0.034966673304764745,0.10022212306533859,10.58438748168294,1.9207247861709298,-1.4423213318551402,0.007559981740835217,0.010196799354186395,0.0832347869667692,-0.29938628640047293,-0.005032881401029531,7.816076139903976e-05,0.005163917953156863,0.2965118761529262,0.0004388185264014105,0.19504036502454244,0.03804074398890676,0.12639470083117132,8.759848598715646,1.2570038323914825,-1.3582002825166732,0.009864541103905547,0.013331529806897016,0.08639874691067419,-0.31929178046974704,-0.006619683361914635,1.8753230363613156e-05,0.00671184644498238,0.3102727276380981,0.005873934460503592,0.11301133501316675,0.012771561841458208,0.1322172657793107,6.929700636270113,0.844377,-0.711665,0.013270772457843643,0.017963,0.05648700169681544,-0.192864,-0.002955,0.006117,0.015008,0.202195,0.0083072357275909,0.12055974896458063,0.014534653070402699,0.10281837093931634,7.166522552316499,0.9138620687855705,-0.7444925884006772,0.01727762154683516,0.02327791056226814,0.06141764911383337,-0.194796380784845,-0.0031117001285443178,0.008650910263004425,0.02016621043372382,0.2146287220971999,0.00013568661203948882,0.10491012190446328,0.011006133678009344,-0.08332125988871286,7.258891675213425,0.6891570188365558,-0.6879834601413862,0.007761857128564463,0.01045591724466307,0.049122760773013446,-0.17863338846325816,-0.005113363864872022,0.00013907530465741315,0.005342553379791048,0.17836533099097995,0.011748809599393997,0.15809894008963588,0.024995274857466273,0.047500751741794474,6.757013436311134,0.9770136191271778,-0.9240892958418123,0.023350356496824144,0.03147889254293764,0.08140618366042703,-0.26125097016805465,-0.003505349435236708,0.012527829048176928,0.027973543107700935,0.28307510799439295,-0.0011961398721289753,0.06377557156242189,0.0040673235281135965,0.06814330965392675,8.826151461057595,0.4323983324315191,-0.47442634773661757,0.006788649209179074,0.00917807789250909,0.029851373597380805,-0.10430264568017554,-0.0048998856937217915,-0.00016223432690698342,0.004278192198787298,0.10148202430901318,0.00019189527703522625,0.12590191369476528,0.015851291872004125,-0.04776630209736255,6.679059612289363,0.7662370932854198,-0.7999877487324367,0.008508517184882035,0.011453670126380728,0.059746209543508635,-0.21885947812662984,-0.005611055346450119,4.973322507948114e-05,0.005842614779930609,0.22070081082278584,0.0017073466678046486,0.07844783790689248,0.006154063272266077,0.21622772720537267,7.809720389061198,0.51096111906423,-0.4867734582267326,0.0067878355403729815,0.009163401178606843,0.03633556910775639,-0.12796282408334259,-0.004418310804064891,7.064907525732985e-05,0.004745090374541951,0.1402459931883418,0.00011023747841105358,0.8456803120657023,0.7151751902155435,-0.00022595735279570247,1.3065239760852823,2.590331,-2.579998,0.6842009087103854,0.92315075,0.6153920629185226,-1.628557,-0.46029,-0.0001675,0.46286075,1.6294632500000001,9.128169032861282e-05,1.1958586392735149,1.4300778851251028,-7.424878511025044e-05,1.3089956777281948,3.6666483880548135,-3.6544583460634197,0.9662572275739226,1.3030585971654498,0.8697430782802109,-2.300979321811722,-0.6504867226864157,-0.0010635885729431988,0.6525718744790341,2.2990168077268884,8.666069436658534e-06,0.013753767847726436,0.00018916613000915348,0.19963768673055957,10.163219805283234,0.2830501049592271,-0.25012562610979,0.013349075183663373,0.018038150861711705,0.010868920184572847,-0.021228579813473133,-0.008880173629338316,-9.876861776803893e-05,0.009157977232373387,0.021293264261312467,-5.491338590185345e-05,1.690384868420462,2.857401003384863,0.0002560779565995006,1.3179827229805117,5.142198198377932,-5.140983331615378,1.3467135061578912,1.816409764247465,1.2272122602534417,-3.2437340675538833,-0.9079706487426862,-0.0017909230749020774,0.9084391155047788,3.2341300219298934,2.9249066990204624e-05,0.04921789921619426,0.0024224016032554554,0.06558800884211047,0.4903096532321114,0.4214067442025082,-0.1381477318440323,0.03782761324893308,0.050973417479846905,0.03677525473645373,-0.08834771894667667,-0.024678792660376307,-0.0005049374482173179,0.026294624819470595,0.08847990526450078,1.2624641753525341e-05,0.006116528177414674,3.741191694510767e-05,3.0409346211178816,132.71402148557482,0.22338710683762733,-0.11013561629450433,0.0052854856198289914,0.0071378892954068116,0.004430420776332556,-0.009013533896060926,-0.003543770608340887,-2.8375807440674935e-05,0.003594118687065925,0.008959289863428935,5.602126468180294e-05,0.01846506686618301,0.0003409586943726096,0.14355231490611717,0.8902607375510958,0.19834206138489266,-0.0453255039023826,0.01756686804619684,0.02366544260862029,0.014868677763755047,-0.030755379978460888,-0.011880723783198651,0.00010667904124519594,0.01178471882542164,0.03068915734757576
-6.035365853658536,7.838693197530625,61.445111045012894,1.0266544701773666,0.18920240345470463,14.8,-21.5,6.375189539574089,6.500000000000001,9.231707317073171,-15.385,-10.8,-9.7,-4.3,9.3,-8.49076055653906,11.142987121809892,124.1661619968211,1.0459646086562335,0.19660612801077315,20.915082636094578,-29.981317253227537,8.964403889725151,9.229160318576866,13.085604444062714,-21.60437916000899,-15.271634898417695,-13.818936351301502,-6.042474579840828,13.122055674407658,-0.049449213149300716,0.5909399364181511,0.34921000845388855,-8.182476344859,98.12940976327151,1.3323981217373495,-8.436141824786038,0.2634526516639186,0.3595408841855004,0.26511238323418435,-0.47666129919848843,-0.18061106404147742,-0.008298411909417602,0.17892982014402298,0.43862500830290063,-11.907308871062725,15.910421913492609,253.1415254653458,1.057979702583107,0.2101071945981725,29.364209378268747,-42.99903838685964,11.899039781407783,13.038188533215951,18.571538997141186,-30.31660700509262,-21.6310978887471,-19.700461519160125,-8.592909355531148,18.901224779595367,0.10823294661445064,1.1544852187257637,1.3328361202562744,7.6251339663569535,70.48365898150794,12.89127785552937,-2.580858764187112,0.23786361799388223,0.31854017196521767,0.362396918826632,-0.53770708763363,-0.16044169390805166,-0.013301068670946381,0.158098478057166,0.49567967021685644,-0.06923583417580591,0.4878085096280035,0.23795714206549395,-3.7511014005070575,21.483328173828944,0.8334361952498002,-3.776453103297834,0.27146949071878107,0.3755413245973201,0.2739776017475404,-0.5496160515897692,-0.20176073323914195,-0.03070881155293785,0.17378059135817814,0.4173812444339381,0.09770676132517425,0.6647242355870276,0.44185830937675824,6.280008781579725,54.23546952117857,7.026325639330998,-1.2047320243251909,0.26739704534250963,0.36772464596128673,0.2954134046035634,-0.43525809199755283,-0.14126064572250346,0.01520577604059835,0.22646400023878327,0.6279784092103327,-147.97713414634146,11.220869942864844,125.90792227468768,-0.3308857554201109,-0.3839984588929868,-111.7,-178.1,13.046899522849293,16.974999999999994,147.97713414634146,-168.38500000000002,-154.975,-147.7,-138.0,-133.01500000000001,-209.2177441745982,15.142521486520936,229.29595696974823,-0.11987883446098181,-0.7367651205609995,-161.0200701021015,-242.61314813345763,19.873332688142323,25.519652990282083,209.2177441745982,-234.2157233158409,-220.39064924683143,-209.27787351032333,-194.87099625654935,-188.50012681726773,0.256948682623738,4.663889744819355,21.751867551831143,-0.1176225095983566,2.0986711184781157,17.605147036941137,-15.864530876256987,2.761603789908413,3.7320822835917307,3.1615796250643307,-7.700303111723146,-1.6902396449016877,0.15238395035319918,2.041842638690043,8.218582033055808,-295.6874126216542,20.93875412123415,438.4314241495001,-0.10567758985940552,-0.8935452940176818,-233.02753219833528,-338.18336479921305,28.411779201284908,36.67317708884423,295.6874126216542,-329.02387718628415,-311.3641041491368,-295.5460926863092,-274.69092706029255,-266.6294463509471,-0.45618091575972697,4.205627718332267,17.687304505204676,-0.08881415713937969,0.17304681592407256,9.207299099012898,-13.488692674819369,3.808506405481506,5.0606238511646175,3.2811419628208127,-7.3579588939671074,-2.898629165016187,-0.4744345917342532,2.1619946861484305,6.990366942089067,0.3531607554458695,2.405576865447672,5.786800055577047,0.41900649466711837,2.6016340889113074,11.21887709160297,-8.336595735007617,1.7251550892791514,2.2952014683613235,1.7087117089864576,-3.282999272839932,-0.8280837263819326,0.14877039900639302,1.467117741979391,4.147217396286935,-0.5621203943079975,6.068269259621292,36.823891807264744,0.303803896878425,2.270851334999093,20.456899132175618,-17.759745779455937,3.5967427865438952,4.735510376443486,4.099586070090268,-9.714611854085444,-2.96052171719138,-0.11548507568718142,1.7749886592521062,9.918824716012523,-0.43130081300813006,5.630265912267809,31.69989424284487,-0.40800222727517366,-0.8504608783314724,10.0,-14.0,6.375189539574089,9.1,4.628252032520326,-10.485,-5.0,0.6,4.1,7.2,-0.6420135769556287,7.827319206768679,61.26692596464986,-0.34395124504578106,-1.0439430051957765,13.306761967947775,-16.76258080264114,9.338813021679291,13.40456766907958,6.514202876046387,-13.555462551080346,-7.545206686913355,0.9364034738044293,5.8593609821662245,9.99073296816598,-0.10852933048622294,1.4627426368162217,2.1396160215600735,-0.13085620882089014,1.433803725796583,4.769414890475117,-5.002731393349261,1.1520345637298086,1.5251079761840813,1.0691845467364849,-2.5108803748112742,-0.8728567033029897,-0.06320333414888618,0.6522512728810917,2.3145819076309895,-0.9947973128322385,10.889022865679046,118.5708189692811,-0.3030297412556069,-1.1528417034035814,18.21630765430727,-22.34478840248027,13.18097421688502,20.034975002367638,9.123481259343713,-18.7227698450274,-11.38758193267801,1.2970705636007682,8.647393069689628,13.80621024979747,-0.045544978803453325,1.9764460660958172,3.906339052185631,0.28130265338340193,1.8015251182455874,7.342089847823776,-6.513126602669823,1.3963066953575591,1.9968574577016605,1.4164084711692626,-3.3302019460799377,-1.1030391985226817,0.01702270619145496,0.8938182591789786,3.354431104202897,-0.15228015555461047,1.0195587493060796,1.0395000432865773,0.13116109465955245,1.58019363266044,4.4531805885649804,-3.818311429184899,0.8940859869819012,1.225682622805179,0.7788805319521509,-1.8189118223853376,-0.750044730524031,-0.09243398339034606,0.475637892281148,1.5303243401604378,0.027962814661628057,1.7835694531092172,3.181119994064312,0.16024914185766298,2.5199604942605465,6.702459890617313,-6.509581801987387,1.2240906971523804,1.6896050545450558,1.2566813467705125,-2.665432808911194,-0.8524071566827233,-0.05734761283298838,0.8371978978623327,2.778338873733489,-0.3867886178861791,4.499549238041685,20.245943345561507,-0.172219190476135,-1.5753588488028019,7.0,-7.0,5.633888430321287,9.100000000000001,4.1223577235772355,-6.8,-5.4,0.7,3.7,5.4,-0.549649960700218,6.380961329346567,40.71666748661631,-0.1622274376304753,-1.5774072138224724,9.885519968861846,-9.917611632334118,7.971899726743293,12.990411298704714,5.850768475671361,-9.564520068080316,-7.661634170196313,0.9753675318842173,5.328777128508402,7.720962072027465,-0.008328555471306624,0.17359338611965205,0.03013466370448661,-17.58782198419102,359.6096940551109,0.49102344550251686,-3.580716212028203,0.058758273826103165,0.07860649645840337,0.054937318094007453,-0.09044259598795348,-0.03977382316161307,0.0010053725454679252,0.0388326732967903,0.09564317893356669,-0.8078538935945746,9.078195890738513,82.41364063062163,-0.14575420659266222,-1.5762583872896399,13.917718472036013,-13.9257957513219,11.502376790502849,18.448087548255103,8.323594844709367,-13.501720801140959,-10.953415358486676,1.2320989490437757,7.494672189768425,11.112178040998678,0.0134065856176241,0.34901593830685207,0.12181212519221238,13.236994240086807,196.56741138509767,5.232204688396237,-1.0457768950642732,0.0669786114460742,0.0902963863906146,0.0871638077077957,-0.14454594603821302,-0.05491305040265476,-0.010748980210162462,0.03538333598795984,0.12828808166852948,-0.011978252761392104,0.14109820345535812,0.019908703018329633,-8.35200976318015,82.87220241352169,0.21135852125545526,-1.50711203916546,0.06075102228265947,0.07941623474658929,0.057743097317251135,-0.09638999361824671,-0.044387261622523363,0.005374967547985733,0.03502897312406592,0.09288761961585945,0.010734421584298687,0.19857124626320233,0.039430539842521345,13.302988708671911,196.6085888304113,2.9812684208638447,-0.3547031734630016,0.05607709633602974,0.07695146228719085,0.06018669664579373,-0.10243345098259335,-0.03906563649255139,0.0015666319970257848,0.03788582579463946,0.08861152455573904,0.5223577235772358,2.4546389071952657,6.025252164716768,-2.149008042029727,4.177738559405885,4.0,-10.0,0.889561331103361,1.2,1.9855691056910572,-5.484999999999999,0.7,1.4,1.9,2.5,0.7458792170699284,2.611398748979938,6.819403426173985,-1.3957505154049235,1.0326162897382254,4.225683041312925,-7.615632323553441,1.2483440096889198,2.8203362078227605,2.3816873924130513,-5.1324089480002035,-0.3675886629694213,1.7860635073960343,2.4527475448533393,3.2676808237643753,-0.03011159764267694,2.273519562696281,5.16889120196269,-0.14105751108506037,3.6520749113646334,7.8725450415260445,-8.100974335972902,0.4270972241481746,0.5741443046405226,1.236890816945777,-4.278405359381495,-0.32326728910599506,-0.013241927950199558,0.25087701553452746,4.100936089098211,1.0799263202952902,3.2262324685138597,10.408575940893032,-0.9670520259024523,-0.51663778840943,5.543075154552711,-6.865839727277985,1.453879873577869,4.740244494577421,3.17701673408751,-5.075164865023102,-1.3644701168733175,2.6679142226511154,3.3757743777041043,4.195072947588134,0.05771300185692889,1.7595695120379744,3.0960848676935555,0.401659114667298,2.1392895425569884,6.319514315809767,-5.265960758875089,0.8467917410940494,1.1595535218648259,1.1313347972896062,-2.9057962388507055,-0.5503782221707895,0.057586764743614086,0.6091752996940365,3.464474973549096,-0.04180366578997947,0.8930475317705315,0.7975338940014385,-0.3351804076925765,8.306157264798548,4.379167914019631,-4.90372139779068,0.1895693783304678,0.24461869102588119,0.4552091000895119,-1.3544539834284204,-0.13563344081253703,-0.006503912538705084,0.10898525021334414,1.1818458306147066,0.030878966098128617,3.065162120115131,9.395218822588687,-0.029777315212647495,3.2515221099246236,9.77414404602289,-11.06028185239296,0.536428767970085,0.7157628865424236,1.6529401286582213,-6.606861740808192,-0.3403729124394691,0.006081894521249881,0.3753899741029545,6.482623889022385,3.0906504065040648,3.228395040313526,10.422534536320974,-1.5577993468056108,1.5728507409761034,6.5,-7.5,1.1860817748044825,3.6,4.097764227642276,-5.2,1.6,4.6,5.2,5.884999999999991,4.368482795505986,4.532946631321598,20.547605162409823,-1.5133707724770806,1.4128396500367533,10.057107509436857,-10.129775166384036,1.6914957219496005,5.051786509543202,5.7750736961640206,-6.889155451055287,2.264661939770075,6.498489741812251,7.316448449313277,8.273040222967875,-0.03716366281839834,0.4187081752781649,0.17531653604477046,-8.609491142489604,84.4512111569597,0.6191180105977774,-4.508803472851198,0.0878619397663684,0.11652386880979056,0.1350522900068305,-0.261040853891671,-0.05807602853598387,-0.003401453750438155,0.05844784027380669,0.2578651037566479,6.173657379986417,6.30815808171976,39.79285838396631,-1.5764226273972737,1.7229793635920938,13.43491746015249,-15.197303784752723,2.4256340033370423,7.012377242448478,8.09592101126091,-9.687257400902515,3.250029241149632,9.169323898124967,10.26240648359811,11.577183464321825,0.09766752865431923,0.8627674093866302,0.7443676026997171,6.099151118220535,41.64652804159103,6.646955948930697,-1.2619716930896725,0.17780960968171416,0.23840873647355176,0.3033806910336574,-0.380958304356648,-0.11606571768849863,0.0066995569300378754,0.12234301878505313,0.48546399425993286,-0.05148153751561372,0.3361139826153137,0.11297260930952743,-4.1885610864200125,18.756758041989222,0.3704099707628605,-1.8950590423859575,0.08763144476688574,0.11853444308769912,0.14173180980796676,-0.23650265409538046,-0.058525675328219035,0.004320223079462122,0.06000876775948008,0.20023566897444106,0.061768954742522794,0.47860347949125065,0.229061290581132,6.071415601711168,41.18651514260374,3.731974438285176,-0.5329162738655041,0.12584763413728522,0.17613699119200388,0.18021567011070883,-0.2666501700913493,-0.08020461924324976,0.014698762067278319,0.0959323719487541,0.3110587843722871,-0.0036543143021235238,0.18192653975265288,0.033097265866373585,-0.1762527961356587,5.169489035632012,1.06354,-1.182656,0.015420545674676763,0.02086,0.08961126617677379,-0.34198924999999997,-0.013588,-0.003069,0.007272,0.33626725,-0.005168732641123985,0.2182149514597426,0.04761776504057781,-0.046618938101262324,3.8239634040015895,1.0227802806497328,-1.0892913527815629,0.020420438187638702,0.027496389304706322,0.11136748546102215,-0.4378028194977997,-0.01838568628210367,-0.004469917364196762,0.009110703022602654,0.41365825180238086,-0.0005711685501667717,0.13627408179292322,0.018570625368504328,-0.1399048910795109,13.132014710052282,1.2551375165559568,-1.4574774140525653,0.007465515941708449,0.01006758648494287,0.05845464038032309,-0.20813285077500338,-0.005024259444013411,1.938589034033449e-05,0.005043327040929459,0.2059549171779981,-0.007311911026772607,0.2950277034131473,0.08704134578123601,0.026500989148438136,3.227674001009432,1.2371320742798066,-1.2099079613305166,0.028123562346445773,0.037889726294049915,0.1525468145748125,-0.615852707908951,-0.025557138740333323,-0.006153114411499046,0.012332587553716592,0.5737364362435773,-0.0005924716984027698,0.09042729281967549,0.008177095286695335,-0.14012641758967387,8.15940693650277,0.5555752702028942,-0.5954146557658797,0.0062478577994763175,0.008429636681964005,0.041194857713927696,-0.151144777811479,-0.004300465403727364,-4.843723543522375e-05,0.004129171278236641,0.14896934214981405,-0.0008078970927974499,0.10220575138235813,0.0104460156156324,-0.11446051202818515,16.378151858715107,0.9302304389991968,-1.0915772567975015,0.007590088482486314,0.010239051525727308,0.04319110785574027,-0.14676682168181288,-0.005140148410246321,-1.6212601588323956e-05,0.005098903115480986,0.14135518921634393,-0.001766455071818749,0.16335729969825075,0.026685607364704118,-0.18537870401215015,10.107413570541215,1.2263145830637956,-1.3312513810297895,0.0071913546437246,0.00970615033577131,0.07149912909992263,-0.2695981376519823,-0.004815300798830411,7.065592617375659e-05,0.004890849536940899,0.2511366225198451,0.0022644733455070244,0.3698945187926207,0.13682195503282443,0.16035062685714743,6.524080730130331,2.502972,-2.342679,0.025656431391239444,0.034548999999999996,0.1742430605395694,-0.6658740000000001,-0.015269,0.002096,0.01928,0.6591450000000001,0.0032041930024371314,0.48400319611510695,0.23425909384963867,0.1551970530297393,6.058099898101803,2.884798926269172,-2.641432630514692,0.035079390736133705,0.04734887319855999,0.22928926937902164,-0.8960921039965044,-0.020870320089721197,0.0030459953862862175,0.026478553108838794,0.869606773162026,0.00044926759239653617,0.19839479172236174,0.03936049338255929,-0.0007928070756211891,10.541865304186063,1.3973736454871706,-1.5035223876855026,0.00843373314196285,0.011382894175983878,0.08536460905952961,-0.31097531916035925,-0.005693789007659499,1.3049724721280115e-05,0.005689105168324379,0.3127999536311187,0.004535921038995079,0.6436765164900357,0.4143194578807471,0.1926587214209518,5.000892899769134,3.562375656773525,-2.812978233149527,0.04341975054419895,0.05868419487726517,0.3111661284166371,-1.2497932898538366,-0.02521498854469272,0.004575344375749408,0.03346920633257246,1.1825635270830706,0.0009181834838127084,0.23262699097416903,0.054115316929696115,0.06304974814346301,7.051798770718664,1.332032623023182,-1.5158570012568335,0.02221771512394455,0.02998608662678267,0.11049884568866142,-0.3901314303539699,-0.01537087531141337,-0.00011928404197251611,0.0146152113153693,0.4149961471282707,0.000635119484416271,0.19238948288673555,0.03701371312542551,0.07004763050096843,8.535891025030411,1.4008985777309115,-1.3681922588543616,0.007507969408347143,0.010145067828247808,0.08567480079285551,-0.31945530319360493,-0.005119698526794504,-0.00012740340577302843,0.005025369301453304,0.3299250991741646,-0.0029889868783703538,0.20416766460337016,0.04168443526959425,0.012211429368095944,10.897975584956276,1.4749193518233898,-1.3849821942128446,0.00908248483035137,0.01225063181844653,0.08557105899536421,-0.3232327975400175,-0.006243131606996914,-3.075024651178481e-05,0.006007500211449617,0.2998415926635916,0.003337957779872177,0.11371282549778182,0.012930606682688979,0.3215679031485723,8.33759527365643,0.957052,-0.703017,0.011298911507231193,0.015301,0.05419123430919212,-0.190082,-0.003983,0.003698,0.011318,0.194272,0.004722865841695509,0.11220165631773893,0.012589211680444004,-0.03064751637199917,7.157094171952485,0.6533685968269822,-0.7164815291467396,0.013936737408606811,0.01879559733994079,0.0549902512144765,-0.18654552296966284,-0.004019852268086843,0.005352249118989601,0.014775745071853948,0.19464189390648545,0.000510327133257961,0.11519343105454752,0.013269526558118793,0.0708165174544919,13.529928626250207,1.143895810198121,-1.025382012544327,0.007553621216017709,0.010183025564917212,0.04956594268763084,-0.16712310013784548,-0.005128333925422372,-8.665738685671281e-05,0.005054691639494841,0.17328477041417104,0.006685440457459465,0.1478351034920636,0.02185521782450916,0.02904974042283574,7.618288896574176,0.8902594856011294,-0.8781666264617062,0.01840315633469496,0.02481288661143584,0.07229720173762523,-0.24817820423112813,-0.004932428958972261,0.007433186130749085,0.019880457652463577,0.25105946612531194,0.0004983163030893588,0.05760865132160356,0.0033187567070940955,0.5110139855467166,8.862538522129796,0.4395523849031521,-0.36655493100094816,0.00660945462488763,0.00891897710294912,0.027256796379574903,-0.09438074475896464,-0.004525334772986117,-0.00010307990676377307,0.004393642329963003,0.09764535140174417,0.0007219286957334496,0.1339975620080883,0.017955346624111464,0.11407603786463516,11.684615537745223,1.0305820520278977,-1.0058628060485635,0.008336138544019347,0.011254109902781157,0.05852911952975393,-0.20056279061164636,-0.005703672727343546,-0.00012036915381397506,0.0055504371754376116,0.2083277288236924,0.000554576150129565,0.09262141367297709,0.008578726270780749,0.26613623393828795,14.107149180590437,0.9046885598600449,-0.8000795423148839,0.006667037973226001,0.008986929566080128,0.03963915948941439,-0.13324447990927418,-0.004522354787874062,-4.7675368922865734e-05,0.004464574778206065,0.138748531128659,6.0810355491415156e-05,0.7127587470004799,0.5080250314256942,-0.0016378677817833766,0.9218071520328994,2.198235,-2.192884,0.6657336154766796,0.8981755,0.5397517161370129,-1.3337635,-0.44828125,0.0006005,0.44989425,1.33425825,5.769656054448747e-05,1.0078625108111487,1.015786840698553,-0.0015623108006394934,0.9242128903395757,3.107799973209419,-3.084417243776211,0.9428877997445175,1.2720324082405894,0.7627367452074313,-1.8893853039119086,-0.636269565963493,0.00018317585706429957,0.6357628422770963,1.8766733120603352,1.043861739421112e-05,0.01380693015774522,0.00019063132038085447,0.8304486143865437,41.43973580592116,0.44578734790345187,-0.3046563966258233,0.013106079538009534,0.017687912171861594,0.010762857191183708,-0.02096598287742436,-0.008782650400116745,-0.00016840856870408913,0.00890526177174485,0.02107309431345581,-2.8400239619473373e-07,1.4244670726717865,2.0291064411261286,-0.0013682780208826007,0.9334410412862111,4.325172753875216,-4.336042305293485,1.3092694153215378,1.7666164734901297,1.0764053840671846,-2.6700759999201664,-0.8849189515990274,-0.0005375244286917741,0.8816975218911024,2.6505693159819033,4.151742936913921e-06,0.04664138807081992,0.0021754190811728224,0.017903883318555202,0.17586669251100506,0.298024035597755,-0.23715216608285475,0.036022462042999505,0.04856772766686988,0.03518295147291623,-0.08597079917887464,-0.02426869770613507,-0.00035998813166503857,0.024299029960734807,0.08682937261935222,1.4959332110733524e-05,0.00562543779223786,3.164555035433797e-05,4.80959906798658,526.4859432979223,0.28637136946652786,-0.21465692975019807,0.0041079298541521125,0.005538125387999682,0.003702648798120639,-0.00816898104860377,-0.002776882539378943,6.597756347516136e-05,0.002761242848620739,0.008097566327899835,-2.050181832827141e-05,0.018696879831228218,0.00034957331542338847,0.13456086047757002,5.567492005862171,0.2851579392652704,-0.21487567445186273,0.017932424129530958,0.02417238724322574,0.014777592253434078,-0.031135048667643002,-0.012175633518479431,6.316341094434879e-05,0.01199675372474631,0.031176836432703622
-5.973882113821137,7.811060193850545,61.01266135195651,0.9051737618911913,0.18894904952665748,15.5,-21.3,5.633888430321287,6.2250000000000005,9.076524390243902,-16.77,-10.4,-8.5,-4.175,9.0,-8.398178460866541,11.105913914134057,123.34132386815642,0.9317835395225551,0.20306764388287446,21.694388157075974,-28.870607416424043,8.048554212673348,8.894264903814527,12.866374865129512,-23.742554699185554,-14.726980251574194,-12.084170127851221,-5.832715347759667,12.727728432428194,-0.04380189040090788,0.6240657370761346,0.3894580441923791,-7.969868274269073,91.12899511679798,0.9154826778948145,-8.673487549318594,0.27662679323141454,0.39061505210607056,0.28648194727257187,-0.4661891506428505,-0.18770735561128754,-0.022788262858451147,0.20290769649478302,0.5231762635824821,-11.758522492993952,15.862173295783638,251.60854166547156,0.954536304046509,0.24029358271691725,30.712396234564114,-41.74247443035009,11.632050764499901,12.528548751759365,18.2582214032151,-32.68876344156865,-20.77275903299616,-17.363931535335805,-8.244210281236795,18.137179920347677,0.14993522192017575,1.1983777064930452,1.4361091274195315,7.167000515533716,61.369364363075206,12.804725363324566,-2.3389129932211814,0.2864087147593223,0.3841694612976945,0.39239525057323327,-0.5154888788164094,-0.15778390978785745,0.03479908241218088,0.22638555150983708,0.504214626809517,-0.05983292810536436,0.5218218129352064,0.27229800445498553,-2.900348040061379,14.296071452593509,1.1473208200940879,-3.575250712866554,0.3045225435416157,0.40411521187408506,0.30945963750984135,-0.8136795487056937,-0.20170186461966907,-0.005026265186985224,0.202413347254416,0.4990902364754942,0.09609324791072645,0.6991112079949265,0.4887564811441254,6.323244009977379,52.54062955634447,7.243782052961011,-1.1582318147301276,0.251619388397342,0.33365362063082615,0.3010569622176434,-0.48686275575231364,-0.13799273171384197,0.04422257984859032,0.1956608889169842,0.562670159338679,-149.2116869918699,12.483705460803984,155.84290203210722,-0.4345120322743847,-0.487110048196576,-113.2,-184.0,14.900152295981316,19.92500000000001,149.2116869918699,-171.4,-157.82500000000002,-148.25,-137.9,-133.4,-210.96814871749592,17.022154693144422,289.75375039733865,-0.28221259845523006,-0.8071941242663434,-161.3177988833379,-249.76375382122345,21.65933382089237,29.21875466856156,210.96814871749592,-240.46159853765073,-224.0682332491522,-209.39551207806426,-194.84947858059064,-188.83829791591083,0.13480168519812458,4.592565112627293,21.091654313721342,0.06062165938992452,2.661060867015504,17.308837391753364,-18.581516045704895,2.7462646741875805,3.7811170849726308,3.1124401560182138,-7.721673449685472,-1.7461900663900103,0.0760342055959704,2.0349270185826205,7.837470130406137,-298.16702288878196,23.749696427335657,564.0480803906,-0.2866109290249633,-0.8480107066238238,-229.68889566715131,-349.6023667483884,31.276911379934454,42.86931720291204,298.16702288878196,-338.11999849792653,-317.64600422468243,-295.84337378993723,-274.7766870217704,-268.0667166910164,-0.2531127270969493,3.573787769141602,12.771959018866106,-0.31884642310269584,0.207638533113649,9.912370955017565,-11.727374191049613,3.5381354641106872,4.706627227663285,2.8189234574368895,-6.567221843377872,-2.5259988841220604,-0.2215251643124816,2.1806283435412244,5.133590071228684,0.18441003605299547,4.197120077509081,17.61581694502983,-0.12873613994582483,4.958503948555141,17.756697976576092,-20.316120851661008,2.325223900553538,3.1536509684931655,2.6818359763343205,-6.225584145886671,-1.4183197708474298,-0.0753547770934758,1.7353311976457357,6.107681486887502,-0.7324119928560868,4.843089343313969,23.45551438732133,-0.04221924773328107,1.5138815227087408,14.471045382729057,-16.617147579565565,3.2287109532420644,4.269655773853469,3.4175815383417154,-9.540696949178429,-2.8349699652261235,-0.40438329129252415,1.4346858086273446,7.986949150958904,-1.0030487804878048,6.145974197392863,37.77299883501884,-0.5005083837831292,-0.787127330822599,10.0,-16.4,6.671709983275209,10.025,5.011788617886179,-12.184999999999999,-6.125,0.5,3.9,7.2,-1.4415147859122572,8.496391270436176,72.18866462034404,-0.38750795645540814,-1.1121577536440481,13.391533231601993,-18.79470864942506,9.629675087449753,15.13527614598401,7.044607024623029,-15.595447931900638,-9.775580767244296,0.7415267086978596,5.359695378739714,9.833518169982987,0.07808800694545692,1.7917092008920277,3.2102218605611488,0.2258629732393637,2.5281427591858234,6.889396233524291,-6.196420678973805,1.1502299578894453,1.527138847368115,1.2266489612732925,-3.1671046300827,-0.6945149039934111,0.1095754863331153,0.8326239433747038,2.9455107417726873,-2.0977193462871178,11.847849755130417,140.37154382014387,-0.3749754178410232,-1.1678516355340751,15.620821548285683,-25.81101772796444,13.925571369372502,21.501419939745425,9.87957290179674,-21.57229783741064,-13.693357835893202,0.746953312640715,7.808062103852221,13.845191345831253,0.11353274096870036,1.8118459254703851,3.2827856576436365,0.7129479884317786,1.339451895579682,6.808931383907567,-4.340724259584865,1.4293673802349092,1.9190676516643064,1.3207851880438932,-2.6812848531643225,-0.9574883033008594,-0.0015385285739387689,0.9615793483634469,3.609582630102315,0.10967441555019324,1.7806971576371846,3.170882367217148,0.34820225918517406,5.585406538314105,9.266506072447333,-8.11465320573926,1.1640618522629864,1.5687755661822274,1.1805712983503918,-2.3758530985634687,-0.7362852765269039,0.05246379259760246,0.8324902896553235,2.973012114310234,0.02656699729166673,1.7778033937429691,3.1605849068040186,0.14558307476191637,1.4852673865942085,5.639238121134925,-5.57539693777569,1.2232396573327846,1.659258734896515,1.2546034217873656,-3.0391646479803325,-0.7931510626424284,-0.12822028086277318,0.8661076722540868,3.3403370837223365,-0.41524390243902426,4.405656395345072,19.409808273844934,-0.17265577558342807,-1.5549105024233256,7.0,-7.0,5.485628208470727,8.9,4.023983739837398,-6.7,-5.3,0.7,3.6,5.4,-0.5893468692964048,6.248980060270189,39.049751793654416,-0.16206528321352381,-1.556852360171325,9.88974391835265,-9.850761757996953,7.667410345265042,12.61566288918884,5.712027681014965,-9.453399004046085,-7.5577238928508645,1.0465032533952157,5.057938996337976,7.650135141705437,-0.008511443157487936,0.16633228428638283,0.02766642879592608,-16.821963577196584,337.691816251426,0.4291245534307059,-3.3784272597825784,0.06307687826971659,0.08417941839466783,0.056725870796485126,-0.09482479892491374,-0.04249344694143817,-0.0010053725501278712,0.041685971453229664,0.09390841809971694,-0.862172383345531,8.893381616258102,79.09223657239757,-0.14461078551185158,-1.5547142398282234,13.892282402143067,-13.81746881473096,11.281518947927902,18.09758233465462,8.128530226081757,-13.357008694669602,-10.851979365873145,1.241145726904713,7.245602968781475,11.062584378094122,0.02200555653270938,0.34809067316247627,0.12116711674270589,13.2210056205614,195.87800330515196,5.2228927970738654,-0.973009496349207,0.07684457775682581,0.10542231997843923,0.09054701788624706,-0.12590902539237417,-0.05294991281059276,-0.0011255372709614297,0.052472407167846465,0.1270595436822516,-0.01147486740212773,0.13721701952984644,0.01882851044865426,-7.76238310524032,74.66559277850611,0.23568951708843863,-1.393532299275092,0.05875133380764356,0.07579419089138639,0.05872484802930003,-0.11383810096586919,-0.035696948262263786,-0.004761161660263715,0.04009724262912261,0.0981371737701347,0.011804953310976144,0.1889267207211246,0.035693305802437805,12.731335705722522,184.97417047964024,2.795698565447701,-0.366674032924829,0.05526569386721656,0.07215671239860923,0.059922248549884496,-0.09588681699919777,-0.03756977044468718,0.0023006369340794024,0.03458694195392205,0.11244207020515934,0.2759146341463415,2.6654365512937717,7.104552008972834,-2.166680495835935,4.340454186463656,3.3,-11.3,0.8895613311033613,1.3,1.9970528455284555,-6.4,0.5,1.2,1.8,2.3,0.39678666214673713,2.845878676711568,8.099025442561585,-1.2385393293193157,0.5606326358592266,4.113023300803102,-9.013681069224543,1.4614309482836336,3.581465705562617,2.4713005342500365,-5.680237570922347,-1.2295546140818627,1.6121628522976865,2.351911091480754,3.149911703668898,-0.05986824895311233,2.4556459257552734,6.030196912678473,0.06287460483899748,3.6326423592022357,8.94625466846638,-8.872459356693287,0.5181020721192885,0.6778709611082667,1.3409159003530593,-4.664417691933528,-0.3191967903596925,0.00440682630028319,0.35867417074857416,4.053442955931131,0.5847985311370192,3.7456704241652337,14.030046926466161,-1.0661744217319413,-0.0697850166655738,5.301176676624983,-10.302731366506109,1.766072110039928,5.499289358927595,3.400220980765698,-6.883328108036979,-2.238342038397061,2.4804620686304264,3.2609473205305344,4.199519356880005,0.04253079495784468,1.4115416920958141,1.9924499485247142,0.031161666818929894,1.892191767472685,4.440474434228795,-4.682360170159624,0.8540496491938707,1.1045188774039274,0.9450466229843757,-2.609718766717506,-0.47152813726826287,0.04717357170273292,0.6329907401356645,2.865001595610055,-0.08358520498600794,2.3853718972044486,5.68999908797275,0.21250705258550698,6.754547415181856,10.964228026854194,-9.758718972461583,0.21651922928400036,0.30709672528074716,1.1267986324979562,-4.134692861683453,-0.1717487012077177,0.008476992330529773,0.13534802407302948,2.751076563550041,0.04982581245838811,2.48995356618241,6.199868761744502,-0.27195799804329746,4.361187835066211,9.049688490427489,-10.092683012921041,0.6530443933206502,0.8741342488693915,1.386089146231623,-4.075313686096555,-0.45475500780670836,0.012500762673361908,0.4193792410626832,4.595894061495036,3.1518292682926825,3.195601128500974,10.211866572476701,-1.606270855974921,1.936306083020173,6.4,-7.9,1.1860817748044812,3.725,4.085365853658536,-4.784999999999999,1.475,4.7,5.2,5.9,4.45546228339494,4.485642156052922,20.120985552159105,-1.5525610657694928,1.729282442617464,10.540777062335668,-11.093044477569329,1.625250263685558,5.353752908150259,5.757608239016518,-6.297225361611533,2.0078021317224928,6.639365667697588,7.361555039872751,8.312214229446894,-0.040570396704914795,0.43378824726751514,0.18817224346742287,-8.772403118104814,87.37081896991954,0.6445100043935528,-4.970206159800339,0.09688130093666797,0.12842692337522937,0.13748651240689239,-0.2405234540461702,-0.06219445265449495,1.8665581140303589e-06,0.06623247072073443,0.2152973364958304,6.299852294196636,6.238037701141436,38.913114360861925,-1.6245948461447275,2.1011671213428533,13.602962576819975,-16.240646190993456,2.280732585962045,7.234960789307069,8.064415710674309,-8.302324434612736,3.139228577594453,9.293784020809126,10.374189366901522,11.617180358439544,0.11053146766808314,0.8980058952554419,0.8064145879135278,6.239958690340125,43.23832011058034,7.338376281589799,-1.358799381715099,0.1732128780278234,0.24629332188477046,0.3042483793390548,-0.41943800745693316,-0.10569453787179248,0.03184594770042204,0.14059878401297798,0.44088288448144297,-0.05696006374699859,0.34220402530125976,0.11710359493238523,-4.2998178027569365,19.442245203205033,0.40108364101069743,-1.9917685091120871,0.09795026507957812,0.12587397573566833,0.14221117661166296,-0.2065129151650415,-0.0666561863758856,-0.008141899450219203,0.05921778935978274,0.18581741992263107,0.0670684965423464,0.49955839100994615,0.24955858602844624,6.17568878717585,42.67177241805397,4.15548484676697,-0.5876475559772112,0.11520936862110644,0.1597205511887453,0.18138563116265627,-0.2680106308333287,-0.06922831623024958,0.0012447481243522299,0.09049223495849573,0.351769574479503,-0.0027293865289704164,0.1970361031135769,0.038823225930184106,-0.1759967718278637,5.384518687063043,1.197497,-1.139153,0.015682966267352254,0.021157000000000002,0.09596555461729381,-0.36712900000000004,-0.012756,-0.002296,0.008401,0.36134725,-0.0038596032393570416,0.24792884849429123,0.06146871391570521,-0.2823296111137062,4.644825587941244,1.2118108804088372,-1.297160454030788,0.020575248401518968,0.027764585587744778,0.12271085041333793,-0.4871258933768088,-0.016861419139927707,-0.003212124909148818,0.010903166447817072,0.45939410333672814,-0.00013877737868543463,0.12716554867200008,0.016171076769050823,-0.015353159940826882,11.37790839923925,1.1090683736990936,-1.2222821693047925,0.007432399098249014,0.01002143227989558,0.05536125138796629,-0.20104381868392668,-0.005090462289938317,8.820742795035292e-06,0.004930969989957262,0.20271339685476153,-0.005457379446930986,0.3376981846321571,0.11404006390385449,-0.25545641929670765,4.079790523770651,1.418434255769828,-1.463884440854789,0.028320369656108863,0.03825084295141844,0.16802060559062565,-0.675775018856164,-0.023367383418269265,-0.004499734944384949,0.014883459533149172,0.640867641653506,-0.001743372585551722,0.09419816084649983,0.008873293506863054,-0.11054744267306384,7.7410916288210725,0.6307156103972208,-0.6312107806291422,0.0062977618494428405,0.008482128581129787,0.042728782913803956,-0.1658852132884826,-0.004313179597347469,-7.840767200028935e-07,0.004168948983782318,0.15561102546881592,-0.00019668928585414992,0.08703266131551708,0.007574684135661504,-0.114670277396169,12.356787614554815,0.860456935578554,-0.9137552318997891,0.007484721619000576,0.010097102254253096,0.03906830594369026,-0.135654493531637,-0.005099923780637212,-6.449287917980709e-05,0.004997178473615884,0.13966698387265342,-0.0010399635499279225,0.15735582789187,0.024760856571535816,-0.15968312596847217,9.891847745069658,1.2464933129595763,-1.1690940333756616,0.007270197290227696,0.00981200926178594,0.06864592625633466,-0.2627644155666017,-0.004910613466409021,-8.694388415521673e-05,0.004901395795376919,0.24918270278616156,0.004355353407696916,0.3823423874116545,0.14618570121164368,0.010718269888019744,6.152045746603253,2.308776,-2.3577,0.02476538745791758,0.033468,0.18176681821812682,-0.694715,-0.012505,0.004619,0.020963,0.67856775,0.0061597146174880825,0.5057174580112089,0.2557501473373189,0.05730441201295782,5.62450066800656,2.8264728305663676,-2.6427975294993913,0.03397054400517481,0.04586819639744592,0.24244569844910174,-0.9556537703655104,-0.017127447564921818,0.006386980378493813,0.02874074883252411,0.9067597245511919,-0.0006155359907216069,0.1913004709942125,0.03659587020260754,-0.10411062021292711,11.340746096754867,1.683248731828006,-1.489777431314557,0.008309396071029781,0.011201107287715555,0.0814670403407184,-0.2938410156754031,-0.005613419500364797,-4.5862823649344396e-06,0.005587687787350758,0.29258717856423655,0.008712124172787135,0.6759188570245391,0.4568663012813594,0.10223001504971355,4.789554813576685,3.57244602725292,-3.076885533263007,0.042532282827265865,0.057307246744974685,0.3274795140687924,-1.3603609556468004,-0.019953710051209134,0.00930040683612834,0.03735353669376555,1.237061185614115,0.00012184655068306176,0.23355190476625093,0.05454649221994395,0.15808581652384265,7.009099539930446,1.4645542019148539,-1.2538901502140718,0.02159341383151177,0.029083617239766754,0.1089271707291684,-0.3909389884489948,-0.01482578877296566,-3.0294459219473366e-05,0.014257828466801094,0.39353767580949206,-0.0008706573979943989,0.18144861257443323,0.03292359900518677,-0.07410767670614422,8.879617690356717,1.5523164274557346,-1.3184165824732932,0.0074132739168687395,0.009994565072699793,0.08019335108502439,-0.31019516503644373,-0.004930109761774881,5.986821732644542e-05,0.0050644553109249115,0.29068061093810604,-0.0023162709889057026,0.20062465887669328,0.04025025374938954,-0.05078053587848136,10.687225735412921,1.3599845780530848,-1.3765306193763633,0.008837624179963673,0.01192161253309552,0.08376065633231855,-0.3156242416460636,-0.0059398853765047785,1.6646993187230933e-05,0.005981727156590743,0.28023919284656795,0.003905639388925342,0.12379209345827898,0.015324482402783276,-0.09813333827806267,7.220089537065924,0.873165,-0.898429,0.01147830637567037,0.015543999999999999,0.05942502714460959,-0.20561000000000001,-0.003439,0.004363,0.012105,0.2184035,0.005524424477206465,0.13806971981688915,0.01906324753031427,-0.0810283066732277,7.1821514434091025,0.8168995891467585,-0.8372836411055029,0.01431063932066809,0.019301058329010943,0.06691682826994609,-0.22830834294831226,-0.0034842719954174275,0.006189613317241183,0.015816786333593517,0.2405027104628869,-3.142958496075372e-05,0.10762485189044721,0.011583108744440698,-0.02701233831636633,10.883881765439519,1.0037694922386962,-0.8441732508917414,0.0074833325466905735,0.01009207493697923,0.04793165264007495,-0.1726163027417436,-0.0049660437695897616,3.501216387866725e-05,0.005126031167389469,0.17275139262164543,0.007815634768398711,0.186524486511327,0.03479138406831421,-0.07631212984650258,6.748567363693379,1.0958506738166904,-1.0752941508658216,0.01880952973138273,0.025369846263423562,0.09096027811272,-0.3150325938972022,-0.003912564876378451,0.008783094967856963,0.021457281387045113,0.3319629588240749,0.0012510092068353375,0.05768086342779545,0.0033270820057759907,0.2043526005485653,8.710583835887196,0.4338436683030621,-0.34681398587529183,0.006679992920097275,0.009011629332986418,0.026757743235481666,-0.08723866423456256,-0.004404688230000554,-4.1221698262845904e-05,0.0046069411029858644,0.10091273147037708,-4.428821586849961e-05,0.12629010252653938,0.01594918999616383,-0.09592005404339048,8.718114614328858,1.0157446617399382,-0.9298871700184105,0.008252458977845873,0.01113194560420451,0.05732937300637815,-0.21424833026438078,-0.005482712573731547,0.00010624638080722652,0.005649233030472962,0.21326579694337927,0.00033266970568713607,0.08492911686186991,0.007212954890937155,0.17797672789291494,11.154811293977763,0.746305047242184,-0.6890171498258165,0.006500737246354782,0.00876252203287933,0.03737477942561382,-0.1295001296911395,-0.004402306546065922,-3.685609289344e-05,0.004360215486813408,0.13698228299591886,0.0003108848315408097,0.8414610873649656,0.7080567615494303,-0.0012863311121035434,1.5997559710983227,2.750517,-2.747689,0.6775714528903377,0.914002,0.6034022233760306,-1.616092,-0.4557305,0.0008345,0.4582715,1.6170597500000001,0.00037739392085309913,1.1898923266400643,1.4158437489969053,-0.0011455066509693844,1.6026426438139225,3.8554220877069865,-3.884229464594352,0.9580913095622434,1.2930079937627592,0.8527457581205509,-2.278611615770716,-0.6444181819142113,0.001395025782015149,0.6485898118485479,2.2939813267770823,-2.1251435499624475e-05,0.01392948716640888,0.0001940306127191497,-0.6039077195962228,24.333602300224715,0.28239588450863873,-0.37206217508415534,0.01260441452774965,0.016983586775115495,0.010751577438600593,-0.021380292614809997,-0.008441316887636078,-0.00016195740508774537,0.008542269887479415,0.02161802875025798,0.00035615803400220337,1.6819782359437734,2.829050786188528,-0.0008652820246738301,1.6132478876760938,5.446104714074475,-5.404718578387219,1.3254428740914224,1.7882451967309916,1.2036441188820282,-3.224537469374349,-0.8915259892950649,0.0027671638887148374,0.8967192074359267,3.237868872326376,4.871578265759681e-05,0.048345436435372605,0.0023372812241266526,0.04440206231018923,0.9786209638974732,0.4200723095361934,-0.4242853518789173,0.03625716808763087,0.04882147464455926,0.036192854051728646,-0.08808198823238274,-0.02431893714546074,-0.0003471578110032167,0.024502537499098517,0.08952136948829116,-2.9791978254875983e-05,0.0057506166747105115,3.306959213945858e-05,-0.34162424365137306,255.89686658063806,0.2307137307711443,-0.17370206281315922,0.004185910304800149,0.005650720098837484,0.003821572661461312,-0.008443156013229206,-0.0028256566722016092,4.8293299126393936e-05,0.0028250634266358747,0.008395633728735238,1.3733563860273792e-05,0.018839596445628225,0.00035493039423412765,0.3127072343661736,5.9106204748860485,0.32977721337433663,-0.15307646883017043,0.017247791531193043,0.02326085812869771,0.014768950472127325,-0.03195796709493362,-0.011705598894592953,0.00016428492045366056,0.011555259234104758,0.03175144219376107
-5.842581300813007,8.340133760424,69.55783114176417,0.7031809866653133,-0.08238895391131962,15.5,-24.1,6.226929317723529,8.125,9.140142276422765,-17.654999999999998,-10.325000000000001,-8.8,-2.2,9.7,-8.204678983318502,11.834888053908388,140.06457524854346,0.7280055612256233,-0.07877390150843322,21.62524055942288,-32.792711943758974,8.97870322338902,11.374933856446571,12.945987062648147,-24.440633878971813,-14.560770972257021,-12.54372914699215,-3.18583711581045,13.67298867042511,-0.06737160985874568,0.6706721175838275,0.4498010893043753,-8.185039779678416,88.99164706987966,1.3202101550930618,-8.79529494104684,0.2725864905184279,0.361483966908256,0.2796355748717684,-0.5304188109360594,-0.1936101371307865,-0.005755428085935765,0.16787382977746948,0.4443746537063083,-11.455459655019105,16.83298653400139,283.34943565387204,0.7456681757783958,-0.04438068852459365,30.079430289485824,-47.51987326916528,12.456734168911648,15.803674011890907,18.327633354585124,-34.76633891273833,-20.512139525034513,-17.7183850661703,-4.708465513143606,19.362394323679,0.166262925872604,1.3208901908039046,1.7447508961619753,7.094443469250934,57.85252768515176,13.209043820807299,-2.4684547645717965,0.25554655901741397,0.34592315832984605,0.4106992150537417,-0.4703530752104836,-0.14277924884838677,0.017022592759887267,0.20314390948145927,0.5184209333022516,-0.09502054017406458,0.5464475218833303,0.29860489417243286,-3.6626815656988287,17.71257662164408,0.775130191090892,-3.6649008027147145,0.26490101000099503,0.3521217539868073,0.2949444760245266,-0.6242676708356264,-0.20490741843116766,-0.014263236574342895,0.14721433555563962,0.42271555414712214,0.11185359968929856,0.7598111467909642,0.5773129787878002,6.067667807428727,47.50773869958729,7.392843408565263,-1.281541791577879,0.2618761605557788,0.3716803022302456,0.32388911981599366,-0.4647877956202497,-0.13654634344388,0.03421362251525528,0.23513395878636562,0.5402201519514256,-149.08201219512193,12.150382727412971,147.63180042261547,-0.38963766456451726,-0.5350185756767494,-113.5,-183.3,14.529501741354874,19.400000000000006,149.08201219512193,-171.285,-157.5,-147.9,-138.1,-133.01500000000001,-210.77249804601195,16.502411359350138,272.3295806732085,-0.20663790135630825,-0.9072573989681425,-163.64889249375744,-246.01903947200964,21.612300283845048,29.649380390145836,210.77249804601195,-238.17949817061688,-224.9197046256353,-209.60579638143037,-195.27032423548945,-188.728986624534,0.12835120646532594,4.702752269533572,22.115878908603158,0.07053992884828732,1.2918939878711502,15.667477558291395,-14.611752837804174,3.077620962081122,4.1497657298673385,3.2931501092953783,-8.165167487162485,-2.032405020360886,0.015493366367925532,2.1173607095064524,9.062786195538287,-297.8600822898381,22.85987894420287,522.5740653436096,-0.1870010204897452,-1.0277733077693714,-234.81427115733393,-343.719939473971,31.609845042893316,45.003305174925,297.8600822898381,-335.64976789221566,-319.9261693805846,-295.80924056815945,-274.9228642056596,-267.5270163461585,-0.5814745145597927,4.371817475475534,19.11278803887327,-0.40961632042996093,0.6787791788442328,10.029236732468402,-16.2707040124184,3.9391671659554555,5.198856891192516,3.3554086199315303,-8.496294169111842,-2.9622708422974515,-0.4656724518055686,2.236586048895065,6.664152318839686,0.1779749988771487,2.497109210883078,6.235554411077109,0.05602545831117206,0.599395434395174,7.915243775632868,-6.894190586781943,1.9518609179364599,2.607942883393702,1.8775859790446572,-4.13532515198362,-1.1413662981979438,0.10708439097409717,1.4665765851957584,4.627982935403249,-0.31758748499483275,6.107519164166721,37.30179034066376,0.024185245569909107,1.3873102256050078,19.300458932990697,-18.829725506536988,3.4688198239860886,4.552480181717981,4.179556991573947,-11.633179191794834,-2.842116482983478,-0.020088727263838813,1.7103636987345032,10.574087665962484,-0.7716463414634146,5.874609391350365,34.5110355009419,-0.4099377635740585,-0.8672395413250173,10.1,-18.2,6.894100316051048,9.9,4.866158536585366,-11.0,-5.9,0.45,4.0,7.2,-1.1197310175076367,8.143509616712342,66.31674887748639,-0.33358535097908676,-1.075654789602994,12.07071819207174,-22.85751912120602,10.247201193797897,14.52149743695739,6.840795484101993,-14.482221573187575,-8.768081012222716,0.7872304165457249,5.753416424734674,9.843514445468921,-0.03479134077123587,1.6172613671383054,2.61553432963806,0.07730820790457413,0.8183638403873608,4.8545856884868765,-6.0130565671439165,1.1595756916942366,1.546040847437959,1.17834542245466,-2.656047660683921,-0.8325223229556471,-0.043462522739091625,0.7135185244823119,3.141972661006049,-1.661064716657334,11.285729621035113,127.36769307910934,-0.2521185453052763,-1.2566743590748435,16.309810774396563,-23.879374253280304,14.365403038999444,21.99757305927572,9.593808363725135,-19.406256507491005,-14.300886902618178,0.7134031435220236,7.696686156657541,13.723093420283703,0.09632555627039846,2.1830931926880353,4.765895887960839,0.5325088512878069,2.6478509233860477,9.789123852261277,-7.979321465398626,1.5203669813896687,2.034278187452549,1.5445379749978694,-3.312908733346083,-1.0226640191758265,0.08615613245749809,1.0116141682767228,3.8951605930097877,-0.04727668332711689,1.0786525655280028,1.1634913571201424,0.05353532758275807,0.3141469389777156,3.528391966223673,-2.9478856997074883,0.9853857261751938,1.2634529858100327,0.8423437610728471,-1.8154922360409782,-0.7551154448558607,0.015315910952552567,0.5083375409541722,1.6580654541320685,-0.08156067860663176,1.997385742912695,3.9895498059908987,0.13172629647866252,1.0414239768197806,7.168916352500091,-6.204083981528192,1.4738982101153453,1.8826500418605954,1.4469905250543684,-3.623478779461969,-1.011626272551025,-0.13219658638775106,0.8710237693095704,3.6418799176072243,-0.25416666666666676,4.444472555593687,19.753336297425474,-0.20640235952333694,-1.5296650776327412,7.0,-7.1,5.189107764769606,8.9,4.052947154471545,-6.7,-5.2,1.1,3.7,5.6,-0.3626541548327933,6.303251054836154,39.73097386029309,-0.19611750671378672,-1.5333378267010056,9.881165707443323,-9.965507382734309,7.39058778823081,12.667209867024916,5.752481252228782,-9.405074923618809,-7.394453153150737,1.474557103728606,5.272756713874179,8.006437731783093,-0.009789277163826927,0.1673767156010523,0.028014964925395545,-16.509597288970454,329.69060461795215,0.47105109141917545,-3.380564583690429,0.06208521279728227,0.08294966268345227,0.05738669152480181,-0.11258394088129776,-0.04249438022856381,-0.002347249445696975,0.04045528245488847,0.10051921423787952,-0.5446990035476166,8.968496098178717,80.43392226304687,-0.1786458400263928,-1.5344746204465807,13.90674774268796,-14.051356204022067,10.279559084075666,18.166539947073236,8.187227002445878,-13.35880402693508,-10.631505837792236,2.3372099000507864,7.535034109281,11.595104674885963,0.024373632847934926,0.3495372186313312,0.122176267208527,13.091444647451059,194.31160865929738,5.235736130069885,-1.0811526027388025,0.07176026486381605,0.0991244873229506,0.09121906876399938,-0.13667156241004025,-0.0417995842191668,0.005904560831190286,0.0573249031037838,0.12985449226887794,-0.013293664170183102,0.13739909415277407,0.018878511074002874,-7.511416992275705,71.41916696309328,0.22205182594226414,-1.403605078094166,0.06254475860484433,0.08433199450573847,0.06046375250634937,-0.12399143574731004,-0.04494016419795875,-0.0008122074606444755,0.03939183030777972,0.10616178783672876,0.0133508750801704,0.1905719457083135,0.03631766649105239,12.587505081981119,183.0374846134615,2.814087146002556,-0.44178215691605593,0.059028944521212386,0.07861099919602937,0.06267123508171787,-0.10469802079698326,-0.03900561711438813,0.004967910287217774,0.03960538208164125,0.11687109193005624,0.30376016260162597,2.5936868490496896,6.727211470933307,-2.1323655419300733,4.034539541302501,3.8,-11.2,0.8895613311033613,1.4,1.961686991869919,-6.369999999999999,0.4,1.2,1.8,2.3,0.43693507137178705,2.824176261060197,7.975971553535953,-1.4652568296770654,1.4385900679129868,3.9586086499184305,-10.468179537381513,1.4120044166487062,3.215600564144789,2.38960989857525,-6.008220332067501,-0.8397260064331469,1.6223624802929661,2.3758745577116422,3.079065655871132,-0.03225293580059373,2.3257323577157694,5.409030999726152,0.39198395645709694,3.169408929528368,9.255274435506427,-6.997698842913406,0.41207252643015024,0.5439885288004962,1.2805461330013477,-4.329225334778567,-0.33645523427486196,-0.013571707405133353,0.2075332945256343,4.737488727874179,0.6440853385237569,3.5189469868925984,12.382987896560499,-0.9514955201071854,-0.4588417655814374,5.219412872689559,-9.664514232278023,1.5922767802726476,5.409067445628985,3.260783528527575,-5.913739035370206,-2.194931955942685,2.4421099177854972,3.2141354896862993,4.050788764858147,-0.031221050803281636,1.8475435935955342,3.4134173302359003,0.31570740265833175,2.9584397337184773,5.973110022948575,-5.885851780817102,0.9011921351833314,1.1577770149235376,1.1369346029620229,-3.35818714453285,-0.676199336719732,-0.018666144677424,0.4815776782038056,3.2138161641608116,-0.04474885315658649,0.935622558408389,0.8753895718026594,0.279204396846924,5.423000080210409,4.475310838193862,-3.895870165625725,0.18538789977675635,0.265756943707911,0.5048739730813948,-1.7236359314754823,-0.1526348572703553,0.005747678189711838,0.11312208643755567,1.4101189190869905,-0.09674108033021424,3.1277056175036417,9.782542429763836,-0.3981943811139013,2.527340124280581,8.968875143557339,-11.186883368841121,0.5048179725437768,0.6659108885813506,1.737152384648553,-6.345319390954739,-0.37816775519234624,0.0012775518386747078,0.28774313338900437,5.754154831215278,3.149491869918699,3.3208383311264367,11.027967221478617,-1.6373446168234729,1.9741625973105181,6.5,-8.5,1.1860817748044812,3.6999999999999997,4.175304878048781,-5.3,1.6,4.7,5.3,5.9,4.449893782840047,4.661143563878098,21.726259323082218,-1.5800068780189667,1.7537914075978955,10.560873744819695,-11.008400402858838,1.704717246599831,5.233566408204876,5.882998995871783,-7.027430430889668,2.2102635716896075,6.628045561946375,7.443829979894484,8.465919503321022,-0.04595886196786394,0.4497594586123286,0.2022835706112549,-8.816116542253582,86.83840411416928,0.6486599399606361,-4.85112805669053,0.09425643513810353,0.1264313655270382,0.13971987923088533,-0.2774505270666984,-0.06584090950245937,-0.0010016394370257475,0.060590456024578854,0.2136008590873842,6.283751269646215,6.47804264994241,41.96503657447288,-1.6487923851739759,2.1240534303370975,13.858018551635624,-16.512087950519355,2.389502401974168,7.055684732138024,8.222785792568617,-9.89834120145851,3.4141020011209453,9.319845409313409,10.46978673325897,11.66685615950424,0.10169291108503194,0.951888494661826,0.9060917062695573,6.275162866683576,43.18815338045359,7.570203567351599,-1.4923407733547172,0.19736899792635135,0.26448430857724725,0.3135015635389382,-0.4184361916835333,-0.13030328796412555,0.010252800579808818,0.1341810206131217,0.40568527790443276,-0.06390828976002924,0.3548255095756825,0.12590114224564275,-4.251706745421521,19.102066991610386,0.4667483235431385,-2.0147228259985956,0.09024242752823912,0.12209515480994987,0.1465301390538324,-0.23672441042102013,-0.06693310392206539,-0.010590081054189925,0.05516205088788447,0.18906062726145084,0.0592457070273961,0.5193789285572717,0.2697544714292996,6.2914178941606025,43.04169263612789,4.044816062095699,-0.5178739913028344,0.1367913561140119,0.1827138813529685,0.18794179238596018,-0.2821772059556719,-0.09352528135789231,-0.0006980342230611105,0.0891885999950762,0.2648305739136422,-0.003153768178395113,0.17818050960565443,0.03174829400333071,-0.04555376685608167,4.713672340737553,0.979504,-1.131129,0.015684448869570766,0.021202,0.08837293527738264,-0.34317800000000004,-0.013172,-0.002594,0.00803,0.338942,-0.004459675874246324,0.22339608495181118,0.049905810771796844,0.09269704516351333,3.7725737313214367,1.0179266794632742,-0.9931634186983631,0.020689972626694118,0.027911994259572623,0.11323848247240338,-0.4474985000836576,-0.017724141948071873,-0.0037909374985867638,0.01018785231150075,0.4330494667658966,3.085914467155099e-05,0.11655674023298142,0.01358547369373871,0.06664307032000323,11.597918248439914,1.0448089249567976,-1.017784034547498,0.007375584329523587,0.009942243550934843,0.05045632335900966,-0.18044873248721166,-0.0049451943848217855,3.441833979813693e-05,0.004997049166113057,0.18214199503372774,-0.006305780899719414,0.3042337924093647,0.09255820044378442,0.13982750915285788,3.3193375760689534,1.3139396391008833,-1.1342926334991839,0.028519128254325496,0.0384735070879422,0.15624248918342926,-0.6376333645668352,-0.02460955786960676,-0.005413552196916879,0.01386394921833544,0.590230954890919,0.00036490985194234156,0.08506833680932598,0.007236621927504926,0.1647477270122047,9.90639031746912,0.6170081052732489,-0.6266737197698619,0.006153496760146937,0.008309838386575421,0.03782911085646853,-0.13470488259488245,-0.00425617309647244,-5.075020412349178e-05,0.00405366529010298,0.13845465081982242,4.330446931210016e-05,0.08169038612606476,0.006673319185425553,0.027898252111981717,13.425407326738927,0.77524319657555,-0.8240336486084086,0.007606763289301962,0.01025964045971432,0.03629312118150525,-0.1301360750512563,-0.005060493507623652,2.802356005213174e-05,0.005199146952090668,0.12761230580484634,-0.0007425352050667884,0.14315214302598053,0.020492536052930787,-0.1997075749737461,10.812598217950022,1.1145860275779922,-1.1826373130599257,0.007100935077463936,0.009565804462885956,0.06183868021837537,-0.23163393697035906,-0.004834470856492612,-1.3387162308127292e-05,0.004731333606393344,0.21964184253880353,0.0032407764482749,0.36936846363018117,0.13643306192452045,0.05036148497518332,5.574244398051315,2.217687,-2.314078,0.024765387457917575,0.033453,0.1773252567428109,-0.688571,-0.013827,0.003177,0.019625999999999998,0.678943,0.004584197881433903,0.4902349924194993,0.24033034779254656,0.08539244203276986,5.010100057057409,2.8855974710665975,-2.602799817746921,0.033918346293985865,0.04583787737766003,0.23787711213190676,-0.9480984636229515,-0.019272329771235927,0.004388386605269027,0.0265655476064241,0.9144613800606628,-0.0007031632401289343,0.18031214000877926,0.032512467834545616,-0.06001635854667808,12.631244655813443,1.4106926050085935,-1.4979661344201372,0.008023369684619005,0.010807142042341511,0.07527308452523838,-0.26794403770149977,-0.0054667260804316465,-1.133435550536966e-05,0.005340415961909864,0.26045791038873123,0.006486152842865195,0.6563996199419512,0.4308604610599379,0.09892856120795018,4.2704009822806945,3.5028574379938116,-2.990858553104411,0.0428774594921737,0.057754823710241515,0.3210285455438391,-1.3445895538462267,-0.02327756531314576,0.00658262943251206,0.034477258397095756,1.24547418419978,0.0005791174872054041,0.22297879973327447,0.049719545130491725,0.05827244054324059,7.977061938363599,1.3968274725896364,-1.5680027431212087,0.019975668219581775,0.02688193537094875,0.10319371878887981,-0.3570298855659122,-0.013351194420679762,-7.528295839687995e-05,0.013530740950268988,0.37464493382594866,-0.0009940999746696105,0.1643671424951532,0.027016557532021993,-0.04725818652743569,9.46683007626178,1.2974002432406295,-1.1700904571475474,0.00733170682624462,0.009891475451110503,0.07261019808399781,-0.27037881970411776,-0.004960095495047534,-3.440830636995491e-05,0.00493137995606297,0.2632343864046551,-0.0009563662951440891,0.1949271293098168,0.03799658574096604,0.04770113760297207,13.981751098341274,1.5926427720697236,-1.4338392528018127,0.008635700457351157,0.011650335580625108,0.07769768990686869,-0.27143303792165974,-0.005811017684381503,-3.247746981014532e-05,0.0058393178962436055,0.2551038368894041,0.003898178395113379,0.10438140323269025,0.01089547734082548,0.19009796651973632,7.215810774082108,1.016746,-0.677978,0.011746657377219883,0.015846,0.051330101441999273,-0.17343399999999998,-0.003741,0.004363,0.012105,0.18627375000000002,0.005513383413531351,0.1111395964019801,0.012352009888395028,-0.016985311657613893,6.41411873856805,0.6226828623119561,-0.6220155304078646,0.01459770999368642,0.01965004634286318,0.05638501597264728,-0.19123087901776042,-0.0035933887244882622,0.006435750173318561,0.016056657618374916,0.19521410131681063,-0.0007463587992890277,0.09714202146327677,0.009436572333971724,-0.07122244123319185,10.5052641266636,0.909643755805803,-0.9245863719924825,0.007420619884461481,0.010010798121500342,0.04383152480197545,-0.16162748892981843,-0.005001907894963522,-2.271898402767306e-06,0.005008890226536821,0.1561280209562634,0.00779862023638122,0.14779053024411665,0.021842040829837154,0.028494970385266594,6.193363126574582,0.8622180958668278,-0.8138408325070527,0.019517702842149324,0.026400428432253258,0.07558430284255346,-0.25127637155404714,-0.004532505523338476,0.009058640763147769,0.02186792290891478,0.2625787524025196,-0.0002201271549114695,0.053458582673346286,0.0028578200614429996,0.14376009812700527,8.572544759822597,0.3821764438484751,-0.39774717671622606,0.006571476290838458,0.00885293707066712,0.025259071469099482,-0.08965560142061096,-0.004508171677411618,-5.369952787381934e-05,0.0043447653932555015,0.08711884672380968,-0.001054807009693519,0.1123234133142702,0.012616549178568373,-0.04317438758165972,8.277056227379491,0.8488385846776889,-0.8559758281535436,0.008193083754070733,0.011087114382914098,0.05144153282253741,-0.1938326080465086,-0.005560894590671864,-5.949189188837472e-05,0.005526219792242234,0.18535467358943392,0.00024135961651173852,0.07907836043807508,0.006253387089574118,0.11407200488206962,13.108986442793832,0.8822072224059264,-0.7678989754185597,0.006457011550697835,0.00869970437163931,0.03453178368707891,-0.11852051965632493,-0.004364823924879975,-4.621618845907806e-05,0.004334880446759335,0.12655563425451893,0.00016455321730399103,0.7464954184568344,0.5572554097770444,-0.00044679554092673217,0.908408189453497,2.240591,-2.251183,0.672540242261839,0.90686475,0.5594687459766268,-1.443304,-0.45209925,0.00036700000000000003,0.4547655,1.44158725,0.00021785845945391139,1.0555644425982595,1.1142162924777745,-0.00039461725518920765,0.9107774110638314,3.1454480684280646,-3.182608883403772,0.9519572603194469,1.284302874263507,0.7905900073570941,-2.039649474579473,-0.6406035724213632,0.00031475387919293295,0.6436993018421437,2.044157877263725,-2.100865455137329e-05,0.014438243513244443,0.00020846287574774526,-0.9696779202769098,24.45751482988331,0.06997981754224519,-0.4065034990097719,0.013644657794742167,0.0184061247011685,0.011321408484148391,-0.02234352172487241,-0.009188875490088228,-9.982043078488045e-05,0.009217249211080275,0.022338119567227095,0.0002629945906490147,1.4918911710586988,2.2257392662828956,-0.00032891097321292997,0.9196309547671881,4.448810274307047,-4.431730753887805,1.3199586588413907,1.7803350346279734,1.1155446662907014,-2.8616136726561034,-0.8876310107153857,0.0022245384786723083,0.8927040239125876,2.881918772216321,2.529839233670228e-05,0.04848228827749771,0.002350532276622392,0.01113924838703212,0.9715259516325419,0.4681645476590884,-0.45636956713975363,0.0366961546889787,0.04944087005815313,0.036414186033405155,-0.08919783771799816,-0.02487146765117582,3.597854323546257e-05,0.02456940240697731,0.0899163024871336,-3.060310986999702e-05,0.005351907767899569,2.8642916756103747e-05,-5.7887139784124875,197.81292640743058,0.05778080801157275,-0.20769060780694518,0.003929322011180417,0.005289934816136255,0.0036400094292602645,-0.008132506909000439,-0.002616236715393312,4.7478387562416074e-05,0.002673698100742943,0.008223445681016841,1.8117120051997484e-05,0.019713258365566495,0.0003886125553875774,0.3649702604478808,7.9795168335381454,0.37520951454142987,-0.19864800147610565,0.018752079078888984,0.025224753881780478,0.015634361208677422,-0.03318567905006638,-0.012695310479608478,0.0002002885387525988,0.012529443402172002,0.033268668473598884
-5.9582059123343525,7.743859916352005,59.96736640408329,0.9834584045725335,0.34791760717352416,14.6,-22.3,5.189107764769607,5.4,9.11559633027523,-15.9,-9.9,-9.0,-4.5,9.5,-8.379855693117182,10.997744782064773,120.95039029143292,1.0073606232094345,0.3527446064111266,20.52273182851786,-30.813256715265773,7.278622005626768,7.500089925322548,12.914495275650209,-22.9707378669711,-13.91854389988689,-12.646509706788969,-6.418453974564342,13.258518750776329,-0.06007482901186825,0.6047182319470464,0.3656841400491619,-8.105580219486745,89.38020725942816,1.1190110135839815,-8.277886693954809,0.25705125530571427,0.3503662019535727,0.2587468138355185,-0.47383084286042665,-0.18449290329655954,0.0017157353732425995,0.16587329865701314,0.36946706048205347,-11.706910394047371,15.69828566649746,246.4361728669596,1.0406204230949172,0.359335786518717,28.862915395027716,-42.96031977038476,10.32410095486226,10.492341874929883,18.317298043117457,-32.0672599368638,-19.645995798360584,-17.950457451818398,-9.153653923430701,18.86842553915771,-0.11966182852339184,1.1100807517833198,1.2322792754798206,-7.494839861995117,66.76193299730043,1.6829314584806645,-12.230692870574874,0.2499201791356765,0.3350795848443595,0.3536553511779058,-0.5644017293417177,-0.15298754804959258,0.013880109135238072,0.18209203679476693,0.43936726701682105,-0.08470457594094558,0.672701100512068,0.45252677063014746,-6.595892859774377,55.770426726531255,0.9090491760550328,-7.101836329076272,0.2519268971819608,0.36175321454370823,0.287473517642441,-0.5177138286686667,-0.1968871386657998,0.0011337428625172968,0.16486607587790847,0.36428582660594283,-0.0686199594583795,0.5161119919816842,0.26637158826730206,-3.183342814634223,14.516567625004964,0.9270179542090305,-3.46720553828381,0.2692309505525256,0.3718033960823325,0.2895735781363901,-0.5689514636596208,-0.19792888054126515,0.010415060364661465,0.17387451554106736,0.4612397735617557,-149.220998980632,12.094510065385514,146.27717372171148,-0.3820996298365474,-0.44756542567334545,-112.3,-180.9,14.232981297653811,19.30000000000001,149.220998980632,-171.1,-157.8,-148.2,-138.5,-133.4,-210.96299108955384,16.474611309035037,271.4128177837851,-0.22868683015027277,-0.7504787627810052,-159.92063938619856,-256.6113779376012,21.875320985907592,29.471754726855295,210.96299108955384,-238.52988303928984,-225.43557390648442,-209.92237261824857,-195.96381917962913,-188.81168992241163,0.18639635765671692,4.4731749665568055,20.00929428143048,-0.07018125724372751,3.803428537913925,21.93898395003007,-18.444122245094583,2.3547718799685247,3.1625233070508814,2.8881531010640242,-6.860150611390459,-1.4159194190013782,0.15006922733912997,1.7466038880495032,8.182588320838212,-298.200293697571,22.817817088499183,520.6527766842054,-0.22729344283163636,-0.898653303187952,-232.91455310576595,-349.7520008836439,30.545535759538673,42.43554128953616,298.200293697571,-335.66513413059863,-319.01737594975697,-296.52644329232487,-276.5818346602208,-268.7176078486817,0.4243830265945094,4.298451504685864,18.476685338136164,-0.0058325677871455955,0.4590137518988415,14.5566750839831,-11.426129921389531,4.200703854010441,5.8339134342950025,3.3714455927095015,-6.924783208180981,-2.3514622590266807,0.16556428270296308,3.482451175268322,6.647806402204042,0.26032092748069047,3.089467452765997,9.544809141700417,-0.0678964591027122,2.0033833187965326,10.420916274955855,-10.410592457665512,2.0599586480960466,2.7765248515605006,2.1452897990586273,-4.494505475906895,-1.1177231625113382,0.20555248816683125,1.6588016890491626,5.720785187479377,0.09916425593007694,5.476213707081019,29.988916565622034,-0.05629277462457135,2.9787349038083093,18.149009452607373,-19.682664046995864,2.983112774045875,3.981691391334715,3.5467188970868797,-8.847076099396814,-1.8781466690619175,0.061617170234324205,2.1035447222727974,10.351455600198014,-0.7528032619775739,5.902265912871791,34.83674290624828,-0.4665510200301846,-0.8094911561571649,9.5,-15.6,6.523449761424649,9.6,4.829459734964322,-11.4,-5.6,0.5,4.0,7.2,-1.0923476608963398,8.162427409126316,66.62522120925654,-0.37045384067828957,-1.0920339178017513,12.334511959656709,-18.026689122927,9.423463639413974,14.511883351867956,6.788183596051191,-14.837899973016563,-8.753535908179707,0.7846570481211856,5.758347443688249,9.73182819581146,-0.03532625321771636,1.7060923639325551,2.9107511542689744,-0.1726823356743647,2.91528232470971,6.730437009859629,-7.813452398955514,1.1720229333298064,1.5299675299551487,1.183416034854175,-2.891190179240439,-0.7928340842612013,-4.9237523622541746e-05,0.7371334456939476,2.5372940317688943,-1.6273479375890956,11.360526398093624,129.0615600417821,-0.3162898195413866,-1.2298178494347898,15.668202092184458,-22.96956755630756,13.859009081253118,21.820077674772307,9.50285796451152,-19.828663783290974,-13.395935104081646,0.8993647625880214,8.424142570690663,13.643225750619099,0.08989991663980387,2.0064061629369863,4.02566569067152,-0.2961194388546043,1.2096038632891242,5.606687322654128,-7.158554757297263,1.6534624006028606,2.219773898256856,1.4942158494016857,-3.069821607321953,-1.007567663351666,0.10918372859863924,1.21220623490519,3.1622582373621673,-0.049042164595848405,1.281879308482254,1.6432145615149416,-0.17482820725697307,1.2977955380281418,5.245209363858536,-4.044400331453775,1.0469560389168067,1.4227101078804227,0.9519494964141995,-2.3727943716323865,-0.7306270221695148,0.008942591857139158,0.6920830857109079,2.07073382903595,-0.08585263716023468,2.025667328004485,4.10332812374483,-0.11160852140831289,2.145518740210335,6.3348387390228815,-7.506802927795406,1.404734176818852,1.920128489272635,1.4127163211665652,-3.7796722350215264,-1.034842397464615,-0.053195605117431086,0.8852860918080199,3.474493513214589,-0.38154943934760444,4.455869926751753,19.854776804130672,-0.15343206184838581,-1.5564459225253435,6.9,-7.0,5.485628208470727,9.0,4.07125382262997,-6.7,-5.3,0.7,3.7,5.6,-0.5504311225277004,6.320949418468594,39.954401550838455,-0.1417186082642481,-1.5602277329534362,9.731166140296686,-9.91180923905367,7.8864388684857625,12.791548205056264,5.78048134253247,-9.431118331820436,-7.5328944470859405,1.025863805249708,5.258653757970324,7.938527694206168,-0.006960398856762009,0.16833844631093425,0.028337832506379293,-16.041421500944168,317.9709678399783,0.5827299001820765,-3.3645085900370493,0.06170212822014734,0.08404620479738026,0.058730203981946984,-0.10314544914924868,-0.04347375163395205,0.0005937539998658731,0.0405724531634282,0.10289721444891813,-0.7856603799060131,8.98711318486455,80.76820339756623,-0.12456849002853315,-1.5615048063212973,13.707951353960828,-13.97452869223538,11.419554829815741,18.31837500494136,8.228906749233403,-13.284620160861232,-10.865863556866975,1.275015192439279,7.452511448074384,11.465723416735162,-0.02175889377433934,0.3366419116276564,0.11332777666432282,-13.517754953509897,200.4478042763876,0.6737261478288917,-5.076542173772268,0.07219798510815331,0.10171070730301923,0.08990778266540059,-0.15841201885878745,-0.04739023852072385,-0.0047468335199625615,0.05432046878229539,0.13707620020703157,-0.009890475210880212,0.1913963579001157,0.03663256581742918,-12.278624191534083,176.28769438286182,0.39995583496613235,-2.794094273984729,0.06378811761442048,0.0849872340520006,0.06516307910409123,-0.11939660405736365,-0.03746980946714311,0.0021319501102460944,0.047517424584857484,0.10735182619803045,-0.005794216374437111,0.13908176135583994,0.01934373634184281,-7.933317742887192,79.33555227736518,0.25985018079796557,-1.5385269765303482,0.061458959801117985,0.07913775337875081,0.05898935496336836,-0.09920317270244411,-0.03710639600225678,0.00976932080845648,0.042031357376494036,0.10217423388483322,0.28960244648318045,2.58207850454299,6.6671294036229645,-2.135025361671394,4.033810216929659,3.8,-10.4,0.8895613311033613,1.2,1.9430173292558612,-6.2,0.5,1.2,1.7,2.3,0.418477040952709,2.7860100505607415,7.761852001825466,-1.3446394424506078,0.828512629764623,3.7502431050843352,-8.351266787455275,1.3484393710509868,3.0670942519403113,2.3893078425386496,-5.514140774448941,-0.750021842987324,1.5709037095089953,2.317072408952987,3.0594322269000847,-0.013359188427049456,2.3436123963097706,5.492519064136825,0.13558702808330372,3.6915366569582293,9.463280526391475,-8.72261855488616,0.48038181549147735,0.6467762638162038,1.2701567135675005,-4.5172480001172355,-0.32594954247193153,-0.010425573913555978,0.3208267213442722,4.570401630643028,0.6114133726031178,3.5656993883558505,12.714212128121286,-1.0602445045323556,-0.1631377035369601,4.833063406563233,-9.707766034253801,1.5762545518693045,5.538353342610403,3.264334372891818,-6.487231461809997,-2.4526743821358963,2.3797837137803555,3.0856789604745063,4.048814111730424,0.0243141192246661,1.632946519169614,2.6665143344681588,0.3431525442591099,3.3870218170687902,6.737339220659408,-6.30224996854325,0.8283843568216155,1.0813904320339291,1.032875204133073,-2.3965194465305832,-0.594731582448686,-0.028943709898552467,0.4866588495852432,3.012898113315123,-0.018587743149884046,1.5749026151558303,2.480318247224673,1.0729220032183648,6.883643305758785,8.03234649532951,-5.2032802113152385,0.1991506118067861,0.28964932282746386,0.7756927740917817,-2.615791871443476,-0.17128940246700033,0.0004243477684602585,0.11835992036046353,2.78705105700688,-0.0804649271705714,2.892483909871726,8.366463168866826,-0.2613459429792382,3.2595725956033688,8.33297919022058,-11.429787295832236,0.5444791477925873,0.7339663249816951,1.5984834462508615,-4.8191256172870185,-0.4108853667613036,0.0027521246607685786,0.3230809582203915,6.08797130686165,3.2194699286442408,3.1628059717676047,10.003341615048823,-1.657931553045637,2.2535013435606928,6.5,-8.3,1.1860817748044812,3.6999999999999997,4.110193679918451,-4.1,1.6,4.7,5.3,5.9,4.5568656195528385,4.4385359775693525,19.700601624177526,-1.606654369159619,2.05292567986341,10.272757713363013,-11.754127350084941,1.653637076803355,5.249640081108568,5.794170026216545,-5.581593928802461,2.162273051863584,6.605417102075701,7.411913132972153,8.328397528255696,-0.04079180679546869,0.4342960119980917,0.1886130260374466,-8.558133086718941,84.23880357728193,0.7028482155066733,-5.075497771650368,0.08731557782463238,0.12162069205829634,0.13993270721540702,-0.27021506020654396,-0.06238852062267618,0.002460866486484449,0.059232171435620165,0.22560795852798077,6.4498580907000145,6.1846355393779024,38.2497167549362,-1.5362287823183647,1.8496246773917333,15.229882282939835,-16.46129782909476,2.353839731194124,7.2993150172474195,8.125075594438078,-7.268728485974381,3.0762372553418995,9.310552358768463,10.375552272589319,11.771271893054703,-0.08242436737458428,0.8723548802559679,0.7610030371064039,-6.388674491603193,44.88562084899131,1.092912891548665,-7.365190986041388,0.2046423964795112,0.273732743503463,0.3016090075943017,-0.44230708136652486,-0.11477049719753374,0.016384802029503816,0.15896224630592926,0.47475468519134334,-0.05693838211545304,0.490804943800513,0.24088949285902472,-6.553469710038371,45.76419628516956,0.5456393426976285,-4.220416742748777,0.10706932306466388,0.14561968305265227,0.15537492301277064,-0.21581090837783637,-0.0684893431640089,0.002531083521108811,0.07713033988864337,0.21174052287321535,-0.06415348431049182,0.3574469410172557,0.1277683156425935,-3.537836491217427,15.247190629238215,0.5157806047664574,-2.1486402913740617,0.1270118370597456,0.1700184616910367,0.17581936776700985,-0.3641538830348968,-0.10270766262243604,-0.018060106536055037,0.06731079906860067,0.2990241044940875,-0.00292772133145391,0.1845413769983374,0.03405551982444249,0.07355069223480845,4.644720574811443,1.017956,-0.971735,0.015682966267352258,0.021157000000000002,0.09163576887498899,-0.35411325,-0.013172,-0.002594,0.007985,0.351021,-0.004140658686880866,0.2325490161802438,0.05407904492639928,0.05870709332307242,4.017633347812041,1.0041568133921075,-1.1006481421712107,0.020674683101974012,0.02786967542674137,0.11736142966417458,-0.46059651635028964,-0.017607734471847453,-0.003597109039935914,0.010261940954893918,0.43858419478117944,8.124214804364121e-05,0.11843138062521949,0.014025991916795615,0.010098004276055316,12.10513700035759,0.9849487552586789,-1.1959867933706763,0.007504378837068115,0.010127720883826304,0.05153368269294386,-0.18323619631312915,-0.005042672378030912,1.1245322084821926e-05,0.005085048505795392,0.18491603362162617,-0.005856497832387135,0.3185827121424259,0.10149494447602381,0.08654200167504116,3.77996820823883,1.3267549375570045,-1.4150622327947717,0.028743351897731157,0.0387658437455807,0.16221868559244756,-0.6374729468788652,-0.02450991862879365,-0.005068724871258114,0.014255925116787048,0.5996873813178119,0.00026017699176391165,0.08151096481891944,0.006644037385711122,0.11856953081748721,9.297767817587088,0.6219571824895734,-0.6764702931732852,0.006288905247336889,0.008482283926495228,0.03685568758482551,-0.1301627792379219,-0.004301733404922986,-6.391228842242817e-05,0.004180550521572241,0.13616098962675693,0.00011449378786999195,0.08093318030484005,0.006550179674255748,-0.02640128002674616,15.099867133776584,0.7621106997791781,-0.902795324003452,0.007502031810758731,0.010101216871129174,0.035782348741028404,-0.11811484667575656,-0.005007852424685632,-1.9577468884918745e-05,0.005093364446443541,0.12036131917976703,0.002317792708024706,0.14659980801705538,0.021491503710637495,0.07802959379023777,10.107233452549506,1.04986138013284,-1.0355102363716249,0.007281600154023045,0.009793998838041176,0.06417211865264395,-0.22219553053205568,-0.004866257077786523,-3.956885253092484e-05,0.004927741760254654,0.24258525052517832,0.0044502719877837485,0.3745452496529937,0.14028414403762338,0.01533029246041606,5.29723131951234,2.147987,-2.157736,0.025032255857248584,0.033828,0.1820014485361055,-0.69799,-0.012265,0.00474,0.021563,0.6758040000000001,0.006294228529979054,0.49922344005972485,0.24922404310506568,0.0397215679064701,4.878888322369904,2.7013947523291613,-2.467629666995538,0.03429941590668747,0.04637130052660946,0.24460676597979508,-0.981272663533566,-0.017122823750045396,0.006584725643953852,0.029248476776564065,0.9152838451221392,-0.0006542976618283973,0.17697205704793156,0.03131910897577635,-0.11400452124027378,13.772143705551233,1.6163366130134793,-1.8480821013864333,0.00827207838513456,0.011124491988194186,0.07474454921229112,-0.25702402262423396,-0.005574669559701246,-0.00010859125343250289,0.005549822428492941,0.258766856191136,0.008903109998083338,0.6703074337564116,0.4493120557491061,0.06583018380761123,4.169348265798719,3.418545712328419,-2.6660765618612317,0.043105745284151904,0.05816958425240717,0.3314547337277464,-1.3788532926913892,-0.019823101460660776,0.00941165080559906,0.03834648279174639,1.2573929420298415,-0.0019439508444314448,0.22145987984713444,0.049044478381907224,-0.00017277963929584358,6.59894417752756,1.274683516225115,-1.430802706215846,0.02140970236679754,0.028857785277305058,0.10564766651777459,-0.3915563176696034,-0.014491855982236686,4.2806087857886e-05,0.014365929295068372,0.3713144444356099,-0.0009251824557969305,0.16298661764375527,0.026564637530951674,-0.03494237366620968,11.602889428662099,1.4022550785640133,-1.5596297710609277,0.0075568483702896354,0.010198975909282017,0.07194741627096059,-0.2618251762362045,-0.005130626957944292,-5.039070781857847e-05,0.005068348951337724,0.25191424104594695,0.0008566303417784171,0.18989948273074223,0.03606181354140346,-0.15041701966057175,12.58965674001246,1.7153064684190251,-1.4582619446792289,0.008907330786726985,0.01200624642010768,0.07846355071676454,-0.2631719272708064,-0.005898867223258312,9.44302369676152e-05,0.006107379196849366,0.2792042869705421,0.004190364725574839,0.10675213049651958,0.011396017365545946,-0.03485872847562578,7.369062111205899,0.823088,-0.879499,0.011567262508780707,0.015543,0.05241137858632132,-0.17863575,-0.003136,0.004666,0.012407,0.187362,0.005926896272766193,0.11839039942242607,0.014016286675401585,-0.10222771983581755,6.195610516179199,0.7491893967271509,-0.6926408125805312,0.014312658777464944,0.01931284202414843,0.05968970318787244,-0.20720209635070863,-0.002817049932411948,0.006664434061304893,0.01649579209173648,0.2122591878430841,-0.00032088433827761443,0.09366775401878236,0.008773648142923118,0.01625316416549527,11.181689657667285,0.9148768727412848,-0.7510142107918302,0.007674211792921759,0.010355268073133446,0.04248486014361114,-0.15145458074152954,-0.005177836287301537,-4.45063103842938e-05,0.00517743178583191,0.14606486893895249,0.008384262088732032,0.15888957634382897,0.025245897470721455,0.04220449352631174,6.358965427874846,1.0300263438576855,-0.9020444537970735,0.019081776529689662,0.025644224766816937,0.07978794610542661,-0.27849453721060013,-0.003327641304577601,0.009202954018038216,0.022316583462239335,0.284740837921751,-0.00044278346734894923,0.05274070699617922,0.0027815821744568278,0.07794597283905859,8.337625423423082,0.4197065330300502,-0.374824582405473,0.006579609657496621,0.00888197413530472,0.02491331211885997,-0.08577995533348769,-0.004611784632165363,-3.2399894195429086e-05,0.0042701895031393555,0.08767530017220589,-0.0004533408592537912,0.10690509331603143,0.011428698976909388,0.0236884572392274,9.230428158465314,0.8283562973953288,-0.7954758080776578,0.008370952902009461,0.011261364564357456,0.04942660640861249,-0.18058594374350334,-0.005806628600703727,-9.090734341286085e-05,0.005454735963653729,0.17361093845934428,-0.0014831678701846323,0.07818768651460037,0.006113314322505421,-0.09866318504673266,11.751329672007765,0.684657681961663,-0.6624855607156362,0.006595944671825156,0.008893596023467164,0.034377403038683245,-0.12314141682965345,-0.004557544572771813,-1.1346961120017526e-05,0.004336051450695351,0.11295491463507648,0.00017221385780988457,0.7844638614713216,0.615383549954497,-0.0010917007988621866,1.1517710074654692,2.476172,-2.485454,0.6842802279290755,0.92314,0.5803142179690484,-1.49573275,-0.4601845,0.0002565,0.46295549999999996,1.49482475,0.00021309431387571154,1.1092648184208507,1.230468437386243,-0.0010092091440491336,1.1542081721850321,3.499784030835299,-3.4872777833235524,0.9676398910192934,1.3048406869190443,0.8200447074307673,-2.112727329623577,-0.6507807563065462,0.00021826794708691352,0.6540599306124981,2.1166332414031994,-3.356611765794636e-06,0.014883117837908104,0.0002215071965770584,-0.1923469078297446,31.577053578385048,0.3845171179205198,-0.41087177803343966,0.01417875703557356,0.01906945956355583,0.011718548307943846,-0.022037392646748588,-0.009416384322168146,-0.00010116627512404873,0.009653075241387685,0.022042442116069795,0.00021263865677406332,1.5678968344802242,2.4583004835731073,-0.0008479325200448043,1.1635884075305096,4.878210652976408,-4.916539350398889,1.3408290263887854,1.8090041996444355,1.1574218093791573,-2.976790818769775,-0.9035365238134994,-0.0012271769561480947,0.9054676758309361,2.9837494315642745,-7.002806311185315e-06,0.04828872116670513,0.0023318005919157957,-0.07543646387083751,1.0158678300125183,0.23424182249252182,-0.5530368678365909,0.03651315102956682,0.048746320261509254,0.036485116255536534,-0.08763980000072238,-0.024082044293271328,-0.0007328527625557468,0.024664275968237927,0.08883400397295169,-4.635926166799257e-06,0.00586848996583881,3.44391744791508e-05,3.3753126753436797,316.11834985338805,0.2638276755552942,-0.1810495365445658,0.0043572081918617925,0.005856343356796061,0.003935796230728567,-0.00864212201242475,-0.002951438824402997,5.7735653574128915e-05,0.002904904532393064,0.008731504104396715,4.69918937366991e-05,0.020212131527702026,0.0004085302608931262,0.528278491235941,8.270485657130134,0.37679574947259004,-0.08986282345761835,0.01956471608172466,0.026367834312534047,0.016131946958497075,-0.03379222249503064,-0.01329689921681288,0.00012830162751245838,0.01307093509572117,0.034074329913145344
-6.2320121951219525,8.18576505951688,67.00674960960738,0.6956307663247165,0.15719709759979228,14.5,-26.0,6.968230426976329,6.6,9.363109756097563,-17.5,-10.6,-9.4,-4.0,9.2,-8.758425029299557,11.617399207650532,134.9639643499192,0.7176197242291263,0.16715810504263695,20.328021698159315,-37.90250536047917,9.812095550149815,9.249268890127945,13.259421077628186,-24.584835054685616,-14.868654329933861,-13.441388744714414,-5.6193854398059155,12.991732565829508,-0.015462159110237959,0.657996779604035,0.432959761969281,-2.053199131854386,80.35306154916974,6.706389516516885,-8.248085856230048,0.2526633221252626,0.3373593109328733,0.2800654334143089,-0.5209965290123764,-0.1865958081987883,-0.008716396432955964,0.150763502734085,0.4460024096472126,-12.246446637264034,16.5359376845659,273.4372351078467,0.7423301556156119,0.1623095277107196,28.568503512095166,-52.39996316511431,14.263963348990115,13.064751152215162,18.772997761457493,-34.31660220671757,-21.0133863952855,-19.12966229958508,-7.948635243070338,18.468890963467913,0.08364213069853502,1.1892883675908905,1.4144068212870053,6.729787264562157,59.84202088815413,12.329471913607868,-4.111327954082371,0.26573051796178543,0.36518878562725055,0.4019829992868588,-0.6328551160098431,-0.1710092109131008,0.0016216357618450417,0.1941795747141497,0.49560827366655896,-0.021632877521034034,0.5418438391812508,0.2935947460586772,-0.7656412367436599,18.60414312555254,3.1491010437499956,-3.605890136104233,0.27168396451319615,0.3717665239965084,0.29380713552248744,-0.5775811284970376,-0.20898361422688555,-0.004802971893653694,0.16278290976962284,0.5159534899692932,0.007900344014634637,0.7498358725799522,0.5622538358077384,1.612477556889956,46.91342720950174,6.8633231001323995,-5.982609451680312,0.24800162145555738,0.3409642718292225,0.3202553815746061,-0.5397917417491576,-0.17474192941279526,0.0017998789152551022,0.16622234241642725,0.5118897325247855,-149.7852642276423,12.686177594638348,160.93910196270403,-0.4733530143568377,-0.448178896937919,-113.2,-186.3,14.529501741354917,19.625,149.7852642276423,-172.985,-158.125,-148.2,-138.5,-133.9,-211.76407116430386,17.284034220762035,298.737838944473,-0.31682214868065106,-0.829551699408341,-161.97733320335954,-250.5045067105159,21.53732925888743,30.683432706747084,211.76407116430386,-241.72736576237276,-226.2807386370664,-209.69324655788424,-195.59730593031932,-189.8421164585217,0.09271135061638323,4.701042080529541,22.09979664290952,-0.13912380541661076,3.594922400145638,21.77778391583638,-19.402660744755217,2.6420803558247488,3.5454084301118085,3.079184060458338,-7.164711736969974,-1.6657448018405558,0.030146091050522017,1.8796636282712527,8.273286474757278,-299.2537222592959,24.01108208405611,576.5320628472804,-0.2952613524075644,-0.8851984130961177,-230.3893095573747,-345.72708092812076,30.204145249027576,43.72433873593985,299.2537222592959,-340.51414694322307,-320.0785044971929,-296.0379725845239,-276.35416576125306,-268.5012063380921,-0.0209910129208937,4.1625156152940095,17.326536247566466,-0.20707895691977876,0.8375868521059537,12.093483579523236,-15.085221673348766,3.604126865592866,4.860932357786444,3.1665483733314623,-7.308179954900221,-2.4446247094743008,-0.021284509432383913,2.4163076483121433,6.616807641633332,0.12588325705392983,3.6723549243057505,13.486190690072693,-0.06549427882501117,5.670522242113263,19.97307836849658,-13.415831540888423,2.0035053714331084,2.66759509621588,2.3333285943579165,-6.357263194243693,-0.9947269141695344,0.0962825546885365,1.6728681820463458,5.111811796659435,-0.1147756876041663,5.485851045933461,30.094561698169247,0.20352580253537705,2.502126724817984,18.82817176533455,-21.484269843111175,3.2076065225749497,4.320542769184312,3.7234979697650594,-8.31796645051923,-2.3298775989677836,-0.20004388340410542,1.9906651702165283,9.96755481902135,-1.0428861788617887,6.224966957437694,38.750213621191094,-0.48941304607706937,-0.8921226701151093,9.7,-17.3,6.819970205125769,10.325,5.132113821138211,-12.1,-6.325,0.6,4.0,7.08499999999999,-1.5033914577995626,8.650729526425454,74.83512133936915,-0.41150549371294226,-1.1177010921759516,11.836112566318587,-19.91360699700434,9.63044175764559,15.454794128539008,7.227574059548306,-16.083236016032604,-10.136842096521772,0.9246363454271441,5.317952032017237,9.989206709138799,-0.06439936391733268,1.6074423457959375,2.583870895057946,0.0721095425361115,2.276934543692528,6.43787274315018,-6.391733599654258,1.0196374472542737,1.3729358196031594,1.1164337142866643,-2.6929673803494123,-0.7723270221786896,-0.07099636128609055,0.6006087974244697,2.801418806035109,-2.201827750421816,12.057801992230539,145.39058888383877,-0.36616343520099387,-1.2214676576773422,15.725359730144907,-24.46111316420989,14.074091788309822,23.001216941194524,10.089703736263667,-21.94005695740995,-15.08519238489614,0.6558504892822788,7.916024556298385,13.722337206676999,0.13931878670869444,1.9392007608101038,3.7604995907264858,0.5892069998764454,1.7234168209296206,7.7416407774141955,-5.287509967195888,1.3838826743328365,1.8672113946618056,1.3933111582462592,-2.9867060165643915,-0.8732790189736639,0.05855845401859727,0.9939323756881419,3.45911397535448,-0.09112445310864047,1.4642632988775328,2.144067008439715,-0.29489237539900764,2.4218935964252646,5.195818971048932,-6.112368106126838,1.05559803135389,1.4163505126113352,1.0341969353865779,-2.2366604940463417,-0.7843075709654102,-0.09037430714438988,0.6320429416459249,2.4000935812900392,-0.11885980189519246,1.7148926792743227,2.9408569014286647,0.08443283856878607,1.5806867598592396,5.570610173408693,-5.2357228181746205,1.1837985969093203,1.6299104563556388,1.231843151078833,-2.635163773743161,-0.9556473242444559,-0.19529230076251686,0.6742631321111829,3.065020256080515,-0.410670731707317,4.448857754803664,19.792335322476703,-0.15553148587939733,-1.564314785211822,7.0,-7.0,5.633888430321288,9.125,4.063109756097561,-6.7,-5.425000000000001,0.6,3.7,5.5,-0.5824125755288045,6.3084734356030605,39.79683708770948,-0.1453857031019656,-1.566463610977056,9.841325795037806,-9.8834085684681,8.093162957905838,12.90593967041444,5.7661002486280655,-9.372309467042468,-7.665267073112476,0.8262864422678977,5.240672597301963,7.778576049570506,-0.006811290964544657,0.17103791284565398,0.029253967630597528,-16.62015384128179,335.10654156397374,0.4766187843583374,-3.465117309715893,0.05875827384074981,0.07844160673114606,0.05639118388154649,-0.09077007825136256,-0.03873293953107962,-0.003477334230540141,0.03970866720006644,0.09492639454166765,-0.850837483157513,8.973197977888512,80.51828195038247,-0.12867264302392897,-1.564602003891299,13.805096804794633,-13.940566617458144,11.473927645755744,18.28424027671576,8.202931642134123,-13.3228372972135,-10.935570613431747,1.1686765251822644,7.348669663284013,11.228378799719533,0.018013971760971473,0.34698107454096966,0.12039586608960594,12.98339755050187,191.8677175513901,5.175710460978761,-1.0129481518425414,0.08170557859190021,0.10841354958944918,0.09489874837725847,-0.1471215533921035,-0.052709442869336126,-0.0007890964460716132,0.055704106720113056,0.14674112778163742,-0.009837787480316667,0.1392823120105781,0.019399562439012034,-7.853642168226494,77.20618983642944,0.302224897386712,-1.4568333235331559,0.056991537917009005,0.07558338637342404,0.05771564831666069,-0.09506665491948585,-0.0391345941311327,-0.002114509653746754,0.036448792242291354,0.10814888463792201,0.014526769215098703,0.19536237657925307,0.03816645818269389,12.482015575127413,180.95510034834876,2.8776394319308056,-0.3803404187917519,0.06202746860247416,0.08360723072570722,0.06416703923919122,-0.10911791517603575,-0.03422703624063685,0.004055454217863404,0.049380194485070375,0.11718202081831428,0.174390243902439,2.792978026088598,7.800726254213761,-2.1695001743487747,4.138772948564112,3.7,-11.1,0.8895613311033613,1.325,2.025609756097561,-6.685,0.375,1.2,1.7,2.284999999999991,0.25407628013287237,3.083143160487397,9.505771748060216,-1.4959842567163852,1.7331223901394361,4.184727407184628,-13.778505611460904,1.494147822148546,3.4967354626107703,2.5360529512036964,-6.341816764608928,-1.2063674347123243,1.579257539221816,2.2903680278984457,3.071029309512978,-0.01582536333571562,2.451956956381488,6.012092915947569,0.1390137580359517,3.1973474303117806,8.829202648512037,-8.756227372382412,0.48057929423317514,0.6505545883879233,1.3592993459715166,-4.746267835089012,-0.3292597183222654,0.0020755586990631736,0.321294870065658,4.344258195197062,0.38507226378754317,3.9730699063240404,15.78528448053772,-1.1838502412490914,0.2602392545875891,4.657186475501631,-12.360835274789505,1.6973957544256508,5.66633239185095,3.4805141631682006,-7.771070474705278,-2.5361448972295575,2.3977442620844416,3.130187494621392,4.018156955939721,-0.03366524500147637,1.7368070246874394,3.0164986410036354,-0.3377268252090935,3.3952981324605505,6.1196645085484365,-6.555999423667555,0.716012013522091,0.9442952812857828,1.0646659221933779,-3.469767849634441,-0.44744053957078345,0.013235238126939247,0.4968547417149993,3.072256469388078,-0.021997818575727825,2.011400178183001,4.045730676794607,-0.7153992648936531,8.603256186550993,10.034136789841222,-9.348562815455464,0.22950908893263824,0.3223304803922312,0.9385562909657026,-2.7127541128328665,-0.11993754939655964,0.004078494779613514,0.20239293099567157,3.029385747460279,-0.16429676710632035,2.789954061031885,7.783843662668309,-0.9493575085591129,3.0539249000675213,7.825481354646977,-10.193359987940315,0.634414698145426,0.8337263433493097,1.5576131094029375,-6.77505937769479,-0.30167763184964513,0.017899999830650205,0.5320487114996646,4.437212260912994,2.995528455284553,3.602091240668518,12.975061306100866,-1.6542612293009071,1.84316513997838,6.5,-8.6,1.1860817748044812,3.6999999999999997,4.302032520325204,-5.7,1.6,4.7,5.3,5.9,4.244327169804309,5.051424328650146,25.516887748078577,-1.6569133658939552,1.895652760644297,10.050575918445805,-12.856011139307533,1.7192676745076831,5.044666888498037,6.0560030936550495,-7.862907672579417,2.3493023945815805,6.6252675437500415,7.393969283079618,8.346229802301496,0.009557043725821168,0.5567667431148454,0.3099892062387123,6.660772281762328,92.11869929550859,6.377302104471712,-4.01482499759313,0.10941724417464802,0.14814075001851734,0.16389722313188038,-0.2924741839891698,-0.07345285122737766,-0.0023942146489348004,0.07468789879113967,0.24607970816569139,6.036710662047839,7.051452195470624,49.72297806500748,-1.648799999963708,1.9073876858664107,14.662315057741964,-17.481906648363307,2.4657680446747197,7.065503836878912,8.492038556714713,-11.647452650780545,3.4797409668787784,9.36257889970072,10.54524480375769,11.786000206482097,0.05463493278382658,0.8956077879440356,0.8021133098260087,4.4677821517550536,36.02419371479648,7.068440683086869,-3.6965326569787558,0.19131780228265538,0.2567958771168635,0.3138067472802087,-0.46097859972972544,-0.11690862589841641,0.01258279020768628,0.1398872512184471,0.4194033484348349,0.013483181548096398,0.43001608193683794,0.18491383072430934,4.906540564682162,49.299761474287116,4.332793600447072,-1.6550375303155591,0.10783752382636629,0.14466403812839856,0.15445110497676237,-0.1937872262836047,-0.08066339588682338,-0.007653019026586956,0.06400064224157519,0.2342016252121934,0.01041129427325703,0.6529357184962543,0.42632505248821984,-2.711734556145206,46.02143858408286,3.9724455191894843,-5.655058731927446,0.14908752206542947,0.21091754950598135,0.22071273305540945,-0.28095559912685103,-0.0927713376997073,0.00045113687471613653,0.11814621180627405,0.3054788431968637,-0.0032773586328764762,0.19748245026080516,0.03899931816101138,-0.12246767463552075,5.3620413131950215,1.104309,-1.171364,0.015682966267352258,0.021158,0.09685486611786341,-0.3650335,-0.013351,-0.002712,0.007807,0.361169,-0.00463527673569581,0.24795808969853864,0.06148321424694853,-0.2588673807230683,4.555801983966045,1.1086009340211234,-1.302443885663557,0.02060222812109266,0.02776745044763771,0.12350029749109077,-0.4869670552198421,-0.017844304458251657,-0.0038348485231265352,0.009923145989386052,0.45929406298960285,5.721021860890712e-07,0.12848624104847048,0.01650871413876566,-0.04758271893958697,11.34642722987395,1.1027330208235064,-1.250293956755137,0.007514939923394138,0.010133334577595677,0.05625419788651142,-0.2028246079022359,-0.005096274696525698,-4.6501135592012886e-05,0.00503705988106998,0.20895553313781326,-0.00655657956083709,0.33713304206798855,0.11365868805401615,-0.22772778752394016,4.02413740967497,1.4583309382594236,-1.4794615638055864,0.02841371040515104,0.03812625055006485,0.1694034716177444,-0.6708013358927203,-0.02487355548638253,-0.005300069998877288,0.013252695063682318,0.6386282316465777,0.0010856958352639973,0.09636076584353848,0.009285397193953252,0.21539125155922284,8.700400572059197,0.6770084670969478,-0.6865588513565558,0.006276956224604773,0.008479148462196764,0.04298701813750079,-0.15158373896748467,-0.004331455935175793,1.9620971578200195e-05,0.004147692527020971,0.1612843187381151,4.956143458608174e-07,0.08163439553947185,0.006664174535094942,-0.14494951202167752,14.998959644441243,0.8073664343134563,-0.8697695587010451,0.007576959985055444,0.010227447348051198,0.0362177605856502,-0.12210542048742688,-0.00521718002350748,-5.080599023844409e-05,0.005010267324543718,0.12661422893590432,-0.00032795821531771965,0.16231901829683842,0.026347463700849363,0.028937299156272425,8.722755830688854,1.306969799446918,-1.1658225820737185,0.007231830908592365,0.009741067399999243,0.07161018970211491,-0.2712827481975166,-0.004941256111173468,-1.5096807010970249e-05,0.004799811288825775,0.25920323962918834,0.0033887979771858746,0.3806843415609206,0.14492056790967167,-0.07993695011535747,5.494341078341478,2.137052,-2.186757,0.02476538745791758,0.033468,0.18392257839841394,-0.715159,-0.013106,0.003658,0.020362,0.68622875,0.0047927946233072005,0.5041085999103432,0.2541254805035664,-0.06818949835657255,5.096295635129245,2.7192594273126782,-2.653430370554441,0.034136197264172094,0.046013590005337314,0.24547631543164797,-0.9676682631286201,-0.01829680961646829,0.004958582699865639,0.027716780388869024,0.9157928424518875,-0.00033991984319161955,0.18891947137471657,0.03569056666450235,-0.019183930979906318,12.448583903194606,1.5990046439231151,-1.587681167022237,0.008309056492854336,0.011203811362773437,0.08011210041939064,-0.2839728287211507,-0.005581244265037649,4.218439310362863e-05,0.005622567097735788,0.2788609097020863,0.0067788729764902,0.6723997144721593,0.45212137602224134,0.018596259498584403,4.337206477128383,3.5046138983916517,-2.8545775382290755,0.041972935289339874,0.05660712122460584,0.32953352956392945,-1.3678223350660552,-0.021400750748357227,0.007341483748282278,0.03520637047624861,1.2450124275320271,0.0005321567566268372,0.23673135629641515,0.05604173505394026,0.23890057672167195,6.612848177437645,1.3984741292011431,-1.576279475233843,0.02192263907218824,0.029534648952349356,0.11172950572186437,-0.4164864281741484,-0.01494419084664499,3.987526663838628e-05,0.014590458105704364,0.4138444401208195,-0.00048073559446500276,0.1695438544497133,0.028745118581665563,-0.07360078664184096,10.956498354367227,1.4469903655943688,-1.4363847806859118,0.007678214927930021,0.010342596067058382,0.0747712109206576,-0.2735686481311378,-0.005159709936204282,-2.5524258892201495e-05,0.005182886130854101,0.2676036096242481,0.00011631718592295342,0.20645508490743145,0.042623702084134726,-0.0030857268247475676,11.362502599425195,1.6020255454283434,-1.5266237175188933,0.008872152073862855,0.01197196232542503,0.08649284771206596,-0.31211988183542383,-0.00591313125328597,3.4697543950262366e-05,0.006058831072139059,0.30691864422652104,0.004199128825101284,0.11810353890808192,0.013948445902612822,-0.14841045250346013,7.313350493244613,0.860525,-0.836134,0.011656218641891043,0.015725,0.05737012758957562,-0.19762675000000002,-0.002955,0.004908,0.01277,0.20276975,0.005939879646148565,0.13476722283553,0.0181622043508014,-0.1033939580847263,6.863528983229527,0.792479930327433,-0.746266400928213,0.014301287300253183,0.01926758064176386,0.06614710506017972,-0.2211400607447189,-0.0026010448354720868,0.006823070061048182,0.016666535806291773,0.23353099323835613,-2.1475913556592307e-05,0.09865247576543262,0.009732310974649272,0.07707974562285998,10.330523921488492,0.908862043725568,-0.8772345448359397,0.007517750952515838,0.010144667228576498,0.044700864477686605,-0.1607940585812889,-0.005054403778035916,-3.6878926096945694e-05,0.005090263450540582,0.15991437191571345,0.008404406241549563,0.18101559951395957,0.0327666472673982,-0.05385951200406571,6.581255632419333,1.1049260136272192,-1.0553689403066457,0.018966518956296727,0.02561151668773007,0.08950235577669254,-0.3037092220173389,-0.0028261013422012267,0.009644021661429854,0.022785415345528845,0.31478385534188047,-0.0006594888929392764,0.05959177810247678,0.003551180017414831,-0.04326103208722591,9.278862623535632,0.4668271722448238,-0.3775494649740704,0.006843591678534111,0.009219947543948531,0.027750948558316613,-0.1003837928594046,-0.004642732618514642,1.7732773582707344e-06,0.004577214925433889,0.09523546779962716,-3.0293795181363914e-05,0.11035698469009098,0.012178664069888974,0.10636586880801867,7.9828005292202135,0.794807231084793,-0.7619597694887871,0.00831823252653897,0.011193279540654407,0.05134052293655345,-0.19308761060360452,-0.005566636290197527,-3.116310574017194e-05,0.005626643250456881,0.18776635889978133,0.00021551046839967503,0.08533791425125148,0.00728255960875395,0.03309849222633311,9.761439953707674,0.7035755173101048,-0.7243210811778683,0.006542578190940911,0.008829657871982569,0.03793384894896114,-0.13646241359072858,-0.004376313269419046,7.582965583661704e-05,0.004453344602563523,0.14073469982749465,0.00025273012383989857,0.854892075360859,0.7308404605147967,-0.001586214727503037,1.5333411313972638,2.700761,-2.696973,0.6851505154313383,0.924152,0.6136194312702928,-1.6480535,-0.46044474999999996,0.0019805,0.46370725,1.6488417499999999,0.00037662631493149784,1.208862201626975,1.461347822522417,-0.0016282331423480914,1.536385461767841,3.82496290669544,-3.815827194944924,0.9673777469048365,1.3051460721419499,0.8670929864646449,-2.329517863169948,-0.6515051763040555,0.0026421505355896735,0.6536408958378943,2.328428970535363,2.1147350406368115e-05,0.014578487257380129,0.0002125322907135948,1.0070791406540034,26.662877898640705,0.43879935770279727,-0.06881165574130085,0.013669429628909322,0.018426429528946676,0.011463050854042218,-0.02193085754114934,-0.009108921010945358,-0.0001949660300279237,0.009317508518001318,0.021817187654732985,0.0005840220217454029,1.7087727896147489,2.919904446527771,-0.0016851188106487207,1.547084017870068,5.318547875627573,-5.370169484650311,1.3373376737063172,1.803783689592499,1.2238272081654236,-3.2851659486559606,-0.9000753558283812,0.0036777549819299506,0.9037083337641179,3.279665916150766,-1.8741131075400458e-05,0.04801967496790184,0.0023058891840229386,-0.03486503266623364,0.5808100139524788,0.24118068108399607,-0.4533961798439169,0.036269692234332095,0.04892552979964551,0.03611013932664015,-0.0871476403977765,-0.024157564964833542,-0.0004362126844075914,0.024767964834811973,0.08878488155815398,3.0439768263869505e-05,0.005629771015174566,3.169432168329966e-05,9.240742633307656,450.5577965786684,0.29496712710958717,-0.060808483192611715,0.004152539918060701,0.005609191739819352,0.003795979170753038,-0.008320894512940595,-0.0028119911844267753,1.6331553020111208e-05,0.0027972005553925767,0.00833889839131294,1.317893963488952e-05,0.019835628725361994,0.0003934521669304059,0.09371593505363346,3.0751434635880956,0.26731704955536356,-0.19454098660958358,0.019040653511141443,0.025639429328372237,0.01585233658223744,-0.03299992446123319,-0.013005127096420571,0.00023008273519104161,0.012634302231951666,0.03307605690481795
-6.020854526958291,8.116637177201213,65.87979906632488,0.9793002699240047,0.23621173625370817,15.2,-22.8,6.226929317723527,6.3,9.390132248219736,-16.09,-10.6,-9.6,-4.3,9.9,-8.470382889704004,11.527877432165717,132.89195809103563,1.0001782607680358,0.24846027074734733,21.512290386395446,-33.07658818733022,9.058620816247991,8.873337580842483,13.306874068864133,-22.612460915578573,-14.934384589224663,-13.740097687825243,-6.061047008382181,13.916050652898996,-0.027868901993993958,0.6186422812075798,0.38271827209771825,-4.669932373140145,85.79712958137874,5.702076395735503,-8.159084322706814,0.2569870436991326,0.3450475700834955,0.2712437341708568,-0.5019184546462606,-0.17727720718908946,0.006185121476330824,0.16777036289440603,0.4479881847094175,-11.856388794571245,16.43972766063739,270.26464555592617,1.0164031462644485,0.2512745463027586,30.33624553779104,-46.05493825305272,12.699850391595007,12.489921641302423,18.868643239258873,-31.623965597987212,-21.06373855489772,-19.478880943202956,-8.573816913595298,19.92468744256671,0.10378336437717851,1.1881156340683217,1.41161875991757,6.902050609532387,62.38841019102831,12.843649928497385,-3.5467251533911277,0.294320654452862,0.3934567195677105,0.41087945915458873,-0.6175693146047017,-0.18718687346898938,0.012473580890846492,0.20626984609872112,0.5605227087501432,-0.03978023662158618,0.489405377334417,0.23951762336384314,-2.307813234817728,18.804955121768284,2.6953753545846846,-3.2263584852927836,0.28719705161979564,0.3820233055953233,0.27336108047242,-0.5039080756535598,-0.19851648837982933,-0.002994525220518452,0.183506817215494,0.425060423872063,0.031384152642909835,0.717752039193684,0.5151679897666916,3.1965886350926054,48.81355228032584,7.004946386817026,-5.119950943519731,0.2582342692663808,0.3423750439238037,0.3093709455933174,-0.5871767604185677,-0.1611437132311665,-0.005249275527416667,0.1812313306926372,0.4859005769521645,-149.41688708036622,12.11582369461729,146.79318379904979,-0.335518156772748,-0.3093707836640309,-109.7,-184.0,14.529501741354917,18.75,149.41688708036622,-170.98,-157.55,-148.8,-138.8,-133.31,-211.21743799130272,16.538634167960037,273.5264201416152,-0.19948030296953306,-0.5976815068019525,-156.3827148730549,-249.4294905107947,20.542990107179303,27.25580171473561,211.21743799130272,-239.83511402028776,-223.43817820057166,-210.53161914632932,-196.18237648583604,-189.06737034060168,0.06407781012275823,4.414479380972392,19.487628205030394,0.11855750429995555,1.4799490669052986,14.878903475759254,-14.819616035510323,3.124711523958582,4.154798794530064,3.1588847463792646,-8.015485704204567,-2.112749898710014,0.05798682681363587,2.0420488958200504,7.791311486462602,-298.45543247272116,22.855092062705484,522.3552331947432,-0.1543063714955002,-0.7205765781092004,-222.7369771803898,-342.36213142553277,30.689159108792147,41.107501393275925,298.45543247272116,-337.0881177096921,-317.2057895983579,-297.2889225599885,-276.098288205082,-268.4246638902826,-0.17561223022378986,4.793496178852301,22.977605616671614,-0.07028618896608116,0.12675409825261053,12.08340656896413,-14.481141038078697,4.880428554088088,6.643564606042083,3.80252159516877,-7.875389161655668,-3.391619058692628,-0.3825234718704351,3.2519455473494547,7.324190937898642,0.09177267830167887,1.9489099272698482,3.798249904610965,-0.08059573993471308,0.517215468033132,6.034905757644873,-7.722945810558021,1.8750235067498868,2.5159949707052545,1.5499399036702568,-2.9824529319084996,-1.220611437757701,0.14231930897593395,1.2953835329475534,3.281203516908552,-0.8746568701999747,5.821360980714831,33.88824366778915,-0.3486663554774084,1.6209732032956108,15.622921125103787,-19.449206221518963,3.7795757683364695,5.114165028493025,4.145916423401364,-10.705359461054607,-3.2715025335002608,-0.6606145384499332,1.842662494992764,9.562365687944045,-0.5358087487283825,5.404227606648391,29.205676024460594,-0.3859353816859415,-0.7289267827499004,9.6,-14.6,6.2269293177235285,8.399999999999999,4.406002034587996,-10.4,-4.6,0.2,3.8,7.1,-0.7877954417884085,7.441305620943896,55.37302934429122,-0.2831820007423812,-0.9738362345566776,12.43824579297648,-17.958840755202655,9.531812137374617,12.467288495042403,6.2016049786162775,-13.200507999545959,-7.244731399032439,0.40581394795832226,5.2225570960099645,9.568991097698108,0.0535229372440785,1.7138367336215823,2.9372363495106946,0.12132756002939112,1.331366311928809,6.835412583305758,-5.959819070786677,1.2211284149741841,1.6496983986435945,1.2367292614383607,-2.9504580281723194,-0.8117693483752102,0.06388772699126039,0.8379290502683844,3.269545804500633,-1.1982800269184772,10.29908585435722,106.07116943542097,-0.217357664541321,-1.1224524458205407,16.588348453066427,-23.722067553421304,14.186918150226555,19.40380240401001,8.65125729500365,-17.50634262133086,-10.94225017416367,0.5255655133127616,8.46155222984634,13.279899616362487,0.13133580006552242,2.0886593619901523,4.36249793042911,0.3163497668920078,0.8460528356874537,6.467459212850492,-5.703744723183469,1.6903114353309872,2.246001392110789,1.5732887922468213,-3.1508545284152634,-1.1032740601649358,0.0662445380448996,1.1427273319458533,3.9696521643430023,0.07438533020757887,0.970137573414309,0.9411669113502036,-0.050821638979441155,0.11081841106962909,3.186344349125913,-2.6079541591770306,0.9756759275407484,1.3193083363505609,0.7653323766327433,-1.6625350445908187,-0.5674604574423583,0.10587693424596542,0.7518478789082026,1.5992327988186696,-0.11260458220569364,2.199913912959371,4.839621224432212,-0.2455021616101773,1.506472593521143,6.116603927327041,-8.875757954157327,1.409967414032982,1.9492831632351797,1.552862349444383,-4.310730545393172,-1.1324489008889453,-0.12899422364222388,0.8168342623462344,3.6304140623180006,-0.34303153611393694,4.446728856578639,19.773397523929177,-0.2212060213392579,-1.5434009290329695,7.1,-7.2,5.189107764769606,8.9,4.0590030518819935,-6.8,-5.3,1.1,3.6,5.4,-0.4958497152984709,6.309226869971653,39.806343696772295,-0.20807163729353323,-1.54760891908851,9.98710141269364,-10.129042150082029,7.307309626221525,12.615576864639417,5.763296885342566,-9.601316690449833,-7.490163407029803,1.541965696861328,5.125413457609614,7.687188176028624,-0.008239789512465895,0.1659451609881337,0.02753779645537761,-16.42334172502572,328.0617449045638,0.49151204481656197,-3.346165785415574,0.06325734133927081,0.08461601544012416,0.05905617123306458,-0.10530555549103068,-0.042561032076844155,-0.003789781620231719,0.04205498336328001,0.10168659824045488,-0.7308900699915382,8.978635147203514,80.61588910659827,-0.1892810115221725,-1.5471927060118873,14.025593450837897,-14.230965669863156,10.503882846544519,17.93566641898002,8.200648256544273,-13.513254417421052,-10.79508889405494,2.2110084020584932,7.140577524925078,11.047974153116957,0.023594295607577986,0.3429036894523628,0.11758294024004247,13.257185680436953,196.61440507195258,5.151775686389964,-0.9546452842653519,0.0695376755202283,0.09211708005593927,0.08857441319114019,-0.13057426063434305,-0.046627572283746366,0.0002839989988960845,0.045489507772192905,0.14199809023276705,-0.011882243303593429,0.13479818422327441,0.018170550469891827,-6.946154709022262,65.49002053394241,0.3059699957285075,-1.375254276494327,0.06852117298260813,0.09125255885126288,0.06435065196416738,-0.11139313511325019,-0.053002216247255415,-0.0028528522231762426,0.03825034260400747,0.10850659845198501,0.012277585898282668,0.19004074948386387,0.0361154864643887,12.684369428684782,184.14345277586813,2.8094026180002225,-0.36800119354149247,0.06050246901759922,0.08357033135853154,0.059826221564144626,-0.08305031170055095,-0.04061224411984621,-0.002798970628071207,0.04295808723868533,0.09738689169942864,0.36826042726347913,2.6064927393209594,6.7938044001328795,-2.1576715257091283,4.181125293068856,3.5,-11.7,0.889561331103361,1.2000000000000002,2.0132248219735502,-6.2,0.6,1.3,1.8,2.4,0.5292175335059324,2.7487174062037076,7.555447379167238,-1.5270131272201894,1.77160817619201,4.07468135501381,-9.243963787540338,1.300270014073803,3.1118216903689957,2.350216292160006,-5.512723099987036,-0.792879500937304,1.5985434113625294,2.3189421894316915,3.216829693365779,-0.004035248912510229,2.439077754350864,5.949100291769254,0.32674492436201175,3.1298022985937104,9.711425460833048,-7.556233580214145,0.4767694598007782,0.6408723032382018,1.3493087786396365,-4.530945116913713,-0.35156577059152516,-0.008141051278010597,0.2893065326466766,4.736185019667308,0.7718430928352252,3.3870002564576644,11.471770737244285,-0.966041710613758,-0.44564062960784856,5.419359752730523,-8.647076161604394,1.4803932758570078,5.074664142298291,3.186028204491663,-5.826529401749156,-1.9375537163803433,2.441625550234346,3.137110425917948,4.292461871174153,-0.027898696558615866,1.8650777524189368,3.4785150225680725,0.1494992020616792,3.19925681624634,7.009087569264001,-6.264136852687356,0.8353292288254686,1.1467761520944828,1.1631512086608107,-3.5433467142746906,-0.5446536282323324,0.009640605850659886,0.6021225238621504,3.258427908762696,-0.005650092296865728,0.5993556624958382,0.35922721016582504,0.9257979551293858,7.89198532191898,3.231955356161743,-2.1481785177599444,0.16572421614262203,0.22222132261676844,0.32033056838712826,-0.9884644259744642,-0.12838546353476027,-0.016373915382555573,0.09383585908200817,1.0014343428035128,0.15290046971005075,3.368938072942085,11.349743739318729,0.009235075575157108,2.5454012804280124,10.276959674387152,-11.10518276993102,0.6246239337925117,0.8300098531117601,1.8861177049400975,-5.64937362561205,-0.3783916507056373,0.023358191274086545,0.4516182024061228,7.285631667866932,3.0072227873855537,3.3077514188402732,10.94121944883984,-1.6223156772680725,1.8451718762577949,6.4,-7.5,1.1860817748044825,3.4999999999999996,4.094099694811801,-5.29,1.6,4.6,5.1,5.8,4.251689398439976,4.638543780799047,21.516088406389517,-1.5950798303387552,1.783319789429398,10.159764964130172,-11.428871014794314,1.7898077685053542,4.921698046707641,5.762065796750451,-6.986523446148306,2.304320006735467,6.406017162738642,7.226018053443108,8.163743596523906,-0.01606893951752357,0.46665357434351207,0.21776555844757575,0.07446287873790527,103.23366107507297,6.208427619642632,-4.382277243632201,0.10617881228317032,0.14236756810188275,0.1425088949024518,-0.24601509907014066,-0.06854856765575504,0.0043091627714113845,0.07381900044612771,0.22805588651432235,6.009105988699043,6.4490337844707435,41.590036753245045,-1.6344961164797056,2.0116976926033976,14.053524136680624,-15.178674518891388,2.2865354544312084,6.725149651086259,8.04123842885926,-10.130043660055778,3.4551393137661157,9.150586283875883,10.180288964852375,11.480108610709971,0.07319505182614282,0.9278503022512203,0.860906183387681,5.320473098589328,37.494510718229684,7.03248441210772,-3.641840244125996,0.18876013674032538,0.25195899272861644,0.32203100770032367,-0.5164540849637699,-0.130638651676737,0.008005823583627114,0.12132034105187947,0.4111430376373932,-0.022378541836203462,0.3468505145552135,0.12030527944721635,-1.0572727656480987,26.1499257240609,2.6360624271771917,-1.831269063207123,0.08385004946602327,0.11577496369220229,0.1363702798272062,-0.22392948659652234,-0.05251903577337867,0.0028990859462987946,0.06325592791882362,0.20062815802395434,0.037901423228731634,0.5547541053521419,0.30775211740505526,-1.3282427531368055,59.53379918281317,3.615883542551697,-5.65281568195417,0.13969660221477387,0.1943310937717651,0.1911130820685872,-0.26550657419989165,-0.08404772235131788,0.020200808813316984,0.11028337142044722,0.295913657015227,0.0001390528151614686,0.17676508575979152,0.03124589554366645,-0.4308529732821892,5.720879574414498,0.963577,-1.200069,0.025992982094840217,0.035065,0.08946607008109758,-0.327028,-0.016382,0.001151,0.018683,0.32099325,0.0001972497417853921,0.22522440436846833,0.05072603232313133,-0.27253749230242774,4.24841762416037,0.9593178401782965,-1.2611425444296658,0.035767318732365445,0.048248200605752925,0.11725662899656414,-0.4517277211463273,-0.02235071365681487,0.0017731745521104335,0.025897486948938057,0.4186663785261382,-6.724084153782045e-06,0.10844521028089553,0.01176036363286765,-0.05602652992821007,10.968458880810488,1.0814093043348307,-1.074690189183591,0.007341789467263736,0.009902606455839041,0.047740789671195334,-0.17173292104649937,-0.0050041794454622375,-5.465380921773449e-05,0.004898427010376804,0.1706209088609744,0.00028085598674270154,0.3089574195383783,0.09545468708781352,-0.14729438069942732,3.768069570369537,1.2503636200611572,-1.3886746836265087,0.05020588119725223,0.06774262298688685,0.16265181338755602,-0.6326577325813079,-0.03225309444022005,0.0016850054040206195,0.03548952854666681,0.5690822942162761,-0.00013804549082996212,0.07732979767708467,0.00597989760877885,0.014075540294550715,9.92133443205375,0.5769093793293498,-0.5813390540496015,0.006312537665009426,0.008508030705980347,0.034500922025654274,-0.11726175675017722,-0.0043816136623510485,-0.00013763782842707084,0.004126417043629299,0.1188318914981982,-9.954646158649046e-06,0.07637938960457731,0.005833811156367812,-0.13304309016414048,12.461368130994272,0.6704282596105356,-0.7699770979914778,0.00720695341901419,0.00972845590935523,0.03435736146170076,-0.12048237232527556,-0.004912892385390326,-3.362138195948672e-06,0.004815563523964905,0.1198473024378996,-0.0005853391385524922,0.13297548290080133,0.01768247905270131,-0.1584353427614095,9.604671653740477,1.0011454007800342,-1.127610783303444,0.007408937331741031,0.010017874071829878,0.05845128997436381,-0.21338026060762552,-0.004984141571022768,7.066295684747043e-05,0.00503373250080711,0.21106642896844913,0.0065078782082957885,0.3850110182438963,0.14823348416920185,0.6159100682961713,5.796415124533544,2.758516,-1.768742,0.03759286185242804,0.050712,0.1896748519315176,-0.703893,-0.020616,0.004499,0.030096,0.720057,0.009203455049429711,0.5157408061798884,0.2659885791590812,0.7138920895383937,5.7436480994755925,3.580522750629017,-2.237074424985129,0.05257739208091926,0.07097568293116885,0.2570255654672372,-0.9324881947229531,-0.029062496817296325,0.006194405173236724,0.04191318611387252,0.970945446765141,-0.0013751604516313565,0.17450116994349862,0.03045065831164979,-0.03041327858685571,12.011363956281532,1.3499724979756869,-1.547342333605982,0.007853351578423628,0.01059484536595204,0.07415119514810423,-0.2641366104809495,-0.005390210407874203,-9.799727833079372e-05,0.005204634958077837,0.2525129534201662,0.01301533115875024,0.687590658546902,0.47278091372096237,0.5495130701001096,4.465507630085629,4.043001158596395,-2.7482483115911,0.07158789466562798,0.09639231567464412,0.3497252262838044,-1.3039036602625917,-0.03773079556444208,0.009385449648303823,0.05866152011020204,1.3331318647010661,0.00024522163580782333,0.2431120420791542,0.059103465003896447,-0.12660574312877282,9.755659807802466,1.6322833128033873,-1.7271782506704412,0.01984500059770396,0.026764357274472267,0.11051743059178305,-0.4054347635985003,-0.013348413352157333,3.7936785376464625e-05,0.013415943922314932,0.4007027245197776,-0.001944064727467922,0.16773171670766981,0.028133928789702004,-0.055775213603622864,8.611073707491897,1.1994231250401075,-1.3042676912338769,0.00688162013070078,0.009276602875421052,0.07481525701182272,-0.2877792670578486,-0.004684506520657408,-2.7116091324363872e-05,0.004592096354763643,0.27371897000530304,0.0004868488751275658,0.18098767059896018,0.03275653690883771,-0.0201702035221328,11.040210198215139,1.2257074087359836,-1.2640178647602538,0.008576797822046539,0.0115786693375453,0.07595669862668288,-0.259153979312322,-0.005668173648512544,4.913704444729727e-05,0.005910495689032757,0.2597831698851295,0.006787465875069035,0.10006992911256918,0.01001399071259462,0.17460326657624964,6.234680982410138,0.820245,-0.595119,0.014258185535368374,0.019233,0.051889880548208006,-0.177139,-0.002048,0.007629,0.017185,0.184111,0.009599254618487535,0.1054961632666305,0.011129440463979559,0.16767121217994244,5.063553896080581,0.6951692905787349,-0.5291731188690844,0.018541168439417475,0.025064202698195353,0.05734912402303956,-0.18515330774098582,-0.002056990414139109,0.010709403949400335,0.023007212284056243,0.20403677353721555,-0.0005115907171309499,0.09432151058051408,0.00889654735819003,0.039593576875669376,9.844175380823183,0.8385171409291645,-0.8408567219886687,0.007280586843319487,0.009820695403121214,0.04298838854390091,-0.15654952742965328,-0.004982599144096307,-4.455008296115959e-05,0.0048380962590249075,0.1521811900142459,0.01357613876257543,0.137500570368995,0.018906406851798944,0.12773899962114144,4.637706055829385,0.7927343330851088,-0.6536305368497881,0.02539741947501208,0.0343038196226682,0.07657296013415131,-0.24277123279329565,-0.001972272361925995,0.01536742757676865,0.03233154726074221,0.2668849915250724,0.00010347097829047192,0.057867441031321465,0.0033486407315134674,0.35983226582015454,9.239455522469873,0.44924663013508936,-0.403603149346153,0.006408898846410565,0.008630126282781059,0.027085640443428673,-0.09545994095574378,-0.004310672906891226,3.294326129477473e-05,0.004319453375889833,0.0926026167796542,-0.0007233013620049632,0.11132821915674238,0.01239397238061166,0.09761268421095227,8.594854453939407,0.7706595228876869,-0.9490081315749422,0.00788151548284632,0.010641819238095235,0.05110176783736303,-0.1925834723788617,-0.005419091362780103,-5.2322535796328e-05,0.005222727875315132,0.18341168042310096,0.0006648229339250533,0.07345461616837702,0.005395580636443595,0.2359080310989384,10.503135051005513,0.6680040924520539,-0.5916287728435324,0.00659448531889698,0.008894122176626289,0.03313804829686791,-0.11676376826738671,-0.004377329139153813,6.864157698834202e-05,0.004516793037472476,0.1228318194275214,0.00020697812690753713,0.6729859839995647,0.45291013465986235,-0.0021705833767578214,0.5209113420088163,1.900824,-1.900518,0.6662992282230397,0.8984019999999999,0.520224882437578,-1.26103075,-0.4476615,0.0007260000000000001,0.4507405,1.26102075,0.00031969677200011857,0.9515657019798267,0.9054772851843603,-0.002200901647241302,0.5229724637835886,2.669439815078482,-2.6773331673607483,0.9471948024503892,1.277635442628347,0.7350076880198553,-1.7863543376026918,-0.6380868164400298,0.0006253709215695629,0.639548626188317,1.7783369911197158,-9.977393179212186e-06,0.017250043475900773,0.0002975639999204669,-0.3828799228130169,9.401858969781527,0.08688291702224094,-0.41060437360857643,0.017823043978780616,0.02403526306563068,0.013613822026026528,-0.026596824809206866,-0.012148036507569612,6.37089746836697e-05,0.011887226558061067,0.02627309856816141,0.0005300150836677891,1.3446325340304472,1.808036651573142,-0.002279298153418977,0.5324001392464286,3.7273219564290274,-3.7458170415008554,1.3105199335704933,1.7669763067996995,1.0370755461258965,-2.5116872204479574,-0.8821378673469181,-0.0014916394300767133,0.8848384394527814,2.5158643895111332,1.758564259748126e-05,0.05234912019992664,0.0027404303857063673,0.018965609527312192,0.13824832704855616,0.3081168084344314,-0.14453092581333898,0.04574296301928379,0.061773823227368185,0.03954846488281837,-0.09762116204046146,-0.030750014059411163,0.00041518445682823743,0.031023809167957023,0.09885011980666371,-1.4989364196929716e-05,0.0071123260079933815,5.0585181243979065e-05,-3.2532739021277695,124.67086340354606,0.062109163719139715,-0.2721930720078326,0.0070807259279170535,0.00954004358621451,0.00557573607581629,-0.01089186017047446,-0.0047493895755180045,-1.4324786132295295e-06,0.004790654010696506,0.010831695875901796,-2.0487196432943888e-05,0.023335572639625136,0.0005445489504192212,-0.10460022565827592,0.9497486796136432,0.07481939059506547,-0.27084157851231405,0.02360921285562202,0.03183284435439251,0.018599840822023046,-0.04014132944187489,-0.015556417321089302,0.0004382703783079667,0.016276427033303204,0.04074599674796115
-5.986673448626654,8.307859190903942,69.02052433588709,0.9824311005513915,0.13663478798962636,15.5,-22.4,6.3751895395740865,6.699999999999999,9.475788402848424,-16.49,-10.7,-9.7,-4.0,10.3,-8.42038322348597,11.79475458913871,139.11623581800868,1.0021576191231778,0.1483098661933755,21.839327272694526,-32.415616302424695,8.954583999060286,9.43719779383883,13.425831944490373,-23.246112000655067,-15.11681592822092,-13.886089955893752,-5.67961813438209,14.456686479343903,-0.035040488967396116,0.6411687904138363,0.41109741780074194,-5.204453840243722,86.22599029367146,5.513815383471341,-8.559165663297945,0.2756194015331818,0.37101034257982807,0.2835424932094268,-0.5651312083162185,-0.19151419050419421,-0.005062502907360017,0.17949615207563385,0.5055084344064291,-11.780619300587224,16.80972605596776,282.56689007668143,1.0160206263368818,0.15197192859381614,30.656097107468778,-44.58013791340641,12.489472187434549,13.45910857441255,19.03282307330036,-31.592952407706044,-21.281836572003858,-19.697145066690187,-7.822727997591309,20.822243736855462,0.10515105152634371,1.2150218678365938,1.4762781393211253,7.138042792648865,64.53849666582317,13.227134429852546,-3.070173443710989,0.2588659442226656,0.34449270941669496,0.3888441234830293,-0.491858325176622,-0.18490936560376114,-0.025434089403795435,0.15958334381293382,0.5236990035910828,-0.049254411296565805,0.515857222922519,0.26610867444133346,-2.736179594391407,21.419977291841303,2.658113212033776,-3.8533780054196822,0.2484802219459717,0.33114285970499413,0.2762599435077385,-0.462662261429831,-0.18566464399233468,-0.016205471928022373,0.14547821571265945,0.47856716378277664,0.02618962473326967,0.7384061501841586,0.5452436426297901,3.4382766009080865,45.207669106783044,7.076526741440819,-4.886944605216348,0.27421174363260575,0.38336048815096446,0.334348904394,-0.5165873904844216,-0.19747976858725236,-0.015583170389052728,0.1858807195637121,0.5712667944150744,-149.83804679552392,12.753359402234814,162.64817604257112,-0.4047055517146981,-0.3504897878487534,-110.1,-184.5,14.974282406906571,20.049999999999983,149.83804679552392,-173.48,-158.64999999999998,-148.9,-138.6,-133.3,-211.8138403279003,17.352658636710043,301.11476176218764,-0.23746017410764975,-0.7312916106888223,-158.05952896964,-250.60784233966112,22.058039347151418,31.115523594720372,211.8138403279003,-241.27353854347942,-227.02889863050802,-210.17415782255387,-195.91337503578765,-189.1053999718841,-0.0008257870236761134,4.823489137358478,23.26604745821523,0.08539351636190833,1.7709565503590659,19.718997226210323,-16.219673702116385,3.3563969968233076,4.54692452187228,3.4315619710928105,-8.77595649144811,-2.234902002389764,-0.11213829395593145,2.3120225194825164,8.660917694070836,-299.3022337449424,24.09414641925966,580.5278916727231,-0.23854367379253322,-0.8149594622424239,-224.75586435107013,-349.39151483066837,32.030014566237575,45.28851742283712,299.3022337449424,-339.8168924283316,-321.815240508368,-297.03037634969024,-276.5267230855309,-268.20340167609635,-0.43346229712263146,4.304719368561201,18.53060884206594,0.20524804020289625,0.28467295267130277,13.425948047650943,-14.317185010878058,4.310978318160035,5.829867721559148,3.45267682746996,-6.84059815726234,-3.2606233961312743,-0.9623368166590307,2.5692443254278734,6.446072113558862,-0.000547049627810204,3.2620436151457533,10.640928547113175,-0.42627661128263533,1.4162528382725181,9.103463915291176,-12.565849515486898,2.5827822727662664,3.553058426188278,2.415550567253809,-5.346668811479904,-1.719247927759,0.1772885345727654,1.833810498429278,5.527310033827913,0.3908356402981217,5.925202879848682,35.10802916736712,-0.15608655416860842,1.867107799305999,17.67042898345849,-22.957877524711755,4.048026295156857,5.347930898977262,4.207620402440781,-9.346999926973638,-2.37784776905014,0.3563671889290908,2.970083129927122,11.42605128929447,-0.946795523906409,5.936946357409951,35.24733205076328,-0.44483414332896654,-0.782967624586941,10.1,-16.3,6.523449761424648,9.55,4.837945066124108,-11.58,-5.75,0.3,3.8,7.2,-1.364626512976403,8.177009260690824,66.86348044942349,-0.3343336462850317,-1.084013444899459,12.839578821390173,-18.058689045237582,9.438456539873489,14.569140270524766,6.766843386575074,-14.946686198712923,-9.143597440568069,0.28965402265700435,5.425542829956697,9.882929441674019,-0.05301849065444608,1.8549209592773441,3.4407317651663822,0.30803933599580846,2.4000221516927844,8.551853389689974,-6.771557260018363,1.2003513274502198,1.6070264414251034,1.2885294603140607,-3.3113890609372056,-0.8572286392194656,-0.044678298664216284,0.749797802205638,3.0733148165320485,-2.001738555608535,11.360721865463036,129.06600130440992,-0.3058941377889118,-1.1911504165131022,17.117460878485655,-23.698317862730928,14.460500996305619,19.949462280601157,9.506478795261918,-20.292238209812158,-12.668256695831957,0.49650462477455237,7.2812055847692,13.040517500115989,-0.06852671171853285,2.015279999385206,4.061353475922037,0.40205296463109425,1.6705900874566098,8.193773805217202,-6.375741536650805,1.681074921247713,2.2609594267894733,1.5128447947693167,-2.8499034593397825,-1.301167087077458,-0.13669386827871222,0.9597923397120153,3.4899324272245744,-0.07450483071900488,1.271726792403072,1.6172890345158062,-0.06424885855704426,0.8381674413690359,3.644331198948813,-3.9418173937480643,0.9706753858033672,1.3140947105791718,0.9499307193621173,-2.215148413697154,-0.7213219341743168,-0.09483923217198244,0.5927727764048549,2.2035641730533504,0.046190819615379325,2.273279254521852,5.167798569039427,-0.015437918698063234,1.7454899223113092,7.165579692930847,-8.339355603528803,1.515824881746064,2.021455349584293,1.5990551793926078,-3.3828915553330496,-1.0309814443174308,0.0043740801880090795,0.9904739052668623,4.226293898181112,-0.4245167853509664,4.472581684348189,20.00398692316688,-0.16870624121572164,-1.5541821069866324,7.0,-7.2,5.485628208470727,9.0,4.082909460834181,-6.8,-5.4,0.6,3.6,5.4899999999999975,-0.6101082535755755,6.344253193042081,40.24954857742464,-0.1561556924436505,-1.55756628656638,9.8768114460248,-10.190728124859888,7.822418959478827,12.74665449780457,5.796934074210082,-9.553298788706854,-7.6427513645039955,0.8954289732764397,5.103903133300575,7.7638798750567135,-0.009811871542706805,0.169604617884538,0.028765726407760147,-16.590459035569733,331.88045746874013,0.511321438574588,-3.4307346948095687,0.058870774417331156,0.08026704585611466,0.05681039080222599,-0.10007942415278302,-0.04182064194300392,-0.0021373238997038913,0.038446403913110744,0.09519705551932144,-0.889797458896803,9.023803999114056,81.42903861442683,-0.13932979058139694,-1.5561646600157857,13.88592119291594,-14.387595590272442,10.915825336064513,18.094313048754717,8.242884841690005,-13.529727320660113,-10.87369149837547,1.3699403142273792,7.2206215503792475,11.279036174782881,0.031299644431816535,0.3568994787563878,0.1273772379365813,13.128078105339391,194.96375356848026,5.356984980023945,-1.0765103473447777,0.06356381032238127,0.08511480924207437,0.08724317251405105,-0.120087403269822,-0.03058900567764114,0.011834745922481404,0.054525803564433234,0.15037667536001376,-0.01359624829317049,0.13965067200465245,0.01950231019135102,-8.057720413894923,80.09872954873043,0.21975922586247776,-1.5345674107834852,0.04920253132694391,0.06680645967075559,0.05701217849495582,-0.1175561711793217,-0.038324020823999286,-0.003552137931134531,0.028482438846756303,0.10202214711249447,0.015275491073366591,0.19245726306705163,0.03703979810726032,12.608133481266991,183.116193158781,2.8440883892591025,-0.40983938620657595,0.06538498551569788,0.0875514634423559,0.0630284330232058,-0.10564051491980836,-0.03922338417676364,0.004667982559114277,0.04832807926559225,0.10701227409773478,0.2533062054933876,2.865728094663801,8.212397512545419,-2.1270815182110177,3.743482367476342,3.5,-11.8,0.889561331103361,1.3,2.125737538148525,-7.0,0.5,1.3,1.8,2.4,0.3661439311591664,2.9571279438941365,8.744605676559564,-1.2868697320908284,0.6052743838564592,4.008065509530918,-8.74708624555983,1.2819211548250595,3.765123485529445,2.548184240118781,-6.001595337829475,-1.374042579385887,1.7015198065024946,2.391080906143558,3.1615054156142786,0.052794883057736657,2.7516481608651855,7.571567601192758,0.3731962431182568,3.302183981492342,10.291575629584313,-9.524017510984107,0.49480246105024367,0.6625792737093085,1.4990458134425086,-5.220314863308477,-0.31997996391164896,0.007247659062948844,0.3425993097976595,5.8410629875241025,0.5397124232307333,3.8558980792082314,14.867949997241727,-1.0961842240658015,-0.08616887601696233,5.328422502433373,-10.124219872981582,1.4914445021200964,5.881063223171564,3.4758701930330678,-7.712316502602753,-2.6844494224386013,2.524144227417001,3.1966138007329623,4.243342210567047,0.053504562787742405,1.5537907783498415,2.414265782885006,0.8846509946072583,3.8477807960585544,7.430897147466147,-4.261881189895673,0.7907731468845258,1.0926057213785076,0.9757482060332452,-2.625903912543696,-0.5800598427709207,-0.015612237605646298,0.5125458786075869,3.089256874385124,0.07390379356364858,1.6707181833561453,2.791299248196858,-0.3610050003479278,7.270820926178487,7.4323699724658425,-9.085603619330193,0.20704880397203582,0.27652187123845995,0.8464919619495246,-2.511927760406115,-0.11238431330375562,0.039661165106017596,0.1641375579347043,3.069950128203161,-0.01644791729257348,3.484326409247311,12.14053052617826,-0.35506147974710517,2.971094057570637,11.340811604671497,-12.613280336815064,0.5749710326892158,0.7867574666537798,1.939961006489489,-6.69021621807331,-0.4017970934054198,0.0016258797208653798,0.38496037324836,6.1318586821233785,3.245473041709054,2.9605815454946525,8.765043087523505,-1.5363957351598105,1.6298368274956054,6.3,-7.2,1.1860817748044825,3.4000000000000004,4.018006103763987,-3.9,1.8,4.6,5.2,5.8,4.599129323196654,4.154900734354525,17.263200112339774,-1.501510201987258,1.5366566689498198,9.787944265551017,-11.034875192243316,1.6245225715689162,4.842874513313306,5.666641422094545,-5.317519951299878,2.499557166079149,6.543679704014247,7.342431679392455,8.270283743616718,-0.017044270608215135,0.4400793786728003,0.19366985953303795,0.0717435125542916,103.40375215284236,5.854764574964915,-4.149853557238828,0.08836212733689569,0.12148727514789878,0.1332577619200747,-0.25639305860846234,-0.06368539483610922,0.0025369768150055316,0.057801880311789566,0.22302339186566358,6.529971131203336,5.785665053113337,33.47392010681695,-1.528175572760827,1.6928280541401675,13.867216253984097,-14.477780849925844,2.3402672162951865,6.641560566822743,7.960437993531419,-6.791132954370783,3.666773851297285,9.170591459100795,10.308334418120028,11.58529965323053,0.10175162431007409,0.8714317024132379,0.759393211970834,5.324412595266133,37.53186471969496,6.725142751443398,-3.3828014346602178,0.19432517428807358,0.2560150010745236,0.307562396536401,-0.38744315912076904,-0.09793557654911736,0.02044065627859426,0.15807942452540621,0.5023061886960193,-0.02345566791116408,0.32723063798532287,0.10707989043628142,-1.1676860198365675,25.756428502521025,2.461614734175387,-1.807278313348501,0.08439181254340954,0.11104841002460479,0.13114730760205073,-0.22704996414865397,-0.05344066147389896,0.0042875549674948315,0.05760774855070583,0.18661898798848997,0.01958844455823994,0.5239539586665685,0.27452775080236813,-1.3474334222360862,60.637911239270515,3.406078302120989,-5.377561640101866,0.11431396920569137,0.15564438377381795,0.16940478387739238,-0.2794786696159907,-0.07283073938604376,0.0014248117547829443,0.0828136443877742,0.25663245722100747,0.00014317185965538793,0.19223223790468202,0.03695323328984226,-0.04551124899914578,4.6533759203419685,1.022889,-1.149969,0.026433314953736374,0.035599000000000006,0.09867198410856175,-0.36154225,-0.016857,0.000675,0.018742,0.3630555,0.00020277686876194633,0.24952440807310633,0.0622624302242341,0.09468533050965344,3.6850932461054757,1.106423194614777,-1.1736165801352607,0.03620859346258252,0.04886579437717774,0.13132709596564543,-0.5001615664909189,-0.023423511927320687,0.0006743983745663044,0.025442282449857054,0.47793078665658967,-3.013615797645231e-05,0.10787700042728665,0.011637447221188804,0.047096419695989024,8.424190250164866,0.7597852966479169,-0.7604478191508934,0.007536040706700468,0.010159429683679888,0.04921865641184109,-0.18030537411630487,-0.0050750530126913275,2.769950354762537e-05,0.00508437667098856,0.1792003565625483,0.00028773207153043963,0.3447521069517209,0.11885401524765084,0.16924425690208902,3.4540599060309907,1.496936491410023,-1.4586137577717715,0.05045946688605559,0.06817726785946379,0.1826592349172886,-0.6910739285480685,-0.03359026884168437,0.00011362041726596482,0.03458699901777942,0.6659054997907865,0.0001639253345565538,0.07515716619537859,0.005648599630519758,0.19912136379248274,8.430719039676646,0.576960630842471,-0.5341418080034137,0.00641259124299877,0.00863781746352145,0.03496122485002848,-0.1270696932370751,-0.004361660436249628,1.0661845180740199e-05,0.004276157027271821,0.12595132196662392,-4.252192716423105e-05,0.07246358910849499,0.0052509717464847925,0.1093136223506135,10.076707395616578,0.6248871881945572,-0.563568152056908,0.007462589457116446,0.010071340611382491,0.03382259090674938,-0.11971739882379671,-0.00507157159795863,-5.4314442214861784e-05,0.00499976901342386,0.11976393820526876,0.0017978565123052512,0.13422580296167205,0.018016566180705608,0.22378038800938613,7.266330529813747,0.8435176642430999,-0.7932142039782726,0.00758936578251434,0.010243736776732102,0.061548500149362445,-0.2238588206625718,-0.005126370638506444,-2.107593423774322e-05,0.005117366138225658,0.23534053799546814,0.005761919441716513,0.3984560412342579,0.1587672167960766,0.2824338976340103,4.530469763229113,2.259566,-1.903514,0.038752256787299426,0.052334,0.20115696190816298,-0.741582,-0.021998,0.003898,0.030336,0.773923,0.008150649532041462,0.5355499491947092,0.28681374808245563,0.31266231130405264,4.046025677258625,2.878854613013944,-2.2456766995351254,0.054107549716544676,0.07299335617691785,0.274668967325924,-1.0320771340825226,-0.030663777741753037,0.0055595947208613265,0.04232957843516482,1.0555231627671673,0.00012963893564578942,0.17519307895348293,0.030692614913201306,-0.19841140951344782,12.748209090030835,1.4053702674914046,-1.6450340338448748,0.00827616785163971,0.011154923578590105,0.07583703447531595,-0.2634250344673347,-0.005552382899741207,-1.4008195243842177e-05,0.005602540678848899,0.26161062258059736,0.011532495712407284,0.7215081977355778,0.5205740793996417,0.19221389386806637,3.3960172813691196,3.500360643834781,-2.5653719458851127,0.07382734401382977,0.09961503805488259,0.37604756100698805,-1.462727132614688,-0.04053104321723881,0.008883705292096308,0.059083994837643775,1.428402841449799,-0.0007424270335790073,0.23011211300524922,0.052951584551740594,0.009550638708647875,7.508523550439582,1.5052674941778033,-1.383180157824449,0.020778611941511926,0.028003080795445612,0.10688837317331575,-0.38872865887831753,-0.013954838384194,-8.082055519747784e-06,0.014048242411251613,0.37459382011413556,0.00018314280496855987,0.17652078106377675,0.0311595861473658,-0.06224495706497307,8.246795276342032,1.311450736039667,-1.2147286461777098,0.0071882491138783935,0.009710570547818877,0.07972463491054134,-0.29280325627815024,-0.0048037275166008635,1.3301017084381517e-05,0.0049068430312180136,0.29259529563237296,0.0008556610432968112,0.1738216555671077,0.030213967944090227,-0.06720799683795789,13.112974226866914,1.5031149112522175,-1.5329754610190889,0.008971648358211329,0.012084903308346946,0.07365867350945136,-0.2548531387669445,-0.005948119902135186,3.692849611055515e-05,0.006136783406211759,0.2564232907716545,0.005247839731571586,0.10802253640784493,0.011668868371984182,0.1624911434216255,6.338376665595259,0.706421,-0.680155,0.013988351931600352,0.018869999999999998,0.0546908658304318,-0.183973,-0.003983,0.005452,0.014887,0.199534,0.007422643399958872,0.12063281908878656,0.014552277041307909,0.24900753424554015,6.111578698275263,0.7278953176144713,-0.6841449851989881,0.01817734271762423,0.02453658282386135,0.062021208455642636,-0.20579427137122108,-0.00450493203625279,0.007611582244586494,0.020031650787608556,0.22278219664275084,-0.0002311790876429773,0.09371948754997611,0.008783342346630127,-0.1144534617722251,7.281279657578647,0.6496355271632006,-0.6352852001344711,0.007646944014601444,0.010313566703163666,0.04437888101018969,-0.16025160601767743,-0.005215475168889588,-3.158411243503692e-05,0.005098091534274078,0.15879308975398432,0.010500058295870614,0.16108468532573764,0.02594827584649191,0.3071344592769415,5.997467672414132,0.9853034365121732,-0.8351535467713153,0.02494266447246451,0.033628756285510396,0.08382192344305057,-0.2776185935788841,-0.0057604503966509155,0.01092231143006455,0.027868305888859482,0.29705382809110004,-0.00017068933915365077,0.05613478903292483,0.0031511145397709775,0.15221141774036373,8.635907922975349,0.4667307794834989,-0.32535326252078367,0.006645226200252803,0.008963310201205634,0.02650932970557308,-0.08810651094945661,-0.004556668521357456,-9.079368696798069e-05,0.004406641679848177,0.08832541112554505,-0.0003268507073917943,0.11010212285217562,0.012122477456555572,-0.10030245281288318,6.175859813522608,0.6253966968690904,-0.732265458915528,0.008281225778635229,0.011134254985798083,0.05289141810140286,-0.19875619414295442,-0.005729733452617248,-9.592911349524738e-05,0.005404521533180835,0.19757185778932196,-0.0010730910105127632,0.07375584596328072,0.0054399248137591925,-0.16840458018445734,8.812223035847293,0.5679652968333807,-0.4900929794041052,0.006650348863199905,0.008964372174077896,0.033830819474734014,-0.12204616848924743,-0.004537738855540252,-4.125708708168142e-05,0.004426633318537644,0.11823172201034184,0.0001539797934708218,0.7944189641770276,0.6311014906441015,-0.0013335283864605138,1.1417685065385799,2.417517,-2.414922,0.67754921385706,0.91384925,0.5851793363092581,-1.5262415,-0.455974,9.35e-05,0.45787524999999996,1.52374275,0.00023922361479845403,1.1233385177267237,1.2618894254084725,-0.0013719939067743032,1.1446674483015213,3.4108347212332935,-3.405792448089275,0.9580155130517508,1.2931077578941608,0.8269674916423762,-2.159474153401205,-0.6454966478917308,0.00026575205928891336,0.6476111100024301,2.1502297057646027,2.214018806910651e-06,0.015313644120314126,0.0002345076962436314,0.5166782159030116,13.6869686972668,0.36122144737306433,-0.17721668535973897,0.014425624340677883,0.0193786953038154,0.01204232040960262,-0.02311858646011287,-0.00949324681245221,-0.00025081114398306753,0.009885448491363191,0.023194105512642484,0.000399487820381148,1.5876843286296656,2.5207415273762317,-0.001393986072036678,1.1558448818656926,4.771848129147581,-4.80423847812625,1.332155108808354,1.7951639203586067,1.1670652983898844,-3.049954912368616,-0.8952669562570179,0.000610884035545059,0.8998969641015889,3.03013908466674,-4.1931133034201e-05,0.0521847856934643,0.0027232518578727957,-0.025254434897451623,0.3112521816206808,0.1710309044862564,-0.3797256129041587,0.037522694567459346,0.050681545921833854,0.03894848399635133,-0.09597916154898822,-0.02504914569782562,-0.0006505790575405167,0.02563240022400824,0.0971001952444069,2.7013342016801956e-06,0.0065113006631585665,4.239703632604919e-05,3.1024128215624134,142.39488980660857,0.2445965558431292,-0.12461399667385138,0.005453523219678043,0.007357740793852529,0.00465881193345423,-0.01000346510081817,-0.003756171722397084,3.401634205657839e-05,0.0036015690714554446,0.009812102369447195,1.1451873633554652e-05,0.020655393872224096,0.0004266452960167127,-0.008519651577668838,1.9749775406607064,0.20552447803921864,-0.2427245501652775,0.019898992813473907,0.026859212466268084,0.016351282193553324,-0.034732084156202124,-0.013447347930302252,1.2749996192633778e-05,0.013411864535965832,0.03469173736992309
-6.341056910569106,8.416601945787527,70.83918831383437,0.8025957593763434,0.1268531725253781,15.4,-24.7,7.116490648826891,6.6000000000000005,9.659349593495936,-17.8,-10.9,-9.8,-4.3,9.8,-8.91321565785178,11.954208950880066,142.90311164130108,0.8233175170904775,0.13255793315072806,21.715192650203594,-34.48120511839185,10.145436473881283,9.329492780463342,13.683469197216409,-25.033158826754963,-15.357833665107616,-13.90171778870458,-6.028340884644274,13.814530923821279,-0.052978605288018704,0.6131160041905079,0.3759112345945349,-7.949709636487505,92.96661616249533,1.268488982911364,-8.591184845397173,0.25265828255963896,0.33831858873412485,0.27148744546082587,-0.5105194222266844,-0.19163034087740638,0.006068742514008574,0.14668824785671847,0.4595794393901025,-12.471983617402724,17.03642970912391,290.2399372339198,0.8422683318587164,0.1502777813128695,30.493538811020166,-49.2889131670514,14.485744510841133,13.13335933564337,19.392375244046338,-34.536678592655065,-21.64490674753003,-19.698679201798175,-8.51154741188666,19.769505913154582,0.14328537011951448,1.1873454721667187,1.409789270274808,7.3552919374156565,64.88431905665404,12.86310548627192,-2.4727890146025766,0.3104676206834746,0.3993666168734352,0.39009958624131597,-0.5090035800391394,-0.1625174837692258,0.019918075169062854,0.2368491331042094,0.5368605749806707,-0.07263244467511476,0.4917946948801852,0.24186202191229442,-3.5416284721292692,19.635085951513062,1.0437828308214545,-3.6623938099918427,0.24480385555727194,0.3414810767600822,0.2760728163049073,-0.5940767287921309,-0.1906487252289808,-0.0016567335165743535,0.15083235153110142,0.4646234363155557,0.09891529932816885,0.7003851178753432,0.49053931334125833,6.072909575277167,50.65746267486064,7.175165173342666,-1.2694119350624256,0.2531453223780054,0.34914583060145327,0.3075507423109741,-0.4604085761789072,-0.1376440167230515,0.014316152364521734,0.21150181387840178,0.5961799961777101,-149.92357723577234,12.263406178783415,150.39113110582323,-0.34915003255929555,-0.4736124689399084,-110.4,-180.5,13.936460853952667,19.525000000000006,149.92357723577234,-172.27,-158.925,-148.6,-139.4,-133.715,-211.97369651190797,16.67652396983674,278.10645171653937,-0.20363093920425096,-0.7293166183280766,-158.20427802386843,-249.27935615066093,20.49339063858417,29.43861188209624,211.97369651190797,-240.18095228462613,-226.32943165809584,-210.2345981535341,-196.8908197759996,-189.7712286667056,0.036070184516988214,4.628644542854144,21.424350304093448,-0.28490805438371425,1.8864228551984787,15.641692075127214,-19.752018834090386,3.0180200148779233,4.080430918307212,3.2478309487425623,-8.322514351463242,-1.952704894997697,-0.07963039788217507,2.127726023309515,8.479673125185204,-299.60836677194237,22.984473460115247,528.2860202387421,-0.19490462705127218,-0.761880121107469,-224.6338699070864,-344.24900639812205,29.93823607313719,42.433432602629864,299.60836677194237,-338.33904700901405,-320.420114087568,-296.82007853685604,-277.9866814849381,-268.9978809278406,-0.3802634904383194,4.760026918831087,22.65785626799657,0.022323559191886784,0.39064525024906027,13.455103204398213,-15.40269190797899,4.443030380450014,5.90876321931365,3.7164839412523762,-8.271600708904614,-3.336789904472935,-0.298396556292154,2.571973314840715,7.6345193148524535,0.047370532612861234,2.742689562567755,7.522346036618104,-0.3236685190928525,1.994254778178476,8.632157580310164,-11.728585160292452,2.0409007493447833,2.8374119753604763,1.9843605747743076,-4.687450830693321,-1.1999370053749316,-0.05866813555542058,1.6374749699855446,4.469206802525505,-0.6100271025602502,5.8623973004055685,34.367702107802494,0.6174445180136426,1.921018862484556,21.07907846878491,-16.38098572720731,3.709990929729258,5.36128179822546,4.1589459408758325,-10.81473964370318,-3.6457705650170524,-0.5940098455006749,1.7155112332084073,9.472370746346874,-0.7029471544715448,5.597985396664803,31.33744050127239,-0.4078677536067265,-0.8422684795115738,9.0,-14.9,6.523449761424649,9.2,4.616361788617886,-10.7,-5.2,0.4,4.0,6.9,-1.0239328743679732,7.758437922923482,60.19335900385723,-0.32896664856281216,-1.0498153262307492,11.35727888893347,-18.211220844130185,9.338803565529746,13.841576443533942,6.4936343790867515,-14.055661994520294,-8.057404779161677,0.705770378290003,5.7841716643722645,9.84961364366702,0.11268054055041182,1.5565014441896727,2.422696745764537,0.321721160425449,1.794533473505573,6.567791303454466,-4.525366634965622,1.2299737954441459,1.656135752465321,1.1323579902928258,-2.5327006816020763,-0.7348729523312502,0.06058521794677196,0.9212628001340708,2.7045247749603654,-1.5283737879867794,10.76199405692717,115.82051608133573,-0.26591094840943,-1.1945453731516447,14.515979040219593,-23.256893037542415,13.719495975892054,21.19331648619015,9.079112997015303,-18.436745579798718,-12.81202391810714,0.7466540273735086,8.38129256808301,13.13523254744599,0.018640572998303965,2.0590250745041114,4.239584257436661,0.2562186417097486,1.8197257820233048,7.344198537610256,-7.280853154372246,1.6483500439190621,2.2731204287244062,1.5008306759179297,-3.1189281817079215,-1.134006486977511,-0.07398516733810412,1.1391139417468952,3.4512831837575875,0.15730794444353946,1.0919309244890545,1.1923131438555212,0.3534032141883508,0.47190278282978504,4.345951594909994,-2.602686603573253,0.9941892560035261,1.3711396332268335,0.8442571498188013,-1.5717875258697944,-0.5337656530638162,0.07048954024901927,0.8373739801630173,2.049958698462108,0.12951238606076634,1.8897297629333771,3.571078576916238,-0.2642957406308152,1.4547446408287108,5.073241965472585,-6.591255905753603,1.3728747088134676,1.7633785822833312,1.3448965959258572,-3.0711358466502894,-0.7671822984359411,0.04868794706608555,0.9961962838473901,3.3677018211352134,-0.301829268292683,4.411286419321433,19.45944787328971,-0.2267413951300383,-1.5373700350304462,7.0,-7.0,4.966717431993767,8.825,4.023577235772358,-6.7,-5.225,1.15,3.6,5.4,-0.4300629945147498,6.25697202864726,39.149698967274205,-0.2157874779031683,-1.540441099148584,9.885389656934127,-9.91003506085519,7.262455357462726,12.476736854228925,5.710203643969988,-9.488845618321838,-7.41526994834164,1.4540952711520962,5.0614669058872845,7.669182170757733,-0.011126937638831696,0.1704933016877171,0.029067965920378917,-17.275660708222098,350.04947575526455,0.3945417531392361,-3.496422243298542,0.05860794294575059,0.0795006811182665,0.055348714485412204,-0.10041344368201997,-0.04225045125159183,-0.0032223100529361615,0.03725022986667466,0.0945519567673437,-0.640509141942048,8.90573766808543,79.31216341275572,-0.19762474283232312,-1.5406352257532132,13.881512535689119,-13.975272436280662,10.322749475694701,17.772204490667406,8.122688562073886,-13.336194916307438,-10.61770448711129,1.963779826644656,7.154500003556116,11.008056965660206,0.023285761431692812,0.3529653181240857,0.12458451579843702,13.39133875691522,199.84346072194438,5.323044944583157,-1.029066484597463,0.06805837561181893,0.09118794406820337,0.08768120964948924,-0.12426666337133141,-0.04297272748600123,0.0016812948261981653,0.04821521658220214,0.13414443118130936,-0.014740819881016791,0.14118710020808242,0.019933797265167107,-8.071259450127288,79.40312946208526,0.2932755799734848,-1.4773446941106783,0.06154777554258485,0.08289295017853192,0.05881419212891405,-0.09957566507001898,-0.046767372682813335,-0.00484195271634146,0.03612557749571858,0.08748265613712425,0.010970910302405771,0.19348816006488126,0.03743766808529311,12.72422499292899,185.36046230034628,2.8636597037104448,-0.36297133766567174,0.05731865424571775,0.07949886476845247,0.0631868469652947,-0.10746887231545874,-0.04029257275735974,0.0026285716026235436,0.03920629201109273,0.10936003429726038,0.3270325203252033,2.6288504348286015,6.910854608698527,-2.042615203661949,3.455641456106065,3.9,-10.3,0.9636914420286411,1.3,2.0115853658536587,-6.4,0.5,1.25,1.8,2.4,0.4684819928587721,2.8119754409602074,7.907205880563351,-1.454056297797364,1.368200792792738,4.263852705205195,-10.202286662267213,1.313808952501983,3.1732258243537137,2.393316333369809,-5.905651248715796,-0.8783920295362463,1.634513061500727,2.2948337948174675,3.0875636741117587,0.06173597358723483,2.4156185948077966,5.8352131955811934,0.28000131501800435,3.7393289135107812,9.058485115179534,-9.293763541283106,0.45760036957729683,0.6120371320278569,1.3205442249395163,-4.005199940470041,-0.318418011324208,-0.017885728502326087,0.29361912070364893,4.672048642338446,0.6838279476041649,3.4748460276644026,12.074554915975078,-1.035849708954738,-0.085932395114241,5.423156064451647,-9.883609975231067,1.470339355861653,5.228923650478465,3.219051335105629,-5.796781400311382,-2.1813458874193437,2.507067403696226,3.047577763059121,4.098568548021984,0.0888551581644153,1.8852562195074667,3.554191013191585,0.34962148935396264,3.066214641730567,6.947736743614671,-6.865309188477702,0.8945157037177554,1.2260755018421858,1.1881368156649206,-2.895045816002079,-0.614150215397518,-0.027470604963742318,0.6119252864446678,3.908766443043422,0.08539717264429567,1.0618908610990205,1.1276122008856193,0.4350115286104532,3.470185155414735,4.219534193593411,-3.4765859479456434,0.20361995226345483,0.2719727711460057,0.5869451881590186,-1.7414230886711213,-0.12069459555933293,0.00227578776429899,0.15127817558667275,2.326352782010342,-0.027616861748307985,3.2217486650276554,10.379664460607481,-0.377007187112812,2.4423305570831877,9.256739413821888,-9.930291099356031,0.6773564682337737,0.8995497866914663,1.7861453397022125,-6.931018315340525,-0.4241457266579812,0.011780582650233884,0.47540406003348507,6.107865998462607,3.1500000000000004,3.1280464825107646,9.784674796747966,-1.636435515583054,1.9551535025243227,6.5,-7.7,1.1860817748044825,3.4000000000000004,4.068089430894309,-4.784999999999999,1.8,4.6,5.2,5.7,4.453187031903901,4.391165946492236,19.28233836963305,-1.5863760361713934,1.7647760563123134,10.14966686068437,-10.439440105654585,1.628456673993812,4.851910603288792,5.733234301766675,-6.448142903715307,2.46052220049528,6.526150211518189,7.3124328037840725,8.043893239473235,-0.030781074711738028,0.41596849342266523,0.1730297875203219,-8.851426328228163,89.00218107207807,0.6290203570970959,-4.802758765141712,0.0957342650168424,0.1276122114974776,0.13419289934018003,-0.2310454053507441,-0.057144899758927725,0.003222310058028338,0.07046731173854985,0.228376693173931,6.296044748573761,6.106031521966342,37.283620947246604,-1.6614177472150173,2.1383176496120573,12.359316829290163,-15.711529973689897,2.44008620558107,6.378266731445981,8.034462348686962,-9.07407662185,3.8782248687415546,9.14817889702687,10.256491600187536,11.361853763806234,0.10573114510027003,0.870591382580462,0.7579293554233603,6.15509851291402,42.910149130040836,7.340694614642182,-1.3361790898155474,0.19667906654647843,0.28212242965238304,0.3038097037670571,-0.4471580196813858,-0.10760402102152729,0.0012471301498718779,0.17451840863085577,0.46685682835114795,-0.042655734483360914,0.3268000156283123,0.10679825021466517,-4.428363528082426,20.421028412106427,0.33207609113908904,-2.0008361852148755,0.08267322431968586,0.10977588782410444,0.13004826133371122,-0.19354920440610152,-0.04399820182892267,0.005944058407581285,0.06577768599518177,0.1845530362150805,0.05750169231285136,0.4808754400571573,0.23124118885016473,6.177303988270006,43.157757994308454,3.987044566761916,-0.5815801520457675,0.12757405336936445,0.17793264039910506,0.18271409728857937,-0.2984179937631689,-0.0790164378651527,0.016872155843756186,0.09891620253395236,0.2715524526640387,-0.0002235834392565601,0.17629898863858706,0.031081333394988652,-0.07670075164459969,4.7798266339458575,0.920311,-0.955273,0.02608193822795055,0.035183,0.09032623714092027,-0.333372,-0.017154,0.000497,0.018029,0.33115625,-0.00031375381347448894,0.22654141982910614,0.05132101489818732,0.059834461426452684,3.650573435844911,0.9622325014121144,-1.0392559580228211,0.0357715267675105,0.0482647097987593,0.11921585663749429,-0.46863582547408655,-0.023499826614431958,0.0006730779697883445,0.024764883184327343,0.43270869073227536,-0.00023479326538803548,0.10409819025274487,0.010836433213896667,0.07127475406499027,9.836859008009144,0.8734027644843418,-0.9089935398614564,0.007390795680964052,0.009969525029889379,0.04610161536509455,-0.16884001936284634,-0.0050071089979005935,-2.5019402713637054e-05,0.0049624160319887865,0.1660208411431317,-0.00043680478730858345,0.3121937459831827,0.09746493503101203,0.12007677732643222,3.432484736221874,1.2522970624369765,-1.1599290579352983,0.049804127116723364,0.06728317175363951,0.16497600939879933,-0.6598915549018392,-0.033589297038691734,0.0005738091394090129,0.03369387471494778,0.5985729582689112,-7.864944215003617e-05,0.07183387582140183,0.005160105715524579,0.018860860736670676,9.792443704433914,0.591421169400982,-0.5677524138498662,0.006465603335641719,0.008709612197414385,0.032663367613933736,-0.11737394600532838,-0.004330302515171538,5.820433994660143e-05,0.004379309682242849,0.11165181597997322,-0.000332038552593562,0.07658519395830743,0.0058652919336315695,0.01894048926168283,12.619209596883534,0.6297473897821153,-0.720732955360078,0.007267020588173362,0.009818905299381534,0.03423294496987689,-0.12164539210921255,-0.004941484280032947,-1.501695281700892e-05,0.004877421019348588,0.11874608407216343,-0.0010749459227177433,0.12570899717495812,0.015802751970733626,-0.22485505805747774,8.254770886216624,0.8082459625382714,-0.8949583747375527,0.0074163880777811135,0.00999554357002752,0.05620632247409801,-0.21328322282675422,-0.005023469415823578,4.34376224990837e-05,0.004972074154203943,0.20694247772956548,0.00580045004660622,0.3835208861672903,0.14708827012654363,0.5576863158605538,5.462990933589795,2.666465,-1.913308,0.03759286185242804,0.050712,0.18916365471852667,-0.701415,-0.021818,0.003478,0.028894,0.716091,0.008200047918256254,0.5150686472854157,0.265295711416428,0.5890209283476188,5.189988893089275,3.2583692027208206,-2.2981274667850338,0.05265716826102181,0.07100593538474853,0.25767726217682957,-0.9505943673766066,-0.030462026216875833,0.005070326248797144,0.040543909167872705,0.9688672433264324,0.0004440899117547736,0.16987004155780291,0.028855831018849688,-0.017082802548978957,11.242616313951775,1.5279919152837982,-1.3648632509574716,0.007978500921108947,0.010759793120458383,0.07244101036967651,-0.25602956916039016,-0.005351404148961925,1.5673844180068877e-06,0.005408388971496459,0.2550735072358843,0.011588466652614027,0.6875456041151896,0.47271895773812106,0.39849550840967934,4.147009041211731,3.8924496257410466,-2.6077715260648224,0.07177388609904745,0.09695561259034974,0.34969435883842975,-1.3726175385833075,-0.03995082101350469,0.0077733148578581004,0.05700479157684504,1.3226299620704167,0.0006721429895829162,0.2403800508899425,0.05778256886585135,-0.02490872453777325,10.688173786119604,1.7270788611355226,-1.6009536098049442,0.020292119770360207,0.027378838833483774,0.10803268504371612,-0.3817140477286596,-0.01360816611295306,9.355311318410908e-05,0.013770672720530714,0.392831385496674,0.0006284721497829224,0.17794996846722297,0.03166619127748565,-0.015563515463035232,8.89979794895932,1.227760730062031,-1.4346690798253712,0.006889331022549507,0.009288066954484238,0.07845830997472428,-0.2943517690112921,-0.004637236750569561,4.6752753563686646e-05,0.004650830203914677,0.29571091869052674,-0.0015015339907202582,0.16134883450888957,0.026033446397377032,-0.027945884597241424,11.845355991947873,1.2792825366863594,-1.1823789381512275,0.008837904541984208,0.011916682714277507,0.06764205398134703,-0.23434339474105736,-0.006103270836932811,-0.00018897278854850577,0.005813411877344695,0.22673534027822753,0.005863199742959636,0.10391114248056009,0.01079752553161526,0.20306566325393652,6.941856045305144,0.753656,-0.773114,0.014436097801589045,0.019475000000000003,0.052726724387763754,-0.176398,-0.003318,0.006238,0.016157,0.185321,0.008291891386654976,0.10662511579198637,0.011368915317654502,0.31667176421990134,5.9633637229055925,0.6616815408758141,-0.582139146670485,0.01878835008501834,0.02535013840202823,0.0563529692595967,-0.18409596423711394,-0.0035955042919510304,0.008803603705710997,0.0217546341100772,0.1928603471865594,0.0002364314498478802,0.10111506415978457,0.010224256200037349,-0.015040264985267213,8.262994588692687,0.7449123014754643,-0.8454307709525362,0.007320253908079621,0.00987573065264518,0.046095378537859874,-0.1705740378448226,-0.004909809092271256,1.728165325499048e-05,0.004965921560373925,0.17112375060406199,0.01172676290711829,0.1395308800458991,0.019468866486383088,0.36094753340141783,5.076921884598319,0.7637800631739656,-0.611778999845188,0.025915137613147527,0.03486972503503305,0.07566652538539417,-0.25079218507387535,-0.004673546069330039,0.012223693760103165,0.030196178965703008,0.26091902354425195,0.00022394446029900213,0.05714088111746474,0.003265080294880238,0.13928261446460655,10.345272359171963,0.4249245798292311,-0.4281821814391024,0.00652607202863628,0.008799174198618885,0.026187636043059175,-0.08750342811527669,-0.004412148167419329,-7.415441579321635e-05,0.004387026031199557,0.09094409917960887,0.00033471892714028443,0.12294764593771913,0.015116123641626743,0.05646764775557056,7.409662143126576,0.8213782176689927,-0.7914882263193997,0.007996771207528357,0.01079323104805743,0.05658768822742556,-0.20894077798735838,-0.00542325461633803,-3.301563907296388e-06,0.005369976431719401,0.21741710872998196,0.0003278885675563518,0.07299876554233008,0.005328819770704077,0.32105908053087023,10.6286593199029,0.6011038165228284,-0.46769557216577606,0.006542468073134867,0.008824062013351192,0.03254752215600611,-0.11339714043694599,-0.00446540878240175,-3.103835302572577e-05,0.0043586532309494415,0.11600216486613865,0.00011700848798124467,0.7016184594847892,0.4922684626898088,-0.0015137500295670083,0.6896069946892536,2.057358,-2.047125,0.6615504533171661,0.8926704999999999,0.5355571496907042,-1.34154,-0.4447095,0.0001955,0.447961,1.34407525,0.00012098836493844009,0.9921068489174881,0.9842759996689876,-0.001382895205752232,0.6916890332455665,2.863878029980629,-2.89986808027106,0.9374079168226753,1.2646846154924294,0.7567792351827489,-1.89738114438217,-0.6307882758863987,0.0019807791782950473,0.6338963396060306,1.9002341446383175,5.847443784065206e-06,0.014313248419458994,0.0002048690803171454,0.05191839364399499,0.6827951532962908,0.1546933810832354,-0.10050131474504587,0.014157463700363441,0.019060294438286794,0.011457313328377985,-0.02215626311181614,-0.009422500261159735,-0.00013362820230294892,0.009637794177127061,0.022140734904321384,4.374560987089183e-05,1.4020941756164442,1.9658680772975563,-0.0010844351198631046,0.7000410116280413,4.034618567529819,-4.038153821152081,1.3065341718202061,1.7617107438604025,1.0678612315030676,-2.678042012954675,-0.8780744339883312,-0.001988203014465518,0.8836363098720712,2.679981342706304,2.0952359076214863e-05,0.049610630447401265,0.0024612146533886177,0.010136658836720599,0.02863878676565701,0.1739706785890907,-0.1780916180883762,0.037614850028776854,0.050580461764132334,0.03745522506226807,-0.09110361398429474,-0.024529630659372872,-0.0007507993396128447,0.026050831104759465,0.09264738723334308,9.465869191002273e-06,0.005552978713828815,3.083557259623592e-05,0.742537852033843,15.992711169884238,0.1232022380912212,-0.03680975534063759,0.005058474982811897,0.006808007416521875,0.004250987430368582,-0.009081224469873247,-0.0034554805497175045,3.0452779766278957e-05,0.0033525268668043702,0.009112455037429641,-1.3086580391622822e-06,0.019467195520949384,0.00037897170145087175,0.009155957999966928,-0.11276554044083209,0.08583019965400568,-0.08562257078495027,0.019272343490770102,0.025965141341324167,0.015647075331671458,-0.03261203249289651,-0.01318381823152088,0.00012650601828200953,0.012781323109803285,0.0327895878494034
-5.902436548223351,8.251314871517026,68.08419710891805,0.9275091384209891,0.21705823207886343,16.1,-23.3,6.671709983275209,6.4,9.355634517766497,-16.56,-10.5,-9.5,-4.1,10.179999999999994,-8.296794247441559,11.7174285789611,137.29813250305432,0.9494279278128117,0.2276454636191989,22.562808604133625,-32.310929426069556,9.771714993604164,8.926123328095493,13.254381357336564,-23.41414934201974,-14.723699846378738,-13.548792067799695,-5.797576518283245,14.291882692184153,-0.06554735945747972,0.6192780877337003,0.38350534994710866,-7.90574015603541,91.488612848248,1.314102666176682,-8.678864544207562,0.253037309277633,0.3515114177573997,0.2756704351663947,-0.5227721190962172,-0.20285191131702407,0.0005036195621287431,0.14865950644037562,0.4829170266764501,-11.576930399704542,16.71828657388626,279.50110596658556,0.9625934155497139,0.238714757640488,31.454352984279904,-46.63170141856612,13.278189009189694,12.568491187343827,18.783606065117322,-32.63296880340958,-20.78656536281914,-19.224618296403264,-8.218074175475312,20.667623254021997,0.11852726867741172,1.2015516966935393,1.443726479827123,7.387887895205254,65.95687563551749,13.134864572595378,-2.1833750164202543,0.3075957280297969,0.4173309793832468,0.4097113087017473,-0.592764032381863,-0.21529956271479045,-0.00452336463127212,0.20203141666845637,0.5214659070374195,-0.09120975050603113,0.5349946717353634,0.2862192987852293,-3.9172564583599465,22.896340746057362,0.8222062303732538,-4.219929008600213,0.26292753887424813,0.35509102846231433,0.2925551109193955,-0.6220971618777146,-0.2129497779921273,-0.01368400834759796,0.14214125047018705,0.43958847967562154,0.07038651972502108,0.6850721602313238,0.4693238647240125,5.791200029494353,47.287865194321405,6.876106883315062,-1.6051456083653801,0.28019650111047256,0.37573408237221895,0.30987818010293067,-0.49479569912359017,-0.17931166720705713,0.011674066932770896,0.1964224151651618,0.5160692471200825,-149.93746192893403,12.350557547365387,152.5362717307841,-0.2768756904761297,-0.47961208157546675,-110.9,-181.6,14.381241519504322,19.30000000000001,149.93746192893403,-172.17999999999998,-158.5,-149.0,-139.2,-133.32000000000002,-211.9482296707389,16.849319479790413,283.8995669320447,-0.12116159785464063,-0.7535226790903016,-157.14010681615082,-246.6514954985785,21.922157821510996,29.486808623129235,211.9482296707389,-240.1325473956171,-225.84728965077545,-211.0465071246876,-196.36048102764622,-189.06457777102588,-0.03489927967329252,4.55638060767946,20.760604242037452,0.1616795176741195,2.036877273310612,17.003098253027556,-17.10205833208204,2.68551515014808,3.612059451834293,3.14740361176373,-7.446501072112041,-1.8527021592629578,-0.005979073633143983,1.7593572925713352,8.475874263870336,-299.5304238459865,23.232380871335327,539.7435209507876,-0.09091895316464114,-0.8116561039445167,-223.23767968515054,-342.38437838162776,32.377806049588365,44.333684794326416,299.5304238459865,-337.5714485718681,-321.3433012097758,-297.0422755579119,-277.0096164154494,-267.56131055773517,0.140171071498118,5.149941732372415,26.521899846830998,0.0070134186605897,-0.3623933666442771,13.527758132068247,-12.242268556560326,5.758958436155906,7.648756849522415,4.267593176586854,-8.830698926315698,-3.7284941698498093,0.2879301308206941,3.9202626796726054,8.569289387078722,-0.04807356332121728,2.003103745307474,4.0124246144648295,-0.08264277264404926,0.43678682362173404,6.039893723050791,-6.50042523284995,1.6395928507168718,2.1839373103922433,1.5134723335507214,-3.562147424797729,-1.067302587280528,-0.12558734975640057,1.1166347231117153,3.4068705593223707,-0.6092885651085205,6.053889593882277,36.64957921491612,-0.15344559341170214,2.3129253441843467,19.960702031239848,-22.727505493121882,3.3311011279189513,5.041009032471141,4.107662472933267,-10.618727641216502,-3.2930461005508693,-0.3281290652135749,1.7479629319202723,9.50363863182595,-0.771269035532995,5.659258342621725,32.02720498853359,-0.40440273415999495,-0.7737254989181932,9.9,-18.1,6.523449761424649,9.1,4.65492385786802,-10.78,-5.3,0.2,3.8,7.1,-1.1173675877880362,7.842697587078889,61.50790544237302,-0.3230734331023938,-1.0007735959217758,12.543005537163832,-18.43628668043208,9.776082256840851,13.220671462721427,6.540067469170301,-14.531822050699255,-8.062197888373746,0.438283920219004,5.15847357434768,9.713513063974393,0.043474658443270565,1.5673922768449298,2.456718549513133,0.177800636244632,1.7111484313334921,6.835451020750035,-5.377427997586246,1.1682968388122787,1.562396886619553,1.1359723787888136,-2.5172481938797118,-0.7374821654729237,0.05672984077917581,0.8249147211466294,2.7901526733575093,-1.658001459540198,10.846030088339257,117.63636867716048,-0.277289486580112,-1.1367035852363203,14.80004646846792,-24.529177536667415,14.400298552907666,20.181677841847836,9.125129793873931,-18.65378434695225,-12.515336499643745,0.5163090586336119,7.66634134220409,13.312342174939099,0.19264538593728722,2.3097334756344936,5.334868728466597,-0.23672724846378623,1.2831455900530422,7.0091904488691705,-7.682466424642404,1.8453564570312344,2.4900523236396643,1.7304243539376365,-3.6212095949954186,-0.9930740519253144,0.24957505130867408,1.4969782717143498,3.8650804930852782,0.05943735272623116,1.0552176355978524,1.1134842584767222,0.10354254507689607,0.37932515061589456,3.4070589308074357,-3.1238224746718917,0.9364061987776855,1.2629904542828205,0.813159324942999,-1.5507309366602038,-0.5859456208280232,0.038573107713630254,0.6770448334547973,1.8337393651377516,-0.12521689095023916,1.931247978654434,3.7297187550568376,-0.14119276932925426,1.6530908321652786,5.143273341584818,-7.5154743471142265,1.267147279722549,1.717847718056089,1.3717509960526868,-3.2365135271897647,-1.082443804567863,-0.22948375351105027,0.6354039134882259,3.4155850391424685,-0.30690355329949237,4.403735499675715,19.392886351104124,-0.21393216912549298,-1.541768850513694,6.9,-7.0,5.189107764769607,8.8,4.016751269035533,-6.6,-5.2,1.0,3.6,5.4,-0.44538865192902793,6.247781220279592,39.03477017647834,-0.20103747466830385,-1.5469278431906228,9.731166140296686,-9.875448527444616,7.324309502224897,12.578724892299809,5.703501804467301,-9.349414859330823,-7.43854032406055,1.5021425905949033,5.140184568239259,7.707494666686321,-0.01161062471981347,0.1709650443632171,0.029229046394116793,-16.929037373117882,340.8886900623059,0.47692264029984555,-3.4849792683592646,0.05723372501118443,0.076786132420234,0.055485487279786264,-0.0985204384241983,-0.04250038859634275,-0.0036320620447556524,0.03428574382389124,0.09684269609356642,-0.638222577501257,8.883960960291413,78.92476234398193,-0.18775981837284325,-1.5436147064207555,13.718643078494043,-13.893008052637148,10.569388055007279,17.980285075486986,8.10403874172994,-13.227124390231388,-10.692115566695218,2.2288451047611955,7.288169508791768,11.100973642637156,0.021164978843120106,0.354487114687793,0.12566111447967648,13.397014588881834,199.28817636880532,5.340607500977728,-0.9564753063741709,0.0756261437985816,0.09907818777341759,0.09010445831803507,-0.1231075006098202,-0.05369625301546461,-0.002116142278451638,0.04538193475795299,0.13527803337535005,-0.01627108986380072,0.142582312271289,0.02032971577262737,-7.875612462923282,76.842613776488,0.22212071937287056,-1.5233544054339176,0.05873244447596841,0.08152073886270358,0.06105649165016682,-0.11540902177974235,-0.04665713401047891,-0.007761039180592122,0.03486360485222468,0.10309303563903816,0.0069359570936750395,0.1935267298372305,0.0374525951614924,12.981807617497422,190.10329036031436,2.8779875134278945,-0.3708295667312609,0.06054691186200721,0.07929907914068954,0.06067898972881817,-0.10608928318085253,-0.04352118694680466,-0.0012059467543006352,0.03577789219388487,0.09118990764785634,0.2543147208121827,2.7726737929054175,7.687719961864515,-2.0795120081279155,3.580086078170944,3.8,-11.8,0.8895613311033613,1.3,2.0591878172588833,-6.9799999999999995,0.5,1.2,1.8,2.4,0.3682068283228305,3.0227307399794006,9.136901126416415,-1.5708687705191524,1.6852145174590483,4.148493274384123,-10.18155098221425,1.3485015649242769,2.9764315030907325,2.4579786078930965,-6.667447541777947,-0.6735310113116498,1.6002825513459455,2.3029004917790825,3.193191016377227,0.020935753800211575,2.4782612831886213,6.141778987751711,0.39877949643147936,2.299796786774924,8.569091999127439,-7.430709636673128,0.5209465054648177,0.6759748269237783,1.4210698620179263,-4.695011260279738,-0.3969661334661375,0.0014693889756866169,0.2790086934576408,5.310251706547264,0.5396057859097158,3.6273331020976003,13.157545433572999,-0.9558872288887551,-0.4879400651717245,5.4660162599289315,-9.657920271450063,1.3285288044972308,5.889898109147856,3.3311683944025154,-6.257789867648867,-2.878266454962956,2.5025453774957587,3.0116316541849,4.067959782212667,0.008856063967733025,2.221093130197368,4.9332546930099435,0.4250729783213327,2.1233101095293074,8.078318436440757,-5.909475246309612,0.8769514964033683,1.1870829108278247,1.4158225211935451,-4.090796964214839,-0.5954592601945166,-0.022145567554042345,0.5916236506333081,4.35770803410858,0.029692028120240462,0.6954612297987335,0.4836663221531668,0.2432578449531343,3.699650544148751,2.637418459292353,-2.622467064618945,0.21033609386552804,0.26552738288106337,0.41544848683165847,-1.1461221088693025,-0.11972269518490548,0.02475655651455287,0.1458046876961579,1.1726456013832527,0.11002401440280418,3.411897600298908,11.641045234925448,-0.37843225893682547,2.6868022360847537,10.009043655106629,-11.486606659418573,0.5348270427259002,0.7422021548251858,1.8989278535887053,-6.732810496827318,-0.27537368556781405,0.04009650324312325,0.4668284692573717,6.802420652418406,2.9562436548223348,3.516675879310562,12.367009240124712,-1.6051087701859386,1.6208307455921878,6.3,-7.8,1.3343419966550423,3.7,4.225685279187816,-5.9,1.5,4.6,5.2,5.8,4.194446545053383,4.942547612505174,24.428776901880592,-1.571605287237585,1.5105629226403199,10.025380497884896,-10.941676392163652,1.7559910645478447,5.151570019830603,5.966945800889522,-7.945584925117062,2.228137735318673,6.550287039468766,7.379707755149276,8.281142104606978,-0.04432250370902343,0.43323143254546903,0.18768947414539927,-8.42282156561549,78.86262022445761,0.6070495824766231,-4.548429726607618,0.10064530259855065,0.13474707356651683,0.13817314566785202,-0.2401478528317711,-0.07385637222059302,-0.006146056024113,0.06089070134592381,0.2192119089566854,5.958294723551975,6.899319721030086,47.60061261299465,-1.6349686767441571,1.7910354252629475,13.132199594613763,-15.64564651682596,2.4071987563528032,6.902768757949937,8.374812663548276,-11.02902230966201,3.542530833090498,9.24287534422642,10.445299591040435,11.608447697134268,0.10030110602655193,0.9098158747581172,0.827764925961878,5.971400338983752,38.96519215147514,6.915572817549418,-1.4121869620117753,0.16618613560196055,0.23225326329202392,0.30560538487131,-0.47588061899266804,-0.1010909764325287,0.0026748027223573168,0.13116228685949521,0.4084574007668062,-0.06201711161265955,0.3451925068484324,0.11915786678430505,-4.107826801590336,17.212968875194907,0.35556957534926653,-1.8534403713246552,0.09896797999573678,0.13213218297253232,0.14452817610214966,-0.23266529449180448,-0.07076700188261359,-0.01119301001929516,0.061365181089918716,0.18598849174026028,0.07087016918580397,0.49680346240977413,0.24681368026233985,5.980640816353434,38.732971886489416,3.790251852957455,-0.5308513460588756,0.1389725259504572,0.18577651817474078,0.1862226318211339,-0.263981115583259,-0.07724406485847096,0.01897973325849464,0.10853245331626982,0.30646273432370175,0.001091678825909744,0.1807937094272686,0.03268636536847163,0.07153747173134159,4.441920372627548,0.949729,-1.126613,0.026433314953736374,0.035599,0.09397289778025393,-0.339746,-0.016738,0.001448,0.018861,0.35023325,0.0015420111833247072,0.2343928427519132,0.0549400047333231,0.15745587947543843,3.629368583180348,1.0580554502974684,-1.2164060483019974,0.03626274199220498,0.04889263533591587,0.12433644275805625,-0.4699263763812092,-0.02290791704390064,0.001999636011059269,0.025984718292015225,0.4623896493779498,-6.418162023010478e-05,0.10211274878962101,0.010427013465372248,-0.05723495017391045,10.513791998222509,0.9344817372609935,-0.9693751997731666,0.007550089600291932,0.010184123463021076,0.045918499811184746,-0.16521132499151125,-0.005039648670605197,5.592490155289209e-05,0.005144474792415879,0.16259371617441684,0.002175562596605508,0.3240592045291305,0.10501436804005285,0.21763427127632665,3.45506601266107,1.38797471708268,-1.418832800515351,0.050643093061815206,0.06846001125035417,0.1725877454284695,-0.6617388857768824,-0.032414871319887684,0.0023939879772602963,0.036045139930466485,0.6341606560033405,0.00013537552571403247,0.06961645185528254,0.004846450368918871,-0.007598039315472824,10.210330321151353,0.5487725735818598,-0.5656735667537336,0.006559876452997077,0.00884603647502923,0.031951353685811694,-0.10778935876414851,-0.004456290016147585,-7.1747459941781e-05,0.004389746458881644,0.11209601234107304,-9.106487473549052e-05,0.07950630924537035,0.006321253209820461,0.10986978890829273,12.103913971858988,0.7535705475435118,-0.7171496277773334,0.0075009120703165766,0.010131393199458952,0.03637065576621492,-0.12932679048831205,-0.005041387479578503,5.478121963265107e-05,0.005090005719880448,0.12688357278854173,0.00012317939368038965,0.12053672800317086,0.014529102797710396,0.1127787647677104,9.45121879486867,1.0030581020523797,-0.911988178709139,0.0076208273290235004,0.010276839906738878,0.054112198794940114,-0.19111082097382154,-0.005237588861549801,-5.7812261286021256e-05,0.005039251045189076,0.19438509174537,0.005851472451104009,0.3951491305172593,0.15614283534854603,0.46991510878396675,4.94720525835171,2.589736,-1.976758,0.03848390578574991,0.051854,0.19888000111427145,-0.725749,-0.021578,0.004499,0.030276,0.738683,0.00827803467402845,0.5333130864719742,0.28442284820226343,0.4928361724517508,4.728425500279387,3.2319178595239855,-2.428024615226574,0.05380508378983242,0.07260158515092048,0.2719950879390021,-0.9979995112429938,-0.02984016622797675,0.006804380757058031,0.04276141892294373,1.0132484793757637,-0.0007540520837345111,0.1668378872672711,0.027834880627806664,-0.05642709355713222,11.202824718585669,1.3771771540196966,-1.377247686162583,0.008344967763267564,0.011258108956960612,0.0720867107352889,-0.24832125072050396,-0.005733474981598088,-8.218673200188087e-05,0.005524633975362524,0.2542060517848177,0.01171498740003583,0.7162670880489177,0.513038541422076,0.31666367979451193,3.8243218768144285,3.911325605612305,-2.6877002707533095,0.07285021358331822,0.09813173330181249,0.3706817386890285,-1.4252214903438463,-0.03906405957812772,0.009609950590690336,0.05906767372368478,1.3734801909410908,-8.192689285791303e-05,0.23602432406753146,0.055707481551535105,0.16132661784457758,9.212359764418665,1.5834583913997735,-1.60229452823416,0.02138837582123442,0.028912754332371202,0.10880725603060444,-0.3742177365278661,-0.014750759277163166,-0.00016853517594117817,0.014161995055208036,0.38921385993187957,-0.0010661279838302439,0.1770913551797657,0.03136134807940593,-0.04413690268363551,9.077368630062029,1.273405185863686,-1.4827416729166443,0.007017709013407537,0.00947113071206213,0.07887378751081973,-0.2949461023012466,-0.004775612375173423,-8.091176110605355e-05,0.004695518336888706,0.281858507177659,0.00013789256128284187,0.15588010460141327,0.024298607010547545,-0.0611481734693176,13.195815443746795,1.205194627877995,-1.2862389628797015,0.009419082521616511,0.012706697962789539,0.06570377921064745,-0.21633277132990464,-0.006297884933661223,3.2637416915856526e-05,0.006408813029128316,0.216167298404273,0.0072913400287364745,0.1088918149766472,0.011857427368908368,0.3789502881222343,6.585232276479067,0.762002,-0.666063,0.014615492670028225,0.019717000000000002,0.05577516582118876,-0.183126,-0.002592,0.007266,0.017125,0.197961,0.01031247752809197,0.1141570930021785,0.013031841882708029,0.31789929338847284,5.393050883572844,0.7303524261115284,-0.5944656623990894,0.01899985051706822,0.025629899253066923,0.06130919488330084,-0.20306650370254334,-0.0021240383063173946,0.010516496716512516,0.02350586094674953,0.21343526544870126,-0.00028596427840390566,0.10334825166377005,0.01068086112195795,-0.05842535828269718,7.993418921529237,0.7630286167261783,-0.776845660671332,0.007548393230364016,0.010171750042753273,0.04829411198739691,-0.1787896084998943,-0.005144445866465938,-2.659491881444907e-06,0.005027304176287334,0.1759998215285999,0.014586923404127866,0.1513167253216112,0.022896751362055927,0.2905119358140742,4.69975150150212,0.8219527732614473,-0.6708401441820817,0.02609056061494975,0.035241437748598906,0.08288378537997779,-0.27296237053271494,-0.002714794866747614,0.014510794147820166,0.03252664288185129,0.2932192772026185,-0.0001376287858773888,0.05623515314605719,0.0031623924493605063,-0.09719160144543357,9.09891772603235,0.36955883560095765,-0.40255941089175523,0.006658952728055423,0.00899496383828361,0.026526332523040624,-0.0889123938963452,-0.004522368304095342,-1.9032920081429655e-08,0.004472595534188268,0.09033198057697288,-0.00040422701577716506,0.12529630336406317,0.015699163636699348,-0.09799854574996973,7.400796702124072,0.8483011449593837,-0.9721029617453885,0.008102385284099305,0.010928661736160365,0.05886446019119859,-0.21450161814594476,-0.0054845173818317315,-9.183178413332692e-06,0.005444144354328632,0.21492822109993576,-0.00010338502818400092,0.07522495270190042,0.005658793509003155,-0.03751286582857581,10.865753812319761,0.6467590676824044,-0.6500795073673665,0.006689101846987543,0.00902521044450691,0.033763522973548024,-0.11753289199047728,-0.004534670601161694,-1.6862030362823843e-05,0.004490539843345214,0.11837162566639975,8.111243878837634e-05,0.723831274723173,0.5239317142673735,-0.0010064701168582431,0.6145291648613056,2.020919,-2.036683,0.6752207870728971,0.9108775,0.5524924196844853,-1.3852525,-0.45450650000000004,0.0007440000000000001,0.45637099999999997,1.38675325,9.638977262432216e-05,1.023506809626382,1.0475661893515749,-0.0009352093427891978,0.6166822624630655,2.8488516498251504,-2.8505397814583526,0.9553144154829123,1.289175955563064,0.7807385811124135,-1.9618234374616281,-0.6430950967526019,0.00038347367290632144,0.6460808588104621,1.9533365547952464,-4.804859192344403e-08,0.014499724901326467,0.00021024202221414683,-0.260644345290373,7.126020578770694,0.13418077660563,-0.31857301089869333,0.014019711746080736,0.018853544209776568,0.011541625247383232,-0.022388027976688006,-0.009349910778581837,-0.00021263998913283177,0.00950363343119473,0.022323334690431743,8.735137167958428e-05,1.4465006970826133,2.0923642666604865,-0.0007403061143354486,0.6250322517981002,3.9681371315435308,-4.042172270692551,1.330757612283523,1.7954917781360613,1.1018486369181755,-2.749665420102837,-0.8972373238265513,-0.003048807440309111,0.89825445430951,2.744103386818729,-4.620535909423129e-05,0.049154205220285956,0.0024161358908379874,0.012478358148760397,0.02011939059402934,0.20217492459245393,-0.208302300817682,0.036769804999621604,0.04961621255616873,0.037029406280845674,-0.08972926024553984,-0.024328549744784333,-0.0006941806208878715,0.025287662811384396,0.09109778266287155,7.335921615336709e-07,0.005625253803141883,3.164348034976222e-05,-2.7967014753679567,121.99320323244078,0.07626124565821805,-0.21195796378703724,0.004753448499989646,0.006411139339558345,0.004105023600425699,-0.008907454526703874,-0.0032180036332171286,5.550211367935225e-06,0.0031931357063412166,0.008939959617014775,-2.7393107042547825e-06,0.01972235762563109,0.0003889713903132889,-0.08664740307229231,0.5701634928723687,0.06679297139237347,-0.20069905523915385,0.019341697582138443,0.026130559825615157,0.015805578852100603,-0.03330518247380144,-0.013215788544954239,0.00026120806903834803,0.012914771280660917,0.03345107820709593
-6.622764227642277,8.403694628909125,70.6220834159561,0.9255450383952726,-0.019914472928958205,15.4,-21.4,7.264750870677449,7.925000000000001,9.89268292682927,-17.185,-12.3,-10.1,-4.375,9.7,-9.31450332861464,11.940635730473073,142.5787816478502,0.9435160307172784,-0.007398286834498613,21.657284132484534,-29.61828341669756,10.344484256797896,11.27443685256235,14.016371834082033,-24.361261883278516,-17.367003488644073,-14.248246815401307,-6.092566636081725,13.725127369906499,-0.06153316886071153,0.6119811522217411,0.3745209306746498,-7.388300600518089,84.75345444668378,1.371391355774058,-8.39848049962698,0.28212511200653023,0.38319539673037945,0.28815656958901736,-0.5102707304725197,-0.21068276554348164,-0.03362886741046567,0.1725126311868978,0.5043625632675374,-13.05100948594508,17.034570694603755,290.1765987494531,0.9583010703633036,0.01300833672442403,30.52477890455894,-42.551750249346064,14.525140594786789,16.3314224967765,19.87700097324344,-33.85077214442117,-24.903188122360902,-20.252639870995743,-8.571765625584401,19.532746752306142,0.11308810655739598,1.1375441168481524,1.2940066177758427,7.245820843486436,64.29800454514415,12.293962289704973,-2.596068199772528,0.3082745647935118,0.41006377437133157,0.39141509665824553,-0.4999888839599528,-0.20922945966939022,-0.014243049985654843,0.20083431470194135,0.613266076466384,-0.08525848576665195,0.507765495569674,0.2578257984911166,-2.821768138444015,14.494675321014014,1.1333381106085425,-3.406480295033452,0.2783549133102085,0.3819484263770745,0.3032050658333923,-0.8890438063120512,-0.2160834885458815,-0.04543332249315458,0.165864937831193,0.5009716984556798,0.08310988950289806,0.6896831439224503,0.4756628390107553,5.79410415306181,48.066119955380216,6.990037563598797,-1.1022731484025634,0.27487369505859455,0.3756294308574044,0.31827123326562917,-0.4745177367884733,-0.16828944698403564,0.025494717861043115,0.20733998387336877,0.5781420305775646,-150.8467479674797,13.7236017692822,188.3372455218455,-0.4171111360276179,-0.5167523267141152,-109.6,-185.5,15.122542628757124,21.80000000000001,150.8467479674797,-176.085,-161.175,-148.7,-139.375,-133.2,-213.2477317618365,18.73611266777172,351.041917899436,-0.25776793137555154,-0.8708257377222091,-157.33976705922498,-250.060102153179,22.443680106122706,33.9207836630863,213.2477317618365,-244.93631942380557,-230.22478147212922,-210.294076750293,-196.30399780904293,-188.54217033765687,0.049791625460798114,4.974173731203142,24.742404308191386,-0.08116148893712727,2.363098764179135,20.408122449532613,-18.4512872002541,3.134444757827484,4.195487068659887,3.414315984588261,-8.859388709238946,-2.010065157045239,-0.0397236614598615,2.1854219116146476,8.90154503785702,-301.2961038082182,26.0709784413837,679.6959168910937,-0.2841476095853765,-0.8922649481662219,-222.45666965556276,-352.7036461778322,32.534516241596954,48.91813177193876,301.2961038082182,-344.8601316511414,-325.8313708239597,-296.94364683192987,-276.9132390520209,-267.76013647442636,0.002529234438221236,4.415752409374795,19.498869340899308,-0.07164172666473781,0.19045255349163304,12.177823832404115,-14.169213109896663,4.241492002973423,5.635818614785775,3.4695337551682366,-7.838783392797136,-2.810139013798384,0.08671289832334139,2.8256796009873906,6.726331357016176,0.06993493850028468,3.9149482706120042,15.326819961567924,-0.26119176572987246,6.899595703596908,19.90208791388925,-21.498168688407667,2.225135485450188,2.980371851751989,2.534779249348632,-5.416376841845229,-1.3531594823012314,-0.12846769678024794,1.6272123694507574,6.527971215604413,-0.5739167030804982,5.758302832566486,33.15805151154321,0.2230565842072524,1.6978564280148811,19.67359592105527,-17.665315440571707,4.003821257527646,5.266668668779174,4.154599301302964,-11.056623719341705,-3.324882565703673,-0.9551866795184619,1.9417861030755013,10.025321863612058,-1.4264227642276421,6.434382129019539,41.401273382246025,-0.4908208089906574,-0.8232720884158047,10.0,-18.8,7.116490648826891,10.7,5.270121951219512,-12.985,-6.9,0.1,3.8,6.9849999999999905,-2.0470545766026604,8.849316608352899,78.31040443487043,-0.3605918075589319,-1.1629178736460244,11.233847168925692,-22.248582495619807,10.705584507410782,16.30791220715845,7.392590101889693,-16.286527432683478,-10.796478830180456,0.054727425102288944,5.511433376977992,9.787737538788672,0.09742957595823609,2.087756335748548,4.358726517458203,-0.3409808728761781,3.1598953130529175,7.762910108500721,-10.19897642589451,1.31223842710125,1.7659729248346172,1.4192887727220336,-3.3430297327253418,-0.7273022781948761,0.1042059533963079,1.038670646639741,3.680989028264651,-2.9750608249849564,12.314020649961957,151.63510456768952,-0.3230310503665851,-1.2553915657841137,14.866233378139405,-26.30135882561624,15.033701677203963,24.051470159660056,10.37546853158578,-22.308888563823352,-15.799319850301336,0.1976557757779035,8.252150309358719,13.395824251334577,0.13579328035562602,2.0780991095981856,4.318495909312771,0.15775314119434794,1.054225283766442,7.058568669137503,-6.618984534111492,1.6709898404303754,2.2555759855447954,1.5471725361591098,-3.3358839503423483,-1.0542008710760573,0.04992704298271777,1.2013751144687381,3.7988105598321606,0.13280335941489826,1.7418633982040912,3.0340880980031044,-0.8980655618695389,4.7237412933646326,5.601530768480115,-8.393471412529442,1.2144827560591904,1.6046341108873021,1.2076855770322434,-2.5293567885447947,-0.5583186990699136,0.14220247085212198,1.0463154118173885,2.874590853672638,-0.08921083667598859,2.3579417172248696,5.559889141829366,-0.021166846296804917,1.6514678360044703,8.570300217143865,-6.984034105517204,1.5519583877324012,2.153948237333257,1.667671187324833,-4.9822450883285985,-1.051061150965356,-0.07053392874141075,1.1028870863679006,3.5607738755359257,-0.3770325203252031,4.3980734112392605,19.343049730649746,-0.18244963038464568,-1.5367600963504477,6.9,-7.1,5.411498097545447,8.725,4.0044715447154475,-6.7,-5.225,0.75,3.5,5.4849999999999905,-0.5356765179505981,6.236989422222406,38.90003705291418,-0.17216898428355448,-1.5396374302091693,9.699904438800498,-9.967569233506156,7.675659449597375,12.44002215563622,5.682568422208588,-9.397712947031886,-7.477706405254548,1.0152562995544185,4.962315750381672,7.756172428797318,-0.00536425637813688,0.16985772065804916,0.028851645267147858,-17.072727944889685,344.3169307236138,0.4008579278919595,-3.4634141536776104,0.06216037823823935,0.08368295724486713,0.05681414637336693,-0.09743103856963145,-0.03938662049388395,0.0022169375183660467,0.044296336750983184,0.09725793373308365,-0.7871985670766868,8.873323933283585,78.73587762498327,-0.15535420088553695,-1.539752854168139,13.605096804794634,-14.00009903862032,10.86459836936852,17.76825693846111,8.081451095609607,-13.248250569484547,-10.701258198681256,1.530417853864765,7.066998739779856,11.14652731836257,0.018347212004106973,0.34996084940604216,0.12247259611699851,13.077769551878065,192.48246506931181,5.224815386989944,-0.9340764242766055,0.08017703700343703,0.10585497764785672,0.0942784395498217,-0.1395172884613864,-0.054941247191515885,-0.012714046392697076,0.05091373045634083,0.12080920811755888,-0.007581449040108686,0.14018942111312935,0.01965307379203432,-7.814783462322403,75.59282364891881,0.2660660869175356,-1.4168059136241637,0.06411386512264372,0.08662283341107643,0.060898730071858934,-0.11001199782503729,-0.04080420123220805,0.001649911789136065,0.04581863217886839,0.10440342467625982,0.005947622023567864,0.19307511604715927,0.03727800043662401,12.781905063191052,185.97733253702538,2.854823625117288,-0.3533649312611315,0.05983448684825838,0.08114788194110897,0.06236191431473651,-0.09902137660148727,-0.04872958947166578,-0.003708035889228639,0.0324182924694432,0.10254403132959705,0.06087398373983739,3.0856084193321154,9.520979317453236,-2.176035683812766,3.98139893240711,3.5,-12.8,0.8895613311033613,1.4,2.1639227642276424,-8.184999999999999,0.3,1.2,1.7,2.3,0.09506704468153168,3.2645108375585794,10.657031008537418,-1.2337891437854829,0.27147398381864196,3.672813686225248,-9.821434304685598,1.3127711335264507,4.133918732775243,2.7325041218923913,-7.137632124344759,-1.8079605258994191,1.6378051623842471,2.325958206875824,3.104420714847814,-0.012781199465235467,2.878334104679243,8.28480721815966,0.2613068279077336,3.1868122307829285,11.672972799907,-10.249400156400107,0.4626064549235254,0.6443735956350913,1.5746812640075372,-5.308018539104441,-0.3775652089590378,-0.015552795872461889,0.26680838667605355,5.954891460216538,0.16583889437607277,4.306064879946877,18.54219475031191,-1.0542292631545254,-0.27436665244624603,4.983596073406194,-12.520963846344731,1.4662778070709874,6.836339414707018,3.7732591385464107,-8.572571354194263,-3.715333948853731,2.5537910729303013,3.121005465853287,4.12580570041078,-0.04552182358488432,1.5976590665017716,2.552514492775312,0.11303159325718114,2.222953334405796,6.110190315351579,-4.550200079513084,0.7082016308065066,0.9886321109023343,1.026099249192779,-3.312517950696968,-0.4660909378643573,0.0025526158476834038,0.522541173037977,2.995671981123723,-0.01809362475981826,2.370697852485682,5.620208307780223,-0.35752837518041025,8.695470144488317,9.8435853849824,-12.603740526537647,0.24122453730497923,0.331883905029131,1.1210560595006562,-3.5059967876794795,-0.1716697795539883,0.008499463454672887,0.1602141254751427,3.0421450961097207,-0.11738896476432124,3.2718155619386464,10.704777071343901,-0.7781167455372029,2.9526854480118425,9.234174610972566,-12.122637091914056,0.5854445943154818,0.7937006456310021,1.8127794428475845,-7.7498716124803515,-0.3303718594442637,0.011504821698646762,0.4633287861867383,5.307533485245841,3.0788617886178864,3.262284526293056,10.64250033049111,-1.567626399864937,1.655892289036343,6.4,-7.5,1.1860817748044825,3.8000000000000003,4.0928861788617885,-5.084999999999999,1.4,4.6,5.2,5.8,4.3635410705721736,4.585280171262176,21.024794248970093,-1.520943988038263,1.483754532402192,10.052465598944025,-9.703345345778406,1.6721528025294805,5.376751757223982,5.776299920424206,-6.767712971955085,2.0199083751936926,6.577893166747417,7.396660132417674,8.259310869195415,-0.043789314176512786,0.43647649639187686,0.19051173190252807,-8.433542780587938,81.01927212297034,0.576706789357572,-4.557478486902212,0.1042432819605351,0.14492236500241146,0.14629866526146212,-0.26164149710486323,-0.07837365093087513,-0.009045027178074538,0.06654871407153633,0.24930990363123373,6.206773576676747,6.400861715131103,40.97103069623108,-1.5854177993130656,1.7868384178148062,13.394460021652124,-14.692077137076557,2.351185548467828,7.278318991610829,8.132367261840319,-9.638894292162417,3.0725770888961437,9.212411845111633,10.350896080506972,11.504117325074574,0.10045316535847967,0.8775964482396775,0.7701755259628971,6.226889585668004,42.84037290956636,6.706581995612763,-1.2657465092088156,0.16018834997950432,0.2159499750232714,0.28608019196054213,-0.36834530419622463,-0.10307328959143008,0.003227519365449183,0.11287668543184132,0.45051009840351075,-0.06059340827009246,0.3446809597301056,0.11880496400046667,-4.137889271392038,18.114596311300296,0.385697324540936,-1.8960133842650007,0.09602826670322565,0.13052856592554118,0.1456185230251972,-0.2469644330244367,-0.0744996340993217,-0.009803068647390332,0.05602893182621947,0.21406790082884292,0.061185313855804085,0.5033421112774545,0.25335328098524545,5.941833604149541,39.38229255981622,3.7839343135887176,-0.6079746315837501,0.13704148502574742,0.18651306205982646,0.19123010207143526,-0.288542392326982,-0.08785747937692934,0.010687140166588404,0.09865558268289712,0.33510093084723525,0.0010277243316543976,0.20599947777148442,0.0424357848421243,0.0756418431477448,4.302024251482462,1.052723,-1.03812,0.026609744617738542,0.035896,0.10619002850713798,-0.380456,-0.016738,0.001091,0.019158,0.4054155,0.0014550626906889184,0.2732302843331402,0.07465478827676866,0.13148282843711812,3.842208879409336,1.2401017514336559,-1.2241280078527528,0.03646860374822412,0.04917886385977385,0.14288432183786226,-0.5122683105821737,-0.02295204649688515,0.0014016059841713384,0.026226817362888698,0.5367375924722333,8.222794170049658e-05,0.10104069982924073,0.010209223021982728,-0.06832596461230367,8.965670379272712,0.705884535264806,-0.7760675663357192,0.007663717783282575,0.010339360470789878,0.046332778759877145,-0.1666078515021705,-0.005186876079207749,1.0294062140125612e-06,0.005152484391582128,0.16957885609090906,0.0020625662869887974,0.38011596603499953,0.14448814763472093,0.16420280209677074,3.711944346706659,1.557700756063408,-1.726510743389247,0.051129467560316624,0.06902318758082261,0.199962221645779,-0.7034267508347241,-0.03267446981965421,0.001974602560562265,0.0363487177611684,0.7447156586399422,0.0006878750148968363,0.06924158959072896,0.004794397729050945,0.13017178934532217,7.89821400639995,0.5007114610232107,-0.550885775837686,0.006534712110026307,0.008805673350115577,0.03273146704630546,-0.11306537867302208,-0.004434130268714649,-9.365663177924688e-05,0.004371543081400928,0.12075806724771843,0.00011625359422918155,0.07851843415370191,0.006165144501949223,-0.03941612501774858,7.701938444682767,0.5875610770001581,-0.5292031463606451,0.0075587017414370265,0.010197444565649676,0.03752895857019909,-0.1347420509493004,-0.005058813789762421,3.91601286025098e-05,0.0051386307758872546,0.1347910458201108,0.0007767930257360232,0.11936945276211917,0.014249066252727802,0.11360031825247008,8.328304219383437,0.8280144800597327,-0.8818456920101748,0.007662461399059905,0.010343167041414804,0.05421547831567192,-0.1971134190800097,-0.005278414423036456,-0.00014575711095822215,0.005064752618378348,0.19821972758052503,0.005318631046404196,0.42059700508144376,0.17690184068348005,0.2715396594534872,4.32857850875933,2.516732,-1.985951,0.039285993585961444,0.052995,0.2143763373915894,-0.78999575,-0.021998,0.004319,0.030997,0.791243,0.007520266123300766,0.563115567501634,0.3170991423626873,0.21784612665627426,3.7781142686035505,3.147936745593691,-2.4065148411698134,0.055019561193648564,0.07419381507535502,0.29170636966071817,-1.098845385697388,-0.030696691651831393,0.006129441183811238,0.04349712342352363,1.0729193626935534,0.0013638047153715438,0.1914969741657118,0.036671091114623286,-0.0694047900926848,12.364184635338624,1.7626205256479264,-1.5633984595754213,0.008433423359008325,0.01139232641288121,0.08232329148135789,-0.2802543971066605,-0.005548008420466524,9.060809268142687e-05,0.005844317992414685,0.28601378806791067,0.010631609148330867,0.7627133486304697,0.5817316521791044,0.11447193286693726,3.1811042537738334,3.7557365404562124,-2.7393636339036656,0.07495933858277452,0.10128070581699056,0.4005836892334771,-1.5860119593667594,-0.040518495898132376,0.009736438374287427,0.06076220991885818,1.4638408326305814,-0.0009702129894179692,0.22880656059687488,0.05235244217217137,-0.03001527113942436,6.720399572687137,1.4316028055577497,-1.3687246520608136,0.020510201983248738,0.027678387292562896,0.10920561815909972,-0.404123191220524,-0.013847026929342313,0.00013793393776526477,0.013831360363220581,0.38931485149690986,0.0019286828494864793,0.21978694789153072,0.048306302463474435,0.03506302980599515,14.382539996956318,2.138942328836141,-2.094250011616217,0.007372961271085075,0.009950703970850964,0.09435184833495387,-0.322939059645144,-0.004950115272452019,-5.214665732560878e-05,0.005000588698398946,0.3316466689970739,0.000857863856081344,0.15818360420315028,0.0250220526386989,-0.26083562327870136,16.720338903129043,1.5289613871889551,-1.551167550985053,0.00928784237709904,0.01252450681979633,0.06707255992993975,-0.214492066686779,-0.0062754545712635605,1.8374393736557434e-05,0.00624905224853277,0.22934876921024958,0.0064939399904628495,0.12733438638613853,0.01621404595633442,0.1343626892618421,7.8152035867183205,0.845465,-1.134485,0.014345659066260206,0.019353,0.06312006304950378,-0.20833175,-0.003136,0.006782,0.016217,0.22938075,0.0091829964744045,0.1402809434892502,0.019678743106234207,0.12997035039228477,5.526588808945874,0.780191486332963,-0.7432626998441718,0.018861474976289667,0.025511020854559478,0.07293109116936194,-0.2403607616554987,-0.003477588188402332,0.009682465176915393,0.022033432666157145,0.26083508632007135,0.001074936981752802,0.11289512616652769,0.012745309512156204,0.09635264414511148,8.015081415855255,0.9879004198326704,-0.8483363352154116,0.0076505078051172975,0.010318166104419883,0.05271739324371978,-0.1898021121461902,-0.005089337493799464,4.685076762431234e-05,0.0052288286106204175,0.19491631395300363,0.01298437633762122,0.19133902149974255,0.03661062114847894,0.13798773391011163,5.489977967509258,1.0434307647680303,-1.0288376522789628,0.025989938011418804,0.03488930179215646,0.09980381739620828,-0.3252714090373031,-0.004358902023800134,0.013836768324091418,0.030530399768356326,0.356114625250841,-0.0008108188621621158,0.05233760513102253,0.002739224910850836,0.14248589527841338,7.172113832200418,0.35061222895408906,-0.27558792548976985,0.006675274538748443,0.009005004843046506,0.025443517620024288,-0.09185603981388758,-0.004583478696514674,-3.803505076816697e-05,0.004421526146531832,0.08312488039608541,0.0015199163091086823,0.14517183186040236,0.021074860765704934,0.05918561804882796,8.498348434297807,1.2725824079004282,-1.0705558651413585,0.008314639455333936,0.011211131799772144,0.06713008443660097,-0.2449212881297704,-0.005467626675816725,6.914029036832214e-05,0.005743505123955417,0.25153057343297563,-0.0003809980231393627,0.06641584008403632,0.0044110638140682865,-0.0930855126453931,8.93263661164426,0.5019192865889995,-0.4809370207841011,0.006652775473563781,0.008970069230442773,0.030787139824471822,-0.10834283195928465,-0.004466493997528926,3.724058881006604e-06,0.004503575232913847,0.11002115464554653,0.00018677142133341273,0.8834471997656967,0.7804789547738509,-0.002005966081771232,1.3274302518743797,2.72407,-2.730938,0.7002967796955916,0.944699,0.6361430715733317,-1.724764,-0.471536,0.000361,0.473163,1.72563625,0.00025768180077132956,1.2492446943985953,1.5606123064830397,-0.0019807552520868057,1.3303820935820854,3.85183405138959,-3.8434405546766244,0.9865571590285903,1.33063528765409,0.8990335545559448,-2.4432788492036135,-0.664143334142551,0.0015629329059595838,0.6664919535115388,2.4333661994026543,5.107558857471952e-06,0.01471289448975805,0.0002164692642667528,0.027453204797477718,-0.013403571028850703,0.12419316928768336,-0.043467360811047726,0.01559147391303824,0.021011472095962717,0.012046272067272615,-0.022363316951063153,-0.010334369063168935,-0.00016949584906319343,0.010677103032793782,0.022162036609889968,0.0003431700756603379,1.76587757880714,3.1183236233337666,-0.0019077471298324128,1.3407747470957556,5.402114954238058,-5.41537501275434,1.3656040541844543,1.8436407167310933,1.2691440971247354,-3.4461059312480216,-0.9185465172516949,-0.0011339003458721436,0.9250941994793984,3.4253803330585493,-4.026136561117119e-06,0.048849626145693395,0.002386285974574012,0.013806096831759575,0.013233295149239765,0.19110025036728234,-0.13954424877494542,0.038027549204046,0.05126384057800904,0.03730102844256005,-0.08812583298587978,-0.025098058709739864,-0.00029929732075237997,0.026165781868269178,0.08871084533694967,8.123427029596178e-06,0.005233964891841307,2.7394388489027384e-05,0.645191951167958,14.484516198658337,0.1152690170010715,-0.02604575380159837,0.004865340112295322,0.006561393483270275,0.004006617083011025,-0.008444677534817152,-0.003293178120550996,-1.8085163509149295e-05,0.0032682153627192788,0.008482305095063876,1.5233764570298457e-05,0.02014452629055192,0.00040580193947073744,-0.003516419629461148,-0.39507917099738643,0.05197299693224306,-0.0718810777645373,0.02176601672886202,0.029403964416480917,0.01653386933974157,-0.03330580679476779,-0.014770018354781601,0.0002785444421772964,0.014633946061699314,0.03351271331550355
-5.639329268292683,8.012518657773963,64.20045524117589,0.7972902816681077,0.15937490205306393,14.5,-22.9,5.782148652171848,5.824999999999999,8.945630081300813,-17.3,-9.725,-8.3,-3.9,9.784999999999991,-7.928276830311419,11.37444628338167,129.37802825353512,0.818289156447306,0.15377560522255695,20.292791812704756,-31.113874420005356,8.260542377788775,8.305793389858232,12.67341174388346,-24.326889995920194,-13.76638283071976,-11.828338396378898,-5.460589440861527,13.733824981163412,-0.061620376710847774,0.6086040751229985,0.3703989202563204,-8.213336431525882,93.3872578632018,1.131267393523447,-8.487880944708772,0.2574602840460962,0.34574930919597896,0.2658678860414814,-0.49378530218366634,-0.18548255911631764,-0.011456424697676382,0.16026675007966132,0.430382186245716,-11.100191589291382,16.194066853901276,262.24780126862396,0.8357994638385996,0.16199795951698226,28.486690691228922,-45.21006302768644,11.85338902459747,11.971569910026137,17.97138180211064,-33.49763030192902,-19.553889558134202,-16.798383472100753,-7.582319648108064,19.535370991178105,0.12269535739167592,1.202769040785753,1.44665336547268,6.7450254394893125,53.11012554760986,11.912529677937636,-2.932396338564587,0.2547045607867164,0.34091262120928484,0.38468410176431583,-0.5072470737076631,-0.1693942839930187,-0.0008048987329576374,0.17151833721626614,0.5329981776332823,-0.08565433884731868,0.4992130352847164,0.2492136545981795,-3.7123396859499165,19.352625386390752,0.7760134855088879,-3.561791535713586,0.2842389969200611,0.38781524201549133,0.2745174770221841,-0.5760448697204383,-0.2141447842907696,-0.024251133073559646,0.1736704577247217,0.35814971658492684,0.07518580207177494,0.6907817781194874,0.4771794649819207,6.163472632644915,50.260399539202865,7.046161050568661,-1.1585335917586335,0.29037416776200825,0.36098397062953735,0.3051424755087801,-0.4661321606905508,-0.18275054123261358,0.023587824833108898,0.17823342939692377,0.586046085700552,-150.64878048780488,12.7079578860941,161.49219363474123,-0.2720241468414567,-0.564796673886542,-110.5,-184.5,15.567323294308821,20.950000000000017,150.64878048780488,-172.97,-160.32500000000002,-149.8,-139.375,-133.41500000000002,-212.96991756696767,17.428715409257457,303.7601208168883,-0.1218225636562061,-0.8976113707219122,-159.0634540747949,-248.0252146100736,23.636063741275972,32.37235866094565,212.96991756696767,-241.3204863651648,-229.26837739183568,-212.00730138533584,-196.89601873089003,-189.1781823986436,0.16268703360175008,4.333884059763946,18.782551043476023,0.12599529242868593,2.028874444505502,15.43387891178774,-14.086515656647824,2.727158867030693,3.6213907991621967,2.9701710788803406,-7.512620246131312,-1.703152436954925,0.023465136921714702,1.9182383622072718,8.841290431902346,-300.912228598512,24.240978212885114,587.6250247175708,-0.13813157782398,-0.9907105435878112,-228.9059584850599,-343.92518508526535,34.33390261408162,47.91773767604707,300.912228598512,-339.57093964749265,-325.2770505027958,-298.96907013598496,-277.35931282674875,-268.6282654080189,-0.004183020505267367,4.329233439070809,18.74226216996887,-0.10343580354657042,-0.0763409412670959,11.226436672965768,-13.405175143348002,4.577013364982743,5.996191615673975,3.496177611613105,-6.772350247685502,-2.795210227870614,-0.1551636681037447,3.2009813878033615,6.91254245028432,0.2276172565503992,2.491035786810991,6.205259291173053,-0.022649744169971214,1.3729637279971207,9.063445324882755,-9.330562391668284,2.0321530987499887,2.754674078384289,1.8620651152574506,-3.836844388806186,-1.1807554252090497,0.15469567947651985,1.5739186531752394,4.271820135272926,-0.10729521150904457,5.554529380016826,30.852796633470103,0.08000520135807426,2.217678337666639,19.87876726801913,-20.3745020027376,3.8009147162379247,4.726962232122201,3.844748108180519,-10.3570221906479,-2.609647915636713,0.09086326191058378,2.117314316485488,10.000925280871098,-1.026930894308943,5.938190809731982,35.26211009278538,-0.4344899177574631,-0.7851520921302599,9.6,-16.5,6.671709983275209,9.7,4.872052845528455,-11.285,-5.9,0.3,3.8,7.0,-1.4795118324460614,8.240626733653794,67.9079289634096,-0.3710780997876192,-0.9689460440093889,11.979672603823422,-20.924368955253716,9.773909847185456,14.298158382673414,6.824886377662085,-15.610041990840399,-9.0976206423246,0.46595781597024344,5.200537740348814,9.897703704228407,-0.06109215385344909,1.569381409779943,2.462958009362881,-0.17357026898158084,1.765899829080527,5.5554479658712665,-6.173200724875812,1.1733749451078446,1.5682743551072944,1.1330146413973945,-2.705264893082757,-0.8208661974541833,-0.025612545111517115,0.7474081576531111,2.4447018038908173,-2.164656676752111,11.469941136380926,131.55954967204337,-0.3562041942435836,-1.0353427196785567,16.197814813417118,-27.4534277161824,14.339468451612378,21.569536152133598,9.537829660440046,-21.878492397741418,-13.26567804687436,0.09150102662257083,8.303858105259238,13.256098431583297,0.16586948181557037,1.8637546039617177,3.4735812237884987,0.43318200297445586,0.5038599335343279,6.338540467343377,-4.7899948050346985,1.800545031941777,2.518274669955309,1.4539722526532888,-2.544028598343424,-1.0742328110214225,0.02521589451112438,1.4440418589338866,3.394950398841198,-0.08444732823170437,1.107502750046489,1.2265623413605358,-0.1251306264169294,0.693100751198668,3.3103422923683814,-4.22255156842398,1.0806011808264246,1.4765331292019412,0.8588945676986561,-1.6644585173404587,-0.8412620259300674,-0.13122270314364493,0.6352711032718739,1.6870120856580857,0.062342061896931596,1.9049333702429203,3.6287711450650506,-0.18450943908645628,1.7015135935962347,4.978100695449204,-7.941440625569382,1.3086605324099065,1.765174603768427,1.355861177288367,-3.04846570015963,-0.8831313043321046,0.032079237168719854,0.8820432994363224,3.452925636106905,-0.1582317073170731,4.639486028966828,21.524830612978384,-0.15134283687089964,-1.5491965281202622,7.5,-6.9,5.633888430321288,9.399999999999999,4.248272357723576,-6.7,-5.3,1.1,4.1,6.2,-0.22506420597002388,6.5778669717627265,43.26833389820694,-0.1408083603300352,-1.5513094165347214,10.58827248862987,-9.735605614996949,8.048465983828345,13.435048603777437,6.026880598850036,-9.449819861211822,-7.627692663465526,1.5047698544441104,5.807355940311911,8.815862787219979,-0.005521426866546661,0.18500319665876513,0.03422618277396173,-18.032073988901974,371.64136996610193,0.529585036939527,-3.8439291839737195,0.05681167403819883,0.0749954878498074,0.05450962446130812,-0.0940807838857164,-0.033830956037017496,0.0017031560397396395,0.04116453181278991,0.08662547120960468,-0.3448950345226049,9.352428819233886,87.46792481883654,-0.12507574997294185,-1.55001747548433,14.897221825992748,-13.724887337539101,11.587056264637782,19.116878433426947,8.571279618037412,-13.369646944086886,-10.94269920053688,2.0452355852837787,8.174179232890065,12.70034601663681,0.021308913036669708,0.3880298953318951,0.15056719967128143,13.71181287696857,205.8090898087345,5.890343663624783,-1.075760875770364,0.06268154885299425,0.08613317036070631,0.08774583008140979,-0.12471665502814583,-0.04447253040542462,-0.00313365783765672,0.041660639955281686,0.12145696000819806,-0.00793704502956552,0.15004890354168007,0.022514673454060413,-8.36131039734662,82.85011526460534,0.23200725968098587,-1.5947459661620405,0.05813446717840299,0.07742948368913709,0.05921148165225849,-0.09766159365278998,-0.03516768125209031,0.000972946446059907,0.042261802437046775,0.10390057487203344,0.011242349266956922,0.21186115806840325,0.044885150298084944,13.657538814461365,203.78933427603332,3.2087485902473487,-0.3879821188736672,0.056284686440723694,0.07308384481520748,0.05902119845383347,-0.08749405161369839,-0.035368013443354496,-0.0048042891995228034,0.037715831371852984,0.09317790047722843,0.4324186991869919,2.538335317174342,6.4431461824145675,-2.053476931545179,3.889842957823319,3.8,-11.7,1.0378215529539212,1.4249999999999998,2.003760162601626,-6.169999999999999,0.475,1.3,1.9,2.6,0.6226375026715207,2.7971558329703976,7.824080753920318,-1.3774266016202785,1.4102412246710836,5.106689303517182,-11.026251635377312,1.4362908542986623,3.4409976583346054,2.4672812099181076,-5.119157023708831,-0.9767413632006366,1.6938140952983811,2.4642562951339686,3.4464051861058334,-0.030243672324730828,2.2368691328423447,5.003583517462863,0.03373040523234774,3.5562600119840555,9.41959156152505,-7.4633000526390205,0.4590855887604257,0.6214746738170045,1.2391817703726162,-4.407702620979917,-0.31317348689449886,-0.00939771488378599,0.3083011869225056,4.3791948414612145,0.9159452216460894,3.5697342466937645,12.743002592018298,-0.9591058840215422,-0.31160786838096355,6.762295736199938,-9.025951433191729,1.4503314831514946,5.456844082418879,3.376660610488421,-6.099184606694582,-2.126383727947112,2.6893771032337668,3.3304603544717666,4.830840707609252,-0.02488264469986295,1.6659473687095852,2.7753806353103907,0.7146018551389061,2.5631049854585157,7.011414722610574,-4.464396572339458,0.9941953619448104,1.3355687886323273,1.1084741998191976,-2.725044335459237,-0.8178258092467223,-0.08590117453174466,0.5177429793856051,3.4328697968533812,-0.04280585878681804,0.9985883991490766,0.9971787909151156,-0.06779031937875826,11.182656933125624,5.3367687984539565,-5.357532341228582,0.21235013364434321,0.2749006612033792,0.4907745522546722,-1.5433036530978166,-0.1384948138673015,-0.011633194326921188,0.1364058473360777,1.0882176536799102,-0.0007201560990526321,2.978358874933816,8.870621587897027,-0.05472789000839568,3.5715985444891283,9.667687679160561,-11.559679682648783,0.6158582437720828,0.819519244419431,1.6372740921822375,-5.570968180824144,-0.47213056731702846,-0.0014251190067305101,0.34738867710240257,6.247927188621215,3.264126016260162,3.3479977708401774,11.209089073550796,-1.7140327692102613,2.285729268413756,6.6,-8.1,1.1860817748044812,3.4000000000000004,4.2805894308943095,-5.2,2.0,4.8,5.4,5.9849999999999905,4.615124965444926,4.700515752159984,22.094848336304146,-1.6698430093088088,2.1193261633052822,10.369270691416231,-11.45948411664059,1.7716990327104227,4.903858236195623,6.0345530209393745,-6.83323805269889,2.734054897305382,6.795009956969874,7.637913133501005,8.430320047380052,-0.036094312421707755,0.43592874411779464,0.19003386994811766,-8.54389718668454,83.9687903749775,0.7880221520594892,-4.901718018870764,0.1041409380487689,0.13655464221660452,0.14263093266341306,-0.26259929519762704,-0.06475125694352935,0.0008769271787051336,0.07180338527307516,0.22708963061441476,6.527889234823241,6.538621926912036,42.75357670309487,-1.7404297307322023,2.4853235056915164,13.722394012607241,-16.804104509433525,2.484612377120934,6.503825334792273,8.459522195630086,-9.358789384756989,4.211420637933154,9.546963199901851,10.715245972725427,11.882557833337547,0.0881452144320774,0.9141018608882506,0.8355822120793628,6.0172780922415186,41.01575724493006,7.228863583248382,-1.3867005470452884,0.20272227586304378,0.2701420561134638,0.31129667067522643,-0.46220108204647303,-0.11684301399086473,0.011368266177754272,0.1532990421225991,0.4055855018299874,-0.050151603283744385,0.3456208496228792,0.1194537716940409,-4.157443073636626,18.822714788334324,0.513715453049694,-2.002945136387676,0.09561312865295725,0.12832852744073578,0.14453042552250167,-0.2590547327767089,-0.058250653691194955,0.005494868415230749,0.07007787374954083,0.18946806988111237,0.057413102875060726,0.5021694542624199,0.25217416079421656,6.022547341138774,40.835460299070526,4.068894809685154,-0.5806538813574215,0.1528736322598991,0.2103109514313624,0.1927713860555662,-0.3002298248469077,-0.10649091021281933,0.0046066696910869245,0.10382004121854306,0.3259580440232837,0.0030916936722585314,0.17974661897183336,0.03230884703180545,-0.4600979797429857,6.155743087037832,0.918468,-1.162747,0.026962603945742878,0.036431,0.09078100816191306,-0.312764,-0.01448,0.003706,0.021951,0.32265725,0.004371161926872766,0.21869253410223435,0.047826424472056935,-0.5076048298457744,5.784789211767187,1.0620753055716299,-1.3781840805746257,0.037157129362500346,0.050087112104242756,0.11333877833926105,-0.3869214248581134,-0.019349091041392156,0.005733264905153279,0.0307380210628506,0.39662634987779233,0.0003865688794190819,0.12955808702051289,0.01678529791241479,-0.061708493636590804,9.552660159126686,1.020593568604011,-1.090768553417782,0.007993152965708862,0.010782521130444287,0.05849224854429328,-0.2046058461995729,-0.005348854841242983,4.277566520904458e-05,0.005433666289201305,0.21067754698692265,0.00617844477068067,0.29696353124263725,0.0881873388880968,-0.4801980736531557,5.392672296701814,1.4256869753714991,-1.6114227960218181,0.051712106384020226,0.06972897629487096,0.15468155798437355,-0.5457890116495198,-0.026341064864313878,0.008589097780064206,0.043387911430557084,0.526483806441214,0.001377639229516021,0.08629250209447799,0.007446395917725489,0.35836678044895315,8.036158773074275,0.5332711572878214,-0.6500977045670635,0.006522608000132469,0.008814121768457885,0.03983217474051464,-0.13693188124536176,-0.0045950464362308294,-6.858118681694696e-05,0.004219075332227057,0.1503072731391643,0.0005466632334741585,0.09530065014384277,0.00908221391783912,0.06191365802717716,9.685942343722383,0.7506757231889488,-0.6639542823175499,0.008138081557807946,0.010995640621306878,0.0439021193494921,-0.1494529321994249,-0.005408508547892038,7.248630471890293e-05,0.00558713207341484,0.15400040179086563,-0.0007191991764790665,0.15646661325316072,0.02448180106291417,-0.03427510991213181,8.455647993175674,1.104176830865586,-1.0671541523665924,0.0078023556436537305,0.010520449304928563,0.07086385896037545,-0.2668279077348086,-0.005218459764284146,1.3217724029955882e-05,0.005301989540644417,0.2542068193983554,0.009159955591362227,0.3841459304733821,0.14756809589926048,0.24603501292805569,4.986687112313115,2.295978,-1.897265,0.039285993585961444,0.053056000000000006,0.19379701772430205,-0.69423475,-0.018093,0.008345,0.034963,0.7352887499999999,0.012953611805431496,0.49653898409422864,0.24655096272532864,0.2930404385316355,4.803592786176631,2.734407725376788,-2.4333807293377343,0.05462368010372658,0.07367938049937792,0.25152695484976784,-0.9157021209793473,-0.02568772400465831,0.010991483607557521,0.047991656494719606,0.9860872306737725,-0.0009459448773099692,0.22035809152158845,0.048557688499036744,-0.02433080017991909,8.720386504059697,1.5150103605771905,-1.557946020518694,0.008350204526133826,0.01127576757307376,0.09764844116101222,-0.35795208709120974,-0.005798863886723033,-8.887356851887537e-05,0.005476903686350726,0.35676523035245267,0.01831754643578783,0.6509210947731463,0.42369827162067125,0.2542931375598098,4.095407774175356,3.1348800876303433,-3.0092377645990367,0.07431760431090374,0.10016290661431862,0.3329953329419581,-1.226966046398982,-0.03454807092984258,0.014901921427732535,0.06561483568447604,1.3665220427614844,0.0009348798073155515,0.2632750397604298,0.06931374656085591,-0.20793175015759283,6.20940428267134,1.3081145545236668,-1.6321004827992915,0.02148533890528808,0.028998005747377542,0.12673727806828275,-0.456322525810728,-0.014108580463080167,0.00017560771233972203,0.014889425284297375,0.47555121293359565,-0.001337771020801516,0.23636205050310963,0.05586701891803454,0.006489705567980871,7.1738920040983825,1.3935944011054497,-1.4979280919628037,0.007230347579193217,0.009742257760623825,0.10820965922366348,-0.4100677028831101,-0.004966637319100051,-0.0001346718833068767,0.004775620441523773,0.40015775276302606,0.0002193168737540194,0.20305361967562108,0.04123077246337177,0.04761251344874083,9.179481781210844,1.3959891655487051,-1.5009117014976474,0.00903136441839373,0.01218526068084103,0.089770982634854,-0.340210813646024,-0.005860069670800636,6.0588012364630326e-05,0.006325191010040392,0.31077811042699116,0.008098194575791343,0.11936652402268541,0.014248367057258335,0.49512212175224657,8.178282925113978,1.038459,-0.726181,0.01587125674910247,0.021471,0.0606900202541939,-0.19889675,-0.002653,0.008476,0.018818,0.207215,0.011453667632013501,0.11174443575738356,0.012486818922736021,0.27578556672540777,8.330097581947443,0.7907203275388098,-0.7057153087474262,0.020540433814334205,0.027788978329136158,0.0587050528905049,-0.17555101773691711,-0.002383636368113775,0.012281632360204938,0.025405341961022385,0.19495733120045725,-0.0009537446294325981,0.12651662053667798,0.016006455272021766,-0.02793370176316546,8.382160049215443,1.0072912579023388,-0.9932058969433232,0.007722340062829371,0.010418832512392338,0.058372335770646946,-0.21733747499512504,-0.00528055900943419,-7.881221313788071e-05,0.005138273502958148,0.210603445620894,0.01620095114169681,0.14546985763093542,0.02116147947916462,0.18573893395077432,8.409382002468629,0.9565178294804351,-0.8629027765228511,0.02843255701442766,0.03852496121123138,0.07709348639095588,-0.2256250568900862,-0.0028918909289480862,0.01731228616165221,0.0356330702822833,0.24911617630825839,-0.0007818009398661565,0.061701829440242544,0.003807115756272781,0.34972357825816963,8.04819538700236,0.4041065447927756,-0.4286279315116759,0.006576260612508073,0.008898364528970656,0.02942607346713506,-0.10278796792498607,-0.0047461981416003236,-0.00020981966179829843,0.0041521663873703325,0.10161494748533967,-0.001348396351349168,0.1548795610494245,0.02398767843086241,-0.026562852582992867,7.608133776779656,1.0770547222423745,-1.2350027612530017,0.008386575530740467,0.011310859304523755,0.07250439016979211,-0.2743933740230535,-0.005742867263718889,-9.716519178830088e-05,0.0055679920408048655,0.2676887574251272,0.00044434457338262583,0.08955031966982034,0.008019259752967012,0.024142329824864747,9.835997658322654,0.6367217479489078,-0.622277909371012,0.006743828380324038,0.00909293878558955,0.04001918000053979,-0.14059213290146166,-0.004518162407765112,6.393278523288232e-05,0.0045747763778244376,0.1434837265038513,0.00028632313345179687,0.7561365336233946,0.571742457480003,-0.0022908695132542087,0.7990186359215361,2.299119,-2.290169,0.6944434661369314,0.93679575,0.5686483561123996,-1.447818,-0.4673045,0.0011655,0.46949125,1.448056,0.0004330778045782027,1.0691770540397711,1.1431395728851639,-0.002348201454354288,0.801413524086878,3.260737984460158,-3.2449593872699447,0.9793475092304056,1.3204415213367322,0.8037163104852487,-2.0473126789438676,-0.6579056057927939,-0.0001273764505032712,0.6625359155439383,2.0426582152104067,2.239676379630455e-05,0.016423851480559908,0.0002697428974554898,1.2526576307920756,34.7084391289706,0.4887818439768513,-0.1584189439003696,0.016309107321485116,0.021965212455887437,0.01276509138425882,-0.02441329718607522,-0.011071789366322232,-0.00028821728789099957,0.010893423089565205,0.024487206867272453,0.0006925967861787065,1.5110914060586662,2.2833972374643565,-0.0024492951836526046,0.8103812119747325,4.554640301054304,-4.5346611122289575,1.3381546037704326,1.8032911560649878,1.134156207823433,-2.89342948257749,-0.8995386258929319,-0.0003189046979564566,0.9037525301720559,2.873303693647494,-5.3047830700071145e-05,0.050774840127219126,0.0025780843899446616,-0.0025603655182401056,0.10231701424062356,0.14181312467420137,-0.24940466508168146,0.048099740797332015,0.0647752660088426,0.03891869160391685,-0.09257289946174095,-0.03266763050740083,0.0006723505468634421,0.03210763550144177,0.09360784573932136,3.11207378569665e-05,0.006582010209630836,4.332285839968457e-05,11.411606763387478,575.6680371115225,0.33500902619186196,-0.13315873691759889,0.005007983753429834,0.006746902424073073,0.0042467663854491786,-0.009082080817794528,-0.0033707344515726246,3.9669346079850584e-05,0.0033761679725004485,0.009252564661276238,5.1136144722303775e-05,0.02227793909966994,0.0004963065705286027,0.26789765533164267,3.815636883492459,0.32146828102609654,-0.18763424021118952,0.022524226774592187,0.03021135998994757,0.01764241502833026,-0.03680469435903876,-0.015180338937108453,0.0005189517567263135,0.015031021052839114,0.03697842467889429
-5.3783316378433375,7.95376699583887,63.26240942409569,1.0850116663596847,0.24520127125209923,15.6,-20.6,5.930408874022408,6.3999999999999995,8.930925737538148,-14.39,-10.2,-9.1,-3.8,10.489999999999998,-7.569142747726158,11.30341192415015,127.76712112701982,1.1045485048724744,0.2565324214722873,22.130878508005768,-29.762172756813936,8.542791291044662,8.988343445586937,12.66525599889837,-20.064180737929806,-14.374154773968367,-12.99222250168305,-5.385811328381431,14.852234069251626,-0.03508643475434599,0.6089641288379821,0.3708373102114025,-6.317697549876612,97.1462513477223,4.775271542561762,-8.593526495157727,0.24165577675737854,0.3248260069096684,0.2639143040958698,-0.500833982636625,-0.17346501705603448,-0.0026615633776125858,0.15136098985363391,0.4817342226114138,-10.602256394859836,16.13712534362785,260.4068143559563,1.1160134880884018,0.2580348219045865,31.305755539429303,-40.42296153225562,11.224431664042259,12.850625817914583,17.986842155930898,-28.746162603995376,-20.410991718290514,-18.42730631505935,-7.56036590037593,21.085259515741427,0.125054760664662,1.1899224453062645,1.4159154258436397,7.2962488279521045,67.7358535381699,13.203932044413804,-2.7944745985440314,0.2835696928629783,0.375651166855499,0.40039723021915774,-0.5470856124435706,-0.16387561381629934,0.02049075631630748,0.21177555303919965,0.5171044154743284,-0.048954999423808654,0.4854396729184543,0.2356516760431759,-3.117403832502218,20.791587692141285,2.0765277036567418,-3.565758561278517,0.2590837453799857,0.34817801486192257,0.2672872681587214,-0.5407727439418801,-0.19382428582359032,-0.018333751454392644,0.15435372903833222,0.46493993279211765,0.04742319645462171,0.7033506770114334,0.4947021748524417,4.322991073417832,52.90171744913077,7.200780075958481,-4.438983081890249,0.2543013004453944,0.343895944229765,0.3037487993217486,-0.46921591338125274,-0.16580360131466915,0.003562359251828323,0.17809234291509585,0.49950999817131725,-149.91892166836215,12.691721096511147,161.0797843916261,-0.3523246296120341,-0.49327373641700767,-111.0,-184.7,14.82602218505602,19.950000000000017,149.91892166836215,-173.39000000000001,-158.9,-149.0,-138.95,-133.1,-211.93003421691796,17.379753753184165,302.0558405213191,-0.22365252637561106,-0.770845276824299,-159.67881516049576,-252.0913415114809,22.15359664459778,29.980144663934738,211.93003421691796,-241.14864201302436,-226.00259029117456,-210.93203095431426,-196.02244562723982,-188.27742789066073,0.14597238667659582,4.399330670818658,19.354110351205748,-0.04208848448454988,1.735421185411873,14.25853727437832,-14.682526865959295,3.137206527366144,4.304372532132831,3.1450672997066818,-7.384282953878202,-2.013513008992364,0.2910349889289918,2.290859523140467,7.121372081869184,-299.47388519565357,24.107407715100738,581.1671067420987,-0.24234397445946573,-0.8640187234781829,-229.17109025510177,-347.5627887688751,33.40959775895246,45.3067586379272,299.47388519565357,-340.2254085529331,-320.82793984098015,-297.7277294621518,-275.52118120305295,-268.2975083878687,-0.6907503339541755,4.473652013000124,20.01356233342006,-0.38019665703963423,0.6013502913369302,12.39667407949581,-15.897107761186113,4.138007838444669,5.461101398910886,3.524836929956826,-8.559172130419292,-3.228973169591983,-0.6190822211855043,2.232128229318903,5.701624169298839,0.20360852252273987,2.969188398006927,8.81607974285894,-0.6207590382343405,3.804745037054296,10.999509896378283,-12.163449470358472,1.8885406410309402,2.6659599377763286,2.014164230370423,-4.4975789587883295,-0.93609105809079,0.2559901343628243,1.7298688796855384,4.207737633635578,-0.13279460166361834,5.417603339300706,29.350425942002165,0.06210133146564713,1.7129385773546257,16.49795249039246,-18.77925748745612,3.9335524279933,5.32110107864504,3.873499408300823,-7.809930213941134,-2.8329455355542152,-0.14983259054550177,2.488155543090825,10.035321274741843,-0.939471007121058,5.919613117060108,35.041819455670094,-0.4435834361321058,-0.8579407589833048,9.5,-15.1,6.671709983275209,9.55,4.861749745676501,-11.69,-5.9,0.3,3.6500000000000004,7.1,-1.3527053715084967,8.18816431452689,67.04603484169161,-0.3647976032243031,-1.0760876506191157,11.48000527307695,-19.04212883207559,9.811341950832448,14.347442519952423,6.810154412024637,-15.222671957078342,-8.912071328666684,0.465842804760793,5.435371191285738,9.812094477380695,-0.015392941316467944,1.677406247432623,2.813691718925994,-0.3712676891131818,2.446480808377329,5.318785588347904,-7.573633999161732,1.2039950825993206,1.6340339858123762,1.1838668704160316,-2.996445034369579,-0.8629677112625181,0.05673831827870107,0.771066274549858,2.635455830528457,-1.980576432203235,11.353621460981437,128.90472027925824,-0.3243538382413052,-1.2040734664804693,15.534888548214765,-22.860403592109517,14.265463820063092,20.99143245486974,9.498665716944743,-20.00875815386688,-13.446541756630852,0.5963700158524411,7.5448906982388895,13.31127596086013,-0.11306403175221422,2.1088132026055963,4.447093123483673,0.3775848218257229,0.5251432378132215,6.817778301936362,-5.23601588734432,1.8522108299324989,2.461770425026833,1.609998675861683,-3.453418197894664,-1.4082395110733248,-0.1966161993370095,1.0535309139535083,3.9993684683290796,-0.019540967589547726,1.2440087123260766,1.5475576763431833,-0.198700513537295,2.7663988677673723,4.81896401669587,-5.582380724944486,1.0542828171684318,1.463881488174485,0.9186806994285203,-1.8062986178607736,-0.7884890682464752,0.008439191504528779,0.6753924199280099,1.8276389515128602,0.008151183257633192,2.0010708791012086,4.004284663186884,0.02657319600504263,1.3959070106001272,6.019154475327535,-6.466575815927201,1.5202249647671562,1.960405455906363,1.4563680554848428,-3.1510305492481705,-1.0070870164335075,-0.07918579835811834,0.9533184394728555,3.3242117400253886,-0.34567650050864696,4.462539811794241,19.914261571848584,-0.1539233573418411,-1.556380443678776,7.1,-6.9,5.485628208470727,9.100000000000001,4.074872838250254,-6.6,-5.4,0.7,3.7,5.5,-0.49825849396965527,6.329929177550046,40.0680033927994,-0.14153383796998897,-1.5593693135579736,10.022587063680632,-9.748178674734762,7.889523642010282,12.879520192455464,5.785368961939967,-9.312358832441578,-7.5931680042387395,0.9889478542307668,5.286352188216725,7.882872122420395,-0.009908280040545912,0.17258643746355712,0.029786078396362315,-16.441899118030587,327.4473801538822,0.4783133489535431,-3.4795400207884146,0.06150394230806488,0.0824633006038514,0.05952949098127844,-0.10956918904747998,-0.043758139394862255,-0.003607646165260339,0.03870516120898915,0.10407566890958496,-0.730635102509215,9.003474016593529,81.06254436747481,-0.12472576574719246,-1.5574310570767347,14.105173829098575,-13.675487868708023,11.4084076994088,18.24596035756847,8.22625254128124,-13.134695839582399,-10.7292012349218,1.1846072051234204,7.51675912264667,11.435731897855565,0.022956842557026607,0.3569141730432747,0.12738772691916467,13.362524935620474,198.74528164197656,5.375068790237306,-0.9756248344794998,0.06739978814796531,0.09226238031276424,0.09018584251772802,-0.13720016344922098,-0.045538625153556,-0.001469032981620693,0.04672375515920824,0.13721270292070334,-0.013723400605554976,0.14475411066154836,0.020953752553415788,-7.76979673945918,76.39546053140769,0.32699626564981277,-1.5529922903061921,0.06418177899898574,0.08880631463557367,0.06261839538872048,-0.10603295961419879,-0.04743476423103887,-0.006345941051766414,0.0413715504045348,0.10121051389321464,0.010880295909347026,0.1943531496987749,0.0377731467978344,12.444555986154734,179.80159662552694,2.854720765480086,-0.39550514179259944,0.06348440205053955,0.08380378861642732,0.06478923647902787,-0.11319321464448423,-0.040947172783132375,-0.0001342730711330637,0.042856615833294934,0.10644941773063567,0.431943031536114,2.6416449198970073,6.978287882817666,-2.061800585055411,3.658514245509566,3.3,-10.5,0.8895613311033613,1.4,2.0836215666327567,-6.09,0.5,1.4,1.9,2.5,0.6233932737369684,2.84885165276716,8.11595573947418,-1.2569532303043596,0.6362149823077217,4.38434864056602,-8.685701096180928,1.3950238345665862,3.702316467118708,2.5593834066171923,-5.477655252420415,-1.1708537988345524,1.863993111617977,2.5314626682841554,3.402387774536277,0.04639439538756327,2.40123372277944,5.765923391413208,0.4245466923037094,3.36459419673643,8.737549711272221,-7.482568238002097,0.5220425771654431,0.6720617918508347,1.3351765232065531,-4.229308642919297,-0.3867209905032715,-0.03213489556037841,0.2853408013475631,4.777685732318498,0.9163829037015417,3.6994241883420678,13.685739325290367,-0.9522951184246525,-0.5470858756308759,5.971936075527716,-8.342950382071356,1.6192014090072602,5.4316326826765025,3.5351063339720064,-6.241301373345193,-1.992776119158869,2.7352207813917007,3.4388565635176334,4.549980120823781,0.04535615829707444,1.555369656832065,2.4191747693938956,0.23748259575606612,2.3212482113483466,5.330692292023824,-4.479736103999226,0.7804684682780274,1.0602469495965459,0.9918725731768726,-3.0073136507684834,-0.5168154342911322,0.001944352844178543,0.5434315153054137,3.074201328481528,0.06399395372481496,1.411636268236378,1.9927169538003273,0.2691433793228864,6.136386020148477,5.647870376568405,-6.358450504555278,0.22629041183933188,0.3083936108755379,0.6899425314969282,-1.8995191717761677,-0.1566215538862068,-0.011783790041752864,0.1517720569893311,2.661041444009405,-0.01401702502663252,3.062412599100948,9.378370927132226,-0.3094045557617629,2.65956162471255,8.979812802331596,-10.243735043203289,0.5881229257239041,0.7941843625017471,1.7210609479841947,-6.490735252708408,-0.38840347202907094,0.002522317000867514,0.40578089047267607,6.068458780645965,3.160122075279756,3.428754120266444,11.756354817244116,-1.551345183857745,1.5235990899892355,6.7,-8.0,1.1860817748044812,3.9000000000000004,4.262258392675483,-5.6,1.5,4.8,5.4,6.089999999999997,4.474246704492007,4.810387206760344,23.139825078963586,-1.5216286712129659,1.4325841166599016,10.041879995047564,-11.621046752748283,1.7406914156318523,5.49374027823489,6.006895739266805,-7.673571970470412,2.1273373916131812,6.783247809762857,7.621077669848072,8.56143320141974,-0.02108388821933013,0.48669299836925817,0.23687007466165874,-1.174346735674655,88.95722936067608,6.011496434806181,-4.646611583246062,0.11130990465656548,0.14835403798341085,0.1533193865354625,-0.2908135333597787,-0.0677630788708394,0.004482706779981527,0.08059095911257146,0.24137757017222328,6.341776489654334,6.695998196918767,44.836391853139375,-1.5569524811602389,1.6232448402831272,14.339808744897272,-15.491515025915701,2.436209226394301,7.530567391921968,8.416778199731072,-10.488019258790235,3.166657378177757,9.57466454232982,10.697224770099725,12.045116575052399,0.09950970888458785,0.9530172180413298,0.9082418178832355,5.36539858809544,36.04294695235985,6.885968044589118,-3.5619006529359294,0.18340093960311468,0.2448212746414293,0.3149972834119017,-0.4005273782474076,-0.11614973458804728,0.00438739684244277,0.12867154005338202,0.42092461696592115,-0.029618186109780228,0.3617210821827933,0.1308421412954911,-1.5689232824797161,23.1967927932439,2.575820217352567,-1.9487241856256539,0.09289768249298477,0.12853807513235757,0.14297560822942929,-0.20294866236531928,-0.05923901419502606,-0.004375343384716327,0.06929906093733151,0.19451779273632755,0.029290192833039422,0.5791862517327899,0.3354567141962787,-0.29880318663932803,49.934100619726124,3.8225885683382197,-5.5095305566596995,0.1546364177985825,0.20600857119286003,0.2081155419413277,-0.362250385679192,-0.09914351480797381,0.011521239508075971,0.10686505638488622,0.32061543760597366,-0.0010106918963568388,0.1838810565555454,0.03381224295998369,-0.80345785821359,6.937604951322006,0.875559,-1.219444,0.025729078899946217,0.034753,0.08999723654464829,-0.31726624999999997,-0.017318,0.00014,0.017435,0.323861,-0.0014291958774496464,0.2312920299708099,0.05349600312801801,-0.8724164713836379,6.65415729960991,0.9638742306186627,-1.4510704187796817,0.03543879264016211,0.047678480429576564,0.1149967409492125,-0.420440131150476,-0.023458746369448308,0.0006727600504598059,0.024219734060128253,0.40037392732489757,0.0003643527926713941,0.11883812944511915,0.014122501010014896,-0.050908215263268775,8.004832374613631,0.7349391652484272,-0.7510577163979992,0.007907668327868139,0.010650181309152358,0.053422971306637416,-0.19237334486154276,-0.005301745791385282,5.3286896421227644e-05,0.005348435517767077,0.19857098707473275,-0.0020207720098748376,0.31521892673990415,0.09936297177505707,-0.8946625289724595,6.2481649071380705,1.3398393467772616,-1.7545946956910548,0.0497004802517859,0.0668148551226412,0.1579922365031545,-0.590988008119935,-0.032428758896859755,0.0015529715534951373,0.03438609622578144,0.5349986648720557,-0.002354734928316322,0.08720666652635067,0.007605002686638131,-0.17343796186111216,8.449617268712148,0.6047189246197459,-0.603276947556075,0.006159863780629936,0.008311350678479516,0.03932923765728612,-0.14843174790481756,-0.004428263304698945,-0.00016030724353924232,0.003883087373780571,0.13829743961012358,0.0005149565085862066,0.08462082249743352,0.007160683600142151,0.0037050283802441946,7.034406255924653,0.5210066486644348,-0.4973637451427076,0.00830327405162806,0.01120429812561173,0.040264629172687263,-0.14386872401460224,-0.00559598725968281,2.497976032330425e-05,0.00560831086592892,0.15039721776824394,-0.00021015596258039946,0.14518735025724153,0.02107936667471893,-0.09654289459837229,8.234384724868976,0.9092046386746647,-0.9294605868009426,0.007359523303750142,0.00993432595909657,0.0643368831074957,-0.23551492157072762,-0.004964619810196065,1.9206377734604465e-05,0.004969706148900506,0.24364219199253506,0.006944292626728112,0.3784512154018761,0.1432253224391572,0.3629480885389572,4.950466411305639,2.386947,-1.849437,0.03759286185242804,0.050652,0.18767102751934614,-0.70344275,-0.019775,0.005881,0.030877,0.728379,0.009819371148695884,0.49603653351386323,0.24605224258044997,0.33756522555278584,4.581116606394193,2.7876614020064925,-2.142261779956509,0.0527337889052459,0.07115936199018794,0.247474451604704,-0.9185802205542513,-0.028344559131189585,0.0077135570104790736,0.04281480285899835,0.9909859641553661,-0.0008760279051190923,0.20093008146574282,0.040372897637830044,-0.036960825650193256,9.933809562076467,1.4789055209137176,-1.6037452095087859,0.008156760095464748,0.01102187019444905,0.08725792819164403,-0.32290083648279655,-0.005620953079018403,-3.681866474628144e-05,0.0054009171154306475,0.31588189743752154,0.013882739418884397,0.6546528148468701,0.42857030798693035,0.32986527372269653,4.194491703643846,3.286986925120139,-3.062575099056712,0.07087473800543062,0.09574093599529775,0.3272009801223429,-1.20845032418975,-0.03853592038442109,0.010088538379635126,0.05720501561087665,1.369329710527865,-0.0009998318493238908,0.25188944963430066,0.06344829483707089,-0.39439941502094045,7.2017069823142865,1.2360836252495415,-1.5928971185787002,0.021868016907773492,0.029463448627384325,0.11621479734465225,-0.4209274077985743,-0.014611724651699578,4.046083963834212e-05,0.014851723975684747,0.43680783280207125,-0.0012385869662753656,0.20665489738608034,0.04270624661365139,-0.035835152665232024,10.203784860700335,1.7953546629731196,-1.5560767202245183,0.007418787460019059,0.010009017805495679,0.09144816900713171,-0.3480893275630862,-0.005027294224682564,-4.599115796389979e-05,0.004981723580813115,0.3384948867406318,-0.00240554924725043,0.1949864789713573,0.03801972698164756,-0.2555631869822622,10.94286614690736,1.2930380583219578,-1.3367541082629957,0.008792598929463599,0.01183581738462675,0.0829900472518913,-0.313902454049943,-0.0059362871853859,3.0140984550903776e-05,0.00589953019924085,0.2932838375587029,0.007088146581456686,0.12145123955569609,0.01475040358961508,0.30875256088864084,7.3025394137556745,0.814681,-0.724911,0.014526536536917885,0.019596,0.059887187534417304,-0.205081,-0.002532,0.007387,0.017064,0.21306599999999998,0.010024719480289669,0.123413499907553,0.015230891959431586,0.1800855225986403,7.009314554562236,0.8761739815857541,-0.6804535053083917,0.01879578033119305,0.025333486509851823,0.06282143947192727,-0.20451659068900147,-0.0023479592139592446,0.010453658029810936,0.02298552729589258,0.21926597801174025,-0.0008342787265524099,0.11944327137971915,0.014266695077889234,-0.010885930166319013,8.231764684294495,0.8670528086245426,-0.7506322391725909,0.007585756022575102,0.010220366851151502,0.05417272654228144,-0.2032159385747938,-0.005165727699565774,-3.488076411870205e-05,0.005054639151585726,0.19629984386614235,0.014178649262866902,0.16335810260292183,0.026685869686026733,0.15688978695514277,7.051020100722958,0.9292259339609781,-0.8614130291365345,0.025807153823663994,0.03482273724048422,0.08368404779786806,-0.2592604818355137,-0.0027613803353006092,0.014665228408243188,0.032061356905183615,0.28335484713525344,0.0012813571331768414,0.06139313475636339,0.003769116995212995,0.6980187240146632,9.073928575566166,0.4542156141084922,-0.39118250937591925,0.00654909254715597,0.008832180570407116,0.028422797884263277,-0.09428653550555269,-0.004617856966575226,-0.00013472456269988595,0.00421432360383189,0.1077457950700124,-0.0011800107289474443,0.1494655722278808,0.022339957281407852,-0.053070004180279275,8.184490425152447,1.0540997544104627,-1.0236710991000115,0.008313692244200062,0.01123709758908275,0.06765279319886448,-0.2528909452500281,-0.005695590624428816,-5.0714520451509556e-05,0.005541506964653933,0.24530874822328944,-0.00031759738116252193,0.07866623029216052,0.006188375788379233,-0.019498427559233814,9.103855784262421,0.5220306119582157,-0.5530609627902627,0.006579721593765302,0.008868267687365556,0.03527985599294777,-0.1300324201015049,-0.004342113410925101,2.7597069923207456e-05,0.004526154276440454,0.12301454250273652,0.0002224296293075963,0.7800958704973472,0.6085495671670139,-0.0018298912256925325,1.2220967161509302,2.455067,-2.461719,0.6800548116063346,0.91743425,0.5746964458307973,-1.4871097500000001,-0.4581755,0.0012109999999999998,0.45925875,1.4859525,0.0003371502581583441,1.1030621320726046,1.2167460672125603,-0.0018756208311477838,1.2249196240571463,3.474391802353016,-3.444084790964812,0.9627893911476499,1.2987465228412134,0.8120797661137934,-2.1053110975241056,-0.6481760690440065,0.002595954960862421,0.6505704537972068,2.0956600675217216,2.0560330041260356e-05,0.016318977048100237,0.0002663090118964223,0.6788999337007755,20.69171548979801,0.45271965835570266,-0.24289177848787608,0.015763993940980096,0.02118406964580581,0.012773591070624295,-0.02456354959709414,-0.010526026333080392,-0.0001937797095336695,0.010658043312725417,0.024895040674374362,0.0005382151795556649,1.558946081282038,2.4303128843446222,-0.0019484260186454058,1.2361747251458919,4.827120297687351,-4.8726762431947215,1.3301788352491006,1.7946598612270188,1.1458377648104217,-2.9578026307738687,-0.8960423931275775,0.002200506853578964,0.8986174680994414,2.96768886655496,2.4555373037898722e-05,0.05320169021170657,0.0028304198413823946,0.029294348701092456,0.2591322877677915,0.4023097475384787,-0.2809931892930193,0.04418932480080868,0.0595463037423441,0.040399313976618376,-0.09750165132903449,-0.029866350799305122,-0.0005333095510737344,0.029679952943038972,0.0977867970026638,2.9440152353133465e-05,0.006570337691663856,4.316933738249873e-05,7.957566664277842,367.8112348798053,0.3158913441706083,-0.09100958853587662,0.005273809253550017,0.007109406391951774,0.004520155672176051,-0.009477448457055001,-0.0035832368088669665,8.45380528843146e-05,0.003526169583084808,0.009572674836462142,4.7980785717028655e-05,0.02212165218066827,0.0004893674952024652,0.14759431241753682,2.225664439520723,0.26978600341596715,-0.1876880567674461,0.02118806450863582,0.028606886332633266,0.01750426127012226,-0.03853411204660116,-0.014322972282858077,0.00011541944920060115,0.01428391404977519,0.03831492145788534
-5.865208545269582,7.803518660937867,60.89490349160552,1.0024818374898465,0.266247701978902,14.2,-21.7,4.596066877367366,6.5,9.10406917599186,-15.68,-10.5,-8.6,-4.0,9.6,-8.250682586649154,11.066974202002374,122.4779179877861,1.0162594030493346,0.2771221154343926,19.90427401883526,-31.15709909002176,6.292416448515961,9.253007286389195,12.880114056806777,-22.292398612501987,-14.855837100873602,-12.0834428134162,-5.602829814484407,13.553909627979158,0.05737764862812429,0.7612340335203107,0.5794772537896015,8.775412413236742,106.26807795257787,11.055414931197365,-1.4994320807910086,0.2862856134833158,0.40006957863304193,0.31159475384595,-0.5395919656724995,-0.1980894814746055,0.01567479802884142,0.20198009715843643,0.5030074608986317,-11.54636346911201,15.757186179013084,248.28891628008094,1.0487357778506199,0.2882236999321619,28.003411202921743,-42.13704419132548,9.24408947011663,13.199871453776536,18.24663704473522,-30.552408212486377,-21.002634520677972,-17.23916496293728,-7.802763066901436,19.251433007923787,0.07607657412121639,1.2768807596199414,1.6304244742875984,4.35352268146948,41.06165532777895,12.16196731578291,-6.343748857528056,0.30598777766099383,0.41951135236356873,0.4802314121181779,-0.67560736735987,-0.20688544496672534,0.007297972532021579,0.2126259073968434,0.7656134773580006,0.07907500648193437,0.5267118124520469,0.27742533337652026,4.156675402083286,28.04025859655178,4.704409360705979,-0.8803218411799208,0.2887590543175225,0.3812544887517506,0.29068552258961,-0.4850065500227245,-0.17496604986125086,0.023440050257041073,0.20628843889049978,0.7097461927174494,-0.1114551246515853,0.9241450588614448,0.8540440898180233,-7.0935651694172215,62.65044931023495,1.470110862581075,-10.032239458692157,0.25610084330173405,0.3392583963313779,0.34093101233186757,-0.509859140528125,-0.1857922552662534,-0.011401494766196682,0.1534661410651245,0.5450331690484497,-150.37344862665313,12.537389736830377,157.18614141317968,-0.28712794781220125,-0.5877350563862738,-111.1,-183.6,14.974282406906571,20.349999999999966,150.37344862665313,-171.9,-159.7,-149.6,-139.35000000000002,-133.4,-212.56863321328763,17.170176864216668,294.81497354848136,-0.16701746438104423,-0.8329312883078424,-155.2849524568333,-248.9288112112858,22.307948197033102,30.39994619958989,212.56863321328763,-240.94105024228517,-226.87609932931687,-211.3539615498751,-196.47615312972698,-189.45335240280983,-0.12063475669824945,4.347828154651414,18.903609662379523,-0.006888808584091042,1.8340667314218484,15.131395310372934,-16.94382724989773,3.23070636162483,4.350549381103211,3.123677184354875,-7.021708492371097,-2.3364940950280397,-0.22675974366345564,2.0140552860751715,7.080601581299229,-300.3653393118371,23.748751540130137,564.0031997148336,-0.210308335957213,-1.0457332542687303,-245.06805841863456,-345.76791663426104,33.2120705267756,46.975878390190246,300.3653393118371,-338.9009858952328,-323.51598387652325,-298.384777008581,-276.540105486333,-270.2202425178931,-0.29160234541678504,4.83596026694795,23.386511703499288,-0.0741459291682364,-0.0087508251353694,13.026811532831843,-17.063507909523764,4.900069589876549,6.757826030763236,3.867703027774595,-8.310585656496448,-3.6998882818346708,-0.449831195360197,3.0579377489285653,7.862696234221625,-0.16819593566604227,2.6179215873785364,6.8535134376625555,0.07087994174692878,1.8183952044491747,10.016803767453892,-10.440856405131356,1.786065911108073,2.285266602594359,1.8737757152303,-4.585847090521106,-1.359465217812376,-0.1494984939790592,0.9258013847819828,4.678925229298793,0.1570652403112775,5.515840018982,30.42449111500335,0.07463366327932297,1.436681990265173,20.30191638627167,-16.39366668227104,4.42542283590893,5.906340014372205,4.052097719633474,-9.826278578100432,-2.5639559312964257,0.025324131381135248,3.342384083075779,8.472489041088027,-1.1755849440488302,6.004936426298215,36.05926148388318,-0.42299013760660076,-0.845952560196018,10.3,-16.8,6.968230426976329,9.9,4.948931841302136,-11.790000000000001,-6.2,0.0,3.7,7.0,-1.6866397230661792,8.291744061295743,68.75301957803322,-0.33488895697815246,-1.0743808359031606,12.02389745335022,-20.733567205638852,10.27103230461375,14.583028551520755,6.9350796458682655,-15.408650030018332,-9.545168672688625,0.011885253564275451,5.037859878832131,9.64067886191429,0.05597444245890933,1.756265716606805,3.0844692673284144,0.13520906287435322,1.5344426455128408,6.890084801380568,-5.915063716925218,1.358965307446417,1.827614385527348,1.2812540994828916,-2.9021484443097605,-0.8428722595807931,0.0682601654728838,0.9847421259465549,3.2767210067092005,-2.45262874562694,11.490662875371713,132.0353333154457,-0.27741478140469616,-1.2104439932463553,14.901361643523963,-26.131889382752675,15.016986795043648,21.741500196659956,9.720320586119712,-20.56820861685176,-14.292232871244527,0.22671378310239165,7.449267325415429,13.517697333106288,0.04013580761105604,2.1242107472655936,4.512271298798651,0.433614753294671,0.8753878551778693,7.598120082833908,-5.514771234425491,1.6846630772006257,2.1865979703366243,1.5721013756706235,-3.2962334056337648,-1.1580999946741464,0.015221801636662646,1.0284979756624781,3.7582770655175057,0.07728222669070259,1.139508504834662,1.2984796325905268,0.2531898064025562,0.6639876982478152,3.963970143881003,-3.386444208971605,0.924344224898981,1.2208569301069923,0.8635169745616693,-1.8442677116827575,-0.5669983157071528,0.017759143859392958,0.6538586143998395,1.872229368730368,0.05711424312275149,2.1868433160549534,4.782283688974226,-0.16044311764646083,1.5959818915134374,6.551016653488026,-8.33433610509279,1.4244894222439115,1.8507037820131869,1.5433494960453655,-3.617071425985457,-0.8408524483477391,0.03401581425331963,1.0098513336654478,3.881467514964259,-0.33479145473041716,4.410222349516541,19.4500611721752,-0.1920465264587148,-1.5356932073656224,6.9,-7.0,5.337367986620166,8.9,4.015361139369277,-6.7,-5.3,1.0,3.6,5.4899999999999975,-0.4845670706557061,6.2559270243038005,39.13662293341461,-0.1820700965748711,-1.5353207969601572,9.771006052702203,-9.915156261362828,7.509945194552462,12.6407436903775,5.693908839482742,-9.483888809772383,-7.48985294921739,1.3991079532911683,5.15089074116011,7.801002900200808,0.00946978985516522,0.21599265856161237,0.04665282855251326,17.816787920619785,367.3387412721104,4.47748980545846,-0.7125082998366324,0.057991005557015175,0.07926727298273993,0.06002872424917236,-0.09505470723791967,-0.03896728094584692,-0.002186155674188797,0.04029999203689301,0.1053517893812619,-0.7160124778397762,8.901406705589546,79.23504133831453,-0.15975688403844737,-1.538637726321811,13.812678296973456,-13.976255630375856,10.770789175950075,17.894454295309707,8.106348385801034,-13.379854786893583,-10.617270720050122,1.8246577663212213,7.277183575259585,11.170034853786644,0.013867046051422109,0.3771380518516872,0.1422331101544859,8.527202564542318,139.35737744258404,5.11262138233813,-2.5962122152348233,0.07544676917591898,0.09910939262065935,0.09799371607672981,-0.1308940114386507,-0.050544090888371945,0.002432309347342454,0.0485653017322874,0.1396457328152219,0.013194649109150143,0.14675573819552556,0.02153724669331364,9.630148964591578,118.38733971622526,1.9376176410314452,-0.17258317531373746,0.06180997595085734,0.0806826644523625,0.06048857141586584,-0.09413424242880367,-0.037537972967112025,-0.004934636271779026,0.043144691485250464,0.11711156225426743,-0.025708355317127656,0.264597779755073,0.07001198505131412,-14.13475667161048,212.2813261166709,0.1487636600136404,-4.059669730211806,0.06024884364439058,0.0816340593409532,0.06616941065843837,-0.10057840379687888,-0.0460828004616633,-0.005567970438824325,0.03555125887928991,0.08851545851436658,0.36378433367243135,2.636185073527821,6.949471741890883,-2.0055189894642327,3.35218437618302,3.8,-11.1,0.8895613311033613,1.3,2.0585961342828076,-6.4,0.5,1.3,1.8,2.4,0.5254594973514325,2.833646889963146,8.029554696997812,-1.3341245321184547,0.9653104643765302,4.908071529858851,-9.91420439616111,1.4908905487479747,3.516321546035359,2.477434233548403,-5.707228100674357,-1.0622724735915479,1.6692528083032927,2.4540490724438113,3.2240322088451348,0.017859662752201206,2.4064532306173447,5.7910171511486555,0.11852913399237892,3.109487353721055,8.877918987876662,-7.520574415755856,0.45068550890563197,0.6574321352629291,1.3119719817429343,-5.277464099530562,-0.2892841241569495,-0.010151055021261991,0.36814801110597956,4.751176295518755,0.7736751236618693,3.6372167738343317,13.229345859861823,-0.9686830803469798,-0.4316689196567389,6.394239511786761,-9.254410679783277,1.5222636436337469,5.363428011682639,3.422224267427918,-6.32881737621093,-2.0484904149083523,2.606155441955809,3.3149375967742865,4.308360101076773,-0.0009811972915750482,1.6384486873222959,2.684514100988155,0.363370382132878,2.015672206256208,5.529483258426967,-4.623910605015871,1.0101102770708887,1.3609406335285827,1.084369440510233,-3.0856071729721277,-0.734079082328282,-0.03737052172108826,0.6268615512003006,2.907008898760668,0.024954141681133198,1.205131678949355,1.4523423636072912,0.3595480353798753,5.604701092280825,4.783942477233242,-4.912076557443951,0.2005404782796959,0.26810421123512373,0.6014776151160693,-1.9040048584678493,-0.1401012282696169,-0.007411031758897784,0.12800298296550686,2.215391103910889,0.057619907274874475,3.1567329902252075,9.96496317157618,-0.03907078154557622,2.8004482680226976,9.423558701594295,-11.500929823804126,0.659671114649152,0.8248923181170162,1.7407715462063649,-5.669010943443199,-0.5522610416274766,0.019567925393175166,0.27263127648953966,6.490216364391987,3.359613428280773,3.1348152718313997,9.827066788507373,-1.5054792343794527,1.4839853867709794,6.7,-7.1,1.1860817748044812,3.6000000000000005,4.192980671414039,-4.29,1.8,4.8,5.4,6.1,4.747680225242653,4.3845919271765865,19.224646367862093,-1.5129396051261412,1.5992473919167551,10.203823311819596,-10.671948861577805,1.7522263269795448,5.0356919521750845,5.886735063765912,-5.826046652598861,2.608324771539076,6.8168722027104725,7.64401672371416,8.581169999720997,0.0395286047959732,0.5458918045586886,0.2979978622843414,8.800511723228166,87.60450803579825,5.937534531348985,-1.0226550141911168,0.10202111300166007,0.13582415924954847,0.15960401701241744,-0.2562455507719717,-0.07117749439133791,0.0012603967238278557,0.06464666485821055,0.27663037837250815,6.703842616068235,6.0825249300602975,36.997109524805026,-1.454236757251519,1.5068325354335377,15.158998076253265,-14.134924233849501,2.767529212900497,7.451272357861921,8.185041846097162,-7.595827089707495,3.3597595812208216,9.510480238667244,10.811031939082742,11.928579982053101,0.05792218566650858,0.9729609566699152,0.9466530232040365,3.8737172222786582,29.0647978473555,6.7110239130569935,-3.4819997710690296,0.17568915541797694,0.2457152267251825,0.3531596681521005,-0.5283914259887027,-0.12688118423598843,0.008191488083603704,0.11883404248919407,0.5985425392393636,0.0547547494751667,0.3462665318855913,0.11990051110407521,5.308903089041293,32.01156484520778,2.527757709349613,-0.45488896068579104,0.09650022852006288,0.12943183362259514,0.13646288271138043,-0.18013760534038756,-0.0652630653325158,0.00022618239148780052,0.06416876829007935,0.23473544874749191,-0.10651515637507053,0.6757863755605868,0.45668722539331447,-6.712594858813979,46.91707761865006,0.5884842216534221,-5.409015217395135,0.13178494812520603,0.18410838629460557,0.21135509561180146,-0.3561791535564569,-0.11446836669456423,-0.007480998170663634,0.06964001960004133,0.24136561890524671,-0.001480205485650892,0.18699035370772535,0.03496539237974023,-0.5792105040374099,6.162701725843352,0.863079,-1.126434,0.02616941175884238,0.035243,0.09281297575394856,-0.335467,-0.018224,-0.000632,0.017019,0.33203325,-0.0020949670564874034,0.23164704925080726,0.05366035542660592,-0.6030962775510832,5.792295208278668,1.1270275407265515,-1.3470449245708769,0.036003806403305916,0.048525198471726094,0.11694923610691586,-0.43370265662498597,-0.025005585735460623,-0.0005775260684617305,0.023519612736265474,0.40401780596083325,-0.00010770478358631162,0.1275317058012109,0.01626433598456661,-0.007393592683105255,9.090080826418939,0.919327708976227,-0.8505329884462643,0.00783769514566911,0.010572885062698364,0.05699144226362373,-0.20651846133172877,-0.005292980310902429,-1.583945012433434e-05,0.005279904751795936,0.2059264192776423,-0.0029673663800165234,0.31576356073641715,0.099706626288941,-0.606851310016798,5.420333036014375,1.4431356538095945,-1.6525365396538676,0.05020310711299133,0.06767335388395165,0.1599651696562159,-0.6053770312481312,-0.0339608434827932,0.00020580888062626855,0.03371251040115846,0.5433488494638528,-0.00029841729879533443,0.08715140999110867,0.0075953682634383145,0.05732241429679225,9.038371823218032,0.5580211510121491,-0.6882795691967687,0.006395171520407172,0.008635838781479216,0.03967687593715203,-0.1413851491586599,-0.004549065963121764,-0.00021110550223514112,0.004086772818357452,0.1479423932672761,-0.00015203322742059168,0.09512493964988435,0.00904875414339414,-0.05776271121434568,8.942526395776992,0.6100352111258986,-0.6553985040361126,0.007982412006874686,0.01075688337104903,0.04395272207219037,-0.15179948778279,-0.005372557602431931,2.6100847447592228e-05,0.005384325768617099,0.1543936390538263,0.0015709806753996744,0.15320495055626096,0.023471756874946362,-0.00663257462238054,8.320404823543218,1.0465936390274746,-1.2037254297148547,0.007588543372636214,0.010227836563425524,0.06887522215641642,-0.25027201814917277,-0.005004876712085566,0.00012096051748868762,0.005222959851339958,0.2608372423074818,0.005955745321577672,0.38946498264957974,0.15168297271023745,0.3458088512304161,5.233114796688547,2.391694,-1.925265,0.03714808118687636,0.050216,0.193646889776078,-0.714048,-0.020301,0.005401,0.029915,0.73993,0.008423489748089498,0.5052669845541875,0.25529472568048156,0.402703560996257,4.964659852708258,3.0051969639935607,-2.389688487553855,0.05175306511767654,0.06990501225901369,0.2532873490929054,-0.9411079519716536,-0.02922989343712488,0.006983747192882271,0.0406751188218888,0.9802353910916279,0.0006582144477540182,0.21919002793350123,0.04804426834548905,-0.02592305384232168,10.176776263398686,1.9262079464434076,-1.9858329047798717,0.00828014735556311,0.011177784616361007,0.09567487452830682,-0.3440727803969774,-0.005722128903973254,-3.848766592343498e-05,0.005455655712387752,0.3638831818865408,0.011914769778000758,0.6622161049423267,0.43853016964498664,0.34426606194084153,4.1898865959795355,3.66173401774069,-2.7852909487354736,0.07012445702691682,0.09515274241163808,0.33507534575955666,-1.259174489456297,-0.03989976521106754,0.009211912311013329,0.05525297720057054,1.388714003162782,-0.0008583032205778558,0.2682708809922862,0.07196926558837737,-0.26476522529356705,7.343553822508806,1.5298728521485996,-1.6552284637023174,0.020664506586302478,0.027879380449296193,0.12420075325052973,-0.4610655116721143,-0.01394778377534002,3.705522383884419e-05,0.013931596673956173,0.46443599145856873,0.0009308369097710381,0.23223587841457796,0.053933503222990634,0.06195029303916261,10.797015658650809,2.0650990390679076,-2.0372095033111814,0.007412498103171307,0.009984477059771076,0.1029088660625769,-0.3722624268900976,-0.005050089187995498,8.217561121945995e-05,0.004934387871775578,0.3800373753798395,0.00037344358076672003,0.2052756035148269,0.04213807339837642,-0.029363588891529995,11.511542242124381,1.6927191788983706,-1.7116116132985533,0.008829713274058596,0.011908919549874414,0.08758675193149525,-0.30968607355498334,-0.005803079385239664,0.00014851482580630575,0.006105840164634751,0.30489455276396316,0.005703574679590108,0.12494963608975157,0.015612411558961349,0.4898965431540177,8.271019998045059,1.045595,-0.860326,0.015423510879113776,0.020866000000000003,0.06168552969083001,-0.207742,-0.004709,0.006238,0.016157,0.21355000000000002,0.008068324589376554,0.12664548346200163,0.01603907848132413,0.38852729078088566,6.9977086888223905,0.9548983353027337,-0.7171328119461711,0.020059545402271294,0.02716815148416983,0.06526563901368211,-0.21004704633235466,-0.005660030900237466,0.008674715646733727,0.021508120583932363,0.23010886433302125,0.00045856016228453054,0.12321875046716255,0.015182860466688871,0.030163189438879533,8.141839151458282,0.9562750578305523,-0.8616253884485746,0.007732926602909471,0.010438630125718933,0.0565108172926569,-0.20500835405174042,-0.005175502979916033,-1.2985736414577401e-05,0.0052631271458029,0.20611456927828853,0.011416615008163497,0.16786240831167357,0.02817778812419501,0.29552450160975624,6.167202973196051,1.056549026877588,-0.874760955813013,0.027518480117842227,0.037485070496528196,0.08792027609528719,-0.2806023778733115,-0.007457928389814841,0.012353316774164631,0.030027142106713357,0.3108840002323985,0.00011080778656710457,0.062409730309102,0.003894974437254844,0.31147135206046783,8.541238856277973,0.4630359375130155,-0.45123961231108844,0.006603882136709055,0.008935103213345846,0.029276297595313458,-0.10106124158197483,-0.004660224351210671,-9.216876340505543e-05,0.004274878862135175,0.10831083834048036,0.0006483914211487219,0.15177482199723777,0.02303559659229321,0.05891806773651468,7.183666069491176,1.0335620374523866,-1.0607265381202533,0.008574457852268619,0.011574323373139824,0.07048326923707125,-0.26086124532972943,-0.005810652590915757,2.9849969643894035e-05,0.005763670782224067,0.262012054132383,-0.0008852583168602919,0.08558051588792333,0.007324024699643097,-0.01787024778421226,9.48353574572619,0.6218301215359875,-0.5516562891537561,0.006538012134687394,0.008820748346471651,0.03840222799934868,-0.14229612478775225,-0.00437547979375599,3.2404768013249565e-05,0.004445268552715662,0.13263700204681925,0.0001695921379149269,0.789444494030443,0.6232226091549823,-0.0015872403723608953,0.9581587195166286,2.243749,-2.255782,0.6876435110617555,0.9276139999999999,0.5833908446413454,-1.5309597499999998,-0.46254175,0.001216,0.46507224999999996,1.53181125,0.00024297125881136503,1.1162838845872258,1.246089710989147,-0.0015906237937819865,0.960682860357069,3.1682625364560884,-3.179676046637574,0.9724365264503531,1.3112439308714547,0.8244095665584921,-2.1621932985236496,-0.6542751013958504,0.0007943430808958285,0.6569688294756042,2.1662050145757696,1.1734403306824065e-05,0.015997636724251387,0.00025592438076111663,0.42371674107845014,13.125853522514412,0.40070291273998954,-0.2194989945736458,0.015007909623032011,0.0202361663540062,0.012459948315444115,-0.02414509252265864,-0.01035293480767296,-0.00025513042188572005,0.009883231546333238,0.024291015661036048,0.00035086524162584087,1.5776346378414703,2.4889310505171873,-0.0015898357203459666,0.9706614698427596,4.445069937604666,-4.432914292471668,1.3319152679562873,1.7967358861942588,1.163514978149727,-3.0361354263201488,-0.8969644208604928,-0.0013986402165066282,0.8997714653337661,3.048795304753818,-2.775384507146675e-05,0.0533618026051733,0.0028474819772734803,-0.007453268482063301,0.08060169102891468,0.16987260517232347,-0.2782643706204695,0.04750287412139342,0.064016430115511,0.04066955361312545,-0.0972834478612333,-0.03202603261051792,-0.00038611453723696315,0.031990397504993086,0.0980610928537953,1.5033440919245821e-05,0.006309590761704569,3.9810935580187636e-05,4.230416599812391,184.23275811457714,0.26360580627772723,-0.09916049666655302,0.00557622089974302,0.007533293162409671,0.004581485344615608,-0.00977743499891454,-0.0037828977251109404,7.248024309367901e-05,0.0037503954372987303,0.009817249972641651,2.554007644839219e-05,0.0217287975769192,0.0004721406441387298,0.14860744282284402,1.733268090500534,0.24634501575735662,-0.1314098049071999,0.02034714289778932,0.027417957180479863,0.01705074782150668,-0.03828746118158012,-0.013610003413790185,0.00021534831795583524,0.013807953766689678,0.038585581182622244
-5.486077235772359,7.9063638087910855,62.510588676961476,1.0204962237781379,0.1635101881597425,14.5,-20.8,6.152799206798249,6.6000000000000005,8.920223577235772,-15.184999999999999,-10.3,-9.05,-3.7,10.3,-7.716452672344923,11.227135542665739,126.04857249338832,1.0360917885446816,0.16253072681282443,20.230398721640093,-28.540036897884104,8.903086578144716,9.24554200570709,12.640992489867283,-21.354698576422425,-14.449040827974159,-12.882746624130965,-5.203498822267068,14.426512081503494,-0.03089485397705638,0.5967389290825905,0.356097349482637,-7.493457160484671,91.14150633529772,1.2902961496816912,-8.480216293871774,0.29544788137457273,0.39310206304236917,0.2915633229369382,-0.540716707998782,-0.1875145495771317,0.00394041738873141,0.20558751346523743,0.5548044195712551,-10.817888669821166,15.998002763358677,255.93609241643188,1.0418627901181152,0.15529688079911486,28.26208881293439,-40.76719748033074,12.44690485150838,13.007547670522701,17.93523394590341,-29.67652962046977,-20.366038196258717,-18.376683269916064,-7.358490525736016,20.606824789333192,0.13133208901223586,1.1381749385211861,1.295442190677706,7.816664206571755,75.20948567031284,13.086938857096069,-2.1977976015909517,0.2624891792302278,0.36624443402906026,0.3798054316042298,-0.4929795077816025,-0.1718165120020416,-0.0034596310279026987,0.1944279220270187,0.5705920356928651,-0.045019626505083586,0.51026112250217,0.2603664131371746,-3.0405907464618185,17.570842184925155,1.104680274201889,-3.7146085364319035,0.2893224502003735,0.420939989591708,0.3065990231987938,-0.874102091322402,-0.18666960234930724,-0.0007352665954043491,0.23427038724240076,0.5711418888494385,0.0865563254339612,0.6606918037174992,0.43651365949948256,5.841000740054219,49.68221184426278,6.827324890702641,-1.177301851094143,0.2963748343861678,0.39645125286606253,0.32034519084519447,-0.5036355264713221,-0.16796949000856093,0.026578776243774707,0.2284817628575016,0.567512744237654,-150.772662601626,13.350059172244238,178.22407990242252,-0.42839920377940816,-0.6350040661417404,-113.6,-184.4,15.344932961532992,21.5,150.772662601626,-175.085,-160.7,-149.0,-139.2,-133.145,-213.15639527292024,18.37623987874067,337.6861920810189,-0.33746914581395276,-0.8706425702867184,-164.5058338068852,-251.0202223833456,21.853165976046707,32.478051520073365,213.15639527292024,-244.72097076779414,-228.99146804958252,-210.30303151594737,-196.51341652950916,-188.48966843528004,0.16947176142356035,4.18107585652501,17.481395318016343,-0.04176550914249955,1.271121134193912,14.060933400598188,-15.924738996201928,2.985066913985992,4.074883951438901,3.0478306210685866,-7.004080414422166,-1.8800412298776772,-0.001892871893142356,2.1948427215612236,7.637062535490104,-301.2175549521738,25.63710017189568,657.2609052238134,-0.38101726782627915,-0.9075619544088362,-236.29759879504468,-353.75564133824594,31.08820797881103,44.293912855260885,301.2175549521738,-345.0707757675003,-321.75794289853576,-297.66174673096776,-277.4640300432749,-268.62461077259013,-0.3359795407599223,3.605077922822279,12.996586829620599,-0.2474853516937367,0.06716861300472132,8.624833809877927,-13.14154600100246,3.715330741869515,5.056734833690166,2.8899959243347357,-6.148787888597894,-2.9813224420421047,-0.14540805378021915,2.0754123916480616,5.315959325937078,0.23015144711774396,4.441746319731531,19.729110368848605,0.026583344560300207,3.2118486987046406,17.647567652109934,-15.391953497490107,2.222859086654271,2.9967477491448813,2.8387363820427187,-7.015481806544987,-1.2576325784317686,0.25402017051164066,1.739115170713113,8.53310602231159,-0.4162324552025618,3.819600849822533,14.589350651965018,-0.060860785989467266,0.728774286755332,11.338297734296225,-13.99553234789495,3.301507206844076,4.317507843691857,2.923357617831851,-6.850743842711683,-2.642317949099829,-0.34238935829590306,1.6751898945920272,5.904607980725799,-1.3870934959349595,6.495205086308648,42.18768911320973,-0.5375557508502552,-0.7466572073816304,9.5,-18.7,6.968230426976329,10.6,5.279166666666667,-13.485,-6.7,0.2,3.9,7.184999999999991,-1.9870919424164888,8.949744368560097,80.09792426257316,-0.41733708944956094,-1.0855149311524235,12.097661087488092,-22.138522196512227,10.401807735883308,16.18288101796887,7.398354625532755,-16.874639583837297,-10.55782835000355,0.17831792538820457,5.6250526679653206,9.942568197718776,-0.03728990236386163,2.0091769264659107,4.036791921843003,-0.029114235334660114,1.9846117121010636,6.995414716490071,-6.548432366335291,1.4109809977663088,1.8945642424685896,1.4023890244511983,-3.546704193579018,-0.9874607827797421,-0.03308573446706435,0.9071034596888475,3.3807767463383085,-2.8783040430491944,12.431187019433578,154.53441071213388,-0.3734600210633539,-1.196058797939412,15.808358777134053,-26.6891528124637,14.897984981039246,22.658772661520693,10.377766798716818,-23.084012915526593,-14.50049224682603,0.39193821167669307,8.158280414694662,13.584745574076337,-0.0008997151636492597,2.1319104113401037,4.545042001980331,0.6610079192108979,1.550231274793667,8.688220048561348,-5.991615369868812,1.7072698332291611,2.2729341213118794,1.592516789497788,-2.9399335781721345,-1.3195350415816727,-0.23047517850768529,0.9533990797302068,4.013891870408489,-0.05444116290668494,2.288721692346056,5.238246985015394,-0.25574082087213007,4.801577953421219,8.433807770878058,-10.503428932788768,1.1462993960876509,1.5048863793710876,1.4283648757988612,-3.4303519412543597,-0.8306870966933082,-0.05494259390088016,0.6741992826777794,3.348466586352828,0.021191857374058407,1.6509141609119113,2.72551756669948,0.04255652234797877,0.5450324898214691,4.5369074323212315,-5.222742370581627,1.3958198577232426,1.9220908904944753,1.2772704650543425,-2.6100605595201944,-0.950355766038732,-0.08853251746208643,0.9717351244557433,2.9597839421224585,-0.435060975609756,4.473135756068323,20.00894349221693,-0.13717215926736448,-1.563359230114478,7.0,-7.1,5.7821486521718475,9.100000000000001,4.086077235772358,-6.7,-5.4,0.6,3.7,5.5,-0.6165144928104143,6.342589018927237,40.22843546301637,-0.12732355946783397,-1.5648874729075017,9.885389656934127,-9.94538480023566,8.17978264206384,12.940642354198586,5.7982286269894665,-9.48954219509302,-7.6866637497686785,0.8597139521028915,5.253978604429907,7.840255418577966,-0.00938279923633413,0.1692749352100049,0.02865400369035135,-16.583814627411588,332.0590638410712,0.5209414035501225,-3.424322723085769,0.056814441394878526,0.07786417692619893,0.056262806384615664,-0.10980586960431502,-0.040356123039325925,-0.0030919981251040785,0.037508053886873005,0.10676250375428141,-0.8975824066555564,9.020076142536205,81.36177361715082,-0.11107749238078558,-1.56325121634587,13.87641967361276,-13.925007092595406,11.737829293375473,18.49082302966077,8.250194751107443,-13.384435077781152,-11.0303889769952,1.422400232343774,7.460434052665571,11.305647867873004,0.0251442402314336,0.34691755387079454,0.12035178918369564,13.143082263077424,194.54769544320314,5.199242478463579,-1.0262989692850861,0.07055636155832146,0.09254504875727289,0.08604984671036986,-0.10958097135198715,-0.04639123446878131,0.0034003416669855513,0.04615381428849158,0.12101567557687509,-0.013060164878484482,0.1347090466320525,0.01814652724451649,-7.9090964424265415,77.07520824647497,0.17140507826336673,-1.438229771301156,0.06083029678625616,0.08084601859477246,0.05852567421889486,-0.09992735959945809,-0.04003450263287707,-0.0005112049091697681,0.04081151596189539,0.09057411117244109,0.007466747476543159,0.19595996886099812,0.038400309396003356,12.513141256700397,181.06678954857767,2.8797945322838343,-0.40655958234043366,0.06557901222500036,0.08805789186647554,0.0652270205521323,-0.11105192484496429,-0.04758938596165582,-0.00040799394071045674,0.04046850590481972,0.10236527742126741,0.2583333333333333,2.8951760527977854,8.382044376693766,-2.0729354345685227,3.563237213996919,3.9,-11.6,0.8895613311033613,1.5,2.1567073170731708,-7.385,0.4,1.3,1.9,2.5,0.378046202313534,3.132609238306611,9.813240639923924,-1.1560601903968282,0.10184235563716015,4.697549485984606,-8.932103957018189,1.3594830694847657,4.085402361101725,2.742669615207523,-6.171044312307081,-1.5620996651770993,1.7959073102053675,2.523302695924625,3.4093176608403604,-0.026152875984507974,2.6220807339198955,6.875307375193898,-0.036656290979014836,3.2428790242534173,9.39930962469085,-8.618157127309566,0.4411606524867475,0.5897892574930528,1.4101568487415337,-4.969234957622853,-0.29226628945166533,0.004534530314857066,0.2975229680413874,5.293468236517539,0.5762465840747272,4.222609635724516,17.830432135713533,-1.078793990086724,-0.2169946810860237,6.492076309698894,-10.813156379586779,1.362632680530786,5.677549229061794,3.7982858656587335,-8.07253917801929,-2.281402810430889,2.7811832913145342,3.396146418630906,4.67095024899221,-0.0861918270830729,1.2799514614870429,1.638275743762817,-0.3844035152494774,2.1588809229209636,4.343064037917246,-4.617255144877411,0.9131075707007061,1.1978303718658418,0.8848867362633753,-2.5606032654941853,-0.6278616649594255,-0.05291762350800491,0.5699687069064163,1.921959341961888,-0.03670446024912408,2.89199376101199,8.363627913732277,-0.27674262402952055,7.84903753025694,12.555082122626409,-13.226219248527208,0.17396263016163144,0.2368628197560684,1.274475299519902,-4.958699599739235,-0.10502254184696533,0.006688986805802475,0.13184027790910308,4.406512404144109,-0.033781137863406516,2.279098719384657,5.194290972700784,-0.22821786243922226,4.041457320238291,9.38547948907602,-8.359577602392827,0.5987742027011616,0.8032645085635153,1.253030675422134,-4.9510293797695635,-0.4543044142097607,-0.015172105964451277,0.3489600943537545,3.9204371387007226,3.3772357723577233,3.18528279833785,10.146026505387004,-1.7080866870721696,2.3909524430490636,6.5,-8.7,1.1860817748044812,3.2,4.249390243902439,-4.2,2.2,4.9,5.4,6.0,4.775257345039824,4.471199092610222,19.991621325758473,-1.6606979413047591,2.181118879171339,9.979782786992121,-11.903415534790879,1.7048839504436923,4.6108956723098515,5.991395949875558,-5.889927145353312,3.049057983581855,6.878391640017608,7.659953655891707,8.495101466801973,-0.03740099858042967,0.42025522691055694,0.1766144557456437,-8.483682860039742,85.96004485694395,0.7083795269298616,-5.160319838660585,0.10960214283068458,0.1487350666229052,0.1475017903749568,-0.29201852904314446,-0.07876328275556209,4.509864054880186e-05,0.06997178386734312,0.24081995591201355,6.752431264628921,6.215556939103718,38.63314806324038,-1.7301401286467866,2.5759519428359257,13.005812136237047,-17.7548685621552,2.4098706619528913,6.021522147341603,8.40335919904143,-7.360999233088609,4.732612029909124,9.591678551795944,10.754134177250727,11.87765632553472,0.08341491189809364,0.8882726525094812,0.7890283051962296,6.0248116871564585,42.53984744878227,7.737753317612198,-1.52366334624634,0.2288844240231245,0.29258964761118766,0.3179292703324699,-0.5519798698795262,-0.1314575902830511,0.005657601240260379,0.16113205732813657,0.4900294971973675,-0.051768222040047544,0.33243230109624045,0.11051123481214147,-4.197194235535632,19.277118826585642,0.3719856846747689,-2.14504647002814,0.09789627941252994,0.13167091779651627,0.14473020219643543,-0.3900802667250677,-0.05653636727914189,0.009880456317138265,0.07513455051737437,0.20385490928962943,0.0341287184850115,0.48660273414818067,0.236782220880485,6.115189124631487,43.2360942807649,4.298283569409034,-0.6143589434805427,0.14752492076650878,0.19911782058395983,0.19074917872724245,-0.3183933639438588,-0.12702903131036314,-0.014141141779296006,0.07208878927359669,0.3519295541983871,0.00023365187911662135,0.2013453161563222,0.04053993633808934,-0.6867812336259946,6.203843756155306,1.000246,-1.246485,0.025818035033056557,0.034886,0.09960642635531845,-0.36677224999999997,-0.016084,0.001448,0.018802,0.35746925,0.00033113040248909935,0.25306472782559414,0.06404175646944203,-0.8510773160673712,5.462043103464461,1.0525862862366202,-1.460855767147962,0.03556142977581513,0.04793247144487599,0.12860526444444198,-0.49048591596571645,-0.02173733799390092,0.0024545019057036713,0.026195133450975065,0.4501135490120918,-0.00037440763244170035,0.13050187267860913,0.01703073877262391,-0.06930561543338606,8.346319975825718,0.9204573125718465,-1.0177926000515578,0.00785415981964514,0.010595626501174871,0.059601605513235276,-0.2230689205803313,-0.005309724464950817,-1.2780577779928823e-05,0.0052859020362240544,0.22224078095088481,0.00047019148641912857,0.34528720717327455,0.1192232554375198,-0.9282210303454222,5.408219551246695,1.326218399563378,-1.890981141862837,0.049874159604814124,0.06715431950136691,0.17600364627631207,-0.6783396341362508,-0.029784766406040324,0.004284027562401487,0.03736955309532659,0.6117239974817581,-0.0005791427847140066,0.0940056221966805,0.008837057004585029,-0.17309815403436607,9.171250680194579,0.641630089406477,-0.6986138548086623,0.00658055660650812,0.008890370514943536,0.042696301933171504,-0.15451698526356117,-0.004506031719259002,-0.00011587796714879976,0.004384338795684534,0.1555251593855218,-0.0005299842189803793,0.09095301047025978,0.008272450113603185,-0.15004539114771273,11.327118989036778,0.7023045473387165,-0.7143464610523828,0.007872820559707458,0.010616898381277797,0.04131300614024298,-0.14448624929743736,-0.005324389458264,6.297466065350319e-06,0.005292508923013797,0.14105722161293613,-0.0006011088343776973,0.16056955462731776,0.025782581873215183,0.028554868245121302,7.49562685239489,0.9568425500776881,-1.0758847900392605,0.007705152079768185,0.010385857547360208,0.07320097754429394,-0.2688113011257567,-0.00523975323275621,-7.34423815632736e-05,0.005146104314603997,0.27343911244515345,0.0071018733496259635,0.39349498013200923,0.15483829938909036,0.5191142922782374,5.874809861988657,2.519015,-2.106182,0.03750390571931771,0.050592,0.195442275936578,-0.715129,-0.019355,0.006302,0.031237,0.719095,0.01004155041548523,0.50575804648537,0.2557912015846977,0.4384759296800229,5.159604650289177,2.9298483994540137,-2.1478886811487614,0.052179844372090924,0.07047046424631849,0.2532088881279985,-0.9221782804834775,-0.027290982958259623,0.00822661313406978,0.04317948128805887,0.9590910572168492,0.0004926336056449181,0.23207232423846133,0.05385756367744153,0.05791127025397501,9.570029363630795,1.865323213074354,-1.574213995499495,0.008477540193711303,0.011432688630935044,0.10126660647486856,-0.3555976230321145,-0.005693953845192987,-1.0029049179231266e-05,0.005738734785742057,0.36486082360381944,0.01419545096997775,0.66081993112869,0.4366829813769265,0.4570440009901853,4.420462529020342,3.6701406851988567,-2.6218707547325035,0.07051138373861619,0.09504799824414106,0.33412188238850815,-1.2886371623427195,-0.036753495686703296,0.01099282701601897,0.05829450255743776,1.3361077939063324,0.000566949720100392,0.27351052914773977,0.07480800955467659,-0.061531296607258305,6.4640937608120055,1.38605128591317,-1.5883772584683182,0.021852447517320236,0.029511101223720082,0.12976803464191816,-0.468730806964464,-0.015025402844988127,-4.4791698409074685e-05,0.014485698378731957,0.4951153838454881,0.0006970660101710038,0.2505801285945109,0.06279040084644161,0.040566755729855,9.371254480996292,1.8847055850546557,-1.6429709328439246,0.007538520293121917,0.010190601675477022,0.10956373880859854,-0.40028544620352463,-0.0049189951684070875,0.00012041606582689933,0.005271606507069935,0.40068830993017773,-0.00011927300727534062,0.21190909426239973,0.044905464231110616,0.1351546604407692,11.63224007970903,1.5451871420003158,-1.5314993547867823,0.009160476267226523,0.01236662497738707,0.09122192360384186,-0.32797636401593827,-0.0059957049008236216,0.00020690640656463753,0.006370920076563449,0.31568938676313096,0.006598509775578935,0.13071489226106628,0.017086383058822163,0.16070054779150394,7.424050966852576,0.962737,-0.879196,0.014794887538467402,0.019958999999999998,0.06499641061902066,-0.22129,-0.003076,0.006903,0.016883,0.23223875,0.00933073121134782,0.12629812998627002,0.015951217638028755,-0.06890953556784739,6.034751705124583,0.7404117830336866,-0.719652874568176,0.01887191215033625,0.025473973813815713,0.06550828836605531,-0.2132524739803438,-0.00274126480627704,0.009898965109391668,0.022732709007538675,0.2292024597928917,-7.433988265937167e-05,0.13497597603985817,0.018218514107912365,0.01804865463737674,9.69657525874471,1.0175334214829541,-1.0884734151166116,0.007815516543547795,0.010533653154869503,0.060593032962949475,-0.21480282190303712,-0.005292073342515209,-4.282967508284622e-05,0.005241579812354294,0.21920737131889792,0.01319293639753666,0.16678155849624382,0.027816088254436003,-0.05176351831701209,6.061552406038803,0.8915507123915156,-0.8798521081018362,0.025769574195196255,0.034749629492856336,0.08703963264136527,-0.28651542331561164,-0.0031978364377610864,0.014155002016537738,0.03155179305509525,0.29565060989437425,0.0005524642317408705,0.06387815290356369,0.004080418418371062,0.29474099030695966,8.00889364171466,0.3941603929975504,-0.3929055921914766,0.006643053266085664,0.00896768200183384,0.02990438320099832,-0.10402680815987479,-0.004524989996219619,-4.651480327428595e-06,0.004442692005614222,0.10906037229740206,-0.00010435733638306839,0.17020399031616298,0.028969398319544506,0.12784162807972535,10.091401384551961,1.2570768207521426,-1.2266759721641305,0.008674321833847445,0.011702824984433369,0.07582846425569537,-0.2714280219116265,-0.005872619167672613,-0.00010500042589426613,0.005830205816760756,0.27450101136043537,0.00044109701735138996,0.08637672939451575,0.007460939380893401,0.0945813647310368,9.064169890671172,0.6313279704409158,-0.566230699126872,0.006785987238468023,0.009154551238889192,0.03938333284287968,-0.1406575252849671,-0.0045042722804587935,7.432989544994893e-05,0.004650278958430398,0.14389767628743597,-8.912167317378465e-05,0.9396176665924801,0.8828813593726971,-0.0010955224545727566,1.8559413084258178,3.189846,-3.191602,0.694462739965772,0.9369242499999999,0.6541896835603374,-1.798283,-0.46753425,0.000192,0.46939,1.7984927499999999,-0.00017286280997460128,1.3286699749938624,1.7653639024501913,-0.0009944425640262507,1.8595473376193778,4.492132340765325,-4.518360729049315,0.9797348851622232,1.3212665276072868,0.9246140392336749,-2.547539269281148,-0.659377222027322,0.00035608368265885315,0.6618893055799648,2.537728283753567,-1.195972484971325e-05,0.01650814045901835,0.0002725187014146786,-0.346369798095786,7.985609186075745,0.08656711928174507,-0.3700499342525735,0.015989982655606617,0.02154837298066633,0.012990022098427404,-0.02478147674800023,-0.010834535931967688,-0.00022043850185644257,0.010713837048698643,0.024831012503979805,-0.0003764540198227621,1.8780387313612388,3.5270294764929315,-0.0008026625582102817,1.8722799192190998,6.284924716877292,-6.328743994039325,1.3410658109561702,1.8080092157226317,1.3048276848557196,-3.5888519923251434,-0.9027839753310894,-0.00012950444387722915,0.9052252403915423,3.5859244758804043,-1.2827267858966745e-05,0.056515909910779434,0.0031940480730433367,-0.02838448993835145,0.4026848439673958,0.17212017828034143,-0.47618231536920425,0.047549445484997246,0.06418879461934823,0.04289307010203652,-0.10281951576509259,-0.032221553052188046,0.00012732359637864649,0.031967241567160194,0.10441744720641491,-1.6848283581921877e-05,0.006808063806996386,4.6349732800134124e-05,-5.383736706510694,232.24120765435768,0.03789677264414429,-0.3014781715332156,0.006084048905076886,0.008210137667124624,0.004946430960381875,-0.010544498307899334,-0.004088099957183866,5.032946154207799e-05,0.004122037709940758,0.010554845889204257,-3.452194198923989e-05,0.022333076341653813,0.0004987662988821373,-0.05061121251141341,0.3371051701201728,0.05954140352461747,-0.19159557988542317,0.021528210167896196,0.028975231836469235,0.0176831286599011,-0.03800531273601721,-0.014536044508066885,0.00022334622260993892,0.01443918732840235,0.03806074406218529
-5.682418699186992,7.892972190724656,62.29901000355277,1.0786356129887191,0.17815208355880818,14.5,-20.1,5.782148652171847,6.699999999999999,9.078963414634147,-14.6,-10.6,-9.2,-3.9,10.1,-7.993801626907679,11.214279041933143,125.76005443034093,1.0946512955773449,0.18169862677484172,20.53174722255947,-28.30294302772958,8.184651303703749,9.542800716120528,12.868123675035598,-20.57068922960573,-14.960721387224158,-13.120621773681977,-5.41792067110363,14.220977796139264,-0.03948027063879254,0.6069428836611412,0.3683796640269016,-7.313443779024788,83.06689006515978,1.2838801108316946,-8.34992459814708,0.27052754161575376,0.3622561350014465,0.28094898162275345,-0.5362747047135414,-0.17641939227537773,0.007246074181550544,0.18583674272606876,0.44234404984719017,-11.209898726364099,15.99839092329331,255.94851213451378,1.1004803208793674,0.17972063167536856,29.080500685023665,-40.25667578121738,11.19801125805121,13.661576302720135,18.266184058461484,-29.044408397363398,-21.267903380149797,-18.677061399874376,-7.606327077429662,20.01367879053076,0.12618784586741774,1.1390096181822893,1.2973429103117644,7.342302730755991,67.66999601344664,12.72277360796941,-2.5413535297075533,0.2554344567087521,0.3506830894448401,0.376979606402361,-0.5055168004139995,-0.14959166414317265,0.007762866106587607,0.20109142530166746,0.5049338206788965,-0.057485187746616886,0.4933246343201856,0.24336919482714484,-3.3560127226445906,17.124179736864644,0.7520088995126064,-3.5485523525917366,0.2762377346659352,0.3796066444526988,0.28866037429295044,-0.6415202604340496,-0.18275235416981545,0.029438603591846333,0.19685429028288337,0.4622353010458412,0.0952115744537734,0.6897673884479745,0.4757790501663389,5.202288561791112,43.669696298677756,6.9523971881954525,-1.893435000311297,0.2574669380662267,0.3472960679567344,0.3167651097416992,-0.5063579042904662,-0.13557433036483219,0.03738752679871067,0.21172173759190221,0.6115761475767281,-148.54512195121953,11.796358840578606,139.154081895697,-0.30109588281942995,-0.6182339939559109,-115.0,-179.9,14.60363185228017,18.950000000000017,148.54512195121953,-169.485,-156.525,-148.14999999999998,-137.575,-132.41500000000002,-210.01522345273105,16.131923039875726,260.23894096447333,-0.17085981532867187,-0.8540835501947499,-164.14195176934896,-246.353562331553,21.642671235209747,28.772014977380593,210.01522345273105,-237.2672533536781,-222.61453154044682,-209.80760226022784,-193.84251656306623,-187.63142571454065,0.13290924706734966,4.174019608800488,17.42243969465098,-0.240705387462061,1.9384438001086801,15.328936822773844,-17.627827620392356,2.856583166365356,3.827431163558537,2.953715917939076,-7.051229817928147,-1.7116876791083344,0.23907229316330714,2.1157434844502028,7.013564035779198,-296.79846137261273,22.40392199411391,501.93572071834114,-0.18632254739046006,-0.9281651154883028,-236.5032116400918,-343.1062509909857,32.518598053006,39.546053377773376,296.79846137261273,-334.8132999871467,-313.43390384331855,-296.484387447124,-273.88785046554517,-266.9964372801934,0.004235477913552675,4.046136104548936,16.371217376534442,-0.15941725252093703,-0.37755114365347,9.439808710321643,-10.500425138305989,4.490386229819162,5.929123135481892,3.2821103308527757,-6.765559070904072,-2.959422600895068,0.3336864634773775,2.969700534586824,6.387393433172338,0.1765069780742312,2.851038216957677,8.12841891455321,0.7005039894406424,5.275061413115985,13.787434005499797,-12.833745956744039,2.218818644650707,2.8908364412263143,1.9954544112236667,-3.7128490599023505,-1.328796301644891,-0.01662400530832961,1.5620401395814234,3.8537564613550424,-0.4711891423031761,5.102380739726267,26.03428921312957,0.54225027443048,2.0781039657114047,20.15722904242807,-13.346256578287559,3.1725299260398674,4.311251330874068,3.5923533558278997,-8.42775662634526,-2.757074631497046,-0.6895982193335797,1.5541766993770216,8.905096749040593,-1.071239837398374,5.890216506659458,34.69465049532355,-0.42139794368039063,-0.8856125900529164,9.4,-16.9,6.819970205125769,9.899999999999999,4.853963414634147,-11.2,-6.1,0.2,3.8,6.9,-1.5428518612946818,8.156458511749332,66.52781545388811,-0.33017300704474123,-1.1344878497384527,11.777913100096317,-18.892351054694476,9.7877806897538,14.946393593059799,6.788089473759425,-14.94066639105903,-9.603016362240396,0.27729357899894874,5.343377230819403,9.426945584969616,-0.14305985197533871,1.668541789048322,2.784031701800575,-0.1425961433965991,3.0189257706179813,6.597617790416895,-7.6145734512212115,1.1963206063842788,1.5674897636374907,1.1631256065990074,-2.796011638896884,-0.8575247416056478,-0.13857277556392344,0.7099650220318428,2.5634100534523454,-2.254991260589055,11.358739789198403,129.02096959871898,-0.30430161339713785,-1.2269322409698649,15.743095684604134,-23.143791077318294,14.179912921754873,21.279266484313993,9.52634049163085,-20.275560398904403,-12.98139779708232,0.41544363027980347,8.297868687231674,13.086934611968172,0.15911616017550997,1.9089316505651885,3.644020046529535,0.5054959653880766,0.4590460923401336,6.621709459484681,-4.231000345650126,1.7272827855959418,2.4162744057307717,1.4767032370894746,-2.7795070292415014,-0.985874012110241,-0.018534520013868377,1.4304003936205307,4.063146945355043,-0.2005665261191664,1.3234025666429212,1.7513943533970713,-0.039513856058962904,2.3816750618381235,4.867972540689548,-5.300411581671017,0.9473758172575735,1.2928834035437973,0.9552974563586419,-2.508740030692355,-0.8254095619495156,-0.16203257508977656,0.4674738415942815,1.6498429679383948,0.009267257059915796,1.9342462551246329,3.7413085754636666,-0.005502362486896578,4.00082609970239,9.361294247002872,-8.325175971200022,1.4957259565177095,2.01860574022167,1.3509380218960105,-3.1265110544963273,-0.9657338814162236,-0.030158565255700223,1.0528718588054464,2.954166660115775,-0.47317073170731705,4.444430115566168,19.7529590521515,-0.15183837665693414,-1.5395577858822174,7.1,-7.1,5.485628208470727,9.0,4.044308943089431,-6.8,-5.4,0.6,3.6,5.4,-0.6703272782836031,6.303851800407848,39.738547521505275,-0.1411030193486093,-1.5406048393969731,10.026941325099157,-10.01413729813939,7.971891903001547,12.706898661727145,5.739964102642596,-9.526100697683336,-7.606476225104899,0.7402720701305907,5.100422436622246,7.716491634891033,-0.010537109195515948,0.17072660494287184,0.029147573635319435,-16.530311231646934,329.66812798139586,0.43808996700358216,-3.4488773140461273,0.05653887224856617,0.0783375772437295,0.057365936690652944,-0.12374255918967074,-0.040537695889184516,0.0013888421010143648,0.037799881354544984,0.0997067579583145,-0.9738097739686615,8.970563563471348,80.47101064627977,-0.12374174549585469,-1.5381216987678423,14.12281133411237,-14.078953697807163,11.500349707609075,18.219077950363573,8.169416822911684,-13.487916540978961,-11.011640821608587,0.8616913716725859,7.207437128754987,11.15965759802469,0.020675407211627212,0.3567342968512529,0.12725935854995782,13.054885781669011,192.68069435447876,5.328938795354629,-1.0150226439850694,0.08211992274062833,0.11174876525007119,0.09380472258059531,-0.12551367253763962,-0.05865389682099842,-0.0014660650500333272,0.05309486842907277,0.1355666722252647,-0.014576667840224974,0.14252745406089218,0.020314075161079734,-7.197510775785214,66.93452698412162,0.17801936937464316,-1.413016697409826,0.060678132112476295,0.08308671036168205,0.06509355712357873,-0.13312525248294999,-0.04219340577681993,0.0022626972047583194,0.04089330458486213,0.09974215211661519,0.01162981203260908,0.19258748552003782,0.037089939578930774,12.84566117679895,187.60958387488571,2.859455583379505,-0.37446289363002566,0.05480861576089405,0.07130601225246189,0.059939294002399085,-0.10103393692523162,-0.037327043709259315,0.0010977037282295893,0.03397896854320258,0.10491346739856705,0.4808943089430894,2.6543569056035654,7.045610582325335,-2.045046150347785,3.5074495099741645,3.8,-10.7,0.8895613311033613,1.3,2.1310975609756095,-6.2,0.7,1.4,2.0,2.5,0.6909598731852038,2.877392570528282,8.279388004931354,-1.4104437590095866,1.264445409339923,4.710683347590241,-9.577535610991927,1.4061954700181312,3.595101280431683,2.5601270140230112,-5.849098219749866,-0.9478210906739859,1.8860092953939265,2.647280189757697,3.4369549834406574,-0.03758788701208137,2.3971632057483374,5.7463914349936465,-0.16375932156238748,3.9524820655460475,10.70954286110236,-9.646951042931866,0.44888522785462454,0.5928892333724444,1.302495934374898,-5.383765313358671,-0.29782582786308676,0.0014395404172345971,0.2950634055093576,4.325142460426174,1.0134074053135838,3.738601059194704,13.97713787981176,-1.1231291343227434,0.0002837712490362243,5.976419010333424,-10.614289998890374,1.6647956294779205,4.747940257192779,3.5168301101422705,-6.484924110603209,-1.2043441586893948,2.7713768933101406,3.5435960985033836,4.464919528315296,0.16175541840320762,1.5573172440646026,2.425236998660969,0.35690484395013095,1.8147250976238798,5.618514715646088,-4.928114990141594,0.9216141723176555,1.167363312271861,1.0378258383398877,-2.4562699530345555,-0.42250501297679227,0.062351261034926414,0.7448582992950687,3.2879729180697623,-0.052390725505645816,1.4069856389159312,1.979608588115671,-0.9128927262461625,6.510407177798108,5.579604462813719,-6.452728004163671,0.194945248292602,0.2635848236529479,0.6885364666690856,-2.648335007562532,-0.13466011697527003,0.0014869595819416784,0.12892470667767786,2.292993429853651,-0.01843455053014373,3.0582247966155647,9.352738906634311,-0.1530488315086328,2.709199924386394,9.031931577543874,-10.984907495539439,0.6385626767233386,0.7886300261767195,1.716203104938697,-6.127698610923167,-0.4468147248700995,-0.003515475991028255,0.34181530130662,6.42201729913544,3.336991869918699,3.245139188005254,10.530928349527398,-1.649322751547085,2.103515029668112,6.7,-8.1,1.260211885729761,3.5000000000000004,4.2473577235772355,-4.584999999999999,1.9,4.85,5.4,6.1,4.727696496836589,4.559399709970666,20.788125715280593,-1.5984292857317057,1.8923581071594047,10.487500375273257,-10.553758308214645,1.6164241591739967,4.971688713952969,5.997200987330501,-6.271020710150111,2.6824893012918816,6.882674931623481,7.654178015244851,8.57107055462183,-0.041587946205710304,0.44391052639866424,0.19705655544753917,-8.417699678082643,82.40307399401071,0.6792712559002452,-4.96464033342026,0.10332124717996898,0.1377032884530408,0.15151114785743344,-0.3130450904702316,-0.0701591600774186,-0.005488079342449659,0.0675441283756222,0.2686856259663815,6.7179373926476,6.3554122954694545,40.39126544540432,-1.6694805515955873,2.260288929528941,14.108878350720905,-15.978891802160602,2.4217550064497906,6.7905908614016495,8.428411933381744,-8.007887888728824,4.059417281922873,9.703808112468547,10.850008143324523,12.002229611959496,0.1018638943944067,0.9149431269943268,0.8371209256341569,6.096389457459556,42.146540931341406,7.447267492344917,-1.352713847517053,0.19146814093628303,0.2636756234249235,0.31504083287457585,-0.5163052645185546,-0.10438721883254498,0.02128416155909693,0.15928840459237853,0.42982123761125113,-0.05801235398290209,0.35183722794241457,0.12378943496620257,-4.166498101248318,18.65332261687654,0.5330118796061651,-2.1098506063171825,0.09526302976834129,0.1230246531048077,0.14613635220514865,-0.24483248019441942,-0.06457910649130362,-0.0062897665122467125,0.05844554661350408,0.21515674579763866,0.05040257976428438,0.5122100258503034,0.2623591105815685,5.884304319722387,39.96024485165596,4.073600949285106,-0.6692124833811105,0.14954492268846012,0.1975511751712467,0.2043439084344433,-0.3458270590319926,-0.10301377588024795,0.0004453659486514626,0.09453739929099876,0.35432510684752827,-0.001788372403518322,0.18233710815475862,0.03324682101024014,-0.6631905395611271,6.94692140035373,0.920786,-1.286007,0.02528874604105005,0.033995,0.08923016308053748,-0.31910825,-0.018046,-0.000989,0.015949,0.324574,-0.0025289805906099005,0.22550396156169025,0.050852036680016276,-0.7010094415775142,6.26647514427923,1.0281860456934413,-1.3773317908439153,0.03428117403572679,0.046224173826928575,0.11224723042394646,-0.4131996487966872,-0.024288071220936926,-0.0010039549331983012,0.021936102605991648,0.39360882958988624,-6.92141079212206e-05,0.12504364480930938,0.01563591310719672,-0.0468729128975967,8.897263516864303,0.8482350933477368,-0.8867448877896765,0.008640117369057277,0.01166690939610689,0.05592980871337911,-0.20324017670250416,-0.005765363045536223,-8.062076970214902e-06,0.005901546350570666,0.20242513709352064,-0.003575908008442201,0.3057204120394706,0.09346497033758368,-0.7347629780306392,5.813613085279016,1.3163472695130654,-1.6787275390278016,0.04819530950363237,0.06502170288436304,0.15325182864494843,-0.5846747691115275,-0.033340205557710945,-0.000855183279016196,0.0316814973266521,0.5209160079368623,-0.00039636615011184043,0.09067291769383896,0.008221578003113695,-0.018373360393648404,8.8247872954333,0.5745395870894467,-0.7006508169043277,0.006131303671550579,0.008270489200044816,0.041036248182130516,-0.1509063785646419,-0.004233921560565082,-9.888893375692648e-05,0.004036567639479735,0.15230034917972035,-9.763029006407601e-05,0.085323016169582,0.007280017088274752,0.036913617027954336,9.452785324287952,0.6089119634366439,-0.5371761620683179,0.009577812778446474,0.012900829295296441,0.03977329314254654,-0.14233165385078406,-0.006329137860074511,6.117166929291086e-05,0.00657169143522193,0.13669497633828026,-0.0002160818787270454,0.1548754225034346,0.023986396495617377,0.014956255840009241,8.179185015966729,0.9691325185299816,-0.9581153730632777,0.0075669488349218725,0.010214293507309895,0.06867262522774505,-0.2559008068882225,-0.0050917987988881,7.407007977050842e-06,0.005122494708421795,0.2551967093678291,0.005897413245279776,0.38041105630853755,0.14471257176177735,0.49697145887209626,5.772465077868198,2.445831,-1.906879,0.03518808105401196,0.047527,0.18620645888605564,-0.701114,-0.019715,0.004259,0.027812,0.70578675,0.008340688682827344,0.4933683522027732,0.24341233095527964,0.5651463506688892,5.478047977123573,2.9265377445646337,-2.1968583174217384,0.049107204411837996,0.06626058657362181,0.24310334910201067,-0.8999943220133173,-0.028497316400021913,0.005248187671341925,0.0377632701735999,0.9523171788473066,7.661103870287241e-05,0.21444814211404153,0.045988005656164156,0.013516753175725059,9.605192349649984,1.5078526671423729,-1.5735556314837005,0.008530663898632024,0.011505938788423271,0.09228101799060351,-0.3369984930293643,-0.005808652247998095,-4.507527108639747e-05,0.005697286540425176,0.3345983969804352,0.01179660093230181,0.6419869242637388,0.4121472109256155,0.5153968046607711,4.703545221474276,3.4965986503540014,-2.655764116741425,0.06671145965283695,0.09009066740536763,0.3190882814475458,-1.173828443057066,-0.03889831830533255,0.0068573355526140006,0.051192349100035076,1.3438614100605089,0.0006114445186610088,0.2731184423492941,0.07459368355130468,-0.24826840921147786,8.285424077451633,1.5800953164795246,-1.724444567380737,0.01872765063544712,0.025218678760724898,0.1239425168148898,-0.4331615395980918,-0.012566396687614589,-5.860975437245756e-05,0.012652282073110309,0.46564892261227464,0.00010785924765700116,0.2139753994359043,0.045785471563754794,-0.017018224264345974,8.13303838841491,1.463898878484123,-1.528853159142702,0.008610179645521292,0.011641373432468204,0.09601328558337774,-0.3541227661024116,-0.005829123640914511,-9.202792982153794e-05,0.0058122497915536935,0.36956037867072195,-1.1043395858095528e-05,0.2148830954798858,0.04617474472301771,0.05609520779827421,11.29344950298276,1.6347577844313175,-1.5051841511656112,0.008374888305806308,0.011294714698836321,0.09023791400082859,-0.32815850392486984,-0.005519157026546775,6.763715170109898e-05,0.005775557672289546,0.3170998683854458,0.006152580379910037,0.11886094029704906,0.014127923128298662,0.6120411488700914,9.301638047377471,1.087508,-0.744385,0.014256702933149868,0.019292999999999998,0.057734401713319776,-0.192198,-0.00362,0.006359,0.015673,0.20193775,0.008700707152224573,0.11823701683023656,0.013979992148913644,0.39027016951814686,8.325460931070513,0.9209237841944031,-0.7018189036858438,0.017953010422993344,0.02427176105175572,0.05980083631000507,-0.19296300277426218,-0.00317738814256322,0.00918879310098094,0.0210943729091925,0.2077222753646139,-0.0001285454530523104,0.11947146326850085,0.014273430535516746,-0.048433372124419866,8.479330910667509,0.8617635901896207,-0.7923031567309547,0.00858179145684463,0.011575399524695613,0.054191898796464966,-0.1963658069821457,-0.00571825970924807,5.412406650319034e-05,0.005857139815447544,0.19670028531236494,0.012303599850677496,0.15508732104896525,0.02405207715014482,0.27597997279815767,6.933851863960681,0.9767617764112846,-0.787045979392636,0.02459504295413398,0.03323195680615754,0.08010271375740585,-0.2509788875668137,-0.004001025110726447,0.012905537274735524,0.02923093169543109,0.27041744480401714,0.0003513508314035274,0.062474508731435494,0.00390306424123421,0.18145011074700093,10.626134735721669,0.44388068849035417,-0.5415908598144589,0.00632553378268804,0.008530405263683587,0.02863493785328288,-0.09609744092506306,-0.004429297694336649,-3.862313278070605e-05,0.004101107569346937,0.10551211175879288,-0.00018245730438421102,0.1478062819867848,0.021846696994756942,-0.06483407628765385,7.873329677193549,0.8934467836414166,-0.955473243973668,0.01016184936548434,0.013718647068099497,0.06748165176897383,-0.2532419853531988,-0.006732645016497634,6.012189311480191e-05,0.006986002051601863,0.2460375017670159,0.0001437684000746842,0.08182452590519952,0.006695253039610667,-0.030489806065722432,9.142365646054877,0.626504190664898,-0.6061798531065996,0.006478392946193994,0.008744017515211684,0.03702252379092224,-0.13256860699150638,-0.004335260436302368,-2.5422384214963815e-05,0.004408757078909316,0.13356676621101404,3.260340085379485e-05,0.7803736338606523,0.6089830084248794,-0.001156476697370329,1.1222236774694148,2.407768,-2.422433,0.6768768537509678,0.9129277499999999,0.5755692299372547,-1.4959452500000001,-0.45469575,0.0003555,0.458232,1.4948869999999999,6.287693395295816e-05,1.1034638035380735,1.2176323657187123,-0.0011904218447755133,1.1249398330602238,3.3740723913264774,-3.4205352977275845,0.9576980985773822,1.292313697833543,0.8133312208310558,-2.1142969395986846,-0.6439894768322214,0.0001735764238372942,0.6483242210013216,2.115331084336713,3.5549217043023006e-06,0.016542876115803334,0.0002736667501828164,0.10685417873641077,2.8166410970217237,0.27574261881128564,-0.14104908559098056,0.01610624671960876,0.021726388842047382,0.01310701297648447,-0.0249786279258043,-0.01089543883843686,-4.4856713273457895e-05,0.010830950003610522,0.025069741116358457,0.00013870830783329222,1.5594556446482428,2.4319019076252664,-0.0011997007566958917,1.136339080843852,4.765839793011914,-4.753494505405492,1.3271122681322172,1.7906929074636802,1.147575528948614,-2.9711136372229943,-0.8924749730663878,-0.0012915211899018966,0.8982179343972924,2.969681513245888,9.040030926536681e-06,0.05590479988532512,0.003125346650218247,0.005458499947511333,0.028449192051836825,0.1535778872758813,-0.20318319371291332,0.04308380724068728,0.05805650611270166,0.04224907028258569,-0.10352698375001207,-0.029385336450257656,0.0003788069222884771,0.02867116966244401,0.10354078757847644,5.036873936281588e-06,0.006731785777954237,4.531693976026693e-05,0.850133981384483,37.14258763636265,0.18428328191955548,-0.1026663501640823,0.005878954945379165,0.007929385199023318,0.005033275583695356,-0.01062191023891024,-0.003985589134793312,7.110027567946151e-05,0.003943796064230005,0.010596512224510963,-1.5926402303976153e-05,0.022418939146668662,0.0005026088324620326,0.027145652592145807,0.2815359725359068,0.1773734249962642,-0.07694884640385194,0.021621205200387624,0.02915647890226484,0.017843893737113172,-0.03870964329743243,-0.014628006693011095,6.536616351581785e-05,0.014528472209253743,0.03826832451357361
